#SPECIES: Penicillium-mb Penicillium-brevicompactum Penicillium-commune Penicillium-polonicum Penicillium-chrysogenum Penicillium-cvjetkovicii Penicillium-solitum Penicillium-verrucosum 
#GENE_TREEs p: 0.14972095426283175 0.14972095472243377 3.064846128793298e-05 0.13178039886566062 0.13867507831457296 0.38486240941951677 0.18598987920872534 0.9719900920713003 
#GENE_TREEs r: 0.6053980312712851 0.6053980307343519 -0.9879132625205793 0.6270312813730582 0.6185511825528301 0.39168742437683546 0.5653074554203296 -0.0165014442436772 
9 10 -0.31289262229474574 0.4944324439562562 Penicillium-mb
9 10 -0.5726925897303365 0.1790179131044289 Penicillium-brevicompactum
9 10 0.34801693496679353 0.4443067070486219 Penicillium-commune
9 10 -0.5372440030840869 0.21365663190633807 Penicillium-polonicum
9 10 -0.26905125879936864 0.5595952524905837 Penicillium-chrysogenum
9 10 -0.343356194921483 0.45084398890141686 Penicillium-cvjetkovicii
9 10 0.3868531055463081 0.3912765226888808 Penicillium-solitum
9 10 0.3841365730141145 0.3948994452201466 Penicillium-verrucosum
11 12 -0.7202939503780009 0.06789312824772353 Penicillium-mb
11 12 -0.10641744042655092 0.8203613588678715 Penicillium-brevicompactum
11 12 0.7958529960561034 0.032291166857845825 Penicillium-commune
11 12 0.7041507967302523 0.0773721577498241 Penicillium-polonicum
11 12 0.05615035107839357 0.9048264036983327 Penicillium-chrysogenum
11 12 0.830867531049789 0.02058222995623771 Penicillium-cvjetkovicii
11 12 0.819422745428997 0.024085264756674548 Penicillium-solitum
11 12 0.24783224453585537 0.5920678721117665 Penicillium-verrucosum
9 12 -0.5933678740028058 0.16019555809882907 Penicillium-mb
9 12 0.0885190595718221 0.8503134322729672 Penicillium-brevicompactum
9 12 0.07452274175181221 0.873837277255771 Penicillium-commune
9 12 0.15688770550712333 0.7369248450935194 Penicillium-polonicum
9 12 0.2587465724000808 0.5752935516337521 Penicillium-chrysogenum
9 12 -0.6268919582037182 0.13189223146952006 Penicillium-cvjetkovicii
9 12 0.17735850001788384 0.7036200285550986 Penicillium-solitum
9 12 -0.4677420780513177 0.28986995727182474 Penicillium-verrucosum
11 12 -0.33210269399756265 0.4667747067148229 Penicillium-mb
11 12 -0.3437169490395077 0.4503367060409307 Penicillium-brevicompactum
11 12 -0.23105351069553332 0.6181372306064549 Penicillium-commune
11 12 -0.025816204588448643 0.956187653251559 Penicillium-polonicum
11 12 -0.03621264604881438 0.9385638035567028 Penicillium-chrysogenum
11 12 -0.2622072247267679 0.5700062250999023 Penicillium-cvjetkovicii
11 12 -0.2649517402107209 0.5658240057993155 Penicillium-solitum
11 12 -0.4352499936907735 0.3290501268700521 Penicillium-verrucosum
11 12 -0.3074437380367986 0.5023804877391781 Penicillium-mb
11 12 -0.14014644581586222 0.7644096007554753 Penicillium-brevicompactum
11 12 0.06980943932601001 0.881776379928409 Penicillium-commune
11 12 0.04678842692328717 0.9206564138304708 Penicillium-polonicum
11 12 -0.27967373658578 0.5435595623710581 Penicillium-chrysogenum
11 12 -0.3602585023784366 0.427309324373923 Penicillium-cvjetkovicii
11 12 0.07105245115103481 0.8796818599769853 Penicillium-solitum
11 12 0.05513079927230455 0.9065492168862787 Penicillium-verrucosum
9 12 -0.17778712122013213 0.7029265223693154 Penicillium-mb
9 12 -0.5936603984838136 0.15993666938345488 Penicillium-brevicompactum
9 12 0.5319457587601055 0.21908559523881005 Penicillium-commune
9 12 -0.16174022876943675 0.728998598961395 Penicillium-polonicum
9 12 -0.165003407625259 0.723679161601876 Penicillium-chrysogenum
9 12 0.5968635652348546 0.1571154488383896 Penicillium-cvjetkovicii
9 12 0.5690878035872224 0.18240478849526628 Penicillium-solitum
9 12 -0.8082094358884696 0.027821250319259395 Penicillium-verrucosum
11 10 -0.17778712100134744 0.7029265227232657 Penicillium-mb
11 10 -0.25420194061684537 0.5822601511974929 Penicillium-brevicompactum
11 10 0.20491895675616123 0.6593766106089114 Penicillium-commune
11 10 0.5262878285787493 0.22495421205950525 Penicillium-polonicum
11 10 0.2759926802697872 0.5490992861787974 Penicillium-chrysogenum
11 10 0.36747992766243376 0.4174021975518467 Penicillium-cvjetkovicii
11 10 0.4136177590415233 0.3563105341971584 Penicillium-solitum
11 10 0.10586697683604519 0.8212801071274551 Penicillium-verrucosum
11 12 0.047861034155593014 0.9188416133356403 Penicillium-mb
11 12 -0.474576128773379 0.2819083318959483 Penicillium-brevicompactum
11 12 0.23783391695020134 0.6075623685038194 Penicillium-commune
11 12 0.2847802128194021 0.5359054148482074 Penicillium-polonicum
11 12 0.16939326900010393 0.7165370278090202 Penicillium-chrysogenum
11 12 0.1207922899165573 0.7964293766979822 Penicillium-cvjetkovicii
11 12 -0.6330631209580394 0.12698508248832846 Penicillium-solitum
11 12 -0.30607770594419853 0.5043800204244309 Penicillium-verrucosum
9 12 -0.5349803081706512 0.21596827293916881 Penicillium-mb
9 12 0.08851902801402503 0.8503134852187021 Penicillium-brevicompactum
9 12 0.5723971030307516 0.17929436984580632 Penicillium-commune
9 12 0.6189866637644875 0.13831667006061268 Penicillium-polonicum
9 12 0.6170974223200294 0.13987494557068733 Penicillium-chrysogenum
9 12 -0.6268919553413275 0.13189223376761394 Penicillium-cvjetkovicii
9 12 0.5680063628223259 0.18342689933884596 Penicillium-solitum
9 12 -0.18341027970187518 0.6938435940209217 Penicillium-verrucosum
11 12 -0.4101614205111506 0.36075023712332455 Penicillium-mb
11 12 -0.041110212407006984 0.9302680958840903 Penicillium-brevicompactum
11 12 0.09185843079316343 0.8447133752569729 Penicillium-commune
11 12 0.0989741726743372 0.8327979861910225 Penicillium-polonicum
11 12 -0.4582713738924594 0.3010656088022292 Penicillium-chrysogenum
11 12 0.12035871635050303 0.7971494408098482 Penicillium-cvjetkovicii
11 12 0.15989230730758233 0.7320148188024653 Penicillium-solitum
11 12 -0.3180100209544985 0.4870088300109531 Penicillium-verrucosum
11 12 0.12219532283254289 0.7941000566257901 Penicillium-mb
11 12 -0.6921551625312518 0.08484553452931076 Penicillium-brevicompactum
11 12 -0.19543269417168915 0.6745226200187244 Penicillium-commune
11 12 0.01288808097741054 0.9781223312665559 Penicillium-polonicum
11 12 -0.11146473320835047 0.8119449212189721 Penicillium-chrysogenum
11 12 -0.28835263822085033 0.5305721890320148 Penicillium-cvjetkovicii
11 12 -0.189150336678029 0.6846017955688428 Penicillium-solitum
11 12 0.5047129798786807 0.24799773465276478 Penicillium-verrucosum
11 12 -0.20614546420722266 0.6574249619662498 Penicillium-mb
11 12 -0.17610669290522094 0.7056463775319266 Penicillium-brevicompactum
11 12 0.15443866126171946 0.7409322725389293 Penicillium-commune
11 12 -0.11341203314687713 0.8087015757072258 Penicillium-polonicum
11 12 -0.40448504576662137 0.36809091006892886 Penicillium-chrysogenum
11 12 -0.6620714656822135 0.10519649834648871 Penicillium-cvjetkovicii
11 12 -0.32183348919828236 0.4814884857328147 Penicillium-solitum
11 12 0.28167320502415416 0.5405582587706128 Penicillium-verrucosum
11 8 -0.44366257600390197 0.3186990266911954 Penicillium-mb
11 8 -0.02937564775330575 0.9501518656939428 Penicillium-brevicompactum
11 8 -0.637694083486974 0.12336506902664637 Penicillium-commune
11 8 0.6368317637120181 0.12403508127590397 Penicillium-polonicum
11 8 0.5984010480445495 0.1557701804367227 Penicillium-chrysogenum
11 8 0.6131204279381476 0.1431840675673175 Penicillium-cvjetkovicii
11 8 0.6107944766547708 0.14513750121275443 Penicillium-solitum
11 8 -0.11706052806126183 0.8026306744317413 Penicillium-verrucosum
11 12 0.17072814299719058 0.7143684694483774 Penicillium-mb
11 12 0.007358110296264989 0.9875088221487839 Penicillium-brevicompactum
11 12 -0.27214235395306074 0.5549133340512156 Penicillium-commune
11 12 -0.30559547193472975 0.5050865535134949 Penicillium-polonicum
11 12 -0.3394462049748808 0.45635578469330373 Penicillium-chrysogenum
11 12 -0.4402930958240754 0.3228278493783301 Penicillium-cvjetkovicii
11 12 -0.5019650829486672 0.25100744275929654 Penicillium-solitum
11 12 -0.09673435204193488 0.8365459372798087 Penicillium-verrucosum
11 12 0.6657284015333131 0.10260016993174897 Penicillium-mb
11 12 0.484368987334941 0.27067316801513325 Penicillium-brevicompactum
11 12 -0.15350021720701984 0.7424691092730569 Penicillium-commune
11 12 -0.18773493448465023 0.6868778087937493 Penicillium-polonicum
11 12 -0.4724975000461544 0.2843194532103661 Penicillium-chrysogenum
11 12 -0.033049875890812964 0.9439234258621197 Penicillium-cvjetkovicii
11 12 -0.09871800847383547 0.8332265061409834 Penicillium-solitum
11 12 0.7529673221878277 0.05073477720336053 Penicillium-verrucosum
11 12 0.04786109200380632 0.9188415154667086 Penicillium-mb
11 12 -0.6278412402545472 0.13113121358460914 Penicillium-brevicompactum
11 12 0.413591067795499 0.35634473179349774 Penicillium-commune
11 12 0.39513872755878593 0.3803094819597262 Penicillium-polonicum
11 12 -0.22702958647006447 0.6244380071899753 Penicillium-chrysogenum
11 12 0.39947546420853486 0.37461973654451924 Penicillium-cvjetkovicii
11 12 -0.6330630659786081 0.12698512578361695 Penicillium-solitum
11 12 -0.16554262187358054 0.7228010121927423 Penicillium-verrucosum
11 12 0.32568485202476816 0.4759508032477444 Penicillium-mb
11 12 0.3010626889889717 0.5117444237541111 Penicillium-brevicompactum
11 12 -0.17276548433649017 0.7110616706406485 Penicillium-commune
11 12 -0.31776948609489125 0.4873568685684272 Penicillium-polonicum
11 12 -0.18647608999580337 0.6889036532746038 Penicillium-chrysogenum
11 12 -0.2452514235992153 0.596055874150154 Penicillium-cvjetkovicii
11 12 -0.5891050348184939 0.16399183094652045 Penicillium-solitum
11 12 0.39985270688781416 0.37412645270811656 Penicillium-verrucosum
11 10 -0.5933252204826857 0.16023332451679745 Penicillium-mb
11 10 -0.1064174405615387 0.820361358642591 Penicillium-brevicompactum
11 10 0.5434823776692511 0.2073474151145491 Penicillium-commune
11 10 0.5486902490851416 0.20214962879202328 Penicillium-polonicum
11 10 0.6367495736503733 0.12409903905406294 Penicillium-chrysogenum
11 10 0.5954367149185806 0.15836907402674114 Penicillium-cvjetkovicii
11 10 0.6873387921927081 0.08794920107857185 Penicillium-solitum
11 10 -0.20906306832959237 0.6527886258945965 Penicillium-verrucosum
9 10 0.2725587927491412 0.554283547329042 Penicillium-mb
9 10 0.05756239387386503 0.9024408603427565 Penicillium-brevicompactum
9 10 0.6551318222775316 0.11021634216435043 Penicillium-commune
9 10 -0.768783660317482 0.04339815761490884 Penicillium-polonicum
9 10 0.6040931194516099 0.1508400167797724 Penicillium-chrysogenum
9 10 0.64677979152187 0.11641878826709898 Penicillium-cvjetkovicii
9 10 0.6609073735829054 0.10603006610650306 Penicillium-solitum
9 10 -0.5071172191139067 0.2453781685418885 Penicillium-verrucosum
11 12 -0.0885191312392462 0.8503133120337637 Penicillium-mb
11 12 -0.11891251430552513 0.7995520684413808 Penicillium-brevicompactum
11 12 -0.3014982025314108 0.5111034190583791 Penicillium-commune
11 12 -0.24454202104943504 0.5971534918241725 Penicillium-polonicum
11 12 -0.24610417313746324 0.5947372706310178 Penicillium-chrysogenum
11 12 0.5763433869636493 0.17561947577182702 Penicillium-cvjetkovicii
11 12 -0.3648445020109976 0.4210073185731995 Penicillium-solitum
11 12 -0.4155166620018082 0.35388111541551837 Penicillium-verrucosum
11 10 -0.17778712102320843 0.702926522687899 Penicillium-mb
11 10 -0.6095862957152641 0.1461574431439005 Penicillium-brevicompactum
11 10 0.6551291128310381 0.11021832579142052 Penicillium-commune
11 10 0.6478743954895684 0.11559591349175623 Penicillium-polonicum
11 10 0.6463440068991965 0.1167472296648035 Penicillium-chrysogenum
11 10 0.637614147589643 0.12342710005492694 Penicillium-cvjetkovicii
11 10 0.6477659340679953 0.11567731558930319 Penicillium-solitum
11 10 -0.04687839071764427 0.92050418875497 Penicillium-verrucosum
11 8 0.04786104907385906 0.9188415880965761 Penicillium-mb
11 8 -0.158851476473829 0.7337148972335648 Penicillium-brevicompactum
11 8 -0.5132304714356875 0.23877545019034138 Penicillium-commune
11 8 0.47226475660353284 0.2845899967397336 Penicillium-polonicum
11 8 0.46260093663287405 0.2959242244230643 Penicillium-chrysogenum
11 8 0.331141190944843 0.46814528599878696 Penicillium-cvjetkovicii
11 8 -0.633063106779599 0.1269850936535882 Penicillium-solitum
11 8 -0.5393462377706535 0.2115204607672185 Penicillium-verrucosum
11 12 -0.02937568031107726 0.9501518104936814 Penicillium-mb
11 12 -0.4035078130096411 0.3693608088866068 Penicillium-brevicompactum
11 12 -0.6376940032920306 0.12336513125068646 Penicillium-commune
11 12 0.2446444205531432 0.5969950174045113 Penicillium-polonicum
11 12 0.2939079829741313 0.5223144161328388 Penicillium-chrysogenum
11 12 0.17439878271247772 0.7084132679452243 Penicillium-cvjetkovicii
11 12 0.23973239093634044 0.6046110992501723 Penicillium-solitum
11 12 -0.2497713126267453 0.5890768901001131 Penicillium-verrucosum
9 12 -0.08260773298165441 0.8602387656265883 Penicillium-mb
9 12 0.3080558543815746 0.5014854024051372 Penicillium-brevicompactum
9 12 -0.6103736575671027 0.14549234724392907 Penicillium-commune
9 12 -0.7670782165610772 0.044159027224522376 Penicillium-polonicum
9 12 0.41384120722675616 0.3560242995254269 Penicillium-chrysogenum
9 12 0.4301035137608684 0.33545227866973926 Penicillium-cvjetkovicii
9 12 0.3977786174538592 0.3768418183924037 Penicillium-solitum
9 12 -0.04151462577168294 0.9295832993244441 Penicillium-verrucosum
11 12 0.027234903951649847 0.9537817364735561 Penicillium-mb
11 12 -0.1650667190085598 0.7235760419331192 Penicillium-brevicompactum
11 12 -0.24452518580675808 0.597179547413749 Penicillium-commune
11 12 -0.1702338867828083 0.7151712318738499 Penicillium-polonicum
11 12 -0.33937546934583457 0.45645572828546754 Penicillium-chrysogenum
11 12 -0.29571882578494224 0.5196321844695905 Penicillium-cvjetkovicii
11 12 -0.30114512420753026 0.5116230713067775 Penicillium-solitum
11 12 -0.3591135007202146 0.42888839783811916 Penicillium-verrucosum
11 12 -0.29872369608162763 0.5151917740915042 Penicillium-mb
11 12 -0.0156542266598096 0.9734278155327478 Penicillium-brevicompactum
11 12 -0.05483556484068614 0.9070481513077095 Penicillium-commune
11 12 0.09463942807115551 0.8400536564923761 Penicillium-polonicum
11 12 -0.2796740159286015 0.5435591426806197 Penicillium-chrysogenum
11 12 -0.37179206557942196 0.41152953071399795 Penicillium-cvjetkovicii
11 12 0.08608050598971571 0.8544060107685627 Penicillium-solitum
11 12 0.12236503765719832 0.7938183776511394 Penicillium-verrucosum
9 10 -0.06399651868574036 0.891578477264676 Penicillium-mb
9 10 -0.31289249852991924 0.49443262397878174 Penicillium-brevicompactum
9 10 0.05511684266762713 0.9065728024426145 Penicillium-commune
9 10 0.01679115556993109 0.9714984672677376 Penicillium-polonicum
9 10 -0.24743118426730168 0.5926870762019526 Penicillium-chrysogenum
9 10 -0.3239292386362402 0.478472241696105 Penicillium-cvjetkovicii
9 10 -0.026150511226551112 0.9556206913324753 Penicillium-solitum
9 10 0.05452546374139217 0.9075722359752368 Penicillium-verrucosum
11 10 0.5523500752597594 0.1985347796751903 Penicillium-mb
11 10 0.5534970754655646 0.19740833446697112 Penicillium-brevicompactum
11 10 -0.3729829705001448 0.40991339299061147 Penicillium-commune
11 10 -0.444289491323907 0.3179333631585146 Penicillium-polonicum
11 10 -0.18647609014703376 0.6889036530311414 Penicillium-chrysogenum
11 10 -0.17136253792777337 0.7133384029358889 Penicillium-cvjetkovicii
11 10 -0.3432607273535577 0.4509782686347211 Penicillium-solitum
11 10 0.4389967903944475 0.32442238471009954 Penicillium-verrucosum
11 10 0.014383784089159963 0.9755838556768999 Penicillium-mb
11 10 -0.7078072984553858 0.0751669851465855 Penicillium-brevicompactum
11 10 -0.22895031984712522 0.6214281742723573 Penicillium-commune
11 10 -0.1314763860472143 0.7787228752114224 Penicillium-polonicum
11 10 0.04394403394905502 0.9254703009557976 Penicillium-chrysogenum
11 10 -0.16850608015518012 0.717979141807568 Penicillium-cvjetkovicii
11 10 -0.21036981674422514 0.6507149516231132 Penicillium-solitum
11 10 -0.504714973710449 0.24799555693091782 Penicillium-verrucosum
11 12 0.2586395057764298 0.5754573765010977 Penicillium-mb
11 12 0.40421317678149726 0.3684440191073184 Penicillium-brevicompactum
11 12 0.24746956129554273 0.5926278167228012 Penicillium-commune
11 12 -0.3408511389477458 0.45437241680538193 Penicillium-polonicum
11 12 0.30790913357760985 0.5016998983424443 Penicillium-chrysogenum
11 12 -0.2120142649910923 0.6481079256534883 Penicillium-cvjetkovicii
11 12 -0.2228301256531398 0.6310330827584113 Penicillium-solitum
11 12 0.21930913228658588 0.6365777053655597 Penicillium-verrucosum
11 12 0.20080802367576406 0.6659291842834263 Penicillium-mb
11 12 0.20017200131221116 0.6669444854534274 Penicillium-brevicompactum
11 12 -0.37929789837786937 0.4013855433339718 Penicillium-commune
11 12 -0.3147201074431442 0.4917768015029823 Penicillium-polonicum
11 12 0.036212315907055294 0.938564362920676 Penicillium-chrysogenum
11 12 -0.36437002800846263 0.421657652110184 Penicillium-cvjetkovicii
11 12 -0.34545763079696884 0.44789201566477327 Penicillium-solitum
11 12 -0.4779019124982598 0.2780696949314297 Penicillium-verrucosum
9 8 -0.5006639736808965 0.25243834561041123 Penicillium-mb
9 8 0.266842142871135 0.5629490176540601 Penicillium-brevicompactum
9 8 -0.2721423538335543 0.5549133342319801 Penicillium-commune
9 8 -0.588369682223549 0.16465115894154136 Penicillium-polonicum
9 8 0.0023151504079274247 0.9960696891312546 Penicillium-chrysogenum
9 8 -0.12984152054842407 0.7814275400602625 Penicillium-cvjetkovicii
9 8 -0.2817472844371984 0.5404471673093274 Penicillium-solitum
9 8 0.18882854045430958 0.6851190885111862 Penicillium-verrucosum
9 12 0.04337313301658694 0.9264367227386334 Penicillium-mb
9 12 0.04380428743059625 0.9257068573301261 Penicillium-brevicompactum
9 12 0.3421202220383542 0.4525836005879943 Penicillium-commune
9 12 -0.45180923831550024 0.3088116877246758 Penicillium-polonicum
9 12 -0.3606816782641949 0.42672628948223884 Penicillium-chrysogenum
9 12 -0.46057972224852395 0.2983195734251722 Penicillium-cvjetkovicii
9 12 0.36255703386053983 0.4241461960222904 Penicillium-solitum
9 12 -0.44624039046099356 0.3155557943173131 Penicillium-verrucosum
9 12 -0.36206722955305637 0.42481948051388574 Penicillium-mb
9 12 -0.4149408008136895 0.35461712868096795 Penicillium-brevicompactum
9 12 0.5789035743860812 0.17325532570148985 Penicillium-commune
9 12 -0.5893033152519286 0.1638142741540701 Penicillium-polonicum
9 12 -0.6095860967471376 0.14615761140800207 Penicillium-chrysogenum
9 12 0.7044019892329164 0.07721957882062602 Penicillium-cvjetkovicii
9 12 0.6440744902161177 0.11846542385490226 Penicillium-solitum
9 12 0.7689445187609103 0.043326767915408425 Penicillium-verrucosum
11 10 0.06400942903830328 0.8915566945038151 Penicillium-mb
11 10 0.06400950416626112 0.891556567745674 Penicillium-brevicompactum
11 10 -0.6315682257865134 0.12816507276643516 Penicillium-commune
11 10 -0.07885300194054706 0.8665507705060227 Penicillium-polonicum
11 10 -0.6319822809901062 0.12783768151586758 Penicillium-chrysogenum
11 10 -0.2514197309741019 0.5865378715266172 Penicillium-cvjetkovicii
11 10 -0.301145124198775 0.5116230713196656 Penicillium-solitum
11 10 -0.34826063308087446 0.44396587875645604 Penicillium-verrucosum
11 12 -0.4826178703690409 0.2726670804284489 Penicillium-mb
11 12 -0.40098304724494516 0.3726500069223054 Penicillium-brevicompactum
11 12 -0.20065280614720968 0.6661769252432324 Penicillium-commune
11 12 -0.005938857657745892 0.9899180599035007 Penicillium-polonicum
11 12 -0.03209283855839831 0.9455455579216541 Penicillium-chrysogenum
11 12 -0.22767006856068422 0.6234338938633328 Penicillium-cvjetkovicii
11 12 -0.1958277655086811 0.6738900577108343 Penicillium-solitum
11 12 -0.43524999370833317 0.3290501268482982 Penicillium-verrucosum
11 12 -0.06647368755326592 0.8873999241003102 Penicillium-mb
11 12 0.04786124963031615 0.9188412487905744 Penicillium-brevicompactum
11 12 0.4177529990670726 0.35102889243895624 Penicillium-commune
11 12 0.45017210265375657 0.3107877467143748 Penicillium-polonicum
11 12 -0.25778680634843765 0.5767626298325708 Penicillium-chrysogenum
11 12 0.36023278335083647 0.4273447689097634 Penicillium-cvjetkovicii
11 12 -0.6330629913281632 0.126985184569478 Penicillium-solitum
11 12 -0.2902349726691629 0.5277692835689736 Penicillium-verrucosum
11 12 -0.1626266485825164 0.7275527474200504 Penicillium-mb
11 12 0.14625584400039274 0.7543553999755506 Penicillium-brevicompactum
11 12 0.2500663587204123 0.588622191278821 Penicillium-commune
11 12 -0.28240605272360086 0.5394595933900814 Penicillium-polonicum
11 12 0.19931514776752554 0.6683129445378665 Penicillium-chrysogenum
11 12 -0.5829130470486882 0.1695845397367401 Penicillium-cvjetkovicii
11 12 0.25423827217697886 0.5822043543648567 Penicillium-solitum
11 12 0.14576221800004416 0.7551667511067512 Penicillium-verrucosum
11 10 0.40503533593378005 0.367376608124478 Penicillium-mb
11 10 -0.8297183505101837 0.020919958811875125 Penicillium-brevicompactum
11 10 0.363088143358931 0.42341660001186304 Penicillium-commune
11 10 0.38991790286757033 0.38720523415758107 Penicillium-polonicum
11 10 0.45305514761075977 0.30731153366200753 Penicillium-chrysogenum
11 10 0.2841859410037311 0.5367943220298685 Penicillium-cvjetkovicii
11 10 0.3322563061427466 0.4665558760664569 Penicillium-solitum
11 10 0.04687782663213559 0.9205051432213653 Penicillium-verrucosum
9 12 -0.19025762359739407 0.6828225623082333 Penicillium-mb
9 12 -0.4130145445371843 0.35708372342232936 Penicillium-brevicompactum
9 12 0.22580911751690613 0.6263526704249347 Penicillium-commune
9 12 -0.2781653650005588 0.5458273244861831 Penicillium-polonicum
9 12 0.1788941232447944 0.7011361589193503 Penicillium-chrysogenum
9 12 -0.4153627436113549 0.35407777739216 Penicillium-cvjetkovicii
9 12 0.22404887768246473 0.6291170593193669 Penicillium-solitum
9 12 0.1667853318491063 0.7207780909781567 Penicillium-verrucosum
11 12 0.009747208589905014 0.9834534108193346 Penicillium-mb
11 12 -0.21510179849883335 0.6432208297237003 Penicillium-brevicompactum
11 12 -0.2721423536687998 0.5549133344811864 Penicillium-commune
11 12 -0.18118418426600766 0.6974359186580291 Penicillium-polonicum
11 12 -0.5497774669151494 0.20107249966361398 Penicillium-chrysogenum
11 12 -0.3163699997223222 0.4893835949238408 Penicillium-cvjetkovicii
11 12 -0.1959819613650274 0.6736432108217734 Penicillium-solitum
11 12 -0.20377305627941836 0.6612013841280717 Penicillium-verrucosum
11 12 -0.26413168061775266 0.5670726279692162 Penicillium-mb
11 12 -0.26694389709166216 0.5627943988772273 Penicillium-brevicompactum
11 12 0.5257070144362861 0.22556079162848094 Penicillium-commune
11 12 -0.6957483087054488 0.08256855003050032 Penicillium-polonicum
11 12 -0.730781740091069 0.062090233829882456 Penicillium-chrysogenum
11 12 0.5865933262247125 0.16624926974604198 Penicillium-cvjetkovicii
11 12 0.5639541561525364 0.18728153555958396 Penicillium-solitum
11 12 -0.78567203269592 0.03625544397837854 Penicillium-verrucosum
9 10 0.7870858738571845 0.03568962683606319 Penicillium-mb
9 10 0.7870858683461993 0.03568962903191461 Penicillium-brevicompactum
9 10 0.5941405591047798 0.1595121711336622 Penicillium-commune
9 10 0.7254003645038128 0.0650328103778105 Penicillium-polonicum
9 10 0.7107937585266941 0.07339116252599094 Penicillium-chrysogenum
9 10 0.7176704534206712 0.06938845906681847 Penicillium-cvjetkovicii
9 10 0.5637552292502788 0.18747176764804735 Penicillium-solitum
9 10 0.07262281496219518 0.8770365386374025 Penicillium-verrucosum
11 12 -0.38419030616832517 0.3948276541457111 Penicillium-mb
11 12 -0.02797637516043774 0.9525244145647886 Penicillium-brevicompactum
11 12 -0.08903345082482163 0.8494504777299912 Penicillium-commune
11 12 -0.04171017021687043 0.929252194637961 Penicillium-polonicum
11 12 -0.2104157838537223 0.6506420390881886 Penicillium-chrysogenum
11 12 -0.12194583793306822 0.7945141638277562 Penicillium-cvjetkovicii
11 12 -0.15376606766375286 0.7420336717792639 Penicillium-solitum
11 12 -0.032508067183647994 0.9448417468168695 Penicillium-verrucosum
11 12 -0.06771992741974095 0.8852985130546009 Penicillium-mb
11 12 -0.004007581720008864 0.9931965726013512 Penicillium-brevicompactum
11 12 -0.12822369922705024 0.784105732865589 Penicillium-commune
11 12 0.154643521641775 0.7405968751511185 Penicillium-polonicum
11 12 -0.4281662697644832 0.3378757789167898 Penicillium-chrysogenum
11 12 0.10577595774606692 0.8214320377185811 Penicillium-cvjetkovicii
11 12 0.08355879479691518 0.8586408819186604 Penicillium-solitum
11 12 -0.3561019164408765 0.43305234604656323 Penicillium-verrucosum
11 10 0.22600974967613663 0.6260378052397996 Penicillium-mb
11 10 0.2154861371232091 0.6426131910897622 Penicillium-brevicompactum
11 10 -0.47666093913649393 0.2794992733818605 Penicillium-commune
11 10 -0.2776875224853769 0.5465463835697912 Penicillium-polonicum
11 10 -0.3741416060714525 0.4083434458811978 Penicillium-chrysogenum
11 10 -0.3930733762456095 0.38303143862835043 Penicillium-cvjetkovicii
11 10 -0.3011451241900196 0.5116230713325538 Penicillium-solitum
11 10 -0.11607791449679784 0.8042649256791422 Penicillium-verrucosum
9 10 0.16925102802705183 0.7167681937136081 Penicillium-mb
9 10 0.05434979053731613 0.9078691433543817 Penicillium-brevicompactum
9 10 0.3421200797279348 0.4525838010317472 Penicillium-commune
9 10 -0.45180976053109295 0.30881105827589134 Penicillium-polonicum
9 10 -0.4167867299883248 0.35226008769917844 Penicillium-chrysogenum
9 10 -0.45044360576955883 0.31045965650905605 Penicillium-cvjetkovicii
9 10 0.3625568764233306 0.42414641236901096 Penicillium-solitum
9 10 -0.21748201892299351 0.6394602573760402 Penicillium-verrucosum
11 12 -0.05305490606499892 0.9100579044096564 Penicillium-mb
11 12 -0.6193924449083551 0.13798312805880178 Penicillium-brevicompactum
11 12 0.20212230431827094 0.6638324449219979 Penicillium-commune
11 12 -0.6340135844144095 0.12623773763283297 Penicillium-polonicum
11 12 0.12550121015188992 0.7886164433950356 Penicillium-chrysogenum
11 12 0.5763433873158293 0.17561947544553158 Penicillium-cvjetkovicii
11 12 0.2209447516978269 0.6340003496168178 Penicillium-solitum
11 12 0.14507505894702302 0.7562965017457896 Penicillium-verrucosum
9 12 -0.8094427758410566 0.02739548530262705 Penicillium-mb
9 12 0.35596349289790047 0.4332441068226226 Penicillium-brevicompactum
9 12 0.1398553149103686 0.7648893805475242 Penicillium-commune
9 12 -0.18760198484325855 0.6870916930575723 Penicillium-polonicum
9 12 -0.370829026519657 0.4128382626340061 Penicillium-chrysogenum
9 12 0.2080191103258348 0.6544465571343479 Penicillium-cvjetkovicii
9 12 0.2130490141228885 0.6464689475265877 Penicillium-solitum
9 12 0.8128435345646922 0.026240558037318725 Penicillium-verrucosum
11 10 0.04385028647913915 0.9256289918096303 Penicillium-mb
11 10 0.043850358472434146 0.9256288699423625 Penicillium-brevicompactum
11 10 0.5257070577465068 0.22556074636832993 Penicillium-commune
11 10 -0.4618855726398459 0.296771030851293 Penicillium-polonicum
11 10 -0.4749935917511889 0.2814252000403946 Penicillium-chrysogenum
11 10 0.5582546165747809 0.19276906691268203 Penicillium-cvjetkovicii
11 10 0.5353844961839777 0.21555465811501687 Penicillium-solitum
11 10 -0.7595383179976009 0.047610339737316966 Penicillium-verrucosum
11 10 0.42987704761156686 0.33573520617372643 Penicillium-mb
11 10 0.4298771261481335 0.33573510803925893 Penicillium-brevicompactum
11 10 0.4133123690608341 0.35670189027312327 Penicillium-commune
11 10 0.43843341704997957 0.32511642130754453 Penicillium-polonicum
11 10 -0.6481597433253149 0.11538189642926544 Penicillium-chrysogenum
11 10 0.3596491493946194 0.42814940502336957 Penicillium-cvjetkovicii
11 10 -0.6075355761477734 0.1478968753393431 Penicillium-solitum
11 10 -0.027984508953638635 0.9525106224213613 Penicillium-verrucosum
9 12 -0.42088347918496144 0.34705252736422376 Penicillium-mb
9 12 -0.047868184825068424 0.9188295156754755 Penicillium-brevicompactum
9 12 -0.03839888708151954 0.934860073032141 Penicillium-commune
9 12 -0.07484723824952204 0.8732909975726496 Penicillium-polonicum
9 12 0.01237504487516951 0.978993079933735 Penicillium-chrysogenum
9 12 -0.07604912185220587 0.8712680142283501 Penicillium-cvjetkovicii
9 12 -0.30114512415779204 0.5116230713799939 Penicillium-solitum
9 12 -0.5348131612571803 0.21613942811672254 Penicillium-verrucosum
11 10 0.21593065905846093 0.6419106002016173 Penicillium-mb
11 10 0.21593067827847034 0.6419105698279401 Penicillium-brevicompactum
11 10 0.26870440344745694 0.5601214052984291 Penicillium-commune
11 10 0.25491033565647864 0.5811725193807631 Penicillium-polonicum
11 10 -0.5523005840956964 0.19858345338221486 Penicillium-chrysogenum
11 10 -0.44847232436301304 0.31284522256596564 Penicillium-cvjetkovicii
11 10 -0.4492786050906985 0.3118685335424666 Penicillium-solitum
11 10 -0.30271820846652947 0.5093092495549643 Penicillium-verrucosum
11 10 0.552787547257635 0.19810478332080092 Penicillium-mb
11 10 0.6217182916788302 0.136079210205314 Penicillium-brevicompactum
11 10 -0.15400923630922492 0.7416354327999446 Penicillium-commune
11 10 -0.1877349342989287 0.6868778090925194 Penicillium-polonicum
11 10 -0.3013397034661208 0.5113366716341299 Penicillium-chrysogenum
11 10 -0.031137232811533584 0.9471654128072177 Penicillium-cvjetkovicii
11 10 -0.06223902831512334 0.8945442728210682 Penicillium-solitum
11 10 0.723691382529752 0.06598269842597379 Penicillium-verrucosum
11 12 -0.19881716883130296 0.6691085898349578 Penicillium-mb
11 12 -0.02797641179455648 0.9525243524457774 Penicillium-brevicompactum
11 12 -0.14832619010941295 0.7509544266622385 Penicillium-commune
11 12 -0.041710452468037375 0.9292517167233937 Penicillium-polonicum
11 12 -0.17501585096669883 0.7074132943285426 Penicillium-chrysogenum
11 12 -0.24287410590760986 0.599736552074587 Penicillium-cvjetkovicii
11 12 -0.11579946373211664 0.8047281393255702 Penicillium-solitum
11 12 -0.036786022542606614 0.9375923539163776 Penicillium-verrucosum
9 10 -0.14390151763929862 0.75822670538328 Penicillium-mb
9 10 0.025486029625600485 0.9567476225421218 Penicillium-brevicompactum
9 10 -0.2721423538422655 0.5549133342188035 Penicillium-commune
9 10 -0.8522798511268559 0.014852171949114413 Penicillium-polonicum
9 10 0.08066784271465284 0.8634991559851408 Penicillium-chrysogenum
9 10 -0.7087378664455424 0.07461121067741512 Penicillium-cvjetkovicii
9 10 0.13576339023510323 0.7716390854738298 Penicillium-solitum
9 10 -0.09113734615869638 0.8459221860519657 Penicillium-verrucosum
11 8 0.21620533168345887 0.6414765713395535 Penicillium-mb
11 8 0.17237457005965257 0.711695884071585 Penicillium-brevicompactum
11 8 -0.6238038683977126 0.1343833833912055 Penicillium-commune
11 8 -0.6132402376022615 0.14308380752033534 Penicillium-polonicum
11 8 0.26678109268327044 0.5630417918668977 Penicillium-chrysogenum
11 8 0.17136265264525635 0.7133382167004647 Penicillium-cvjetkovicii
11 8 -0.34932871069213983 0.44247326552709987 Penicillium-solitum
11 8 0.1246112346086948 0.7900920087296717 Penicillium-verrucosum
11 8 0.7371255896889132 0.05871584844983747 Penicillium-mb
11 8 0.746023132764529 0.05415508544597431 Penicillium-brevicompactum
11 8 0.5507149000821872 0.20014598472950915 Penicillium-commune
11 8 0.6747573839418676 0.09633479772235104 Penicillium-polonicum
11 8 0.664613078914904 0.10338843557931673 Penicillium-chrysogenum
11 8 0.4449019199556024 0.3171861618020263 Penicillium-cvjetkovicii
11 8 -0.7338483580620491 0.06044629764279508 Penicillium-solitum
11 8 0.3451630407334534 0.4483053998804503 Penicillium-verrucosum
11 12 0.875157222611502 0.009878267637507411 Penicillium-mb
11 12 0.845748289708277 0.016487835718749844 Penicillium-brevicompactum
11 12 -0.311878273482083 0.4959086460712022 Penicillium-commune
11 12 0.3828089324890848 0.39667491625021056 Penicillium-polonicum
11 12 0.3620532319658823 0.4248387276456969 Penicillium-chrysogenum
11 12 -0.1691802866632284 0.7168831669275142 Penicillium-cvjetkovicii
11 12 -0.30592516571413314 0.504603473630678 Penicillium-solitum
11 12 0.9086930144021871 0.004603974579303205 Penicillium-verrucosum
9 12 -0.20235045712586106 0.6634686381243379 Penicillium-mb
9 12 -0.02086091371846701 0.9645931182690602 Penicillium-brevicompactum
9 12 0.3421200538284128 0.4525838375111414 Penicillium-commune
9 12 -0.4226382006745417 0.3448319906254698 Penicillium-polonicum
9 12 -0.621523638222397 0.13623803766782144 Penicillium-chrysogenum
9 12 -0.4965831271413484 0.2569504905246922 Penicillium-cvjetkovicii
9 12 0.36255684777083685 0.4241464517426371 Penicillium-solitum
9 12 -0.38328947276617825 0.3960319163903504 Penicillium-verrucosum
11 12 0.4230321572093213 0.3443342778068432 Penicillium-mb
11 12 0.4130441773128274 0.3570457243902802 Penicillium-brevicompactum
11 12 0.4104602386355445 0.360365501167652 Penicillium-commune
11 12 0.5089034590024215 0.24344027939976134 Penicillium-polonicum
11 12 0.5041054993740749 0.2486616534611051 Penicillium-chrysogenum
11 12 -0.714802806727694 0.07104298964339596 Penicillium-cvjetkovicii
11 12 -0.723919670914489 0.06585538108780394 Penicillium-solitum
11 12 -0.545558947302013 0.20526729331284735 Penicillium-verrucosum
11 12 0.045946088164272134 0.9220818032946012 Penicillium-mb
11 12 0.04699564852894086 0.9203057831786868 Penicillium-brevicompactum
11 12 0.0014983181696966346 0.997456378929492 Penicillium-commune
11 12 0.15464295519242094 0.7405978024969245 Penicillium-polonicum
11 12 -0.45827144079704124 0.30106552905145745 Penicillium-chrysogenum
11 12 0.05843258248473436 0.9009710298421825 Penicillium-cvjetkovicii
11 12 0.0756026694524027 0.8720194081710838 Penicillium-solitum
11 12 -0.26125667549491766 0.5714569837986935 Penicillium-verrucosum
9 12 0.197358073870301 0.6714412718731576 Penicillium-mb
9 12 0.2845553708930795 0.536241673969384 Penicillium-brevicompactum
9 12 0.6424674290090902 0.11968990660534026 Penicillium-commune
9 12 -0.8853415247000503 0.00803078208480495 Penicillium-polonicum
9 12 0.602413580751649 0.15228649501757902 Penicillium-chrysogenum
9 12 0.6566848960936765 0.10908235920623617 Penicillium-cvjetkovicii
9 12 0.6408328484427939 0.12094200046303057 Penicillium-solitum
9 12 -0.4301759253532302 0.3353618351954525 Penicillium-verrucosum
11 12 -0.6243815009517403 0.13391560744394876 Penicillium-mb
11 12 0.4050354515806815 0.36737645806948555 Penicillium-brevicompactum
11 12 0.273783283762144 0.5524330739617158 Penicillium-commune
11 12 0.4659270882193996 0.2920009774162728 Penicillium-polonicum
11 12 0.38333520037857255 0.3959707510147393 Penicillium-chrysogenum
11 12 0.2891492470397771 0.5293853823557526 Penicillium-cvjetkovicii
11 12 0.31336642026176126 0.493743449606606 Penicillium-solitum
11 12 0.046877951060704935 0.9205049326807825 Penicillium-verrucosum
9 12 0.07954362162554338 0.8653893517677694 Penicillium-mb
9 12 -0.5014404920067093 0.25158391486346404 Penicillium-brevicompactum
9 12 0.09279067682280784 0.8431509373190714 Penicillium-commune
9 12 0.09264111907820181 0.8434015676371188 Penicillium-polonicum
9 12 0.07514437258684743 0.8727908163306647 Penicillium-chrysogenum
9 12 0.04061123914645142 0.9311130586255927 Penicillium-cvjetkovicii
9 12 0.13100980357115038 0.7794945931279387 Penicillium-solitum
9 12 -0.8571725653802443 0.013690435585647984 Penicillium-verrucosum
11 12 -0.24690229866642438 0.5935039323090505 Penicillium-mb
11 12 -0.0757604963008621 0.8717537716722126 Penicillium-brevicompactum
11 12 -0.34564688536537247 0.44762651932415704 Penicillium-commune
11 12 -0.061444263204615344 0.895885775276258 Penicillium-polonicum
11 12 -0.11562656322025996 0.8050157888969945 Penicillium-chrysogenum
11 12 -0.11169120521848179 0.8115676077898301 Penicillium-cvjetkovicii
11 12 -0.30487117679617276 0.5061483837705777 Penicillium-solitum
11 12 -0.3071544201387744 0.5028037457945719 Penicillium-verrucosum
9 12 -0.6217183311323093 0.13607917802277747 Penicillium-mb
9 12 -0.23658203515418036 0.6095108010545943 Penicillium-brevicompactum
9 12 0.20493827021600833 0.6593458666282016 Penicillium-commune
9 12 -0.6250020018367606 0.13341403938037288 Penicillium-polonicum
9 12 0.14543289369766718 0.7557081463934265 Penicillium-chrysogenum
9 12 0.29904709853083783 0.5147146493643855 Penicillium-cvjetkovicii
9 12 0.21383682443404003 0.6452218659091892 Penicillium-solitum
9 12 0.5202439582148334 0.23130372199356394 Penicillium-verrucosum
11 12 -0.8227766629315695 0.02302644896628841 Penicillium-mb
11 12 0.405035413920023 0.36737650693520896 Penicillium-brevicompactum
11 12 0.5929895343903085 0.16053070323541058 Penicillium-commune
11 12 0.6194206249705941 0.13795997989083938 Penicillium-polonicum
11 12 -0.011692444737036034 0.9801516461464426 Penicillium-chrysogenum
11 12 0.5651028491457935 0.18618488669682362 Penicillium-cvjetkovicii
11 12 0.5832741822557028 0.16925581196502262 Penicillium-solitum
11 12 0.0468778448879837 0.920505112331378 Penicillium-verrucosum
11 10 -0.1568285787561265 0.737021540091194 Penicillium-mb
11 10 -0.2517875897137118 0.5859717265666744 Penicillium-brevicompactum
11 10 -0.21116586607910925 0.6494525798348332 Penicillium-commune
11 10 -0.20924285939652837 0.6525032103862194 Penicillium-polonicum
11 10 0.17665869104462606 0.7047526655332099 Penicillium-chrysogenum
11 10 0.16450027762007802 0.7244987625615236 Penicillium-cvjetkovicii
11 10 0.1591446665973445 0.7332359168311489 Penicillium-solitum
11 10 -0.25393465085141015 0.58267069695023 Penicillium-verrucosum
11 12 -0.49246149438415393 0.2615448388006559 Penicillium-mb
11 12 0.08750240827663322 0.8520193385906414 Penicillium-brevicompactum
11 12 0.3022645204054653 0.5099761989102873 Penicillium-commune
11 12 0.06197021836238608 0.894997981134815 Penicillium-polonicum
11 12 -0.6278382930273119 0.13113357283972632 Penicillium-chrysogenum
11 12 0.18452176482319907 0.6920516531974348 Penicillium-cvjetkovicii
11 12 -0.02309774969603893 0.9607985013278628 Penicillium-solitum
11 12 0.2849389033043528 0.5356681298737296 Penicillium-verrucosum
11 12 -0.19710267293220118 0.6718498022245416 Penicillium-mb
11 12 0.1304886090550452 0.7803568084956255 Penicillium-brevicompactum
11 12 -0.1302606673756915 0.7807339501474331 Penicillium-commune
11 12 0.02349204904896714 0.9601296627591303 Penicillium-polonicum
11 12 -0.12079384807852733 0.7964267891627905 Penicillium-chrysogenum
11 12 -0.251813944058684 0.5859311729315209 Penicillium-cvjetkovicii
11 12 -0.17673471025477952 0.7046296078327783 Penicillium-solitum
11 12 -0.7185118967568657 0.06890694824373828 Penicillium-verrucosum
11 12 0.3798601391319464 0.4006297192150895 Penicillium-mb
11 12 -0.4685187861054204 0.28896012506104546 Penicillium-brevicompactum
11 12 -0.3743284803658273 0.40809045387108095 Penicillium-commune
11 12 0.2092424678460502 0.6525038319298933 Penicillium-polonicum
11 12 0.17057262615309315 0.7146210346876481 Penicillium-chrysogenum
11 12 -0.0433292159977937 0.9265110685121527 Penicillium-cvjetkovicii
11 12 -0.11986679608015513 0.7979665436270391 Penicillium-solitum
11 12 0.17274433998390912 0.7110959715342053 Penicillium-verrucosum
11 12 0.05240626331813157 0.9111544849442644 Penicillium-mb
11 12 -0.20030214903585078 0.6667366939005259 Penicillium-brevicompactum
11 12 -0.27214235379354124 0.5549133342925037 Penicillium-commune
11 12 0.17137832096665032 0.713312780435567 Penicillium-polonicum
11 12 0.16509296280210167 0.7235332978091962 Penicillium-chrysogenum
11 12 -0.4326627982579365 0.3322619860556719 Penicillium-cvjetkovicii
11 12 -0.6841106741473053 0.09006241487204554 Penicillium-solitum
11 12 -0.860894499293749 0.012842764664918349 Penicillium-verrucosum
11 12 -0.011946580999804873 0.9797203014352243 Penicillium-mb
11 12 -0.04215032999848552 0.9285069259676243 Penicillium-brevicompactum
11 12 0.38016544846494216 0.4002195267378937 Penicillium-commune
11 12 0.37713097605281476 0.4043038309677 Penicillium-polonicum
11 12 -0.9047915245712889 0.005100637146878993 Penicillium-chrysogenum
11 12 0.37750260569374033 0.40380274679053896 Penicillium-cvjetkovicii
11 12 0.2274296210218279 0.623810800330173 Penicillium-solitum
11 12 -0.4352499936421418 0.32905012693030034 Penicillium-verrucosum
11 12 0.3263399755441615 0.47501114213419443 Penicillium-mb
11 12 0.3133724483875901 0.49373468573068735 Penicillium-brevicompactum
11 12 -0.6574098333281602 0.10855512588488735 Penicillium-commune
11 12 0.4163642762857227 0.35279893355640973 Penicillium-polonicum
11 12 -0.6536860917486452 0.11127741252487264 Penicillium-chrysogenum
11 12 0.3588295517565049 0.42928033880186334 Penicillium-cvjetkovicii
11 12 0.3846860358453598 0.39416557237476546 Penicillium-solitum
11 12 -0.10560708953766668 0.8217139271154781 Penicillium-verrucosum
11 12 0.8630404887050129 0.012368076426975187 Penicillium-mb
11 12 0.45541564454181827 0.3044781060059556 Penicillium-brevicompactum
11 12 0.12406183026128272 0.7910031616279257 Penicillium-commune
11 12 0.3828084581469073 0.3966755511620847 Penicillium-polonicum
11 12 0.3620527527608116 0.42483938657401776 Penicillium-chrysogenum
11 12 0.25136829988587117 0.5866170387879243 Penicillium-cvjetkovicii
11 12 -0.11520285009046975 0.8057207820336235 Penicillium-solitum
11 12 0.8921555415569276 0.006916474760309432 Penicillium-verrucosum
11 12 0.39677757080553444 0.37815523607378726 Penicillium-mb
11 12 -0.7604813613663552 0.04717085544212804 Penicillium-brevicompactum
11 12 0.10372596661588188 0.8248550856956824 Penicillium-commune
11 12 0.18257305971565166 0.695194112905031 Penicillium-polonicum
11 12 0.22468090122076625 0.6281240928645246 Penicillium-chrysogenum
11 12 -0.30058005415611483 0.5124551072303192 Penicillium-cvjetkovicii
11 12 -0.042919905490020116 0.9272039981031436 Penicillium-solitum
11 12 0.3536918789187705 0.436395646589712 Penicillium-verrucosum
11 12 -0.01591510482318451 0.9729851005202073 Penicillium-mb
11 12 -0.49246142720963765 0.26154491398226704 Penicillium-brevicompactum
11 12 0.021895305194612198 0.9628382846824353 Penicillium-commune
11 12 0.23028042634810406 0.6193463191007054 Penicillium-polonicum
11 12 -0.6278384106158711 0.13113347870968198 Penicillium-chrysogenum
11 12 0.05514334197704884 0.9065280207554184 Penicillium-cvjetkovicii
11 12 0.36059440828817296 0.42684650147953296 Penicillium-solitum
11 12 0.0663282115348863 0.8876452603074289 Penicillium-verrucosum
11 12 -0.11106305761555552 0.81261420350695 Penicillium-mb
11 12 -0.34438589173535417 0.4493966228926877 Penicillium-brevicompactum
11 12 0.04662916451436701 0.9209259017636436 Penicillium-commune
11 12 -0.012884032730297687 0.9781292020725978 Penicillium-polonicum
11 12 0.24275972898509365 0.599913807423403 Penicillium-chrysogenum
11 12 0.04896780594948984 0.9169693017347186 Penicillium-cvjetkovicii
11 12 0.16178238144366355 0.7289298286635026 Penicillium-solitum
11 12 0.018616779749115145 0.9684006496903719 Penicillium-verrucosum
11 10 -0.8630398490707742 0.012368216386901113 Penicillium-mb
11 10 0.3624980030597483 0.4242273178292908 Penicillium-brevicompactum
11 10 0.1528688506482254 0.7435034456396143 Penicillium-commune
11 10 -0.18645707360884417 0.6889342674963188 Penicillium-polonicum
11 10 -0.2047516530939163 0.6596429475840336 Penicillium-chrysogenum
11 10 0.2753182577771417 0.5501162341817313 Penicillium-cvjetkovicii
11 10 0.21898254301892578 0.6370926839192712 Penicillium-solitum
11 10 0.8175657091531326 0.024683088803458 Penicillium-verrucosum
7 12 -0.621718900707902 0.1360787134155802 Penicillium-mb
7 12 -0.00793601459755172 0.9865278274326754 Penicillium-brevicompactum
7 12 0.3096957101853949 0.49909023326535384 Penicillium-commune
7 12 -0.6250027251142882 0.13341345529326817 Penicillium-polonicum
7 12 0.13901447835084324 0.7662754030277847 Penicillium-chrysogenum
7 12 0.41878234793558633 0.3497193080332835 Penicillium-cvjetkovicii
7 12 0.35243780329328833 0.4381392252449113 Penicillium-solitum
7 12 0.442518233968654 0.320098684910776 Penicillium-verrucosum
11 12 0.7317174617780416 0.061586084990444344 Penicillium-mb
11 12 0.5591181532073766 0.191932715699973 Penicillium-brevicompactum
11 12 0.557478262712706 0.1935224816337077 Penicillium-commune
11 12 0.6709199496765232 0.09897242602041552 Penicillium-polonicum
11 12 0.6589458660143533 0.1074423794118832 Penicillium-chrysogenum
11 12 0.4637562998249298 0.29455883025604773 Penicillium-cvjetkovicii
11 12 -0.814861338223393 0.025568483636544532 Penicillium-solitum
11 12 0.2873384453766878 0.5320844484791591 Penicillium-verrucosum
11 12 0.5498237965353032 0.20102666134627095 Penicillium-mb
11 12 0.5215179241844602 0.22995843605328017 Penicillium-brevicompactum
11 12 -0.23856211408948955 0.6064298479309345 Penicillium-commune
11 12 -0.18773493448465023 0.6868778087937493 Penicillium-polonicum
11 12 -0.2742277136310041 0.5517619402811698 Penicillium-chrysogenum
11 12 -0.13569690521888228 0.771748849344002 Penicillium-cvjetkovicii
11 12 -0.07027117123123683 0.880998280452397 Penicillium-solitum
11 12 0.5162410642404653 0.23555458023882775 Penicillium-verrucosum
9 12 -0.38040804089546676 0.39989371535576557 Penicillium-mb
9 12 -0.01568876877129717 0.9733691966244886 Penicillium-brevicompactum
9 12 0.046099475499003055 0.9218222317536089 Penicillium-commune
9 12 -0.029500105554957717 0.9499408541557727 Penicillium-polonicum
9 12 -0.24695466492639803 0.5934230381687576 Penicillium-chrysogenum
9 12 -0.11712793540631156 0.8025185856052732 Penicillium-cvjetkovicii
9 12 0.036236533209708426 0.9385233312466756 Penicillium-solitum
9 12 0.052632907324385365 0.9107713129741932 Penicillium-verrucosum
11 12 0.6260934419040098 0.13253411973997234 Penicillium-mb
11 12 0.6297707537188303 0.12959127989858557 Penicillium-brevicompactum
11 12 -0.6855831114495607 0.08909523178705377 Penicillium-commune
11 12 0.5116177275181263 0.2405092057842218 Penicillium-polonicum
11 12 0.4287977474355976 0.3370849840246017 Penicillium-chrysogenum
11 12 -0.6219866839413504 0.13586036968302764 Penicillium-cvjetkovicii
11 12 0.25369263034139594 0.5830425072942133 Penicillium-solitum
11 12 0.5735987543790694 0.1781714093662801 Penicillium-verrucosum
11 8 0.5765116705540999 0.17546359475538895 Penicillium-mb
11 8 0.5765116811315198 0.17546358495966466 Penicillium-brevicompactum
11 8 -0.27214235383790986 0.5549133342253918 Penicillium-commune
11 8 0.5698702142904598 0.18166703992425426 Penicillium-polonicum
11 8 0.5661369846237487 0.18520028493149335 Penicillium-chrysogenum
11 8 0.5358195836212774 0.21510984368664018 Penicillium-cvjetkovicii
11 8 0.5365719114547981 0.21434172578609823 Penicillium-solitum
11 8 -0.0433444282096674 0.9264853161773023 Penicillium-verrucosum
9 10 -0.19054684975901445 0.6823580139008306 Penicillium-mb
9 10 0.3128908709821885 0.494434991335712 Penicillium-brevicompactum
9 10 0.015946004154322527 0.9729326641539533 Penicillium-commune
9 10 -0.13993845607707686 0.7647523589266971 Penicillium-polonicum
9 10 0.2667810870146101 0.5630418004814386 Penicillium-chrysogenum
9 10 0.17136264748889066 0.7133382250714461 Penicillium-cvjetkovicii
9 10 -0.12996078121568927 0.7812301798236306 Penicillium-solitum
9 10 0.08698003823228047 0.8528960365522054 Penicillium-verrucosum
11 12 0.2524714952683268 0.5849196231729376 Penicillium-mb
11 12 0.2515273263490682 0.5863722618515408 Penicillium-brevicompactum
11 12 -0.45080357220768547 0.3100248981166377 Penicillium-commune
11 12 -0.26041945503846925 0.5727357378033351 Penicillium-polonicum
11 12 -0.3425727240525484 0.45194642074227803 Penicillium-chrysogenum
11 12 0.5763433880652503 0.17561947475119197 Penicillium-cvjetkovicii
11 12 -0.5188647119072255 0.23276432222630875 Penicillium-solitum
11 12 -0.09740361540274609 0.8354257809338987 Penicillium-verrucosum
9 12 -0.3545903163222986 0.4351481510828726 Penicillium-mb
9 12 -0.3408727776327875 0.4543418942850815 Penicillium-brevicompactum
9 12 -0.47459093215250586 0.28189119353408004 Penicillium-commune
9 12 -0.3600943471233261 0.4275355734770761 Penicillium-polonicum
9 12 -0.20042617003910151 0.6665386999134122 Penicillium-chrysogenum
9 12 0.23884476587202866 0.6059904253240663 Penicillium-cvjetkovicii
9 12 -0.40877626500107145 0.362535880527828 Penicillium-solitum
9 12 0.43576154583724014 0.328416643194795 Penicillium-verrucosum
9 12 -0.7874227705746193 0.035555530689721386 Penicillium-mb
9 12 -0.2713185585202732 0.5561598534139027 Penicillium-brevicompactum
9 12 -0.08518650950352695 0.8559070427183595 Penicillium-commune
9 12 -0.1273846989087018 0.7854953094611412 Penicillium-polonicum
9 12 -0.1728019430943311 0.7110025272488527 Penicillium-chrysogenum
9 12 -0.16089465531726982 0.7303784207408257 Penicillium-cvjetkovicii
9 12 -0.10160103013409179 0.8284056064993988 Penicillium-solitum
9 12 -0.43524999359351 0.3290501269905486 Penicillium-verrucosum
11 10 0.5699386739788144 0.18160255754794657 Penicillium-mb
11 10 0.5699386880768544 0.18160254427011358 Penicillium-brevicompactum
11 10 -0.4115876204501713 0.3589155016493184 Penicillium-commune
11 10 0.2604196010145819 0.572735514763987 Penicillium-polonicum
11 10 -0.380050791877258 0.40037355182210765 Penicillium-chrysogenum
11 10 0.08624653866476224 0.8541272780352054 Penicillium-cvjetkovicii
11 10 -0.3121978980181886 0.4954433223230169 Penicillium-solitum
11 10 0.005313227112689107 0.9909801128253102 Penicillium-verrucosum
11 12 0.053357668970646956 0.9095460991704951 Penicillium-mb
11 12 0.01620751133681734 0.9724888878810849 Penicillium-brevicompactum
11 12 -0.27214235379454343 0.5549133342909875 Penicillium-commune
11 12 -0.35934235080969845 0.42857261120962936 Penicillium-polonicum
11 12 -0.30791080141798816 0.5016974598916 Penicillium-chrysogenum
11 12 -0.37982312721047196 0.400679457209025 Penicillium-cvjetkovicii
11 12 -0.37476582119712265 0.40749861948141836 Penicillium-solitum
11 12 -0.2514733990989119 0.5864552643168004 Penicillium-verrucosum
9 12 -0.44229252355983556 0.3203750666232787 Penicillium-mb
9 12 -0.40222912708958536 0.3710251528679714 Penicillium-brevicompactum
9 12 -0.08107273725908977 0.8628185177416532 Penicillium-commune
9 12 -0.5072853403411317 0.24519547102540665 Penicillium-polonicum
9 12 -0.6035155120048648 0.15133669292772567 Penicillium-chrysogenum
9 12 0.23884487879996344 0.6059902497802987 Penicillium-cvjetkovicii
9 12 -0.11300020109278772 0.8093873266309264 Penicillium-solitum
9 12 0.4357615419401626 0.3284166480187738 Penicillium-verrucosum
9 12 -0.32239568848172584 0.48067868679361847 Penicillium-mb
9 12 -0.421464021398845 0.34631720845272934 Penicillium-brevicompactum
9 12 -0.050463269084966934 0.9144399319484979 Penicillium-commune
9 12 -0.27733962684929037 0.547070093311724 Penicillium-polonicum
9 12 -0.028638739753245445 0.9514013008796036 Penicillium-chrysogenum
9 12 -0.44239142224623285 0.32025395281012253 Penicillium-cvjetkovicii
9 12 -0.06245287937514677 0.8941833426724607 Penicillium-solitum
9 12 -0.4352499936585294 0.32905012690999846 Penicillium-verrucosum
11 12 0.31534908700471737 0.49086396270626576 Penicillium-mb
11 12 0.35521762098847115 0.4342779358528299 Penicillium-brevicompactum
11 12 -0.272142353824843 0.5549133342451567 Penicillium-commune
11 12 -0.05042591491594237 0.9145031044575624 Penicillium-polonicum
11 12 -0.059423180360286106 0.8992980907514079 Penicillium-chrysogenum
11 12 -0.6360570293850946 0.12463862644912294 Penicillium-cvjetkovicii
11 12 -0.25588438354458876 0.579678047364833 Penicillium-solitum
11 12 -0.07181610040437787 0.8783953592633674 Penicillium-verrucosum
11 10 -0.39419506166260604 0.3815521766584742 Penicillium-mb
11 10 -0.6004510013006641 0.15398548961527253 Penicillium-brevicompactum
11 10 -0.531270268144707 0.21978238824589547 Penicillium-commune
11 10 -0.6115464873541387 0.14450447172537345 Penicillium-polonicum
11 10 -0.35251977704330234 0.4380251739159087 Penicillium-chrysogenum
11 10 0.4823751055425808 0.27294402641611104 Penicillium-cvjetkovicii
11 10 0.3764236077983024 0.4052582846096805 Penicillium-solitum
11 10 0.5841067867363783 0.16849912275937165 Penicillium-verrucosum
11 10 0.3508112122028015 0.4404046574832101 Penicillium-mb
11 10 -0.7320889836675469 0.06138653299024002 Penicillium-brevicompactum
11 10 0.13146637707243233 0.7787394283370379 Penicillium-commune
11 10 0.05774328921480345 0.9021352927212224 Penicillium-polonicum
11 10 0.2517106766716078 0.5860900840265468 Penicillium-chrysogenum
11 10 -0.13244947658125372 0.7771138688283895 Penicillium-cvjetkovicii
11 10 0.07761468489959349 0.8686337317922216 Penicillium-solitum
11 10 0.4000144466707011 0.3739150425532393 Penicillium-verrucosum
11 12 0.598889105203154 0.1553443462666217 Penicillium-mb
11 12 0.6382838870782728 0.12290786989110991 Penicillium-brevicompactum
11 12 -0.029609343996092594 0.9497556481449663 Penicillium-commune
11 12 -0.16772335908889985 0.7192519977349006 Penicillium-polonicum
11 12 -0.18647609003501917 0.6889036532114712 Penicillium-chrysogenum
11 12 0.03958153175029144 0.9328569300091862 Penicillium-cvjetkovicii
11 12 -0.04207389743229034 0.9286363369053121 Penicillium-solitum
11 12 0.435745270013721 0.32843679041012375 Penicillium-verrucosum
11 10 0.20691533587392832 0.6562007122785622 Penicillium-mb
11 10 0.2629887220207861 0.5688143508886541 Penicillium-brevicompactum
11 10 -0.5956791475612755 0.15815572370649622 Penicillium-commune
11 10 -0.47295970481747907 0.28378252197288595 Penicillium-polonicum
11 10 0.2667810909580961 0.563041794488608 Penicillium-chrysogenum
11 10 0.17136265107599152 0.7133382192480509 Penicillium-cvjetkovicii
11 10 -0.42754743661711087 0.3386515015441897 Penicillium-solitum
11 10 -0.029214603473364673 0.950424911083386 Penicillium-verrucosum
11 12 -0.04322743983392585 0.9266833638907817 Penicillium-mb
11 12 -0.38691154980429016 0.3911987251466699 Penicillium-brevicompactum
11 12 -0.11406436181681544 0.8076155677227659 Penicillium-commune
11 12 0.011359215062436824 0.9807172416808441 Penicillium-polonicum
11 12 -0.25176998371473563 0.585998818870306 Penicillium-chrysogenum
11 12 -0.08999938057953176 0.847830335298978 Penicillium-cvjetkovicii
11 12 -0.159892661572756 0.7320142402986567 Penicillium-solitum
11 12 -0.05396435451537588 0.9085206032254047 Penicillium-verrucosum
