#SPECIES: Penicillium-verrucosum Penicillium-chrysogenum Penicillium-commune Penicillium-cvjetkovicii Penicillium-brevicompactum Penicillium-mb Penicillium-solitum Penicillium-polonicum 
#GENE_TREEs p: 0.2326301185146801 0.0008566615642131429 0.0007183793545323522 0.0007183815405195996 0.00458563360563921 0.0521578342504696 0.6670925509780528 0.5669110774876369 
#GENE_TREEs r: 0.5189912714107798 0.9538607870683655 0.9570276862960455 0.9570276334977604 0.9088416827672297 0.750047976362818 0.20007926872884088 -0.2642377500861361 
9 12 0.42908332971496105 0.3367276097066442 Penicillium-verrucosum
9 12 -0.5467096568081087 0.20411893779402332 Penicillium-chrysogenum
9 12 -0.04278670115460502 0.9274295101793304 Penicillium-commune
9 12 -0.2885902564494648 0.5302180862789638 Penicillium-cvjetkovicii
9 12 0.021104947455714115 0.9641791073065675 Penicillium-brevicompactum
9 12 0.08629466094008109 0.8540464934600785 Penicillium-mb
9 12 -0.5495502786043603 0.20129735141836283 Penicillium-solitum
9 12 0.43353612183668383 0.3311763136331171 Penicillium-polonicum
11 12 0.5229928530464434 0.22840553135512764 Penicillium-verrucosum
11 12 -0.3693995753820215 0.41478382825374827 Penicillium-chrysogenum
11 12 -0.43391814627648884 0.3307018768197204 Penicillium-commune
11 12 0.14959915684848166 0.7488649014463147 Penicillium-cvjetkovicii
11 12 0.188252539733508 0.6860452636201388 Penicillium-brevicompactum
11 12 0.3728646231912243 0.4100738864620045 Penicillium-mb
11 12 0.5028756031248657 0.25000831851672084 Penicillium-solitum
11 12 0.5153360119591718 0.23652070454950364 Penicillium-polonicum
11 12 -0.0637580720611913 0.8919808017922242 Penicillium-verrucosum
11 12 0.16758722775013468 0.7194734263691613 Penicillium-chrysogenum
11 12 -0.4059794502556077 0.3661524351621975 Penicillium-commune
11 12 -0.5040164924378734 0.24875899837802573 Penicillium-cvjetkovicii
11 12 -0.5365631695771628 0.21435064364782055 Penicillium-brevicompactum
11 12 0.024933867271583185 0.9576841089583275 Penicillium-mb
11 12 -0.18923013471887498 0.6844735340020113 Penicillium-solitum
11 12 -0.09318888425783253 0.8424836688032324 Penicillium-polonicum
9 10 0.39779806933612977 0.3768163150943963 Penicillium-verrucosum
9 10 0.552851944634307 0.19804152429111294 Penicillium-chrysogenum
9 10 0.7020725168457403 0.07864070684656567 Penicillium-commune
9 10 0.7020725534649327 0.0786406843979004 Penicillium-cvjetkovicii
9 10 0.3003649059015269 0.5127720243034417 Penicillium-brevicompactum
9 10 0.02653387802099743 0.9549705449639005 Penicillium-mb
9 10 0.014928385868623821 0.9746596088889536 Penicillium-solitum
9 10 -0.5184365927200966 0.23321856804855903 Penicillium-polonicum
11 10 -0.9669825662480671 0.00037375479708005106 Penicillium-verrucosum
11 10 -0.14161449763753708 0.7619911862970189 Penicillium-chrysogenum
11 10 -0.052845500279418485 0.9104119086802559 Penicillium-commune
11 10 -0.04525265634209602 0.923255339903946 Penicillium-cvjetkovicii
11 10 0.7375938845189083 0.058470804034618774 Penicillium-brevicompactum
11 10 0.9082829581638087 0.004654783946634568 Penicillium-mb
11 10 0.8832246388432682 0.008396683166807905 Penicillium-solitum
11 10 0.7572922262575424 0.04866609428088467 Penicillium-polonicum
7 12 -0.00819016242411719 0.9860964147603273 Penicillium-verrucosum
7 12 -0.3022791317799903 0.5099547145817259 Penicillium-chrysogenum
7 12 -0.28460694657775626 0.5361645344836612 Penicillium-commune
7 12 0.1055190682629787 0.8218608658771034 Penicillium-cvjetkovicii
7 12 0.12905447475898227 0.7827302276007262 Penicillium-brevicompactum
7 12 -0.3543882882990686 0.43542855172413936 Penicillium-mb
7 12 -0.12558745307844962 0.7884734806284734 Penicillium-solitum
7 12 -0.03559071764062086 0.9396175813060852 Penicillium-polonicum
11 12 -0.2589224457725166 0.5750244758028216 Penicillium-verrucosum
11 12 0.23396811276741683 0.6135850218411549 Penicillium-chrysogenum
11 12 0.2301432007808512 0.6195610084954167 Penicillium-commune
11 12 -0.11346216322336698 0.8086181096142454 Penicillium-cvjetkovicii
11 12 -0.039844574104410925 0.9324114314364169 Penicillium-brevicompactum
11 12 -0.6707858837456702 0.09906524988186927 Penicillium-mb
11 12 -0.3611711539953082 0.4260522920037729 Penicillium-solitum
11 12 0.5197510456311202 0.23182521478197132 Penicillium-polonicum
9 12 -0.5149580901483616 0.23692467355465327 Penicillium-verrucosum
9 12 -0.012054905650564041 0.9795364435221865 Penicillium-chrysogenum
9 12 -0.6196454626772506 0.13777536015018008 Penicillium-commune
9 12 -0.13066827488889235 0.7800595659254441 Penicillium-cvjetkovicii
9 12 -0.41761591311115237 0.3512034540574942 Penicillium-brevicompactum
9 12 0.2784048194579855 0.5454671094159353 Penicillium-mb
9 12 -0.46530208023223424 0.29273641524607397 Penicillium-solitum
9 12 0.11679050946999031 0.8030797038977495 Penicillium-polonicum
9 12 -0.5502471072322352 0.20060807217974247 Penicillium-verrucosum
9 12 -0.42041629405816944 0.34764474329807005 Penicillium-chrysogenum
9 12 -0.33428750801276175 0.4636658420998721 Penicillium-commune
9 12 -0.15449079819096093 0.7408469108695307 Penicillium-cvjetkovicii
9 12 0.25936085892339444 0.5743539012451582 Penicillium-brevicompactum
9 12 -0.21338142473914498 0.6459426704724974 Penicillium-mb
9 12 -0.6250102863682204 0.13340734923513783 Penicillium-solitum
9 12 -0.03841854857730816 0.9348267684741544 Penicillium-polonicum
11 12 -0.31935053642586053 0.4850708187482906 Penicillium-verrucosum
11 12 -0.17947092945323032 0.7002037204007874 Penicillium-chrysogenum
11 12 -0.1351329681742536 0.7726800064444517 Penicillium-commune
11 12 -0.202740014671905 0.662847580801353 Penicillium-cvjetkovicii
11 12 -0.47850922164003784 0.27737128554463447 Penicillium-brevicompactum
11 12 0.34455398877147503 0.44916050740673324 Penicillium-mb
11 12 -0.4083922526731388 0.36303156758561494 Penicillium-solitum
11 12 -0.3638926632004885 0.4223123405159617 Penicillium-polonicum
11 10 0.9639992377402726 0.00046323926845956106 Penicillium-verrucosum
11 10 0.5013925004892263 0.2516366830258273 Penicillium-chrysogenum
11 10 0.6288143662775314 0.1303534084933584 Penicillium-commune
11 10 0.5760558010738526 0.1758860236902583 Penicillium-cvjetkovicii
11 10 0.24433331864226282 0.5974765208000623 Penicillium-brevicompactum
11 10 0.5213173048911253 0.230170042685302 Penicillium-mb
11 10 0.8720744795431223 0.010481314092468557 Penicillium-solitum
11 10 0.9591257568095627 0.0006346021261749363 Penicillium-polonicum
11 10 -0.6784319311391038 0.09384413238620012 Penicillium-verrucosum
11 10 0.045482781568054985 0.9228658727098544 Penicillium-chrysogenum
11 10 -0.3697087289568342 0.41436274921829264 Penicillium-commune
11 10 -0.4408900128617627 0.32209474192172494 Penicillium-cvjetkovicii
11 10 0.6404475168410836 0.12123814093605288 Penicillium-brevicompactum
11 10 0.6542135481834299 0.11088968417532893 Penicillium-mb
11 10 -0.7666261910915464 0.04436191649403864 Penicillium-solitum
11 10 0.14193549682501178 0.7614625885355337 Penicillium-polonicum
9 12 0.3173469919461994 0.48796840546976866 Penicillium-verrucosum
9 12 -0.6706084886784333 0.09918814373705467 Penicillium-chrysogenum
9 12 0.3290218755882373 0.4711714643504872 Penicillium-commune
9 12 0.34946427257076856 0.4422839569028871 Penicillium-cvjetkovicii
9 12 -0.04076827801357942 0.9308471229820809 Penicillium-brevicompactum
9 12 -0.15758639703981459 0.7357824246795163 Penicillium-mb
9 12 -0.77486226609664 0.04074542439616466 Penicillium-solitum
9 12 0.2673467190043954 0.5621824313574448 Penicillium-polonicum
11 12 -0.41585105763432606 0.35345401431437046 Penicillium-verrucosum
11 12 0.23970473532221567 0.6046540606475277 Penicillium-chrysogenum
11 12 0.19338418101437738 0.6778050014175001 Penicillium-commune
11 12 -0.7421348981793463 0.056123469499725076 Penicillium-cvjetkovicii
11 12 -0.7768465798990085 0.03989943331270334 Penicillium-brevicompactum
11 12 0.32623314047430363 0.47516433253900725 Penicillium-mb
11 12 0.13721733583864532 0.7692394442265587 Penicillium-solitum
11 12 0.023063768947583618 0.9608561427471904 Penicillium-polonicum
11 12 0.3172044996270737 0.48817471692852815 Penicillium-verrucosum
11 12 -0.33472289448841774 0.46304722604911924 Penicillium-chrysogenum
11 12 -0.4210559303655961 0.3468340310153347 Penicillium-commune
11 12 -0.3688884416016451 0.4154803785302467 Penicillium-cvjetkovicii
11 12 -0.15519561471949925 0.7396931511454323 Penicillium-brevicompactum
11 12 -0.04858004115634793 0.9176252440735532 Penicillium-mb
11 12 0.19204322311774977 0.6799558487468317 Penicillium-solitum
11 12 -0.0707861386227376 0.8801305596214813 Penicillium-polonicum
11 12 -0.12711124414020142 0.7859483111761653 Penicillium-verrucosum
11 12 -0.35609523789632275 0.433061597216324 Penicillium-chrysogenum
11 12 -0.4920377989490044 0.26201923391751974 Penicillium-commune
11 12 0.10605914632563751 0.8209593491864688 Penicillium-cvjetkovicii
11 12 0.15202521321430065 0.7448860132961976 Penicillium-brevicompactum
11 12 -0.33038420006225994 0.4692253776581916 Penicillium-mb
11 12 -0.0876794529019343 0.8517222305830853 Penicillium-solitum
11 12 -0.09707860715985216 0.8359697246852957 Penicillium-polonicum
11 10 0.16068237896952078 0.7307249079772405 Penicillium-verrucosum
11 10 -0.33472289448841763 0.4630472260491193 Penicillium-chrysogenum
11 10 -0.3951015410603912 0.3803584209769192 Penicillium-commune
11 10 -0.5134701456890237 0.2385182897749677 Penicillium-cvjetkovicii
11 10 -0.14527570738874543 0.7559665820976413 Penicillium-brevicompactum
11 10 -0.04620118054982038 0.9216501232133283 Penicillium-mb
11 10 0.13437706879783767 0.7739284663888404 Penicillium-solitum
11 10 0.17049141585198122 0.714752931518705 Penicillium-polonicum
11 10 0.5444905878706036 0.20633622756767617 Penicillium-verrucosum
11 10 0.1048644753694401 0.822953743505807 Penicillium-chrysogenum
11 10 0.41535469880523157 0.3540880575181874 Penicillium-commune
11 10 0.4153546988052264 0.354088057518194 Penicillium-cvjetkovicii
11 10 0.18541665693016116 0.690609733377265 Penicillium-brevicompactum
11 10 -0.2807385169922829 0.541960590162182 Penicillium-mb
11 10 0.5945408068307484 0.15915875074735578 Penicillium-solitum
11 10 0.5993912292783807 0.15490684582050213 Penicillium-polonicum
11 12 0.13455820674293334 0.7736292596135286 Penicillium-verrucosum
11 12 -0.27242052178680026 0.5544926309386722 Penicillium-chrysogenum
11 12 -0.48254492357363027 0.27275028476291063 Penicillium-commune
11 12 0.045946846605443764 0.9220805197999657 Penicillium-cvjetkovicii
11 12 -0.08945582200676072 0.848741987483311 Penicillium-brevicompactum
11 12 -0.25027961270132176 0.5882936100196852 Penicillium-mb
11 12 0.014765226811483668 0.974936504727724 Penicillium-solitum
11 12 -0.200207144309363 0.666888375098079 Penicillium-polonicum
11 10 0.48664418456875896 0.26809239829796305 Penicillium-verrucosum
11 10 0.5763342349751696 0.17562795520250016 Penicillium-chrysogenum
11 10 0.6409166654537477 0.12087763349173167 Penicillium-commune
11 10 0.6409167276772078 0.12087758571398846 Penicillium-cvjetkovicii
11 10 -0.3003642505214519 0.5127729897927509 Penicillium-brevicompactum
11 10 -0.40380874667955546 0.3689695587427615 Penicillium-mb
11 10 0.27398408589857853 0.5521298097668377 Penicillium-solitum
11 10 -0.7154596241880475 0.07066218093851664 Penicillium-polonicum
11 12 -0.02177099279641004 0.963049173082403 Penicillium-verrucosum
11 12 0.4277068894842135 0.3384515513117359 Penicillium-chrysogenum
11 12 0.42844999498326414 0.33752037461870193 Penicillium-commune
11 12 -0.8328676911744115 0.02000182287708415 Penicillium-cvjetkovicii
11 12 0.5118604872891332 0.24024785804068927 Penicillium-brevicompactum
11 12 0.29667545187540334 0.5182171267425668 Penicillium-mb
11 12 -0.00632983646473548 0.989254351143583 Penicillium-solitum
11 12 -0.20200601579050986 0.6640178959128902 Penicillium-polonicum
11 12 0.3289786514676257 0.47123325832743496 Penicillium-verrucosum
11 12 -0.23136364902265746 0.6176523726443717 Penicillium-chrysogenum
11 12 0.41755891035913906 0.35127605054029637 Penicillium-commune
11 12 0.42169872511163675 0.3460201172419212 Penicillium-cvjetkovicii
11 12 -0.11601734950115235 0.8043656740277486 Penicillium-brevicompactum
11 12 0.1397184548325237 0.7651149447667298 Penicillium-mb
11 12 -0.5011571687805192 0.2518955111902228 Penicillium-solitum
11 12 0.019245361479442717 0.9673341098603423 Penicillium-polonicum
11 12 0.49775283292004885 0.25565341397389174 Penicillium-verrucosum
11 12 -0.4242005746795756 0.3428599171068312 Penicillium-chrysogenum
11 12 -0.41200729676837117 0.35837634837400706 Penicillium-commune
11 12 -0.45303427977467914 0.3073366335900388 Penicillium-cvjetkovicii
11 12 0.08766159881365648 0.8517521918470901 Penicillium-brevicompactum
11 12 0.3728648394961897 0.4100735931034177 Penicillium-mb
11 12 0.4612861571321824 0.2974814063805072 Penicillium-solitum
11 12 0.4995348942706728 0.25368308603762013 Penicillium-polonicum
11 12 -0.03592315959525112 0.9390542923493306 Penicillium-verrucosum
11 12 0.16758664098677917 0.7194743808209823 Penicillium-chrysogenum
11 12 -0.42338455897286315 0.3438893207610673 Penicillium-commune
11 12 -0.41760511521377724 0.3512172053565829 Penicillium-cvjetkovicii
11 12 -0.5544597559960928 0.19646528974047128 Penicillium-brevicompactum
11 12 0.02493441089903815 0.95768318692822 Penicillium-mb
11 12 -0.19531666808266324 0.6747084223371163 Penicillium-solitum
11 12 -0.18087298162047408 0.697938476275261 Penicillium-polonicum
11 10 0.3874268587650628 0.3905130450147839 Penicillium-verrucosum
11 10 -0.699658404364871 0.08012804980048722 Penicillium-chrysogenum
11 10 0.0765415144563639 0.8704393907067496 Penicillium-commune
11 10 0.3585485648849096 0.4296683265141952 Penicillium-cvjetkovicii
11 10 0.4176040728252626 0.35121853286734783 Penicillium-brevicompactum
11 10 0.38276158982990455 0.3967382868836686 Penicillium-mb
11 10 0.006927466563930703 0.9882398496896263 Penicillium-solitum
11 10 -0.16372056357987497 0.7257693331818791 Penicillium-polonicum
11 12 -0.46491664103654107 0.2931903644778493 Penicillium-verrucosum
11 12 -0.32381468202658553 0.47863693707086497 Penicillium-chrysogenum
11 12 -0.27768839185904826 0.5465450750514198 Penicillium-commune
11 12 -0.009665810698758832 0.9835915766425256 Penicillium-cvjetkovicii
11 12 0.23258614013664025 0.6157422537656447 Penicillium-brevicompactum
11 12 -0.6446269819276943 0.11804595553065617 Penicillium-mb
11 12 -0.07641609242127596 0.870650448417597 Penicillium-solitum
11 12 0.12453918728682226 0.790211483915963 Penicillium-polonicum
11 12 0.10073883838884373 0.8298468938655447 Penicillium-verrucosum
11 12 -0.22091098028901207 0.6340535358885886 Penicillium-chrysogenum
11 12 -0.07667475795506047 0.8702151778904459 Penicillium-commune
11 12 0.042786324151038155 0.9274301484437519 Penicillium-cvjetkovicii
11 12 -0.2923252939824023 0.5246625480458209 Penicillium-brevicompactum
11 12 -0.1966612267674724 0.6725560752979212 Penicillium-mb
11 12 0.5074855384456325 0.24497799762001515 Penicillium-solitum
11 12 0.02959062750170806 0.9497873805030688 Penicillium-polonicum
11 8 0.5189912714107797 0.23263011851468016 Penicillium-verrucosum
11 8 0.35840846034332385 0.42986183367414377 Penicillium-chrysogenum
11 8 0.5308028944940857 0.22026511333493856 Penicillium-commune
11 8 0.5308029867462994 0.22026501800320156 Penicillium-cvjetkovicii
11 8 0.13636050498976385 0.7706534108784788 Penicillium-brevicompactum
11 8 0.4896794278153833 0.2646669598184844 Penicillium-mb
11 8 0.16483067704473325 0.7239605168468872 Penicillium-solitum
11 8 -0.46321039269094477 0.2952036288740515 Penicillium-polonicum
9 10 0.12445804998506152 0.7903460368148246 Penicillium-verrucosum
9 10 -0.24784472206240035 0.5920486109896469 Penicillium-chrysogenum
9 10 -0.04278639969492304 0.9274300205484767 Penicillium-commune
9 10 -0.288590262894668 0.5302180766752891 Penicillium-cvjetkovicii
9 10 -0.09559537286218263 0.8384527683362457 Penicillium-brevicompactum
9 10 -0.03776857348658422 0.9359277994550295 Penicillium-mb
9 10 -0.5495507477225624 0.2012968870005258 Penicillium-solitum
9 10 0.10780492392103992 0.8180463134894866 Penicillium-polonicum
11 12 0.01403295577168346 0.9761792599735173 Penicillium-verrucosum
11 12 -0.13670387235792453 0.770086715452166 Penicillium-chrysogenum
11 12 -0.2145086839394482 0.644158852739584 Penicillium-commune
11 12 -0.17472186793834138 0.7078896591317296 Penicillium-cvjetkovicii
11 12 -0.042945355551334816 0.9271609121370026 Penicillium-brevicompactum
11 12 0.037895391879825185 0.9357129679103104 Penicillium-mb
11 12 0.08357034358104243 0.8586214810971772 Penicillium-solitum
11 12 -0.5615481644533289 0.18958865711454967 Penicillium-polonicum
11 12 -0.5386240494697299 0.21225315589402577 Penicillium-verrucosum
11 12 0.4265510613942137 0.33990206606933926 Penicillium-chrysogenum
11 12 0.27550999845595603 0.5498270498613342 Penicillium-commune
11 12 -0.8607190030585838 0.012882037824144352 Penicillium-cvjetkovicii
11 12 0.7334158796000434 0.06067669184379225 Penicillium-brevicompactum
11 12 0.7408437045389508 0.05678559341773515 Penicillium-mb
11 12 0.44045415020248546 0.32262997872237925 Penicillium-solitum
11 12 0.24174991287039668 0.6014794474154093 Penicillium-polonicum
11 12 0.01013642562271603 0.9827927534358639 Penicillium-verrucosum
11 12 0.16758715335898267 0.7194735473766517 Penicillium-chrysogenum
11 12 -0.23038134242966263 0.6191884496081983 Penicillium-commune
11 12 -0.2388498846932337 0.6059824682543414 Penicillium-cvjetkovicii
11 12 -0.2769747636310718 0.5476195219057314 Penicillium-brevicompactum
11 12 0.024933936193894234 0.9576839920612752 Penicillium-mb
11 12 -0.3198749978064674 0.48431334715440855 Penicillium-solitum
11 12 -0.12817795184845712 0.7841814892725336 Penicillium-polonicum
9 12 -0.2835106007824393 0.5378050855622794 Penicillium-verrucosum
9 12 -0.901078135019468 0.005601091193898715 Penicillium-chrysogenum
9 12 0.3238916405056502 0.4785262933966829 Penicillium-commune
9 12 0.32764309348583376 0.4731440510385988 Penicillium-cvjetkovicii
9 12 0.31452314923298436 0.4920627709890161 Penicillium-brevicompactum
9 12 0.4173353450381436 0.35156083521483666 Penicillium-mb
9 12 -0.04894645254920398 0.917005422142658 Penicillium-solitum
9 12 -0.1598839584166832 0.7320284523060878 Penicillium-polonicum
11 12 -0.608127949527218 0.1473933586080695 Penicillium-verrucosum
11 12 0.05534937098602944 0.9061798551372918 Penicillium-chrysogenum
11 12 0.11311959057071688 0.8091885184969025 Penicillium-commune
11 12 0.11813487731247019 0.8008445057355136 Penicillium-cvjetkovicii
11 12 0.21051885811192608 0.6504785518557463 Penicillium-brevicompactum
11 12 -0.7278331675983769 0.06369341856156367 Penicillium-mb
11 12 -0.6444801206744131 0.11815738226019769 Penicillium-solitum
11 12 0.30308186124448283 0.5087748759568638 Penicillium-polonicum
11 12 -0.23380959681069413 0.6138323500047469 Penicillium-verrucosum
11 12 -0.16758765688784685 0.719472728317452 Penicillium-chrysogenum
11 12 -0.188119622564638 0.6862590309670452 Penicillium-commune
11 12 -0.18253706682149984 0.6952521874003681 Penicillium-cvjetkovicii
11 12 -0.5039985574732642 0.2487786155782355 Penicillium-brevicompactum
11 12 0.3445539887714751 0.44916050740673324 Penicillium-mb
11 12 -0.44220741502334693 0.3204793084922401 Penicillium-solitum
11 12 -0.3473447442510436 0.44524732253441446 Penicillium-polonicum
11 12 0.5827240752349705 0.16975667904495984 Penicillium-verrucosum
11 12 -0.35040309429479677 0.44097375844185704 Penicillium-chrysogenum
11 12 -0.41200729682522014 0.35837634830099657 Penicillium-commune
11 12 -0.6203852490487317 0.1371687873529154 Penicillium-cvjetkovicii
11 12 0.20199435194309825 0.6640364975716355 Penicillium-brevicompactum
11 12 0.3674019476092331 0.4175086968807801 Penicillium-mb
11 12 0.4868829828484595 0.26782217728688706 Penicillium-solitum
11 12 0.6528491665728696 0.11189406687252591 Penicillium-polonicum
11 10 -0.2135105673378782 0.6457382417688949 Penicillium-verrucosum
11 10 0.518892736817043 0.23273460148959355 Penicillium-chrysogenum
11 10 -0.9127673787522939 0.0041166873329473415 Penicillium-commune
11 10 0.4470640307667165 0.31455434290516854 Penicillium-cvjetkovicii
11 10 0.5790176704094537 0.17315033269203217 Penicillium-brevicompactum
11 10 0.46606644334168285 0.2918371120623528 Penicillium-mb
11 10 0.10694747565706954 0.8194768607567967 Penicillium-solitum
11 10 -0.22262355239604914 0.6313580036420698 Penicillium-polonicum
11 12 0.11247848115222943 0.8102561935831398 Penicillium-verrucosum
11 12 -0.6668036914014722 0.10184317757710261 Penicillium-chrysogenum
11 12 0.3435691093829402 0.450544568378584 Penicillium-commune
11 12 0.26055226215188076 0.5725328308719362 Penicillium-cvjetkovicii
11 12 -0.424277506685255 0.3427629345656921 Penicillium-brevicompactum
11 12 -0.24368231074069815 0.598484486408418 Penicillium-mb
11 12 -0.5661756679648908 0.1851635037733421 Penicillium-solitum
11 12 0.23898471117702372 0.60577289526181 Penicillium-polonicum
11 12 0.5386259100860282 0.21225126665912233 Penicillium-verrucosum
11 12 -0.10281441464484926 0.8263778948579736 Penicillium-chrysogenum
11 12 -0.4120072968060523 0.35837634832561355 Penicillium-commune
11 12 -0.004990894693500002 0.9915272995411302 Penicillium-cvjetkovicii
11 12 0.4813384695678424 0.27412804671813246 Penicillium-brevicompactum
11 12 0.4190753498830778 0.3493469126767498 Penicillium-mb
11 12 0.498819516624976 0.25447320008260993 Penicillium-solitum
11 12 0.3956636901905313 0.37961888162405494 Penicillium-polonicum
11 12 -0.5547486062206147 0.19618275587460338 Penicillium-verrucosum
11 12 0.021703496666680342 0.9631636768671304 Penicillium-chrysogenum
11 12 0.11620631929263345 0.8040513346526086 Penicillium-commune
11 12 0.07325508315326483 0.8759717211221285 Penicillium-cvjetkovicii
11 12 -0.5096551678849087 0.24262687879852704 Penicillium-brevicompactum
11 12 -0.581168985092099 0.17117652025099864 Penicillium-mb
11 12 0.5074855384336174 0.24497799763306424 Penicillium-solitum
11 12 -0.43458972826458725 0.3298685425185919 Penicillium-polonicum
11 12 0.4776669987822477 0.27834005874325335 Penicillium-verrucosum
11 12 0.4134460546559107 0.35653055069606626 Penicillium-chrysogenum
11 12 -0.44715295913970765 0.31444629888960723 Penicillium-commune
11 12 0.4247205443137268 0.34220465492728736 Penicillium-cvjetkovicii
11 12 -0.1363431817720898 0.7706820033649662 Penicillium-brevicompactum
11 12 -0.2695059715284023 0.5589057289042325 Penicillium-mb
11 12 0.14669379196983237 0.7536357146454722 Penicillium-solitum
11 12 0.15218420532357904 0.7446254125305531 Penicillium-polonicum
9 10 0.397798254304623 0.37681607258619726 Penicillium-verrucosum
9 10 0.7598424098478339 0.04746838012553223 Penicillium-chrysogenum
9 10 0.8079596429201131 0.027907930960537616 Penicillium-commune
9 10 0.8120936127184418 0.026492837419155174 Penicillium-cvjetkovicii
9 10 0.05769325413668925 0.90221981079722 Penicillium-brevicompactum
9 10 0.20362127890207574 0.6614431801473484 Penicillium-mb
9 10 0.01492859581354353 0.974659252594527 Penicillium-solitum
9 10 -0.2800325206452138 0.5430206057560623 Penicillium-polonicum
11 12 0.10528090270883078 0.8222584695019022 Penicillium-verrucosum
11 12 0.2644257821001094 0.5666247287776238 Penicillium-chrysogenum
11 12 0.2536918405410232 0.5830437207655819 Penicillium-commune
11 12 -0.5494186571132298 0.2014276744441126 Penicillium-cvjetkovicii
11 12 0.08220223385102639 0.8609201623137975 Penicillium-brevicompactum
11 12 -0.33304472540161223 0.4654333137798531 Penicillium-mb
11 12 -0.06291782323956804 0.8933986772554586 Penicillium-solitum
11 12 -0.36796509772647595 0.41673982639875906 Penicillium-polonicum
11 10 0.5894832424244396 0.16365323490066674 Penicillium-verrucosum
11 10 -0.33472289471308125 0.463047225729986 Penicillium-chrysogenum
11 10 -0.23214690387694742 0.6164283542528426 Penicillium-commune
11 10 -0.23214658627018334 0.6164288504446551 Penicillium-cvjetkovicii
11 10 -0.1411010312195994 0.7628368777722035 Penicillium-brevicompactum
11 10 0.002358478265761125 0.9959961340777925 Penicillium-mb
11 10 0.4476319498406552 0.31386462362234413 Penicillium-solitum
11 10 0.5455426993102805 0.20528353015102294 Penicillium-polonicum
9 12 -0.26556097230331804 0.5648969558040791 Penicillium-verrucosum
9 12 -0.28218275399086196 0.5397942783761376 Penicillium-chrysogenum
9 12 -0.17887434005203504 0.7011681448185509 Penicillium-commune
9 12 -0.2585478658635016 0.5755976082228063 Penicillium-cvjetkovicii
9 12 0.2593608588040032 0.5743539014277395 Penicillium-brevicompactum
9 12 -0.5717021622502175 0.17994537753532996 Penicillium-mb
9 12 -0.47724497333802274 0.27882606697540546 Penicillium-solitum
9 12 -0.29867635107815205 0.5152616362527793 Penicillium-polonicum
7 12 0.5792800667527315 0.17290899009054989 Penicillium-verrucosum
7 12 -0.002172990612481771 0.996311025271944 Penicillium-chrysogenum
7 12 0.41688188717563196 0.35213876082825046 Penicillium-commune
7 12 0.4602157616592391 0.2987518090662016 Penicillium-cvjetkovicii
7 12 -0.33977152778180686 0.4558962352640327 Penicillium-brevicompactum
7 12 0.06150778055697163 0.8957785555773812 Penicillium-mb
7 12 -0.17657338690626911 0.70489075950035 Penicillium-solitum
7 12 0.461195218320291 0.29758924465998643 Penicillium-polonicum
11 12 -0.2758661426793454 0.549290042855547 Penicillium-verrucosum
11 12 -0.12947806045839186 0.7820290747203918 Penicillium-chrysogenum
11 12 -0.05486235264115266 0.9070028799880859 Penicillium-commune
11 12 -0.08980053230300034 0.8481638264693409 Penicillium-cvjetkovicii
11 12 0.286916271032808 0.5327143764412212 Penicillium-brevicompactum
11 12 -0.6914297685591875 0.0853092037844138 Penicillium-mb
11 12 0.23494059982139537 0.6120683143847557 Penicillium-solitum
11 12 0.1551960324585468 0.7396924674362368 Penicillium-polonicum
11 12 -0.18559492073074227 0.6903225895157802 Penicillium-verrucosum
11 12 0.033614158190505616 0.9429670665384059 Penicillium-chrysogenum
11 12 0.07577197582172365 0.8717344510002869 Penicillium-commune
11 12 0.09166989339931902 0.8450294119844609 Penicillium-cvjetkovicii
11 12 -0.4208641247093495 0.34707705317323645 Penicillium-brevicompactum
11 12 -0.4949000829138567 0.2588220723241308 Penicillium-mb
11 12 0.5074855384396251 0.24497799762653968 Penicillium-solitum
11 12 -0.28828952399242536 0.5306662562834624 Penicillium-polonicum
11 12 -0.2464801155598882 0.5941562326364633 Penicillium-verrucosum
11 12 -0.002172407014105876 0.9963120160123026 Penicillium-chrysogenum
11 12 -0.3753377637711389 0.40672514518075914 Penicillium-commune
11 12 -0.4208881049156476 0.34704666578975507 Penicillium-cvjetkovicii
11 12 -0.4246762350302168 0.34226047255403536 Penicillium-brevicompactum
11 12 -0.37444911582635193 0.4079271693466325 Penicillium-mb
11 12 -0.17657432459978606 0.7048892414871872 Penicillium-solitum
11 12 -0.35495900328433905 0.43463661726794117 Penicillium-polonicum
9 12 -0.06486256402268442 0.8901173785082136 Penicillium-verrucosum
9 12 0.2744721227077947 0.5513929710948056 Penicillium-chrysogenum
9 12 -0.6998525065180023 0.08000791424490954 Penicillium-commune
9 12 0.34517475163872763 0.4482889637909251 Penicillium-cvjetkovicii
9 12 0.5371967821623761 0.2137047323232508 Penicillium-brevicompactum
9 12 0.5306502203266691 0.22042291072132827 Penicillium-mb
9 12 -0.3865640793360821 0.3916613485139909 Penicillium-solitum
9 12 0.21745597972558414 0.6395013643628678 Penicillium-polonicum
11 12 -0.803908859285414 0.029334741510672526 Penicillium-verrucosum
11 12 0.2807704563737797 0.5419126510564802 Penicillium-chrysogenum
11 12 -0.37151513234870304 0.41190570516194924 Penicillium-commune
11 12 -0.46977861116161573 0.28748707678812585 Penicillium-cvjetkovicii
11 12 0.6882631838913178 0.08734894851360299 Penicillium-brevicompactum
11 12 0.6828447969854486 0.09089832167847806 Penicillium-mb
11 12 0.5152403236099836 0.2366229575821013 Penicillium-solitum
11 12 -0.6002982785273815 0.15411809608344038 Penicillium-polonicum
11 12 -0.12921392884529934 0.7824662727162489 Penicillium-verrucosum
11 12 -0.12152644909753367 0.7952103722882905 Penicillium-chrysogenum
11 12 -0.06485957268614602 0.890122424746589 Penicillium-commune
11 12 -0.12766485820217477 0.7850312510174953 Penicillium-cvjetkovicii
11 12 -0.2896359907662214 0.5286606601872562 Penicillium-brevicompactum
11 12 0.4584784852778648 0.30081877493389975 Penicillium-mb
11 12 0.42872841028576186 0.33717177600010706 Penicillium-solitum
11 12 -0.2689218444129574 0.5597915455714102 Penicillium-polonicum
11 12 -0.5386238099919664 0.21225339905583773 Penicillium-verrucosum
11 12 0.44598635786717666 0.315864947076357 Penicillium-chrysogenum
11 12 -0.860719105079584 0.012882014973565776 Penicillium-commune
11 12 0.36426874356828476 0.4217965271232734 Penicillium-cvjetkovicii
11 12 0.754822229555272 0.049841764227865674 Penicillium-brevicompactum
11 12 0.6372102296953498 0.12374078868228437 Penicillium-mb
11 12 0.41411722780424 0.3556708524618667 Penicillium-solitum
11 12 0.20100020448197795 0.665622480096119 Penicillium-polonicum
11 12 -0.1997965625987748 0.6675439990214109 Penicillium-verrucosum
11 12 -0.32448673298533465 0.47767103753659396 Penicillium-chrysogenum
11 12 -0.27811339290286785 0.545905517229585 Penicillium-commune
11 12 -0.13633993341985462 0.7706873648900195 Penicillium-cvjetkovicii
11 12 0.2593608589101911 0.5743539012653496 Penicillium-brevicompactum
11 12 -0.5652920992884664 0.18600451148077474 Penicillium-mb
11 12 -0.38399976063586494 0.3950822592164002 Penicillium-solitum
11 12 -0.39315981441379666 0.38291736283420824 Penicillium-polonicum
11 12 0.05282846880666908 0.9104407012120738 Penicillium-verrucosum
11 12 -0.35829559865712635 0.43001773834634294 Penicillium-chrysogenum
11 12 0.11176343472993902 0.8114472759914519 Penicillium-commune
11 12 -0.004232814779801811 0.9928142148223468 Penicillium-cvjetkovicii
11 12 -0.24251205476978271 0.6002976936828849 Penicillium-brevicompactum
11 12 -0.02026656689851153 0.9656014727851285 Penicillium-mb
11 12 -0.3628350391628852 0.423764233855244 Penicillium-solitum
11 12 -0.36827589740298533 0.41631572731521516 Penicillium-polonicum
9 10 -0.2969208617390796 0.5178543249337417 Penicillium-verrucosum
9 10 -0.2986813653308429 0.5152542370807613 Penicillium-chrysogenum
9 10 -0.37509727848445473 0.40705029814752625 Penicillium-commune
9 10 -0.3823052413566773 0.39734934017987245 Penicillium-cvjetkovicii
9 10 0.49578143095032307 0.25784121946435906 Penicillium-brevicompactum
9 10 0.510112465922657 0.2421326682138107 Penicillium-mb
9 10 -0.6286728921707918 0.1304663401716959 Penicillium-solitum
9 10 -0.5085979988803332 0.24377116852152506 Penicillium-polonicum
11 12 0.5176041041783773 0.23410304502436002 Penicillium-verrucosum
11 12 0.32640557054629205 0.47491709459172704 Penicillium-chrysogenum
11 12 0.3292898208353224 0.47078847100688564 Penicillium-commune
11 12 0.5494187981033558 0.20142753482320355 Penicillium-cvjetkovicii
11 12 0.03538784875294391 0.939961331775611 Penicillium-brevicompactum
11 12 -0.00802365202071183 0.9863790637329988 Penicillium-mb
11 12 0.3711564657036929 0.41239310306300025 Penicillium-solitum
11 12 -0.5602499522541323 0.19083921341753513 Penicillium-polonicum
11 10 -0.05420529530292382 0.9081133628693627 Penicillium-verrucosum
11 10 -0.16759033746575328 0.7194683679910783 Penicillium-chrysogenum
11 10 -0.3628117471977667 0.4237962304742519 Penicillium-commune
11 10 -0.36281101724330955 0.4237972332417801 Penicillium-cvjetkovicii
11 10 -0.5134838792129944 0.2385035581845378 Penicillium-brevicompactum
11 10 0.34455398883796634 0.44916050731334656 Penicillium-mb
11 10 -0.2634922216290385 0.5680468733625583 Penicillium-solitum
11 10 -0.18713599104905598 0.6878414968232871 Penicillium-polonicum
11 12 -0.038985299019164844 0.9338667839785593 Penicillium-verrucosum
11 12 0.49588365966132963 0.2577275592638583 Penicillium-chrysogenum
11 12 0.4479703123452903 0.31345400587424255 Penicillium-commune
11 12 -0.8713031324662897 0.0106354295742293 Penicillium-cvjetkovicii
11 12 0.1326148923593448 0.7768404164714244 Penicillium-brevicompactum
11 12 0.10681019369072246 0.8197059359398141 Penicillium-mb
11 12 -0.24561339079774117 0.5954960578601043 Penicillium-solitum
11 12 0.10407628035554589 0.8242699788464625 Penicillium-polonicum
11 12 -0.030060710524863032 0.9489904074286433 Penicillium-verrucosum
11 12 -0.6057695965575263 0.14940307254662208 Penicillium-chrysogenum
11 12 0.11875268640086686 0.799817673755582 Penicillium-commune
11 12 0.2388379882762906 0.606000960961756 Penicillium-cvjetkovicii
11 12 0.15505192480479918 0.7399283350302812 Penicillium-brevicompactum
11 12 -0.41733421444511926 0.3515622756458603 Penicillium-mb
11 12 -0.07058627691837144 0.8804673156089561 Penicillium-solitum
11 12 -0.20553766547952249 0.6583919135435097 Penicillium-polonicum
11 12 -0.18199868856899934 0.696121001319548 Penicillium-verrucosum
11 12 0.3339768914851168 0.46410736550527615 Penicillium-chrysogenum
11 12 -0.5687160694997357 0.18275581429955812 Penicillium-commune
11 12 0.30802930372078113 0.501524215302905 Penicillium-cvjetkovicii
11 12 0.43279548283065056 0.3320969415247697 Penicillium-brevicompactum
11 12 -0.7306424672069902 0.0621654615537125 Penicillium-mb
11 12 0.26874315518399344 0.5600626140312717 Penicillium-solitum
11 12 0.15128304643183707 0.7461027395156083 Penicillium-polonicum
11 8 0.28351472351028667 0.5377989132692249 Penicillium-verrucosum
11 8 -0.33472289452248966 0.46304722600071996 Penicillium-chrysogenum
11 8 0.0370236531203449 0.937189763595656 Penicillium-commune
11 8 0.03702504413304435 0.9371874069931254 Penicillium-cvjetkovicii
11 8 0.3061417714971853 0.5042861823420874 Penicillium-brevicompactum
11 8 0.2653922369654343 0.5651536668343742 Penicillium-mb
11 8 0.30228228269726665 0.5099500815650373 Penicillium-solitum
11 8 0.012505038642655644 0.978772446886315 Penicillium-polonicum
9 12 0.13192631244447747 0.7779788429654257 Penicillium-verrucosum
9 12 -0.33472289448363 0.4630472260559199 Penicillium-chrysogenum
9 12 -0.402637710704145 0.37049300463649554 Penicillium-commune
9 12 -0.3718996045123423 0.4113834906863298 Penicillium-cvjetkovicii
9 12 -0.29780916648089295 0.5165418267160445 Penicillium-brevicompactum
9 12 -0.264069313484993 0.5671676238559493 Penicillium-mb
9 12 0.1765753557371909 0.7048875722004935 Penicillium-solitum
9 12 0.054958151258031135 0.9068409821903163 Penicillium-polonicum
11 12 0.6131560273310297 0.14315427331117614 Penicillium-verrucosum
11 12 0.3610853584972563 0.4261704008562137 Penicillium-chrysogenum
11 12 0.4163072473752786 0.3528717011289486 Penicillium-commune
11 12 0.4223458956813419 0.3452014756226311 Penicillium-cvjetkovicii
11 12 0.0939101886293187 0.8412751839941859 Penicillium-brevicompactum
11 12 0.16613846465529766 0.7218309203194317 Penicillium-mb
11 12 0.5947469955362896 0.15897683748285588 Penicillium-solitum
11 12 -0.9601237358513981 0.000596896182451398 Penicillium-polonicum
11 12 -0.359778162035001 0.427971489572282 Penicillium-verrucosum
11 12 0.13331697749405308 0.7756799886682344 Penicillium-chrysogenum
11 12 -0.34517593558646903 0.4482873021496497 Penicillium-commune
11 12 -0.6894610665600207 0.08657433737426885 Penicillium-cvjetkovicii
11 12 0.5891382483315877 0.1639620821580583 Penicillium-brevicompactum
11 12 0.6017208430209812 0.15288511797151788 Penicillium-mb
11 12 -0.6041112753478701 0.15082441804997326 Penicillium-solitum
11 12 0.2775332926219494 0.5467785354524832 Penicillium-polonicum
11 12 -0.3670384523257124 0.4180052711796359 Penicillium-verrucosum
11 12 0.18681833695189276 0.6883527322873233 Penicillium-chrysogenum
11 12 0.24257152023747394 0.6002055176066982 Penicillium-commune
11 12 0.2121980316570638 0.6478167680486999 Penicillium-cvjetkovicii
11 12 0.21051890356325123 0.6504784797673476 Penicillium-brevicompactum
11 12 -0.6568084314309548 0.10899242055553567 Penicillium-mb
11 12 -0.5700804558146658 0.18146904837983924 Penicillium-solitum
11 12 0.30308196278692623 0.5087747267713536 Penicillium-polonicum
11 12 0.7361713325213954 0.05921690410776376 Penicillium-verrucosum
11 12 0.3504013994544594 0.4409761223965345 Penicillium-chrysogenum
11 12 0.3964398929684558 0.3785987038496534 Penicillium-commune
11 12 -0.6288144043171373 0.13035337813495246 Penicillium-cvjetkovicii
11 12 0.30413261960799753 0.5072319212844633 Penicillium-brevicompactum
11 12 0.08213727861956009 0.8610293188194823 Penicillium-mb
11 12 0.7407292047953147 0.05684451279609032 Penicillium-solitum
11 12 0.7922302089879519 0.033672540124200116 Penicillium-polonicum
11 12 0.214207365661816 0.6446355377170423 Penicillium-verrucosum
11 12 0.49709606050026406 0.2563813331476305 Penicillium-chrysogenum
11 12 0.5279049650900369 0.22326939003893495 Penicillium-commune
11 12 0.49040084855594 0.26385574028963077 Penicillium-cvjetkovicii
11 12 -0.7786403492861059 0.03914312104605254 Penicillium-brevicompactum
11 12 -0.03699620311725309 0.9372362684553942 Penicillium-mb
11 12 -0.3286124213603152 0.4717569460436849 Penicillium-solitum
11 12 -0.44464425675422986 0.3175004343724278 Penicillium-polonicum
11 10 0.182436653250282 0.6954142108467556 Penicillium-verrucosum
11 10 -0.7644815619991584 0.04533150474758305 Penicillium-chrysogenum
11 10 0.5077583173517477 0.2446818240101582 Penicillium-commune
11 10 0.5102289578696115 0.24200684784697474 Penicillium-cvjetkovicii
11 10 0.139885165815063 0.7648401839081476 Penicillium-brevicompactum
11 10 -0.03197343648788094 0.9457479492545184 Penicillium-mb
11 10 -0.04073342794857925 0.9309061389784066 Penicillium-solitum
11 10 0.33197575048753747 0.4669555745409938 Penicillium-polonicum
11 12 0.6276784358028981 0.13126157091752677 Penicillium-verrucosum
11 12 -0.6083470537923238 0.1472073387736052 Penicillium-chrysogenum
11 12 0.4197264102138169 0.3485200331619147 Penicillium-commune
11 12 0.39478260101304197 0.3807782646356469 Penicillium-cvjetkovicii
11 12 -0.13054808417161662 0.780258409376 Penicillium-brevicompactum
11 12 -0.5736900382554031 0.17808624443677082 Penicillium-mb
11 12 0.4650471165829315 0.2930366626275991 Penicillium-solitum
11 12 0.5698756186199934 0.18166194916443648 Penicillium-polonicum
11 12 -0.23534781020944281 0.6114335485629819 Penicillium-verrucosum
11 12 0.04024395772372593 0.9317350469445749 Penicillium-chrysogenum
11 12 0.1529490439970297 0.7433720518432898 Penicillium-commune
11 12 0.06555511317132996 0.8889491616555082 Penicillium-cvjetkovicii
11 12 -0.3923062153800528 0.3840444929244593 Penicillium-brevicompactum
11 12 -0.49065873166951735 0.2635660319883127 Penicillium-mb
11 12 0.5074855384456325 0.24497799762001515 Penicillium-solitum
11 12 -0.3138035595964511 0.4931080657805862 Penicillium-polonicum
11 10 -0.061076250919835054 0.8965070187256255 Penicillium-verrucosum
11 10 -0.2379601508408496 0.6073659998858819 Penicillium-chrysogenum
11 10 -0.11176549021086732 0.8114438516764716 Penicillium-commune
11 10 -0.19929971316531037 0.6683376014552747 Penicillium-cvjetkovicii
11 10 -0.21139096660481307 0.649095737051514 Penicillium-brevicompactum
11 10 -0.17464204677208753 0.7080190129880154 Penicillium-mb
11 10 -0.021818016210326564 0.9629694005273519 Penicillium-solitum
11 10 -0.03621812693714097 0.9385545172110087 Penicillium-polonicum
9 12 0.5364361481571484 0.2144802420381678 Penicillium-verrucosum
9 12 0.6061768442586893 0.14905505307107175 Penicillium-chrysogenum
9 12 0.6014889649605925 0.15308575568641258 Penicillium-commune
9 12 0.6114251811565015 0.14460649091524871 Penicillium-cvjetkovicii
9 12 -0.3243737364560385 0.47783339150019266 Penicillium-brevicompactum
9 12 -0.25335637838633934 0.5835592046549194 Penicillium-mb
9 12 -0.6320439556521682 0.1277889522793574 Penicillium-solitum
9 12 0.443892211568554 0.31841847601987394 Penicillium-polonicum
11 12 0.12860738721026146 0.7834704094683388 Penicillium-verrucosum
11 12 -0.2093431169215654 0.6523440677597808 Penicillium-chrysogenum
11 12 -0.45396812197037184 0.3062142812534171 Penicillium-commune
11 12 -0.04278625673964432 0.9274302625707769 Penicillium-cvjetkovicii
11 12 -0.09518863967781534 0.8391338566612435 Penicillium-brevicompactum
11 12 -0.18605249173207697 0.6895856782282552 Penicillium-mb
11 12 -0.549550974048676 0.2012966629422878 Penicillium-solitum
11 12 0.07545668940153963 0.8722651139795159 Penicillium-polonicum
11 10 0.02552450994763764 0.9566823600520539 Penicillium-verrucosum
11 10 -0.2611606909997832 0.5716035429837585 Penicillium-chrysogenum
11 10 -0.41200729676837117 0.35837634837400706 Penicillium-commune
11 10 -0.28070597099307176 0.5420094412049137 Penicillium-cvjetkovicii
11 10 -0.049467719570966705 0.9161237039180307 Penicillium-brevicompactum
11 10 0.005570724719285848 0.9905429907339167 Penicillium-mb
11 10 0.6446061660692359 0.11806174566881672 Penicillium-solitum
11 10 0.6520528371457252 0.11248244775317637 Penicillium-polonicum
11 12 -0.5364355713108547 0.2144808306721947 Penicillium-verrucosum
11 12 0.20439542905554492 0.6602101291405926 Penicillium-chrysogenum
11 12 0.2418593130356414 0.6013097721870102 Penicillium-commune
11 12 0.2584088023672805 0.5758104301541409 Penicillium-cvjetkovicii
11 12 0.21051892205868475 0.6504784504325338 Penicillium-brevicompactum
11 12 -0.58934030637263 0.16378115977873217 Penicillium-mb
11 12 -0.7798153139103908 0.03865205763015844 Penicillium-solitum
11 12 0.3030820041074298 0.5087746660635375 Penicillium-polonicum
11 12 0.4118703616435055 0.35855223033349204 Penicillium-verrucosum
11 12 -0.4107052859118828 0.3600501235707838 Penicillium-chrysogenum
11 12 0.15557461101867007 0.7390729078682114 Penicillium-commune
11 12 0.14569470406210352 0.7552777346929102 Penicillium-cvjetkovicii
11 12 0.16829734183576264 0.7183185401309128 Penicillium-brevicompactum
11 12 0.2322783797720229 0.6162229615943629 Penicillium-mb
11 12 0.42258547305282923 0.34489862809228927 Penicillium-solitum
11 12 -0.8696994370529592 0.010959998677050465 Penicillium-polonicum
11 12 -0.20773549037716355 0.65489717514176 Penicillium-verrucosum
11 12 0.27088369146934577 0.5568182331004289 Penicillium-chrysogenum
11 12 0.2317753546001689 0.6170088988350833 Penicillium-commune
11 12 0.09489891453862549 0.8396190598086131 Penicillium-cvjetkovicii
11 12 0.31286499773322235 0.49447262592574603 Penicillium-brevicompactum
11 12 -0.39610701728622527 0.37903607189388067 Penicillium-mb
11 12 0.1268272947476545 0.7864187489671518 Penicillium-solitum
11 12 0.012619719340965358 0.9785778049712286 Penicillium-polonicum
11 10 0.8019291686457504 0.03004657446629953 Penicillium-verrucosum
11 10 0.39892140008609006 0.3753447138620142 Penicillium-chrysogenum
11 10 0.5375554724850756 0.21333949027604718 Penicillium-commune
11 10 0.5375553502530797 0.21333961469011084 Penicillium-cvjetkovicii
11 10 0.023278090007663572 0.9604925929943569 Penicillium-brevicompactum
11 10 0.10665173725970246 0.8199703565083746 Penicillium-mb
11 10 0.6324281060195096 0.12748564815825447 Penicillium-solitum
11 10 0.7522274257427581 0.05109340959260176 Penicillium-polonicum
9 12 -0.06890115050200882 0.8833072265614557 Penicillium-verrucosum
9 12 -0.09064340070719949 0.846750364417743 Penicillium-chrysogenum
9 12 -0.03352155004383942 0.943124017358296 Penicillium-commune
9 12 -0.76751897302764 0.04396168911378053 Penicillium-cvjetkovicii
9 12 0.12906569363421438 0.7827116557131104 Penicillium-brevicompactum
9 12 -0.20026572777325216 0.6667948417385636 Penicillium-mb
9 12 -0.5328488299875597 0.21815567990018778 Penicillium-solitum
9 12 -0.21037318345047426 0.6507096113147356 Penicillium-polonicum
11 10 -0.07781460301315865 0.8682974102825367 Penicillium-verrucosum
11 10 0.5552068141241013 0.1957349700717125 Penicillium-chrysogenum
11 10 0.49116417921186895 0.2629986275918578 Penicillium-commune
11 10 -0.851756569155501 0.014979629335774645 Penicillium-cvjetkovicii
11 10 0.44602745434961316 0.3158149245544495 Penicillium-brevicompactum
11 10 0.29506564496954674 0.5205991373784986 Penicillium-mb
11 10 0.06573471744015191 0.8886462247297531 Penicillium-solitum
11 10 -0.22262329139832637 0.6313584141975159 Penicillium-polonicum
11 12 -0.2677783172612229 0.5615269830424585 Penicillium-verrucosum
11 12 -0.3655258799891881 0.42007407533713825 Penicillium-chrysogenum
11 12 0.1756245026477262 0.7064272873189854 Penicillium-commune
11 12 -0.32351542070606737 0.4790672747132919 Penicillium-cvjetkovicii
11 12 -0.16700562498979757 0.7204196257784776 Penicillium-brevicompactum
11 12 -0.5870679699104788 0.16582150541095353 Penicillium-mb
11 12 -0.1233075238210421 0.7922544399962222 Penicillium-solitum
11 12 -0.1245372271180893 0.7902147344852812 Penicillium-polonicum
11 10 -0.7409387252628543 0.056736722797847625 Penicillium-verrucosum
11 10 -0.0287586040337316 0.951198064298826 Penicillium-chrysogenum
11 10 -0.016209218362522856 0.9724859910861472 Penicillium-commune
11 10 -0.016208849362199473 0.9724866172736912 Penicillium-cvjetkovicii
11 10 0.3069112475114375 0.5031595919449595 Penicillium-brevicompactum
11 10 0.3445539887714751 0.44916050740673324 Penicillium-mb
11 10 0.24920581417772467 0.5899486856664905 Penicillium-solitum
11 10 0.234877477600779 0.6121667275465217 Penicillium-polonicum
9 10 0.44462204110484793 0.31752753717257587 Penicillium-verrucosum
9 10 -0.44336530312393996 0.3190623699018703 Penicillium-chrysogenum
9 10 -0.33682581963955316 0.4600635920724858 Penicillium-commune
9 10 0.14959915519094372 0.7488649041663059 Penicillium-cvjetkovicii
9 10 0.27874814502066975 0.5449507756808485 Penicillium-brevicompactum
9 10 0.3996315469262667 0.37441561003824725 Penicillium-mb
9 10 0.4979363209437256 0.25545021854232475 Penicillium-solitum
9 10 0.5615483348070156 0.18958849327595428 Penicillium-polonicum
11 12 -0.5575312990410329 0.19347096716057166 Penicillium-verrucosum
11 12 -0.291616810057459 0.5257148358206901 Penicillium-chrysogenum
11 12 -0.22868515112731716 0.621843451292428 Penicillium-commune
11 12 0.1646015705559238 0.7243337390916992 Penicillium-cvjetkovicii
11 12 0.4915472127428857 0.26256901324481374 Penicillium-brevicompactum
11 12 -0.14612068514088675 0.7545775367639811 Penicillium-mb
11 12 0.3554669992490401 0.4339321759012482 Penicillium-solitum
11 12 -0.3723981580249188 0.4107067107347887 Penicillium-polonicum
11 12 -0.12167718241438483 0.7949601342600169 Penicillium-verrucosum
11 12 -0.34519572897321055 0.44825952296506544 Penicillium-chrysogenum
11 12 -0.1797090523864551 0.6998188689578375 Penicillium-commune
11 12 -0.16584951428150577 0.7223013236085066 Penicillium-cvjetkovicii
11 12 0.25936085892115435 0.5743539012485838 Penicillium-brevicompactum
11 12 -0.5146185909852096 0.237287845532115 Penicillium-mb
11 12 -0.3627467645573485 0.4238855033116287 Penicillium-solitum
11 12 -0.23497878342602724 0.6120087849950104 Penicillium-polonicum
11 12 0.15981817363491194 0.7321358789611483 Penicillium-verrucosum
11 12 0.45665899699259455 0.3029902686849562 Penicillium-chrysogenum
11 12 0.4833645220353665 0.27181609596063533 Penicillium-commune
11 12 0.2926178724006289 0.5242281993976268 Penicillium-cvjetkovicii
11 12 -0.04629791239360354 0.9214864327488967 Penicillium-brevicompactum
11 12 -0.22191622660436477 0.6324709195806366 Penicillium-mb
11 12 0.5074855384828297 0.24497799757961658 Penicillium-solitum
11 12 -0.0165280586092537 0.9719449286039492 Penicillium-polonicum
11 12 -0.2998830768853882 0.5134820116537343 Penicillium-verrucosum
11 12 0.020170679418397477 0.9657641566200261 Penicillium-chrysogenum
11 12 0.08880244536370825 0.8498380030382342 Penicillium-commune
11 12 -0.4518893792982209 0.30871509692071464 Penicillium-cvjetkovicii
11 12 0.3908727107987277 0.3859403675780696 Penicillium-brevicompactum
11 12 -0.7483334196315896 0.053003642690565164 Penicillium-mb
11 12 0.3903607121349559 0.3866184221449885 Penicillium-solitum
11 12 -0.4511345563910278 0.30962537809927415 Penicillium-polonicum
9 10 -0.692634458070801 0.08453990504016934 Penicillium-verrucosum
9 10 -0.13560622033715072 0.7718985710188683 Penicillium-chrysogenum
9 10 -0.058157356715512656 0.9014358879162061 Penicillium-commune
9 10 -0.09916783333262455 0.8324740460777704 Penicillium-cvjetkovicii
9 10 0.5757135443637648 0.17620350153328285 Penicillium-brevicompactum
9 10 0.6517695545287874 0.11269214074031664 Penicillium-mb
9 10 -0.8929881771825452 0.006786888176709092 Penicillium-solitum
9 10 0.5062873459872004 0.24628091408260144 Penicillium-polonicum
11 12 -0.45413474481047195 0.30601421186938704 Penicillium-verrucosum
11 12 -0.11380686003637061 0.8080442318525808 Penicillium-chrysogenum
11 12 -0.04476463984154734 0.9240813062143328 Penicillium-commune
11 12 -0.36674747247198086 0.41840294705432085 Penicillium-cvjetkovicii
11 12 -0.5140146707281372 0.2379345164376936 Penicillium-brevicompactum
11 12 -0.6690386084205578 0.10027918293439261 Penicillium-mb
11 12 0.11078325181768159 0.8130804767970838 Penicillium-solitum
11 12 0.15131086494002036 0.7460571255988058 Penicillium-polonicum
11 12 0.28351152067900964 0.5378037083480096 Penicillium-verrucosum
11 12 -0.3347228944884177 0.46304722604911913 Penicillium-chrysogenum
11 12 -0.28282892504929996 0.5388259717179118 Penicillium-commune
11 12 -0.26946913126022876 0.5589615830918565 Penicillium-cvjetkovicii
11 12 0.006988121151764635 0.9881368867405192 Penicillium-brevicompactum
11 12 0.08607815740933122 0.8544099536104043 Penicillium-mb
11 12 0.20721537495037684 0.6557237555959017 Penicillium-solitum
11 12 0.22474496131689256 0.6280234734683896 Penicillium-polonicum
11 12 0.21420732258346833 0.6446356058738315 Penicillium-verrucosum
11 12 0.5044719826354637 0.24826102391543856 Penicillium-chrysogenum
11 12 0.5206472544335784 0.23087745064667742 Penicillium-commune
11 12 0.5118514071464965 0.24025763106881814 Penicillium-cvjetkovicii
11 12 -0.7786403792105161 0.03914310849574647 Penicillium-brevicompactum
11 12 -0.015711861021367294 0.9733300084974723 Penicillium-mb
11 12 -0.31478737804063056 0.49167914284050007 Penicillium-solitum
11 12 -0.4884262189695636 0.26607885154138533 Penicillium-polonicum
9 12 -0.1828196323382953 0.6947963001077613 Penicillium-verrucosum
9 12 -0.13519293486788805 0.7725809807946915 Penicillium-chrysogenum
9 12 -0.22363599446869376 0.6297659763554431 Penicillium-commune
9 12 -0.3765926228519737 0.4050301513461362 Penicillium-cvjetkovicii
9 12 0.25936085890123084 0.5743539012790522 Penicillium-brevicompactum
9 12 -0.44231446099828625 0.32034819978008494 Penicillium-mb
9 12 -0.5071672948791677 0.2453237445747255 Penicillium-solitum
9 12 -0.3193678476793623 0.4850458095990762 Penicillium-polonicum
11 12 -0.21625041484415625 0.6414053401230357 Penicillium-verrucosum
11 12 -5.7518240645445276e-05 0.999902354002117 Penicillium-chrysogenum
11 12 -0.32500880499678847 0.47692118116069016 Penicillium-commune
11 12 -0.21810181148464972 0.6384820334639824 Penicillium-cvjetkovicii
11 12 -0.5741104592970699 0.17769426253207973 Penicillium-brevicompactum
11 12 0.25372175322957125 0.582997762619178 Penicillium-mb
11 12 -0.3891428344685797 0.3882332197184187 Penicillium-solitum
11 12 0.08619961791171846 0.8542060465479255 Penicillium-polonicum
11 12 0.01472330053096789 0.9750076577835258 Penicillium-verrucosum
11 12 0.26973332865617156 0.5585610684147753 Penicillium-chrysogenum
11 12 -0.39934884356727346 0.37478536564152504 Penicillium-commune
11 12 0.014229323034186477 0.9758459964051536 Penicillium-cvjetkovicii
11 12 -0.353371738587224 0.4368404956534849 Penicillium-brevicompactum
11 12 -0.3055716321391599 0.5051214907368089 Penicillium-mb
11 12 -0.5828502099941789 0.1696417700745693 Penicillium-solitum
11 12 0.25895770251474914 0.5749705398176569 Penicillium-polonicum
11 10 0.15122945217082148 0.7461906195114105 Penicillium-verrucosum
11 10 0.36947149569845844 0.4146858551034482 Penicillium-chrysogenum
11 10 0.4245585751656312 0.34240871058870415 Penicillium-commune
11 10 0.4354639203449772 0.3287851459510303 Penicillium-cvjetkovicii
11 10 -0.408362888807311 0.3630694822906636 Penicillium-brevicompactum
11 10 -0.5960353401564015 0.1578425199268007 Penicillium-mb
11 10 0.507485538529715 0.24497799752869584 Penicillium-solitum
11 10 -0.9582952746623989 0.000667028510401571 Penicillium-polonicum
11 12 -0.525361845039659 0.22592163705759266 Penicillium-verrucosum
11 12 -0.03041700782631141 0.9483863677914648 Penicillium-chrysogenum
11 12 0.020894036971661957 0.9645369232485042 Penicillium-commune
11 12 0.02695642581794078 0.9542539750954817 Penicillium-cvjetkovicii
11 12 0.21051942690462405 0.6504776497181834 Penicillium-brevicompactum
11 12 -0.654717267209742 0.11052005942908125 Penicillium-mb
11 12 -0.6256580281536253 0.1328847955658496 Penicillium-solitum
11 12 0.303083131980573 0.5087730090005966 Penicillium-polonicum
11 12 -0.8231994165343897 0.02289489139353537 Penicillium-verrucosum
11 12 0.09721224035203092 0.8357460657791519 Penicillium-chrysogenum
11 12 -0.07176066915272407 0.8784887357668474 Penicillium-commune
11 12 -0.002734416543087959 0.9953579276552613 Penicillium-cvjetkovicii
11 12 -0.7775211442172186 0.039614074849179615 Penicillium-brevicompactum
11 12 0.2250010250566437 0.6276213190658158 Penicillium-mb
11 12 0.1423933842974679 0.7607087008917434 Penicillium-solitum
11 12 0.5197510456311202 0.23182521478197132 Penicillium-polonicum
11 12 0.5386271237810573 0.21225003430025843 Penicillium-verrucosum
11 12 -0.03297904180987052 0.9440434809829812 Penicillium-chrysogenum
11 12 -0.4120072967700165 0.3583763483718939 Penicillium-commune
11 12 0.1494010466642943 0.7491900116310928 Penicillium-cvjetkovicii
11 12 0.34130882505520915 0.4537269890365359 Penicillium-brevicompactum
11 12 0.45673552937709344 0.30289879189942476 Penicillium-mb
11 12 0.4993497783741795 0.2538874330976738 Penicillium-solitum
11 12 0.4090226313792126 0.3622180158014168 Penicillium-polonicum
11 12 0.6787252356352518 0.09364680275359089 Penicillium-verrucosum
11 12 -0.6149681986325013 0.1416417416372856 Penicillium-chrysogenum
11 12 0.11431963699604256 0.8071906479968424 Penicillium-commune
11 12 0.1495991548159457 0.7488649047816713 Penicillium-cvjetkovicii
11 12 -0.07163273246917441 0.8787042552934212 Penicillium-brevicompactum
11 12 -0.3606214378107532 0.42680926765917643 Penicillium-mb
11 12 0.5492083003251753 0.20163604012409497 Penicillium-solitum
11 12 0.6414402543113209 0.12047594377420894 Penicillium-polonicum
