#SPECIES: Penicillium-polonicum Penicillium-brevicompactum Penicillium-solitum Penicillium-chrysogenum Penicillium-mb Penicillium-cvjetkovicii Penicillium-verrucosum Penicillium-commune 
#GENE_TREEs p: 0.08005291791047535 0.08439347424180228 0.06939730321936977 0.0014173525803227458 0.0018251974697240177 0.09979867977749801 0.2637537320910288 0.10306779111711699 
#GENE_TREEs r: 0.6997797762636631 0.6928644197814823 0.7176550276015424 0.9434379821552996 0.9373331888567678 0.6697288908713462 0.4904916361978244 0.6650662240545581 
12 12 -0.10123543664756735 0.8290167062312488 Penicillium-polonicum
12 12 -0.08953982960902832 0.8486010818108829 Penicillium-brevicompactum
12 12 -0.07507936172294817 0.8729002495275102 Penicillium-solitum
12 12 0.21102427663640308 0.6496770631594142 Penicillium-chrysogenum
12 12 0.18320352322870842 0.6941770529821496 Penicillium-mb
12 12 -0.40710234166544723 0.364698646458743 Penicillium-cvjetkovicii
12 12 -0.3159427849202756 0.4900028813637316 Penicillium-verrucosum
12 12 -0.42550310941863845 0.34121946995214963 Penicillium-commune
12 10 0.5666513928621325 0.1847114626481354 Penicillium-polonicum
12 10 0.5655155835795738 0.1857916170638171 Penicillium-brevicompactum
12 10 -0.8805788849390592 0.008867295306208684 Penicillium-solitum
12 10 -0.789030085028333 0.0349196269932326 Penicillium-chrysogenum
12 10 0.47519578623194497 0.28119133276861336 Penicillium-mb
12 10 0.0683265566304081 0.8842758069870152 Penicillium-cvjetkovicii
12 10 -0.014594123776711612 0.9752268843727194 Penicillium-verrucosum
12 10 0.05521557891584137 0.906405947178389 Penicillium-commune
10 12 -0.3666617752071934 0.4185200957039554 Penicillium-polonicum
10 12 -0.6961894086669584 0.08229128838979972 Penicillium-brevicompactum
10 12 0.5451218584726238 0.20570429623130876 Penicillium-solitum
10 12 -0.33117667029660924 0.4680946856167724 Penicillium-chrysogenum
10 12 -0.1638345302958073 0.7255835892707869 Penicillium-mb
10 12 0.29070795478040823 0.527065772447898 Penicillium-cvjetkovicii
10 12 0.176382193648065 0.7052002946701175 Penicillium-verrucosum
10 12 0.2870760924566225 0.5324758769152033 Penicillium-commune
12 10 0.4970056294532417 0.2564816346329627 Penicillium-polonicum
12 10 0.4985240716281966 0.254799839431305 Penicillium-brevicompactum
12 10 -0.11968079208008497 0.7982755433057414 Penicillium-solitum
12 10 -0.4792001809295087 0.27657763779795974 Penicillium-chrysogenum
12 10 -0.538761873077441 0.2121132340433063 Penicillium-mb
12 10 -0.4572878272202333 0.30223900685069416 Penicillium-cvjetkovicii
12 10 0.07953557679499572 0.8654028796958736 Penicillium-verrucosum
12 10 -0.5930347813696428 0.16049060370972434 Penicillium-commune
12 12 0.6524259785862124 0.11220654734044362 Penicillium-polonicum
12 12 0.17869261615342394 0.7014619764026051 Penicillium-brevicompactum
12 12 0.27187410146906277 0.5553191388614883 Penicillium-solitum
12 12 -0.6139684216196049 0.14247520473951072 Penicillium-chrysogenum
12 12 -0.013977949228839846 0.9762726145065537 Penicillium-mb
12 12 -0.7716239269656024 0.04214715664731657 Penicillium-cvjetkovicii
12 12 0.31853281450383275 0.4862526876502801 Penicillium-verrucosum
12 12 0.2334995378753477 0.6143162106698049 Penicillium-commune
10 12 -0.2772199613493945 0.5472502714819372 Penicillium-polonicum
10 12 0.5770508483561574 0.17496461220619342 Penicillium-brevicompactum
10 12 -0.8223915308189553 0.023146669540676096 Penicillium-solitum
10 12 -0.5247238254443207 0.226589346598914 Penicillium-chrysogenum
10 12 -0.06896895581659483 0.883192936219187 Penicillium-mb
10 12 -0.05922597948776152 0.8996311035719599 Penicillium-cvjetkovicii
10 12 -0.1629918685671073 0.7269572186753996 Penicillium-verrucosum
10 12 -0.07089722276248633 0.8799433951592077 Penicillium-commune
12 8 0.4254505018531824 0.34128566090634227 Penicillium-polonicum
12 8 0.4309576987296742 0.33438604582849013 Penicillium-brevicompactum
12 8 0.10932227704760937 0.8155157813295231 Penicillium-solitum
12 8 0.04714062306104853 0.9200604841894183 Penicillium-chrysogenum
12 8 -0.5517003997249177 0.19917418145346066 Penicillium-mb
12 8 0.4301362927405727 0.3354113358078054 Penicillium-cvjetkovicii
12 8 0.5080506234200522 0.24436463249946833 Penicillium-verrucosum
12 8 -0.39571009878195823 0.37955785459020647 Penicillium-commune
12 12 0.4489453304876108 0.3122720850654715 Penicillium-polonicum
12 12 0.6010550347215791 0.15346157710711722 Penicillium-brevicompactum
12 12 0.5962934175176239 0.15761578307080218 Penicillium-solitum
12 12 -0.5903101500454914 0.1629141419067283 Penicillium-chrysogenum
12 12 0.32953781544493915 0.4704340958437886 Penicillium-mb
12 12 -0.2823572211017468 0.5395327774089103 Penicillium-cvjetkovicii
12 12 -0.45323554016851425 0.3070945940179146 Penicillium-verrucosum
12 12 -0.044093868577707626 0.9252166727511297 Penicillium-commune
12 12 -0.0213074812732871 0.9638355071284326 Penicillium-polonicum
12 12 -0.11223592517123768 0.8106601965895845 Penicillium-brevicompactum
12 12 -0.4308973255793769 0.334461358929288 Penicillium-solitum
12 12 0.3002535942256535 0.5129360148271215 Penicillium-chrysogenum
12 12 0.2775395457788792 0.5467691223658337 Penicillium-mb
12 12 0.358998714427203 0.42904682330125227 Penicillium-cvjetkovicii
12 12 0.3802412457493687 0.40011771661639145 Penicillium-verrucosum
12 12 -0.7489777394545879 0.05268492171025489 Penicillium-commune
10 12 -0.23718885249170502 0.6085661190546658 Penicillium-polonicum
10 12 -0.055884712082437345 0.9052752454688704 Penicillium-brevicompactum
10 12 -0.31056826839117113 0.4978174196613909 Penicillium-solitum
10 12 0.5874076952017587 0.16551566873370752 Penicillium-chrysogenum
10 12 0.5418786037081754 0.2089607906683523 Penicillium-mb
10 12 0.753881066516889 0.05029378616290719 Penicillium-cvjetkovicii
10 12 0.7042556674825295 0.07730843779607278 Penicillium-verrucosum
10 12 0.7122159736384656 0.07255346140704486 Penicillium-commune
12 10 0.03408481929420696 0.9421694203208042 Penicillium-polonicum
12 10 -0.2601544228936766 0.573140729842397 Penicillium-brevicompactum
12 10 -0.2833146211535487 0.5380985212820006 Penicillium-solitum
12 10 0.43699011620243994 0.3268973718083841 Penicillium-chrysogenum
12 10 0.4149277490460757 0.3546338176524701 Penicillium-mb
12 10 0.5235269822466218 0.22784438171947027 Penicillium-cvjetkovicii
12 10 -0.7221104897259334 0.0668680063533188 Penicillium-verrucosum
12 10 0.5190069161790875 0.2326135313137676 Penicillium-commune
12 12 -0.11389483901902443 0.8078977686287118 Penicillium-polonicum
12 12 -0.07855008877016444 0.8670602415105914 Penicillium-brevicompactum
12 12 -0.10546389838928846 0.8219529660968151 Penicillium-solitum
12 12 -0.16647723197398526 0.721279505133283 Penicillium-chrysogenum
12 12 -0.31532583970028477 0.4908976908228265 Penicillium-mb
12 12 -0.5305280936822725 0.2205491739537475 Penicillium-cvjetkovicii
12 12 0.13344959175017157 0.7754608369576073 Penicillium-verrucosum
12 12 0.03783721584701697 0.9358115182697541 Penicillium-commune
12 12 0.42351072257066286 0.3437300803479927 Penicillium-polonicum
12 12 0.4820064463230745 0.27336483518481547 Penicillium-brevicompactum
12 12 -0.7496480920935453 0.05235443698858397 Penicillium-solitum
12 12 -0.22983739271996373 0.6200395224463996 Penicillium-chrysogenum
12 12 -0.3201039143754603 0.48398285949770703 Penicillium-mb
12 12 -0.4312646397115559 0.33400326084163856 Penicillium-cvjetkovicii
12 12 0.29709192124805367 0.5176014904457034 Penicillium-verrucosum
12 12 -0.4783170581984531 0.2775921894050229 Penicillium-commune
12 12 -0.37647906104130385 0.40518342929721335 Penicillium-polonicum
12 12 0.1346690003312183 0.7734462598375491 Penicillium-brevicompactum
12 12 0.11947737045336904 0.7986135020347221 Penicillium-solitum
12 12 -0.10064298591516647 0.8300071496536617 Penicillium-chrysogenum
12 12 -0.3766302513654548 0.4049793680106406 Penicillium-mb
12 12 -0.5316363383468216 0.21940464371326932 Penicillium-cvjetkovicii
12 12 -0.7917861614236558 0.03384407708729486 Penicillium-verrucosum
12 12 0.16169230254212327 0.7290767903206223 Penicillium-commune
12 12 0.11970120821257363 0.7982416259235965 Penicillium-polonicum
12 12 -0.6238788104455375 0.13432264736142105 Penicillium-brevicompactum
12 12 -0.41934323636645116 0.34900658379231136 Penicillium-solitum
12 12 -0.1622999012468739 0.7280856349477295 Penicillium-chrysogenum
12 12 -0.19902240997751477 0.6687806361746598 Penicillium-mb
12 12 -0.3705661842498617 0.4131957375872959 Penicillium-cvjetkovicii
12 12 0.1940560071082129 0.6767280695953113 Penicillium-verrucosum
12 12 -0.49650154005926844 0.257041073838297 Penicillium-commune
12 12 0.4968654267677205 0.2566371757814332 Penicillium-polonicum
12 12 -0.7751164090217062 0.04063652507964272 Penicillium-brevicompactum
12 12 0.4918306468690185 0.26225131651636063 Penicillium-solitum
12 12 -0.4008562210734413 0.37281554777945597 Penicillium-chrysogenum
12 12 -0.6240650684318204 0.13417175685339203 Penicillium-mb
12 12 0.04614881328445143 0.921738740471572 Penicillium-cvjetkovicii
12 12 -0.22768665745748637 0.6234078928324976 Penicillium-verrucosum
12 12 0.03202899620374016 0.945653773002581 Penicillium-commune
12 12 -0.3569269405433904 0.43191009832151167 Penicillium-polonicum
12 12 -0.005616881992824294 0.9904646353905026 Penicillium-brevicompactum
12 12 -0.37159560660536256 0.4117963784276066 Penicillium-solitum
12 12 0.42584144995380435 0.34079389887281797 Penicillium-chrysogenum
12 12 0.37462043683051033 0.40769532430376126 Penicillium-mb
12 12 0.43207818537346876 0.3329895944735829 Penicillium-cvjetkovicii
12 12 -0.7209930688398075 0.06749760307365348 Penicillium-verrucosum
12 12 0.46579418016926427 0.29215729975490234 Penicillium-commune
12 10 0.5660382490726278 0.18529418146504742 Penicillium-polonicum
12 10 0.568340994453579 0.1831103286165873 Penicillium-brevicompactum
12 10 0.5606559767281825 0.1904476653205573 Penicillium-solitum
12 10 -0.5352985915754931 0.21564253478422588 Penicillium-chrysogenum
12 10 0.20769131794162848 0.6549673642125766 Penicillium-mb
12 10 -0.07103571140540532 0.8797100633718047 Penicillium-cvjetkovicii
12 10 -0.43709470574381637 0.32676817404104597 Penicillium-verrucosum
12 10 -0.28904923898788815 0.5295343276604757 Penicillium-commune
12 12 -0.577083801109923 0.17493413867527344 Penicillium-polonicum
12 12 0.1857072084095759 0.6901417338570693 Penicillium-brevicompactum
12 12 -0.5239926433243755 0.2273556926585277 Penicillium-solitum
12 12 -0.6571271336463362 0.10876057039670119 Penicillium-chrysogenum
12 12 0.3058529200621733 0.5047093169220931 Penicillium-mb
12 12 0.1193865920449353 0.7987643266918784 Penicillium-cvjetkovicii
12 12 -0.08042972815858238 0.8638994641078728 Penicillium-verrucosum
12 12 0.22928636474595826 0.6209020137326927 Penicillium-commune
12 12 -0.47769848296477696 0.2783038165357172 Penicillium-polonicum
12 12 0.12374363955495188 0.7915309476928146 Penicillium-brevicompactum
12 12 -0.48207980524847466 0.27328107579982636 Penicillium-solitum
12 12 -0.1483327496690727 0.7509436562894147 Penicillium-chrysogenum
12 12 -0.19561178386820682 0.6742358544487475 Penicillium-mb
12 12 -0.42997824572642473 0.33560876534281975 Penicillium-cvjetkovicii
12 12 0.19670228302629114 0.6724903809995881 Penicillium-verrucosum
12 12 -0.4365407990918152 0.3274526550185475 Penicillium-commune
12 10 0.03424660373651739 0.9418952472851292 Penicillium-polonicum
12 10 0.038143598511366 0.9352925125398284 Penicillium-brevicompactum
12 10 -0.30043492303044006 0.5126688804547512 Penicillium-solitum
12 10 -0.06778230211545186 0.8851933507356236 Penicillium-chrysogenum
12 10 -0.02500160693809344 0.9575692180450458 Penicillium-mb
12 10 -0.5296559120084994 0.2214518903889467 Penicillium-cvjetkovicii
12 10 -0.47945990342059913 0.2762795804677167 Penicillium-verrucosum
12 10 0.1685540107753692 0.7179012141593949 Penicillium-commune
8 12 0.5987608263472196 0.15545621434084475 Penicillium-polonicum
8 12 0.6562167993865492 0.10942350151809958 Penicillium-brevicompactum
8 12 0.6614542477201223 0.10563804126216793 Penicillium-solitum
8 12 0.45541511192422246 0.30447874403854835 Penicillium-chrysogenum
8 12 0.6612294395488505 0.10579910277055812 Penicillium-mb
8 12 -0.1716417898432244 0.7128850914511871 Penicillium-cvjetkovicii
8 12 -0.18899561029297907 0.6848505086669371 Penicillium-verrucosum
8 12 -0.5983474204612738 0.1558170064448487 Penicillium-commune
12 12 -0.4614369512898886 0.2973026276253914 Penicillium-polonicum
12 12 0.06773341573596227 0.8852757719465955 Penicillium-brevicompactum
12 12 0.07390606588873344 0.874875541436151 Penicillium-solitum
12 12 0.25442123986944126 0.5819233836404503 Penicillium-chrysogenum
12 12 0.1351072992575702 0.7727223954098399 Penicillium-mb
12 12 -0.4608187909257329 0.29803580813519026 Penicillium-cvjetkovicii
12 12 -0.4005458417574087 0.3732207997077619 Penicillium-verrucosum
12 12 0.10745653652876817 0.8186275069011166 Penicillium-commune
12 12 -0.2888147541943215 0.5298836088909706 Penicillium-polonicum
12 12 -0.1857059808359654 0.6901437109797965 Penicillium-brevicompactum
12 12 -0.42575634484849717 0.34090092453246296 Penicillium-solitum
12 12 -0.5304187436330138 0.22066225681809865 Penicillium-chrysogenum
12 12 0.6127245242629917 0.14351562254717273 Penicillium-mb
12 12 0.34654672689024685 0.4463649838383034 Penicillium-cvjetkovicii
12 12 0.39862274054198493 0.37573573874737326 Penicillium-verrucosum
12 12 0.4311728070340396 0.33411776547300925 Penicillium-commune
10 12 0.05867649369120093 0.900559081069415 Penicillium-polonicum
10 12 -0.45791647452700246 0.30148878219422615 Penicillium-brevicompactum
10 12 -0.23491228285847632 0.6121124624779604 Penicillium-solitum
10 12 0.07961675810601654 0.8652663690154563 Penicillium-chrysogenum
10 12 0.19201470921730496 0.6800016027801892 Penicillium-mb
10 12 -0.5407966034238731 0.21005263957134163 Penicillium-cvjetkovicii
10 12 -0.3881646235954166 0.38953220173641073 Penicillium-verrucosum
10 12 0.11013713557253155 0.8141573437927727 Penicillium-commune
12 12 -0.20043707607492456 0.6665212896504576 Penicillium-polonicum
12 12 0.5679231741395763 0.1835056394998638 Penicillium-brevicompactum
12 12 0.5704988349490644 0.1810753603195896 Penicillium-solitum
12 12 -0.634204874158646 0.12608760007499276 Penicillium-chrysogenum
12 12 0.47963277309068764 0.27608127548949435 Penicillium-mb
12 12 -0.7545800631656058 0.04995785848647325 Penicillium-cvjetkovicii
12 12 0.36541251411743036 0.42022929013090216 Penicillium-verrucosum
12 12 0.3921653229942797 0.3842306623092231 Penicillium-commune
12 12 -0.3780252717448574 0.4030984298760972 Penicillium-polonicum
12 12 -0.8302286630506418 0.020769600565748548 Penicillium-brevicompactum
12 12 0.5451218585014896 0.2057042962024341 Penicillium-solitum
12 12 -0.09079299762714108 0.846499529441785 Penicillium-chrysogenum
12 12 -0.24302702304412965 0.5994995936494734 Penicillium-mb
12 12 0.23468959586312668 0.6124596793154817 Penicillium-cvjetkovicii
12 12 -0.4523946535233432 0.30810641329849886 Penicillium-verrucosum
12 12 0.22614580768823808 0.6258243061722949 Penicillium-commune
12 12 -0.3470179333921843 0.44570490909016214 Penicillium-polonicum
12 12 -0.1393937234256562 0.7656501995426271 Penicillium-brevicompactum
12 12 -0.2190427892275851 0.6369976766381793 Penicillium-solitum
12 12 -0.5994354083704013 0.15486838208479634 Penicillium-chrysogenum
12 12 0.6127245244048413 0.14351562242830954 Penicillium-mb
12 12 0.2281153146464748 0.6227361338600614 Penicillium-cvjetkovicii
12 12 0.3928332909282836 0.3833483606529589 Penicillium-verrucosum
12 12 0.3535809004630595 0.4365498364838744 Penicillium-commune
12 12 0.5368737552245658 0.2140339136579918 Penicillium-polonicum
12 12 -0.9055323712575133 0.0050040432767855 Penicillium-brevicompactum
12 12 0.5436138896893757 0.20721538072873968 Penicillium-solitum
12 12 -0.6518920273946431 0.11260145842238785 Penicillium-chrysogenum
12 12 0.48100102975770553 0.2745139605570869 Penicillium-mb
12 12 0.23398876574550587 0.613552799700636 Penicillium-cvjetkovicii
12 12 -0.006495637435351091 0.9889728960371515 Penicillium-verrucosum
12 12 0.22112403952156004 0.6337180118870352 Penicillium-commune
10 12 0.21779741699869487 0.6389624099228655 Penicillium-polonicum
10 12 -0.30291414597831184 0.5090213028536145 Penicillium-brevicompactum
10 12 -0.2925098922184917 0.5243884876810428 Penicillium-solitum
10 12 -0.1089162367927441 0.8161928218532979 Penicillium-chrysogenum
10 12 0.13192279088956554 0.7779846659514786 Penicillium-mb
10 12 -0.0777117628268166 0.868470415981352 Penicillium-cvjetkovicii
10 12 -0.02857151209944548 0.9515152900380639 Penicillium-verrucosum
10 12 -0.29312397592610795 0.5234771491400907 Penicillium-commune
12 12 0.5784628468982619 0.1736611841769521 Penicillium-polonicum
12 12 0.47567127301592704 0.28064170640160363 Penicillium-brevicompactum
12 12 0.6368152324848504 0.12404794401135615 Penicillium-solitum
12 12 -0.6139684026779001 0.1424752205536197 Penicillium-chrysogenum
12 12 0.10456974574046195 0.8234458846736745 Penicillium-mb
12 12 -0.7716239201691694 0.04214715961667835 Penicillium-cvjetkovicii
12 12 0.4086526385111371 0.36269542830015405 Penicillium-verrucosum
12 12 0.1996826110408206 0.6677259886365257 Penicillium-commune
12 12 -0.46144764374892966 0.2972899526442474 Penicillium-polonicum
12 12 -0.03145376935248948 0.9466288329546129 Penicillium-brevicompactum
12 12 -0.04336376561554598 0.9264525804887191 Penicillium-solitum
12 12 0.19334692381661936 0.6778647371832658 Penicillium-chrysogenum
12 12 0.18199188641650693 0.6961319800606838 Penicillium-mb
12 12 -0.4453154703281665 0.31668203485376184 Penicillium-cvjetkovicii
12 12 -0.4702137568752495 0.2869790619919923 Penicillium-verrucosum
12 12 0.10746513271382321 0.8186131656150238 Penicillium-commune
12 12 0.43369633300562044 0.33097731173982636 Penicillium-polonicum
12 12 0.34007605868621554 0.4554662124581016 Penicillium-brevicompactum
12 12 0.4653530402157097 0.2926764206811219 Penicillium-solitum
12 12 0.5421618814371146 0.20867538288009754 Penicillium-chrysogenum
12 12 0.44845927501705546 0.31286104082343963 Penicillium-mb
12 12 -0.40909385240335716 0.3621261471151106 Penicillium-cvjetkovicii
12 12 -0.21979994275192982 0.6358039951408576 Penicillium-verrucosum
12 12 -0.4893895101175679 0.2649932838423989 Penicillium-commune
10 12 0.22713104679771434 0.624278912329282 Penicillium-polonicum
10 12 0.18054331149645622 0.6984709525172919 Penicillium-brevicompactum
10 12 0.16382943507084644 0.7255918932829837 Penicillium-solitum
10 12 0.43467337409196616 0.3297648133121118 Penicillium-chrysogenum
10 12 0.11501212515406695 0.8060381530118166 Penicillium-mb
10 12 0.4747003297092385 0.28176455481691653 Penicillium-cvjetkovicii
10 12 -0.13029375451860878 0.7806792035850594 Penicillium-verrucosum
10 12 0.4595775575265013 0.2995103987181451 Penicillium-commune
12 12 0.29474042627900443 0.5210808116922007 Penicillium-polonicum
12 12 0.48200683645873466 0.2733643897070672 Penicillium-brevicompactum
12 12 -0.6521831904925596 0.11238602477254947 Penicillium-solitum
12 12 -0.38326111262827994 0.39606985288021 Penicillium-chrysogenum
12 12 -0.2246377686119442 0.6281918439677405 Penicillium-mb
12 12 -0.6091887332305691 0.14649384963643403 Penicillium-cvjetkovicii
12 12 0.2627877471822095 0.5691207855816126 Penicillium-verrucosum
12 12 -0.44090929354677627 0.3220710741941025 Penicillium-commune
12 12 0.5359535802583795 0.2149729392067363 Penicillium-polonicum
12 12 -0.3853462011941853 0.39328456529447264 Penicillium-brevicompactum
12 12 -0.6769376735928267 0.0948528300390797 Penicillium-solitum
12 12 -0.3102512566156529 0.49827971719995445 Penicillium-chrysogenum
12 12 -0.3255630493354609 0.47612558232877233 Penicillium-mb
12 12 -0.2882685682039355 0.5306974906285629 Penicillium-cvjetkovicii
12 12 -0.09419574530029366 0.8407968261565876 Penicillium-verrucosum
12 12 -0.31476558312940084 0.4917107823863681 Penicillium-commune
10 12 -0.3900274466272277 0.3870600330850375 Penicillium-polonicum
10 12 0.12374398047407266 0.7915303821729925 Penicillium-brevicompactum
10 12 -0.41139967839224806 0.3591570577190047 Penicillium-solitum
10 12 -0.13454360853330918 0.7736533723623638 Penicillium-chrysogenum
10 12 -0.18135406431592083 0.6971616183687896 Penicillium-mb
10 12 -0.7372100230735842 0.058671625923160185 Penicillium-cvjetkovicii
10 12 0.19670208503849435 0.6724906977967504 Penicillium-verrucosum
10 12 -0.26141399012727734 0.5712168049247152 Penicillium-commune
12 12 0.5705348854791633 0.1810414568930085 Penicillium-polonicum
12 12 0.4146955189377505 0.3549308192845715 Penicillium-brevicompactum
12 12 -0.9153437059516653 0.0038248657389143097 Penicillium-solitum
12 12 -0.894033335699971 0.00662623394570992 Penicillium-chrysogenum
12 12 0.25278689306092583 0.5844346189867742 Penicillium-mb
12 12 0.0005059095802526004 0.9991411413317262 Penicillium-cvjetkovicii
12 12 -0.027754432554179125 0.9529007572729431 Penicillium-verrucosum
12 12 -0.017657898291003997 0.9700276940383425 Penicillium-commune
12 10 0.4852041536537032 0.269724534201594 Penicillium-polonicum
12 10 0.49155907200481164 0.26255571687870116 Penicillium-brevicompactum
12 10 0.46015420942241136 0.2988249350888343 Penicillium-solitum
12 10 0.5967581972609314 0.15720785499632012 Penicillium-chrysogenum
12 10 -0.6727818508279425 0.0976880015951347 Penicillium-mb
12 10 0.36480554556325145 0.4210606992085789 Penicillium-cvjetkovicii
12 10 0.4799899987057666 0.2756716921793011 Penicillium-verrucosum
12 10 0.591827948573443 0.161561847012883 Penicillium-commune
12 12 -0.07936789489373512 0.8656848541288297 Penicillium-polonicum
12 12 -0.08477758756345855 0.8565937434488826 Penicillium-brevicompactum
12 12 -0.5188849971141992 0.23274280935545705 Penicillium-solitum
12 12 -0.5577940618788434 0.1932158420000338 Penicillium-chrysogenum
12 12 0.6127245243094155 0.14351562250827182 Penicillium-mb
12 12 -0.25448887693296085 0.581819528738073 Penicillium-cvjetkovicii
12 12 0.5427351309136658 0.2080983926160076 Penicillium-verrucosum
12 12 0.5419394682516925 0.20889945276280297 Penicillium-commune
12 12 -0.28810117253331935 0.5309470139762851 Penicillium-polonicum
12 12 -0.06573445167584026 0.8886466729841045 Penicillium-brevicompactum
12 12 -0.10868384566877215 0.8165803568923931 Penicillium-solitum
12 12 -0.13052418827571116 0.780297943866939 Penicillium-chrysogenum
12 12 -0.27998027867430814 0.5430990714055504 Penicillium-mb
12 12 0.1498121130822235 0.748515461015909 Penicillium-cvjetkovicii
12 12 -0.8082321868541703 0.027813363023953673 Penicillium-verrucosum
12 12 -0.5704449899025491 0.18112600422913475 Penicillium-commune
10 12 0.09173817596662452 0.844914951086929 Penicillium-polonicum
10 12 -0.5831370297285424 0.16938061968536422 Penicillium-brevicompactum
10 12 0.10057960712116222 0.8301131152576142 Penicillium-solitum
10 12 0.31053245006676017 0.4978696458720241 Penicillium-chrysogenum
10 12 0.16308517430031577 0.7268050915921087 Penicillium-mb
10 12 0.10273720321943647 0.8265069016966152 Penicillium-cvjetkovicii
10 12 -0.35688661407940475 0.4319659035530541 Penicillium-verrucosum
10 12 -0.3935766400934754 0.38236745501193287 Penicillium-commune
12 8 0.8342470277633273 0.019607040106606688 Penicillium-polonicum
12 8 0.838509106008794 0.018415304111035022 Penicillium-brevicompactum
12 8 0.8197172676630045 0.023991209470231267 Penicillium-solitum
12 8 -0.5608844673292784 0.19022749269939676 Penicillium-chrysogenum
12 8 -0.5582685904096251 0.19275551898901247 Penicillium-mb
12 8 -0.48278249779672366 0.2724793457322184 Penicillium-cvjetkovicii
12 8 0.40729290557614484 0.3644521634120435 Penicillium-verrucosum
12 8 -0.5646181168574121 0.1866472751901663 Penicillium-commune
12 10 0.2417363710860305 0.6015004511694925 Penicillium-polonicum
12 10 0.24705189928346372 0.5932728417348869 Penicillium-brevicompactum
12 10 -0.6368144325371219 0.12404856645773975 Penicillium-solitum
12 10 -0.2926572932593197 0.5241696863019016 Penicillium-chrysogenum
12 10 -0.05340962783264581 0.9094582678630496 Penicillium-mb
12 10 -0.5632403280562696 0.18796459900549742 Penicillium-cvjetkovicii
12 10 0.4493245509140306 0.3118129170252687 Penicillium-verrucosum
12 10 0.37737230906596997 0.4039784033386906 Penicillium-commune
10 12 0.5467214724127792 0.2041071623660325 Penicillium-polonicum
10 12 0.5678569129895826 0.18356836911705285 Penicillium-brevicompactum
10 12 -0.6318329954455923 0.12795567151072762 Penicillium-solitum
10 12 0.5967581972814137 0.1572078549783549 Penicillium-chrysogenum
10 12 0.16924876045386547 0.7167718790470232 Penicillium-mb
10 12 0.6071318972662844 0.14824049606774706 Penicillium-cvjetkovicii
10 12 0.21916133621056547 0.6368107415303775 Penicillium-verrucosum
10 12 0.6518229933238541 0.11265256852561867 Penicillium-commune
10 12 0.5265832547735839 0.22464597545838674 Penicillium-polonicum
10 12 -0.7972318019437671 0.03177389449174177 Penicillium-brevicompactum
10 12 0.5392068474852207 0.21166178506145852 Penicillium-solitum
10 12 -0.7646334309739834 0.04526246504061562 Penicillium-chrysogenum
10 12 0.4807271759536906 0.27482733388427005 Penicillium-mb
10 12 0.17950403671067205 0.7001502097932689 Penicillium-cvjetkovicii
10 12 0.04578778207614018 0.9223497044213829 Penicillium-verrucosum
10 12 0.050313923380655164 0.9146925041028104 Penicillium-commune
12 10 0.9087123602494765 0.004601585497448229 Penicillium-polonicum
12 10 0.9074158171560582 0.004763302227476431 Penicillium-brevicompactum
12 10 0.9104533169076982 0.004389542231178673 Penicillium-solitum
12 10 -0.13270532469841703 0.7766909285824916 Penicillium-chrysogenum
12 10 0.7277842910833191 0.06372017965616429 Penicillium-mb
12 10 -0.8302247006466421 0.02077076568153714 Penicillium-cvjetkovicii
12 10 -0.19528421605772023 0.6747603928401644 Penicillium-verrucosum
12 10 -0.489389510146695 0.2649932838096052 Penicillium-commune
12 12 -0.6010750727412912 0.15344421228876012 Penicillium-polonicum
12 12 0.577050848401178 0.17496461216455825 Penicillium-brevicompactum
12 12 -0.49172374712049743 0.26237111814039954 Penicillium-solitum
12 12 -0.3217255397606737 0.4816440336208822 Penicillium-chrysogenum
12 12 -0.3688717722509882 0.4155031024611611 Penicillium-mb
12 12 -0.10456470196802992 0.823454307193612 Penicillium-cvjetkovicii
12 12 -0.27311898148611996 0.5534367307885731 Penicillium-verrucosum
12 12 -0.13630206091559366 0.7707498753893552 Penicillium-commune
12 10 -0.5109361246354213 0.24124370374567666 Penicillium-polonicum
12 10 -0.11260253772574252 0.8100495769914452 Penicillium-brevicompactum
12 10 0.15812980637683535 0.7348941713252295 Penicillium-solitum
12 10 -0.3620414057886516 0.424854989281576 Penicillium-chrysogenum
12 10 -0.08692938782462308 0.8529810499655511 Penicillium-mb
12 10 -0.15002532658363635 0.7481656327075874 Penicillium-cvjetkovicii
12 10 -0.21490775712917679 0.6435276688118415 Penicillium-verrucosum
12 10 -0.15537938769741713 0.7393923849661346 Penicillium-commune
12 12 -0.25584186986623675 0.5797432507643675 Penicillium-polonicum
12 12 -0.12600826385801592 0.787775980762897 Penicillium-brevicompactum
12 12 -0.14753198912805612 0.7522586904628539 Penicillium-solitum
12 12 0.27906421797052605 0.5444755697325341 Penicillium-chrysogenum
12 12 -0.4547920416524706 0.30522553261188146 Penicillium-mb
12 12 0.39202539065049397 0.38441559923361995 Penicillium-cvjetkovicii
12 12 0.5350015879568482 0.2159464874681544 Penicillium-verrucosum
12 12 0.5639389349594004 0.1872960881399573 Penicillium-commune
12 8 0.6935306598849423 0.08396999773445236 Penicillium-polonicum
12 8 0.6956042980516525 0.08265917785599598 Penicillium-brevicompactum
12 8 0.7618590344318167 0.046532841917061245 Penicillium-solitum
12 8 -0.8345647912671769 0.01951672439531045 Penicillium-chrysogenum
12 8 -0.6553599290810195 0.11004940806055018 Penicillium-mb
12 8 -0.016019860589990945 0.9728073296158481 Penicillium-cvjetkovicii
12 8 -0.32898804553133837 0.47121982815428193 Penicillium-verrucosum
12 8 -0.08444127800455681 0.8571585604694099 Penicillium-commune
12 12 -0.4155351255946004 0.35385752749209876 Penicillium-polonicum
12 12 -0.4202125343816963 0.347903167146451 Penicillium-brevicompactum
12 12 0.10666902076422663 0.8199415143937048 Penicillium-solitum
12 12 0.1757633993387917 0.7062023223429226 Penicillium-chrysogenum
12 12 -0.26870541734067255 0.5601198670694484 Penicillium-mb
12 12 -0.43953041344550103 0.3237655863535003 Penicillium-cvjetkovicii
12 12 0.1852404260289474 0.6908936316698153 Penicillium-verrucosum
12 12 -0.3908194697844333 0.38601085381749084 Penicillium-commune
12 10 -0.005926569777601395 0.9899389193553916 Penicillium-polonicum
12 10 0.10102466485867204 0.8293690483399401 Penicillium-brevicompactum
12 10 0.058354063487246075 0.9011036466384751 Penicillium-solitum
12 10 0.48130864934988093 0.27416214082722473 Penicillium-chrysogenum
12 10 0.3952927304272572 0.38010683483733276 Penicillium-mb
12 10 0.8278544657709944 0.021474355289430837 Penicillium-cvjetkovicii
12 10 0.9413476611402329 0.0015501828484481871 Penicillium-verrucosum
12 10 0.8797460518186447 0.009018508470601663 Penicillium-commune
12 12 0.21055916955080162 0.650414616461073 Penicillium-polonicum
12 12 0.24572690329050825 0.595320532835104 Penicillium-brevicompactum
12 12 0.3491094428661712 0.4427795321667415 Penicillium-solitum
12 12 -0.047135759801126574 0.9200687128133933 Penicillium-chrysogenum
12 12 -0.24505872223831004 0.5963539696429333 Penicillium-mb
12 12 0.5017935918520117 0.25119582711349225 Penicillium-cvjetkovicii
12 12 0.6047675100412675 0.15026115332581735 Penicillium-verrucosum
12 12 -0.8396768465437426 0.01809617708318512 Penicillium-commune
12 10 0.5109365221103324 0.24124327512222263 Penicillium-polonicum
12 10 0.502941925219026 0.2499356142044401 Penicillium-brevicompactum
12 10 0.49719292438146717 0.2562739166188962 Penicillium-solitum
12 10 -0.6049028116420841 0.15014515148566387 Penicillium-chrysogenum
12 10 0.2617083288996709 0.5707675109580109 Penicillium-mb
12 10 -0.23266827351283578 0.6156139835719736 Penicillium-cvjetkovicii
12 10 -0.3690996083674336 0.4151925545612762 Penicillium-verrucosum
12 10 -0.06491606486840913 0.8900271256975395 Penicillium-commune
10 12 -0.5066779864598734 0.2458557800133988 Penicillium-polonicum
10 12 0.12374457747347307 0.7915293918649855 Penicillium-brevicompactum
10 12 -0.5087410517402591 0.2436161808589102 Penicillium-solitum
10 12 -0.34559972496854124 0.44769267289506287 Penicillium-chrysogenum
10 12 -0.1305510543724212 0.7802534953627813 Penicillium-mb
10 12 -0.3020547850301798 0.5102846249274855 Penicillium-cvjetkovicii
10 12 0.196701738332552 0.6724912525555733 Penicillium-verrucosum
10 12 -0.18054746979800393 0.698464235503754 Penicillium-commune
12 12 0.1616056980410557 0.7292180897907434 Penicillium-polonicum
12 12 0.5539136354126218 0.19700000392575479 Penicillium-brevicompactum
12 12 0.5657297477693597 0.18558771243178268 Penicillium-solitum
12 12 0.38146734871290466 0.39847225863585467 Penicillium-chrysogenum
12 12 0.5344211999572271 0.21654104100465152 Penicillium-mb
12 12 -0.5657691178662324 0.1855502402202775 Penicillium-cvjetkovicii
12 12 -0.3333876266939854 0.46494539625692394 Penicillium-verrucosum
12 12 -0.48938951024805255 0.26499328369548764 Penicillium-commune
12 12 -0.23544220731779106 0.6112864284661061 Penicillium-polonicum
12 12 -0.35122968169055224 0.43982141110972206 Penicillium-brevicompactum
12 12 -0.22561643308257165 0.6266551051781948 Penicillium-solitum
12 12 0.2856837085293759 0.5345549139769035 Penicillium-chrysogenum
12 12 -0.353317119818023 0.43691640806864224 Penicillium-mb
12 12 0.521530746219086 0.22994491489375726 Penicillium-cvjetkovicii
12 12 0.516024250332167 0.23578585660884285 Penicillium-verrucosum
12 12 0.009701848124017528 0.9835304062148322 Penicillium-commune
12 12 -0.04940913238887956 0.9162228001838356 Penicillium-polonicum
12 12 -0.29404026776212844 0.5221183159157623 Penicillium-brevicompactum
12 12 -0.06561206607434274 0.8888530985346226 Penicillium-solitum
12 12 -0.6056973853249852 0.14946482420745041 Penicillium-chrysogenum
12 12 0.6127245242352416 0.1435156225704259 Penicillium-mb
12 12 0.36574227100831896 0.4197778655718903 Penicillium-cvjetkovicii
12 12 0.407202974349065 0.36456847551672894 Penicillium-verrucosum
12 12 0.17751350665512977 0.7033692100005221 Penicillium-commune
12 12 0.25584245556647367 0.5797423524580905 Penicillium-polonicum
12 12 0.12681897595239366 0.7864325320464276 Penicillium-brevicompactum
12 12 0.07325342349094431 0.8759745160037584 Penicillium-solitum
12 12 0.5967581974428475 0.157207854836759 Penicillium-chrysogenum
12 12 -0.46485324822525775 0.2932650548967482 Penicillium-mb
12 12 0.7237962531002099 0.0659241952320461 Penicillium-cvjetkovicii
12 12 0.8212063477508034 0.023518847492787435 Penicillium-verrucosum
12 12 0.7601198935036851 0.04733904505236022 Penicillium-commune
12 10 0.5359535805070531 0.21497293895270467 Penicillium-polonicum
12 10 -0.4915192135625679 0.2626004065795297 Penicillium-brevicompactum
12 10 -0.47023827892922954 0.28695044540775166 Penicillium-solitum
12 10 -0.17207032250658674 0.7121895821794237 Penicillium-chrysogenum
12 10 -0.20819256923339605 0.6541710050843167 Penicillium-mb
12 10 -0.22719474428120953 0.6241790374194482 Penicillium-cvjetkovicii
12 10 -0.16555559878087683 0.7227798813364601 Penicillium-verrucosum
12 10 -0.07479033071603242 0.873386796732265 Penicillium-commune
12 12 0.4776078963463693 0.27840809871455924 Penicillium-polonicum
12 12 0.2733337858407235 0.5531121303459501 Penicillium-brevicompactum
12 12 0.4282187348001933 0.33781004739007087 Penicillium-solitum
12 12 -0.10275788150452114 0.8264723515808865 Penicillium-chrysogenum
12 12 -0.20399497127949082 0.6608478942359512 Penicillium-mb
12 12 -0.8977881269539539 0.006067400601040595 Penicillium-cvjetkovicii
12 12 0.6098406261520259 0.14594243970177187 Penicillium-verrucosum
12 12 0.4719442105106955 0.28496279102910493 Penicillium-commune
12 12 -0.07595591478382151 0.8714248784201412 Penicillium-polonicum
12 12 -0.20893242409394702 0.6529960426922905 Penicillium-brevicompactum
12 12 -0.08446222345478963 0.8571233820954379 Penicillium-solitum
12 12 -0.3738384308303391 0.4087540183608335 Penicillium-chrysogenum
12 12 0.6127245242698478 0.1435156225414276 Penicillium-mb
12 12 0.4275267189472103 0.3386774847004229 Penicillium-cvjetkovicii
12 12 0.40582504589982016 0.36635252634583954 Penicillium-verrucosum
12 12 0.24935108479333537 0.589724692985395 Penicillium-commune
12 10 -0.14055927746478686 0.7637293625066573 Penicillium-polonicum
12 10 0.02766987735092098 0.9530441373194856 Penicillium-brevicompactum
12 10 -0.176257539329017 0.7054021230432665 Penicillium-solitum
12 10 -0.04824073443562041 0.918199245303114 Penicillium-chrysogenum
12 10 0.20957299061560847 0.6519792199685155 Penicillium-mb
12 10 0.4578145230472628 0.3016103949543671 Penicillium-cvjetkovicii
12 10 0.4837738174929123 0.27135011763882594 Penicillium-verrucosum
12 10 -0.8656751227847976 0.011799278269713621 Penicillium-commune
10 10 -0.26700763201155164 0.5626975585471523 Penicillium-polonicum
10 10 -0.2685435227575524 0.560365502741335 Penicillium-brevicompactum
10 10 -0.35663019483050634 0.4323208104482682 Penicillium-solitum
10 10 -0.28372312999277793 0.5374869306502204 Penicillium-chrysogenum
10 10 0.6127245242629917 0.14351562254717273 Penicillium-mb
10 10 0.6304409550503014 0.12905856600333002 Penicillium-cvjetkovicii
10 10 0.5898648786667006 0.1633119209412619 Penicillium-verrucosum
10 10 0.6122165037511288 0.14394163755133432 Penicillium-commune
12 10 0.3664716577224456 0.4187800329366114 Penicillium-polonicum
12 10 0.3635360527754237 0.4228016754124178 Penicillium-brevicompactum
12 10 0.32130559073561915 0.4822493238739922 Penicillium-solitum
12 10 0.37435327483591196 0.4080568915448928 Penicillium-chrysogenum
12 10 -0.6113365593746655 0.14468104525017464 Penicillium-mb
12 10 -0.017104880660177516 0.9709661004737205 Penicillium-cvjetkovicii
12 10 -0.04993991869039385 0.9153250425866946 Penicillium-verrucosum
12 10 -0.32731145648409693 0.47361896279240356 Penicillium-commune
12 10 -0.045622065066947146 0.9226301532913553 Penicillium-polonicum
12 10 -0.3558446418119069 0.43340877940236755 Penicillium-brevicompactum
12 10 -0.0013320228628935379 0.9977386897614023 Penicillium-solitum
12 10 0.34510103302871054 0.44839243058567113 Penicillium-chrysogenum
12 10 0.31377427216927584 0.4931506261178036 Penicillium-mb
12 10 0.39954600812241686 0.3745274728951583 Penicillium-cvjetkovicii
12 10 0.39070497424987716 0.38616245303849817 Penicillium-verrucosum
12 10 -0.70741378870885 0.07540266917469826 Penicillium-commune
12 12 0.12126032832642175 0.7956522034186353 Penicillium-polonicum
12 12 0.3908287973919833 0.3859985045419188 Penicillium-brevicompactum
12 12 0.13626367203560005 0.7708132391998204 Penicillium-solitum
12 12 0.4645095573122662 0.2936701436137855 Penicillium-chrysogenum
12 12 0.45320183999424296 0.30713511667884474 Penicillium-mb
12 12 -0.5926964330461253 0.16079058092498402 Penicillium-cvjetkovicii
12 12 -0.10598390120030902 0.8210849415364945 Penicillium-verrucosum
12 12 -0.4893895101168744 0.2649932838431798 Penicillium-commune
12 10 -0.29003207065955505 0.5280711759782217 Penicillium-polonicum
12 10 -0.2917774034729753 0.5254762491688816 Penicillium-brevicompactum
12 10 0.545121858334623 0.20570429636935267 Penicillium-solitum
12 10 -0.3953682932346332 0.38000742035436413 Penicillium-chrysogenum
12 10 -0.16531171813805917 0.7231770260776227 Penicillium-mb
12 10 -0.11458740707887057 0.8067449703154947 Penicillium-cvjetkovicii
12 10 -0.32067263722961714 0.483162142739417 Penicillium-verrucosum
12 10 -0.09326274104163282 0.8423599166437601 Penicillium-commune
12 12 -0.019237690406165506 0.9673471254471939 Penicillium-polonicum
12 12 -0.5339378615678968 0.21703676765118127 Penicillium-brevicompactum
12 12 0.0018956181594320743 0.9967819044454991 Penicillium-solitum
12 12 0.37041350885533847 0.4134034372290255 Penicillium-chrysogenum
12 12 0.1828906856142489 0.6946816752318798 Penicillium-mb
12 12 -0.09993515407328954 0.8311907187486867 Penicillium-cvjetkovicii
12 12 -0.3159427845815101 0.49000288185491336 Penicillium-verrucosum
12 12 -0.6933333189660829 0.08409531412962615 Penicillium-commune
10 10 0.6851160496214271 0.089401428621175 Penicillium-polonicum
10 10 0.683496525892375 0.09046745178542918 Penicillium-brevicompactum
10 10 0.4207254947487631 0.34725274504281733 Penicillium-solitum
10 10 0.6471004432429428 0.1161774247090238 Penicillium-chrysogenum
10 10 0.0024685304787598365 0.9958093052710708 Penicillium-mb
10 10 -0.1716417905921249 0.7128850902355819 Penicillium-cvjetkovicii
10 10 -0.08770381205346628 0.8516813532851111 Penicillium-verrucosum
10 10 -0.48351237448958967 0.27164772592433245 Penicillium-commune
8 12 0.24982384357205273 0.5889959262257818 Penicillium-polonicum
8 12 -0.6799871581245389 0.0928002967925367 Penicillium-brevicompactum
8 12 0.22394001918849188 0.6292881307907072 Penicillium-solitum
8 12 -0.2609898875753611 0.571864372800526 Penicillium-chrysogenum
8 12 -0.029145739182081746 0.9505416694497368 Penicillium-mb
8 12 -0.43172534548648406 0.3334290667865431 Penicillium-cvjetkovicii
8 12 0.25362019728558627 0.5831537987082402 Penicillium-verrucosum
8 12 0.16084963078320405 0.7304519088164885 Penicillium-commune
12 12 -0.23318464071103176 0.6148077353852432 Penicillium-polonicum
12 12 -0.30735281742427356 0.502513486753146 Penicillium-brevicompactum
12 12 -0.2256164195262978 0.6266551264573922 Penicillium-solitum
12 12 0.28568372099049427 0.5345548953584793 Penicillium-chrysogenum
12 12 -0.477782095899669 0.2782075779394885 Penicillium-mb
12 12 0.5570694748780377 0.1939197619423243 Penicillium-cvjetkovicii
12 12 0.5425654078751881 0.20826914371694502 Penicillium-verrucosum
12 12 0.25452665026328886 0.5817615312947337 Penicillium-commune
12 12 -0.48883659591925915 0.2656161364664985 Penicillium-polonicum
12 12 0.23969931665646702 0.6046624783376426 Penicillium-brevicompactum
12 12 -0.48507747616964664 0.2698683254424729 Penicillium-solitum
12 12 -0.3642517304985082 0.42181985613996553 Penicillium-chrysogenum
12 12 0.11560784854162155 0.8050469250147954 Penicillium-mb
12 12 -0.07960425777699211 0.8652873888082993 Penicillium-cvjetkovicii
12 12 -0.1530529308590646 0.7432018444745745 Penicillium-verrucosum
12 12 -0.11184829447287171 0.8113059064467214 Penicillium-commune
12 12 -0.11505285058790486 0.8059703831113103 Penicillium-polonicum
12 12 0.22044149224576912 0.6347930577099727 Penicillium-brevicompactum
12 12 -0.04075528688880668 0.9308691224574248 Penicillium-solitum
12 12 0.06731958653968088 0.8859735104959836 Penicillium-chrysogenum
12 12 0.6127245243161543 0.143515622502625 Penicillium-mb
12 12 0.39726189053607086 0.377519554728389 Penicillium-cvjetkovicii
12 12 0.2510741665509121 0.5870698576793452 Penicillium-verrucosum
12 12 0.21845706402275283 0.6379215230154701 Penicillium-commune
12 12 -0.4654852414717008 0.2925208071590742 Penicillium-polonicum
12 12 0.18570695086880476 0.6901421486505814 Penicillium-brevicompactum
12 12 -0.4722468892276175 0.2846107707205486 Penicillium-solitum
12 12 -0.5545279364302302 0.19639858254396414 Penicillium-chrysogenum
12 12 0.30585264471466017 0.5047097203340094 Penicillium-mb
12 12 0.22813801403976203 0.6227005668872174 Penicillium-cvjetkovicii
12 12 0.12516149982850977 0.7891796186453611 Penicillium-verrucosum
12 12 0.1975888509854836 0.6710721841985088 Penicillium-commune
12 12 -0.5438596942098451 0.2069687076382837 Penicillium-polonicum
12 12 -0.5323207765500083 0.2186992026556529 Penicillium-brevicompactum
12 12 0.5451218583055327 0.20570429639845217 Penicillium-solitum
12 12 -0.23746628181861537 0.6081343660923189 Penicillium-chrysogenum
12 12 -0.2994470700536196 0.5141247703925225 Penicillium-mb
12 12 -0.2325874940481793 0.6157401392577756 Penicillium-cvjetkovicii
12 12 -0.1579889666788355 0.73512436446421 Penicillium-verrucosum
12 12 -0.06312260994639739 0.8930530895911917 Penicillium-commune
12 12 -0.5648338060725173 0.18644145931830738 Penicillium-polonicum
12 12 -0.05051838204256572 0.9143467268399255 Penicillium-brevicompactum
12 12 0.20612698541905988 0.6574543544212137 Penicillium-solitum
12 12 0.39159536837706005 0.38498414889993615 Penicillium-chrysogenum
12 12 -0.7739131784335644 0.04115352959286872 Penicillium-mb
12 12 -0.10279996310697935 0.8264020406236041 Penicillium-cvjetkovicii
12 12 0.14601219881317776 0.754755846344598 Penicillium-verrucosum
12 12 0.23464282914235451 0.6125326059965889 Penicillium-commune
12 12 0.1570511053583223 0.7366576377886952 Penicillium-polonicum
12 12 -0.2746842943792489 0.5510727338206601 Penicillium-brevicompactum
12 12 0.14575385513050498 0.7551804983272277 Penicillium-solitum
12 12 -0.015970047647632907 0.9728918622427865 Penicillium-chrysogenum
12 12 -0.26617929396880025 0.5639565693425744 Penicillium-mb
12 12 -0.031279596980228495 0.9469240808917632 Penicillium-cvjetkovicii
12 12 -0.03263948464129022 0.9446190006004863 Penicillium-verrucosum
12 12 0.15962262990683118 0.7324552227095573 Penicillium-commune
12 12 -0.8680636188967775 0.011296861892358385 Penicillium-polonicum
12 12 0.4982739819048998 0.25507648484667567 Penicillium-brevicompactum
12 12 0.49172420953201146 0.26237059986614736 Penicillium-solitum
12 12 -0.3688731581080413 0.4155012132197119 Penicillium-chrysogenum
12 12 -0.4441426246227236 0.3181126628080862 Penicillium-mb
12 12 -0.06950880865529983 0.8822830361619252 Penicillium-cvjetkovicii
12 12 -0.543010163941741 0.20782183562934295 Penicillium-verrucosum
12 12 -0.3727473172245425 0.410232992100083 Penicillium-commune
12 12 0.5359535805751775 0.2149729388831124 Penicillium-polonicum
12 12 -0.6216416667913127 0.13614172105827985 Penicillium-brevicompactum
12 12 -0.4918182727170496 0.2622651828460581 Penicillium-solitum
12 12 -0.5110481382740681 0.24112292602346647 Penicillium-chrysogenum
12 12 -0.5131677398742593 0.23884277980325477 Penicillium-mb
12 12 -0.2656426389019675 0.5647727229816273 Penicillium-cvjetkovicii
12 12 -0.16570583332402078 0.7225352581656562 Penicillium-verrucosum
12 12 -0.08467656505811888 0.8567634011715536 Penicillium-commune
12 12 0.8816541393944232 0.008674246709002654 Penicillium-polonicum
12 12 0.8489902212546616 0.015663793568514942 Penicillium-brevicompactum
12 12 0.9288111461563493 0.002498715773956621 Penicillium-solitum
12 12 0.8955345158319544 0.006399380075970995 Penicillium-chrysogenum
12 12 0.5177784763503456 0.23391765393744487 Penicillium-mb
12 12 0.46779320751745934 0.2898100253797985 Penicillium-cvjetkovicii
12 12 0.03108223745706161 0.9472586403161614 Penicillium-verrucosum
12 12 0.45266017403649295 0.307786761609825 Penicillium-commune
10 12 0.1901521950121653 0.6829919190729438 Penicillium-polonicum
10 12 -0.15497142208147155 0.7400601045768476 Penicillium-brevicompactum
10 12 -0.69217694154469 0.08483163416145487 Penicillium-solitum
10 12 -0.2941639120113523 0.5219350471613021 Penicillium-chrysogenum
10 12 0.3076220627950581 0.5021196693839511 Penicillium-mb
10 12 -0.35983392552159454 0.4278945974973372 Penicillium-cvjetkovicii
10 12 0.35362112776391214 0.43649394356954363 Penicillium-verrucosum
10 12 0.405241832553081 0.3671087133523372 Penicillium-commune
8 12 0.5955324250427607 0.15828482822152906 Penicillium-polonicum
8 12 0.5831370264942745 0.16938062262905768 Penicillium-brevicompactum
8 12 0.6060273878452704 0.1491827259388412 Penicillium-solitum
8 12 0.39760175289694233 0.37707373718830794 Penicillium-chrysogenum
8 12 0.630848191568747 0.12873541816386544 Penicillium-mb
8 12 -0.1716417890602429 0.712885092722112 Penicillium-cvjetkovicii
8 12 -0.38558698092973026 0.39296343511711906 Penicillium-verrucosum
8 12 -0.5301970921805859 0.22089155865353063 Penicillium-commune
12 12 -0.6069245270265954 0.14841717004831004 Penicillium-polonicum
12 12 0.57705084795948 0.17496461257304222 Penicillium-brevicompactum
12 12 -0.5429559281793283 0.20787635800905171 Penicillium-solitum
12 12 -0.38213282260499315 0.39758030744942613 Penicillium-chrysogenum
12 12 -0.30585214850848735 0.5047104473264521 Penicillium-mb
12 12 -0.10641450262947255 0.8203662617494205 Penicillium-cvjetkovicii
12 12 -0.07808372826187418 0.8678446868077248 Penicillium-verrucosum
12 12 0.012435288651709347 0.9788908305292955 Penicillium-commune
12 12 -0.26084251864106744 0.5720894464522213 Penicillium-polonicum
12 12 -0.10563166033473535 0.8216729104703612 Penicillium-brevicompactum
12 12 -0.08896485685295157 0.8495655456572109 Penicillium-solitum
12 12 0.3040951147828241 0.5072869661155455 Penicillium-chrysogenum
12 12 0.24021976622065938 0.6038541387862253 Penicillium-mb
12 12 -0.6592214736117554 0.10724335141188222 Penicillium-cvjetkovicii
12 12 0.4077931915518743 0.3638054008100616 Penicillium-verrucosum
12 12 0.3976791783890886 0.3769722036053134 Penicillium-commune
10 12 0.5504336917757726 0.20042370189776226 Penicillium-polonicum
10 12 -0.9236566369485721 0.002967460238367401 Penicillium-brevicompactum
10 12 0.5403044269067552 0.2105501936625911 Penicillium-solitum
10 12 -0.6455902260730072 0.11731646396538431 Penicillium-chrysogenum
10 12 0.36312844806526373 0.4233612524434491 Penicillium-mb
10 12 -0.14881969032199896 0.7501442210828296 Penicillium-cvjetkovicii
10 12 0.032329944481676434 0.9451436607166182 Penicillium-verrucosum
10 12 -0.16566246229558068 0.722605876204828 Penicillium-commune
10 12 -0.166648464408679 0.7210008247615298 Penicillium-polonicum
10 12 -0.26519366035462205 0.5654558253865872 Penicillium-brevicompactum
10 12 -0.19184500272242003 0.6802739337021839 Penicillium-solitum
10 12 0.27703177648436483 0.5475336573069143 Penicillium-chrysogenum
10 12 -0.5162335068717226 0.23556263993768542 Penicillium-mb
10 12 0.5287596901198675 0.2223813018185721 Penicillium-cvjetkovicii
10 12 0.4980235932457744 0.25535359879992175 Penicillium-verrucosum
10 12 0.5283219580211179 0.22283591177546333 Penicillium-commune
12 12 -0.0761372880844014 0.8711196366729026 Penicillium-polonicum
12 12 -0.41950389391716064 0.348802547643102 Penicillium-brevicompactum
12 12 -0.03150019396032966 0.9465501371952676 Penicillium-solitum
12 12 0.34469088497832345 0.44896825218090664 Penicillium-chrysogenum
12 12 0.3310012885069995 0.4683448333140594 Penicillium-mb
12 12 -0.6912907469227452 0.08539821878629392 Penicillium-cvjetkovicii
12 12 0.4107895579679245 0.35994169129332365 Penicillium-verrucosum
12 12 0.23997887259680972 0.6042282443015935 Penicillium-commune
12 8 0.7698491816652359 0.042926480981661 Penicillium-polonicum
12 8 0.7638017720691063 0.045641247126773116 Penicillium-brevicompactum
12 8 0.7536674991750593 0.05039666933877044 Penicillium-solitum
12 8 -0.14666933626651085 0.753675899273315 Penicillium-chrysogenum
12 8 -0.21068175617175183 0.6502202001312479 Penicillium-mb
12 8 -0.07725722469028412 0.8692351250256791 Penicillium-cvjetkovicii
12 8 -0.7630904762059478 0.04596658720025606 Penicillium-verrucosum
12 8 -0.09481822798512457 0.8397541929020977 Penicillium-commune
12 12 -0.16423376106286056 0.7249330039831371 Penicillium-polonicum
12 12 -0.2140836042369148 0.6448313561082172 Penicillium-brevicompactum
12 12 -0.22683445339801683 0.6247440181731342 Penicillium-solitum
12 12 -0.43537848655855993 0.32889095782129457 Penicillium-chrysogenum
12 12 0.6127245242698478 0.1435156225414276 Penicillium-mb
12 12 0.23621847097238918 0.610076997619032 Penicillium-cvjetkovicii
12 12 0.3968803745344536 0.378020267306013 Penicillium-verrucosum
12 12 0.4052299373149329 0.3671241432476801 Penicillium-commune
10 12 -0.7646631166301137 0.045248976690723745 Penicillium-polonicum
10 12 0.4818128103459922 0.27358597949317154 Penicillium-brevicompactum
10 12 0.4209165810064957 0.34701058273624924 Penicillium-solitum
10 12 -0.27984233878994424 0.5433062703373386 Penicillium-chrysogenum
10 12 -0.3837943794247207 0.39535676099300976 Penicillium-mb
10 12 -0.3352174230810073 0.46234494769013207 Penicillium-cvjetkovicii
10 12 0.29145371023009936 0.5259571836402714 Penicillium-verrucosum
10 12 -0.34448416984220587 0.4492585720778071 Penicillium-commune
12 12 0.6355141275014549 0.12506246012910596 Penicillium-polonicum
12 12 0.4783530386147864 0.2775508216609045 Penicillium-brevicompactum
12 12 0.6185769572040443 0.13865385227863772 Penicillium-solitum
12 12 -0.5421590235726631 0.20867826130418157 Penicillium-chrysogenum
12 12 0.18780572681068197 0.6867639275974591 Penicillium-mb
12 12 0.20008397375808706 0.6670850382810686 Penicillium-cvjetkovicii
12 12 0.4213044474254137 0.34651926063635424 Penicillium-verrucosum
12 12 -0.7790983183910283 0.038951309570695106 Penicillium-commune
10 10 -0.3615281668292422 0.42556095222142026 Penicillium-polonicum
10 10 -0.024108431323052373 0.9590841487395689 Penicillium-brevicompactum
10 10 -0.01570935097432763 0.9733342681081298 Penicillium-solitum
10 10 0.3453991330960234 0.44797409130634586 Penicillium-chrysogenum
10 10 0.33065539052811177 0.4688383322769037 Penicillium-mb
10 10 0.4135649418381116 0.35637820644887386 Penicillium-cvjetkovicii
10 10 0.39294030501894706 0.38320708475750165 Penicillium-verrucosum
10 10 -0.6855901748556291 0.08909060540886041 Penicillium-commune
12 12 0.496865670835381 0.2566369049747569 Penicillium-polonicum
12 12 -0.8663237931899926 0.01166158895940653 Penicillium-brevicompactum
12 12 0.4918308977358545 0.26225103540137756 Penicillium-solitum
12 12 -0.6493981123651501 0.11445546476406913 Penicillium-chrysogenum
12 12 -0.48099919356710985 0.27451606118991145 Penicillium-mb
12 12 0.08484000098814728 0.8564889282116354 Penicillium-cvjetkovicii
12 12 -0.02199058819505831 0.9626766440506705 Penicillium-verrucosum
12 12 0.12497168302149901 0.7894943306866371 Penicillium-commune
12 12 -0.23054254023628992 0.6189363016735849 Penicillium-polonicum
12 12 -0.15508951730489845 0.7398668041019405 Penicillium-brevicompactum
12 12 -0.10634989800085082 0.8204740814138126 Penicillium-solitum
12 12 0.23115283521181743 0.6179819386031669 Penicillium-chrysogenum
12 12 0.15755407818855555 0.7358352602440025 Penicillium-mb
12 12 -0.36557330292279233 0.42000915287103663 Penicillium-cvjetkovicii
12 12 -0.3159427845815101 0.49000288185491336 Penicillium-verrucosum
12 12 -0.46360017511552043 0.2947431734255569 Penicillium-commune
12 12 0.349068363424817 0.4428369195936245 Penicillium-polonicum
12 12 0.35543405543839185 0.43397784606625245 Penicillium-brevicompactum
12 12 -0.2968034710500224 0.5180278586779028 Penicillium-solitum
12 12 0.2751622829578135 0.550351512796579 Penicillium-chrysogenum
12 12 -0.24462854574564696 0.597019584573939 Penicillium-mb
12 12 0.31197591383868184 0.4957664804951003 Penicillium-cvjetkovicii
12 12 -0.0908584888784779 0.846389720954998 Penicillium-verrucosum
12 12 0.30145031779976883 0.511173883969567 Penicillium-commune
12 12 -0.6593063366519568 0.10718210680481681 Penicillium-polonicum
12 12 0.5263501879648634 0.2248891320524272 Penicillium-brevicompactum
12 12 0.5216178758874638 0.2298530443253298 Penicillium-solitum
12 12 -0.25941528510486334 0.5742706708153333 Penicillium-chrysogenum
12 12 0.2480714457069059 0.59169865878375 Penicillium-mb
12 12 -0.5007824224136913 0.2523079261950954 Penicillium-cvjetkovicii
12 12 0.3348306708829748 0.46289413966365617 Penicillium-verrucosum
12 12 0.3025244186974794 0.5095940954554015 Penicillium-commune
12 10 0.7698490699187166 0.04292653029974223 Penicillium-polonicum
12 10 0.7491513744857206 0.052599210431409096 Penicillium-brevicompactum
12 10 0.7392205343766691 0.05762394928941922 Penicillium-solitum
12 10 -0.45393856402735827 0.3062497783961737 Penicillium-chrysogenum
12 10 -0.5467290924998344 0.20409956836225568 Penicillium-mb
12 10 -0.20788267247687836 0.6546633204574172 Penicillium-cvjetkovicii
12 10 -0.46166404732023253 0.2970334762510481 Penicillium-verrucosum
12 10 -0.32525613290049116 0.47656609093936286 Penicillium-commune
12 12 -0.8118907127295546 0.026561327753677335 Penicillium-polonicum
12 12 0.37037302034779856 0.4134585246568802 Penicillium-brevicompactum
12 12 0.4082367910114987 0.3632323187214985 Penicillium-solitum
12 12 0.6217746384988977 0.13603325156201784 Penicillium-chrysogenum
12 12 0.607626913618171 0.1478191823441957 Penicillium-mb
12 12 0.43924101915068553 0.3241217100209931 Penicillium-cvjetkovicii
12 12 -0.5753305368840649 0.17655911282807538 Penicillium-verrucosum
12 12 0.433871311592423 0.3307600252707595 Penicillium-commune
