#SPECIES: Penicillium-chrysogenum Penicillium-solitum Penicillium-mb Penicillium-brevicompactum Penicillium-verrucosum Penicillium-commune Penicillium-cvjetkovicii Penicillium-polonicum 
#GENE_TREEs p: 0.021643592905228517 0.017890141973051915 0.026753084474174783 0.015782078060650014 0.015782075419750737 0.8492075133363863 0.0016300290372449357 0.8230875356718461 
#GENE_TREEs r: 0.8272909229455866 0.8404369927982338 0.8113241996044771 0.8485189871227563 0.8485189976213185 0.08917829024419299 0.9401416348657111 -0.1047843482386019 
7 12 0.003524283024341508 0.9940170284715484 Penicillium-chrysogenum
7 12 -0.26321103937697227 0.568475435176564 Penicillium-solitum
7 12 -0.11239945977012501 0.8103878084975915 Penicillium-mb
7 12 0.012281302134401656 0.9791521862737105 Penicillium-brevicompactum
7 12 0.05962944219756368 0.898949789264202 Penicillium-verrucosum
7 12 -0.6941484873690338 0.08357830269619099 Penicillium-commune
7 12 0.016604406773204246 0.9718153692880669 Penicillium-cvjetkovicii
7 12 -0.04217885785054672 0.9284586246775395 Penicillium-polonicum
11 12 -0.8747077561429472 0.009964912231172995 Penicillium-chrysogenum
11 12 -0.2786402225850748 0.5451130649402478 Penicillium-solitum
11 12 -0.004668618820047858 0.9920743929059588 Penicillium-mb
11 12 0.5823785182354024 0.17007167858058997 Penicillium-brevicompactum
11 12 0.4467352208568304 0.31495397216878845 Penicillium-verrucosum
11 12 0.5060008690328254 0.24659290265922587 Penicillium-commune
11 12 0.29803705619659576 0.5162052965164836 Penicillium-cvjetkovicii
11 12 0.004087885616090629 0.9930602478237609 Penicillium-polonicum
11 12 -0.47271159052281025 0.28407069353531805 Penicillium-chrysogenum
11 12 0.23693053990896992 0.608968202540914 Penicillium-solitum
11 12 -0.41013495827806046 0.3607843161240865 Penicillium-mb
11 12 -0.1351112784682385 0.772715824217894 Penicillium-brevicompactum
11 12 -0.1491295240866996 0.7496356437285352 Penicillium-verrucosum
11 12 0.387260620676368 0.3907341918977144 Penicillium-commune
11 12 0.09611630350043038 0.8375805696995127 Penicillium-cvjetkovicii
11 12 0.4179421281691885 0.3507881200925614 Penicillium-polonicum
9 10 0.8636438770498782 0.012236451978491726 Penicillium-chrysogenum
9 10 0.6355575365851246 0.12502854434793115 Penicillium-solitum
9 10 0.8954702236778134 0.006409001802214607 Penicillium-mb
9 10 0.8228401298873828 0.023006671403938573 Penicillium-brevicompactum
9 10 0.7561433693647707 0.049211015043736636 Penicillium-verrucosum
9 10 -0.4273085207275804 0.33895119025101417 Penicillium-commune
9 10 0.7034134952829194 0.07782093608375101 Penicillium-cvjetkovicii
9 10 -0.1047843482386019 0.8230875356718461 Penicillium-polonicum
9 12 0.3433500557926702 0.4508526234315328 Penicillium-chrysogenum
9 12 0.23694981857449884 0.6089381911068321 Penicillium-solitum
9 12 -0.6211396472708651 0.13655163051810928 Penicillium-mb
9 12 -0.6162529108591053 0.1405743670464268 Penicillium-brevicompactum
9 12 0.19289393735660754 0.6785911333895586 Penicillium-verrucosum
9 12 -0.3279420430563891 0.47271609702966766 Penicillium-commune
9 12 0.3445535508125132 0.44916112252006507 Penicillium-cvjetkovicii
9 12 -0.06002135979192964 0.8982880180624456 Penicillium-polonicum
11 12 -0.33705082111763646 0.4597447818964503 Penicillium-chrysogenum
11 12 0.1341833397587362 0.7742484959744136 Penicillium-solitum
11 12 -0.33705082647381884 0.45974477430811617 Penicillium-mb
11 12 -0.19682423679802766 0.6722952520033706 Penicillium-brevicompactum
11 12 -0.17677916971519045 0.704557640515727 Penicillium-verrucosum
11 12 0.08284950055318721 0.8598325345998371 Penicillium-commune
11 12 -0.5415695736511222 0.20927235670138425 Penicillium-cvjetkovicii
11 12 0.1525541896509575 0.7440190536635114 Penicillium-polonicum
11 12 0.6251263553801932 0.13331363603165766 Penicillium-chrysogenum
11 12 0.649129446538082 0.11465612780613708 Penicillium-solitum
11 12 0.6971700268940904 0.0816766767365319 Penicillium-mb
11 12 -0.5545068950922273 0.19641916805683093 Penicillium-brevicompactum
11 12 0.24878071273552155 0.590604298304594 Penicillium-verrucosum
11 12 0.5977075942264927 0.15637622524302586 Penicillium-commune
11 12 0.5282991797535056 0.2228595803001881 Penicillium-cvjetkovicii
11 12 0.7149243176452298 0.07097245741684531 Penicillium-polonicum
11 10 -0.19460567989994457 0.6758472739515067 Penicillium-chrysogenum
11 10 -0.18339740387251485 0.6938643591449063 Penicillium-solitum
11 10 -0.1946056842973057 0.6758472669063493 Penicillium-mb
11 10 0.4250260163966093 0.3418199479547625 Penicillium-brevicompactum
11 10 0.4250260163692509 0.3418199479892089 Penicillium-verrucosum
11 10 -0.6093630673010163 0.14634628503651392 Penicillium-commune
11 10 -0.3934679364340608 0.3825108342161319 Penicillium-cvjetkovicii
11 10 -0.8120317389387917 0.02651371282288082 Penicillium-polonicum
11 12 -0.8881411116598664 0.007561294678317005 Penicillium-chrysogenum
11 12 0.5816170816394802 0.17076679771291484 Penicillium-solitum
11 12 0.591802380188607 0.16158458104166817 Penicillium-mb
11 12 0.46491116428724005 0.29319681693855687 Penicillium-brevicompactum
11 12 0.4495481174246 0.31154235574990913 Penicillium-verrucosum
11 12 0.05150580480420412 0.9126769650316795 Penicillium-commune
11 12 0.5995815048088348 0.1547412198009603 Penicillium-cvjetkovicii
11 12 0.2470307599912898 0.5933054942978219 Penicillium-polonicum
11 12 -0.6338866507962365 0.12633741443872454 Penicillium-chrysogenum
11 12 0.13418675206590563 0.774242858812968 Penicillium-solitum
11 12 -0.1930948015791227 0.6782690087991718 Penicillium-mb
11 12 0.010728990598004487 0.9817869481664234 Penicillium-brevicompactum
11 12 -0.19681985364928842 0.6723022648946074 Penicillium-verrucosum
11 12 0.24483116109347972 0.5967060486347303 Penicillium-commune
11 12 -0.13328839476155452 0.7757272246181088 Penicillium-cvjetkovicii
11 12 0.08412853054724911 0.8576838494799152 Penicillium-polonicum
9 12 0.017891488561997196 0.9696313267971028 Penicillium-chrysogenum
9 12 0.2632101584367886 0.5684767780156443 Penicillium-solitum
9 12 -0.1696786221666548 0.716073332003304 Penicillium-mb
9 12 0.11064084211667399 0.8133178076859953 Penicillium-brevicompactum
9 12 -0.0975541933603738 0.8351737867189641 Penicillium-verrucosum
9 12 -0.23448692126595846 0.6127757426117122 Penicillium-commune
9 12 0.1346390642694046 0.7734957049506751 Penicillium-cvjetkovicii
9 12 -0.35158186435657657 0.43933077998191006 Penicillium-polonicum
11 10 0.9198971487566481 0.0033394734556718548 Penicillium-chrysogenum
11 10 0.8963536211539581 0.0062775294643535335 Penicillium-solitum
11 10 0.8670833904593033 0.011501532494941652 Penicillium-mb
11 10 0.8919823577383803 0.006943606724349486 Penicillium-brevicompactum
11 10 0.8943408313804719 0.006579392500644888 Penicillium-verrucosum
11 10 -0.31357168490645365 0.49344506050948234 Penicillium-commune
11 10 0.9517657681137384 0.0009561518088986034 Penicillium-cvjetkovicii
11 10 -0.1047843482386019 0.8230875356718461 Penicillium-polonicum
11 12 0.29742724746990185 0.5171059842448367 Penicillium-chrysogenum
11 12 -0.4440698926483253 0.3182014725553535 Penicillium-solitum
11 12 0.297427247469901 0.5171059842448381 Penicillium-mb
11 12 -0.22921788955180786 0.6210092180022888 Penicillium-brevicompactum
11 12 -0.1481203861394305 0.7512923597919228 Penicillium-verrucosum
11 12 0.38360421207216466 0.395610996608194 Penicillium-commune
11 12 -0.4231418120580897 0.3441957970685501 Penicillium-cvjetkovicii
11 12 0.5176034011286246 0.23410379264000958 Penicillium-polonicum
11 8 0.44092980147340904 0.32204590080597745 Penicillium-chrysogenum
11 8 0.5029007520303777 0.24998074836956521 Penicillium-solitum
11 8 0.4409298019495324 0.32204590022154805 Penicillium-mb
11 8 -0.0012133229988387589 0.997940200419293 Penicillium-brevicompactum
11 8 -0.0012133480285883393 0.9979401579275642 Penicillium-verrucosum
11 8 0.9422234949012321 0.001493673428339055 Penicillium-commune
11 8 -0.37792058333940953 0.4032394634131061 Penicillium-cvjetkovicii
11 8 0.8258782027234296 0.022071152562062435 Penicillium-polonicum
11 12 -0.4522949616124581 0.30822646662393693 Penicillium-chrysogenum
11 12 0.05225470945799361 0.9114107146332027 Penicillium-solitum
11 12 -0.2345900403143891 0.6126149264311711 Penicillium-mb
11 12 -0.536665112796556 0.21424665914919327 Penicillium-brevicompactum
11 12 -0.26909820090339476 0.559524057134472 Penicillium-verrucosum
11 12 -0.31917843536634616 0.485319474103897 Penicillium-commune
11 12 -0.08009992359809535 0.8644539558119777 Penicillium-cvjetkovicii
11 12 -0.13498291895601505 0.7729278000879212 Penicillium-polonicum
11 12 0.17270849724697535 0.7111541173966465 Penicillium-chrysogenum
11 12 0.21138039367500538 0.6491124966976931 Penicillium-solitum
11 12 0.13017063202056595 0.7808829278578371 Penicillium-mb
11 12 -0.31856104146795206 0.4862118735390431 Penicillium-brevicompactum
11 12 -0.3279976974920605 0.47263644183784026 Penicillium-verrucosum
11 12 -0.23448692111417482 0.6127757428484311 Penicillium-commune
11 12 0.11755248626332349 0.8018126798492258 Penicillium-cvjetkovicii
11 12 -0.4455999299824475 0.31633547390143846 Penicillium-polonicum
11 12 -0.5463830489664567 0.20444456390231108 Penicillium-chrysogenum
11 12 0.005776942711188595 0.990192921104656 Penicillium-solitum
11 12 0.18475521744179157 0.6916754247158157 Penicillium-mb
11 12 0.11006703713221068 0.8142741892604642 Penicillium-brevicompactum
11 12 -0.5838291057679237 0.16875129933311814 Penicillium-verrucosum
11 12 -0.4156556298904199 0.35370359491122483 Penicillium-commune
11 12 0.010894340412635447 0.9815062908209147 Penicillium-cvjetkovicii
11 12 -0.037180268556340205 0.9369244337806135 Penicillium-polonicum
11 12 -0.09758918158138132 0.8351152350703045 Penicillium-chrysogenum
11 12 -0.05003808906734142 0.9151590076855692 Penicillium-solitum
11 12 -0.010527679925227613 0.9821286458709582 Penicillium-mb
11 12 -0.48757279784897045 0.2670422855104505 Penicillium-brevicompactum
11 12 -0.37202593467117856 0.411211957770322 Penicillium-verrucosum
11 12 0.16642352756256262 0.7213669139833094 Penicillium-commune
11 12 -0.11755261250863117 0.8018124699555709 Penicillium-cvjetkovicii
11 12 -0.5630115268293023 0.18818379497230753 Penicillium-polonicum
11 12 0.32679565815284256 0.4743579419712402 Penicillium-chrysogenum
11 12 -0.5864853552331046 0.16634665282517905 Penicillium-solitum
11 12 0.3368535752373032 0.4600242600551672 Penicillium-mb
11 12 -0.8379521596163788 0.018568626916075123 Penicillium-brevicompactum
11 12 0.46820200989628186 0.2893310417619252 Penicillium-verrucosum
11 12 -0.061225965355121044 0.8962542799219562 Penicillium-commune
11 12 0.4216877443140012 0.3460340144960048 Penicillium-cvjetkovicii
11 12 -0.2544325598075377 0.5819060017787314 Penicillium-polonicum
11 12 0.3674210820535299 0.4174825635069038 Penicillium-chrysogenum
11 12 -0.5864853845473578 0.16634662638172917 Penicillium-solitum
11 12 0.1695636807689881 0.7162601021955954 Penicillium-mb
11 12 0.4909137386895676 0.2632796971105037 Penicillium-brevicompactum
11 12 -0.8530279581491057 0.01467103286675741 Penicillium-verrucosum
11 12 -0.17060198712435087 0.7145733497734922 Penicillium-commune
11 12 0.4538181941012261 0.3063943533364459 Penicillium-cvjetkovicii
11 12 -0.23397685897385873 0.6135713762188302 Penicillium-polonicum
11 12 0.34153905710771365 0.45340244575311395 Penicillium-chrysogenum
11 12 0.35612060797585504 0.4330264547946371 Penicillium-solitum
11 12 -0.5418423181287103 0.20899736254004686 Penicillium-mb
11 12 -0.2241790465228406 0.6289125158713531 Penicillium-brevicompactum
11 12 -0.08365848685083362 0.858473410937055 Penicillium-verrucosum
11 12 0.41322563156966025 0.3568130766330785 Penicillium-commune
11 12 -0.43385360944055096 0.33078200483557496 Penicillium-cvjetkovicii
11 12 0.4561386386875289 0.30361255807640913 Penicillium-polonicum
11 10 0.49272593131166165 0.2612489577634563 Penicillium-chrysogenum
11 10 0.5584054197502728 0.19262288443423525 Penicillium-solitum
11 10 0.5212423459851389 0.23024913027655738 Penicillium-mb
11 10 0.007791608867109952 0.9867729554743523 Penicillium-brevicompactum
11 10 -0.3432012516220018 0.4510619316823211 Penicillium-verrucosum
11 10 0.6640888331201461 0.10376003864790301 Penicillium-commune
11 10 -0.5809994689592829 0.17133164549176141 Penicillium-cvjetkovicii
11 10 0.6629689160413251 0.1045562015060632 Penicillium-polonicum
11 12 0.46346928147913297 0.2948977644785593 Penicillium-chrysogenum
11 12 -0.5898256762325219 0.16334696510943927 Penicillium-solitum
11 12 0.5011614097805268 0.2518908456694276 Penicillium-mb
11 12 0.388117813874308 0.38959440485801716 Penicillium-brevicompactum
11 12 -0.7263232632668741 0.06452293239128465 Penicillium-verrucosum
11 12 0.055572209208789476 0.9058032973082195 Penicillium-commune
11 12 0.44987933997167723 0.31114169653399765 Penicillium-cvjetkovicii
11 12 0.04991483341841959 0.9153674695320995 Penicillium-polonicum
9 12 -0.32097725566236135 0.48272275745026216 Penicillium-chrysogenum
9 12 0.07630092953351066 0.8708442476149163 Penicillium-solitum
9 12 -0.3613234865427805 0.42584261721300115 Penicillium-mb
9 12 0.3254903302132496 0.47622994071415875 Penicillium-brevicompactum
9 12 -0.5412445448575255 0.20960029168546127 Penicillium-verrucosum
9 12 0.24463210537698635 0.5970140758150715 Penicillium-commune
9 12 0.13178129192286142 0.7782186451413021 Penicillium-cvjetkovicii
9 12 -0.23898984976164597 0.6057649083201273 Penicillium-polonicum
11 12 -0.3335114551612124 0.4647692457981163 Penicillium-chrysogenum
11 12 -0.4015318228694975 0.37193406013044944 Penicillium-solitum
11 12 0.1691430235253703 0.7169437309791906 Penicillium-mb
11 12 0.23366188899139098 0.6140628407080555 Penicillium-brevicompactum
11 12 -0.8041788816239234 0.029238390232657566 Penicillium-verrucosum
11 12 0.1840495877667025 0.6928127599433641 Penicillium-commune
11 12 -0.04236595350639759 0.9281418522170654 Penicillium-cvjetkovicii
11 12 -0.4046034257278312 0.36793719925009793 Penicillium-polonicum
11 12 -0.228331214482552 0.6223978707256104 Penicillium-chrysogenum
11 12 -0.21162339993727794 0.6487273258187651 Penicillium-solitum
11 12 0.010527460947477162 0.9821290175573338 Penicillium-mb
11 12 -0.5480870647747524 0.2027484071701117 Penicillium-brevicompactum
11 12 -0.40118378411808414 0.3723880550509438 Penicillium-verrucosum
11 12 -0.11784632711457123 0.801324169901869 Penicillium-commune
11 12 0.07976714409872565 0.8650134940321085 Penicillium-cvjetkovicii
11 12 -0.29077657324166484 0.5269637360195578 Penicillium-polonicum
11 12 0.4226263265086947 0.34484699679034303 Penicillium-chrysogenum
11 12 -0.6266191328301443 0.1321113641247382 Penicillium-solitum
11 12 0.3616561960233195 0.4253848050250297 Penicillium-mb
11 12 -0.3805192732284556 0.3997443611182648 Penicillium-brevicompactum
11 12 -0.42122755437939663 0.34661664011969007 Penicillium-verrucosum
11 12 0.3492058618404803 0.44264484720170183 Penicillium-commune
11 12 0.3048110059700021 0.5062366302535829 Penicillium-cvjetkovicii
11 12 0.4328940146687288 0.33197440174933956 Penicillium-polonicum
11 10 0.2481807224976746 0.5915300104698119 Penicillium-chrysogenum
11 10 0.09020149651558095 0.8474913823900537 Penicillium-solitum
11 10 0.09329105551599916 0.8423124744637299 Penicillium-mb
11 10 -0.20721557098811388 0.6557234439951665 Penicillium-brevicompactum
11 10 -0.09785273860021207 0.8346742004558603 Penicillium-verrucosum
11 10 -0.2609377472688243 0.5719440024721878 Penicillium-commune
11 10 0.2209607099757535 0.6339752175115683 Penicillium-cvjetkovicii
11 10 0.20399954987573757 0.6608406014864727 Penicillium-polonicum
11 12 -0.2859356483764883 0.5341785295121229 Penicillium-chrysogenum
11 12 -0.32503044066512504 0.4768901148732294 Penicillium-solitum
11 12 -0.4837806656875791 0.2713423241174433 Penicillium-mb
11 12 -0.08881748889447653 0.8498127658941987 Penicillium-brevicompactum
11 12 -0.25351162149715833 0.583320634722068 Penicillium-verrucosum
11 12 0.4108169135508941 0.3599064959642752 Penicillium-commune
11 12 -0.35924903084287557 0.42870137116221113 Penicillium-cvjetkovicii
11 12 0.47098723546432136 0.28607704549822405 Penicillium-polonicum
11 12 0.2856345737429181 0.534628328998098 Penicillium-chrysogenum
11 12 0.4405008166329274 0.32257265432455784 Penicillium-solitum
11 12 0.302315734941266 0.5099008952614521 Penicillium-mb
11 12 -0.37571570101851487 0.40621435460749405 Penicillium-brevicompactum
11 12 -0.3558164943286928 0.43344778228660497 Penicillium-verrucosum
11 12 -0.6064594474458552 0.14881378972200052 Penicillium-commune
11 12 0.27839858955643026 0.5454764801647959 Penicillium-cvjetkovicii
11 12 0.43733923801280344 0.32646619275986183 Penicillium-polonicum
11 10 -0.17142907516079384 0.7132303865158779 Penicillium-chrysogenum
11 10 0.23903957405168036 0.6056876230851007 Penicillium-solitum
11 10 0.1902441103892626 0.6828442688590028 Penicillium-mb
11 10 -0.3988911124903549 0.37538436082135795 Penicillium-brevicompactum
11 10 -0.055088649427307464 0.9066204469519545 Penicillium-verrucosum
11 10 0.07717597801137314 0.8693718219327622 Penicillium-commune
11 10 -0.093935844807586 0.8412322037768165 Penicillium-cvjetkovicii
11 10 0.16481930920403162 0.723979034420901 Penicillium-polonicum
11 12 -0.6465920901544701 0.1165601962202955 Penicillium-chrysogenum
11 12 -0.3221157468179052 0.48108185693844036 Penicillium-solitum
11 12 0.24818015642414995 0.5915308840608868 Penicillium-mb
11 12 -0.5492789465728517 0.20156605103371217 Penicillium-brevicompactum
11 12 -0.3510590086772871 0.4400592530683237 Penicillium-verrucosum
11 12 0.07197774129210309 0.8781230741260289 Penicillium-commune
11 12 0.22095994728421745 0.6339764186400707 Penicillium-cvjetkovicii
11 12 0.08026058541844218 0.8641838337969359 Penicillium-polonicum
11 12 0.5189392575551708 0.2326852696330464 Penicillium-chrysogenum
11 12 0.5153437669425307 0.2365124184389289 Penicillium-solitum
11 12 0.5819988299708233 0.17041812313832289 Penicillium-mb
11 12 -0.8843978941541247 0.008192723463008774 Penicillium-brevicompactum
11 12 0.3285367477617692 0.4718651813166485 Penicillium-verrucosum
11 12 -0.5096682184074417 0.2426127683784396 Penicillium-commune
11 12 0.4849613767826163 0.2700001399628342 Penicillium-cvjetkovicii
11 12 0.2823772749856763 0.5395027222273925 Penicillium-polonicum
11 12 -0.010476835964218237 0.9822149469798009 Penicillium-chrysogenum
11 12 -0.293991485248682 0.5221906286589879 Penicillium-solitum
11 12 -0.2345900347877413 0.6126149350497562 Penicillium-mb
11 12 0.08349506914255898 0.8587479357673191 Penicillium-brevicompactum
11 12 0.06327342809369507 0.89279858513306 Penicillium-verrucosum
11 12 -0.31917843140844737 0.48531947982288 Penicillium-commune
11 12 0.08257192610857637 0.860298932368108 Penicillium-cvjetkovicii
11 12 -0.38635582305139543 0.3919387267218584 Penicillium-polonicum
11 12 -0.38450529544089646 0.3944069124151269 Penicillium-chrysogenum
11 12 0.11548315511721871 0.8052543860701913 Penicillium-solitum
11 12 -0.3062726312070559 0.5040945284692775 Penicillium-mb
11 12 -0.4843261082262033 0.27072191341474144 Penicillium-brevicompactum
11 12 0.19920778111677717 0.6684844686471519 Penicillium-verrucosum
11 12 -0.12564018108158587 0.7883860770463139 Penicillium-commune
11 12 0.1598620944829739 0.7320641557593348 Penicillium-cvjetkovicii
11 12 -0.28410422660612034 0.5369165881402561 Penicillium-polonicum
11 12 -0.0009516330554837224 0.99838445828043 Penicillium-chrysogenum
11 12 -0.09994168600201346 0.8311797955159802 Penicillium-solitum
11 12 -0.05445897271295332 0.907684612251076 Penicillium-mb
11 12 -0.08385107906180328 0.8581498905200151 Penicillium-brevicompactum
11 12 -0.06549931025766749 0.8890432861241598 Penicillium-verrucosum
11 12 -0.2192516501742007 0.6366683369535924 Penicillium-commune
11 12 -0.013469988567385528 0.977134711662627 Penicillium-cvjetkovicii
11 12 -0.22016844435867144 0.6352232646290055 Penicillium-polonicum
11 10 -0.3856018521180782 0.39294360471837847 Penicillium-chrysogenum
11 10 0.2534850232574107 0.5833615074448004 Penicillium-solitum
11 10 0.23586887849925683 0.6106215810747723 Penicillium-mb
11 10 -0.3360182990003922 0.46120846112382896 Penicillium-brevicompactum
11 10 0.08074839035887997 0.8633637479437178 Penicillium-verrucosum
11 10 0.1253644627033637 0.7888431359256111 Penicillium-commune
11 10 -0.32877230061039825 0.47152830194464435 Penicillium-cvjetkovicii
11 10 0.008697233493232657 0.9852356762641433 Penicillium-polonicum
9 10 0.4002476087033572 0.3736103623030363 Penicillium-chrysogenum
9 10 0.33720010352537294 0.4595333050968116 Penicillium-solitum
9 10 0.49901569719615413 0.2542564121000136 Penicillium-mb
9 10 0.16460504433702675 0.7243280798602026 Penicillium-brevicompactum
9 10 0.49611589205148005 0.25746944320120485 Penicillium-verrucosum
9 10 -0.6862344502079043 0.08866915235106519 Penicillium-commune
9 10 0.4048806354220696 0.36757735881913 Penicillium-cvjetkovicii
9 10 -0.10478434823375755 0.823087535679935 Penicillium-polonicum
11 12 0.25872678984862457 0.5753238202283222 Penicillium-chrysogenum
11 12 0.1186341553663843 0.8000146609856899 Penicillium-solitum
11 12 0.2549741360008471 0.5810745946470837 Penicillium-mb
11 12 -0.39889111234109176 0.37538436101675016 Penicillium-brevicompactum
11 12 -0.03543328686204421 0.9398843386865607 Penicillium-verrucosum
11 12 -0.5694887415408585 0.18202655485098848 Penicillium-commune
11 12 0.023826838969044348 0.9595617829029448 Penicillium-cvjetkovicii
11 12 -0.28237832162893745 0.5395011536161542 Penicillium-polonicum
11 12 0.6971700892763674 0.08167663771571652 Penicillium-chrysogenum
11 12 0.713144410064618 0.07200938011464271 Penicillium-solitum
11 12 0.6906214489378169 0.08582745577065638 Penicillium-mb
11 12 -0.6935839310713541 0.08393618619107186 Penicillium-brevicompactum
11 12 0.2480957643611039 0.5916611262190871 Penicillium-verrucosum
11 12 0.5985614663206877 0.15563014989909904 Penicillium-commune
11 12 0.5604006847659165 0.19069380963300617 Penicillium-cvjetkovicii
11 12 0.6709994520503478 0.09891740209721134 Penicillium-polonicum
11 12 0.16063757820844587 0.730798038496772 Penicillium-chrysogenum
11 12 -0.1634047350428256 0.726284128991166 Penicillium-solitum
11 12 -0.17829429637059258 0.7021061279093099 Penicillium-mb
11 12 0.08881686866474361 0.8498138063943999 Penicillium-brevicompactum
11 12 -0.2708806762324779 0.5568227989835786 Penicillium-verrucosum
11 12 -0.057446892268337185 0.9026359701631208 Penicillium-commune
11 12 -0.19395430302807917 0.6768910723447041 Penicillium-cvjetkovicii
11 12 0.02454805866333767 0.9583384766990115 Penicillium-polonicum
11 12 -0.4202469932473859 0.34785945807086716 Penicillium-chrysogenum
11 12 -0.3682632745531258 0.41633294843792085 Penicillium-solitum
11 12 0.2343704445192105 0.6129574052318596 Penicillium-mb
11 12 0.7017317270513743 0.07884976910224764 Penicillium-brevicompactum
11 12 0.6917922408011686 0.0850773454728354 Penicillium-verrucosum
11 12 0.4606809258561466 0.29819943412236083 Penicillium-commune
11 12 0.42854080508961084 0.3374066561759386 Penicillium-cvjetkovicii
11 12 -0.7296515452428538 0.0627021270762733 Penicillium-polonicum
7 12 -0.3499872320830387 0.4415539448311829 Penicillium-chrysogenum
7 12 -0.20598735395842502 0.6576764642739461 Penicillium-solitum
7 12 -0.37341702331385906 0.40932497546867025 Penicillium-mb
7 12 -0.2526268465186899 0.5846807157054102 Penicillium-brevicompactum
7 12 -0.5504681769006721 0.20038963494030762 Penicillium-verrucosum
7 12 -0.2756856818585545 0.5495621267448301 Penicillium-commune
7 12 -0.42887123885840867 0.33699300234035884 Penicillium-cvjetkovicii
7 12 -0.20584959129112457 0.6578956210780461 Penicillium-polonicum
11 12 -0.1786002043038577 0.701611409591153 Penicillium-chrysogenum
11 12 -0.12576068563708173 0.788186331564657 Penicillium-solitum
11 12 -0.03772655949619733 0.9359989722300825 Penicillium-mb
11 12 0.1505732701889428 0.7472667563669085 Penicillium-brevicompactum
11 12 -0.4411403862658149 0.32178745796450714 Penicillium-verrucosum
11 12 0.0574465491329098 0.9026365498066874 Penicillium-commune
11 12 -0.2663296134778191 0.5637280284607977 Penicillium-cvjetkovicii
11 12 -0.42177123096769403 0.34592836001135924 Penicillium-polonicum
11 12 -0.4972180538761556 0.25624605280770685 Penicillium-chrysogenum
11 12 0.24594403341936513 0.5949848268109399 Penicillium-solitum
11 12 -0.4760424278859611 0.2802130145426932 Penicillium-mb
11 12 0.5364390244752278 0.21447730695458028 Penicillium-brevicompactum
11 12 0.537084527415709 0.21381909848273079 Penicillium-verrucosum
11 12 0.1831110844781579 0.6943261518343802 Penicillium-commune
11 12 0.42686875037763733 0.339503118175703 Penicillium-cvjetkovicii
11 12 -0.511632535387685 0.24049326030588672 Penicillium-polonicum
11 10 -0.027789209771576933 0.9528417859254621 Penicillium-chrysogenum
11 10 0.35164773662018856 0.43923903538646397 Penicillium-solitum
11 10 0.3063671882928863 0.5039560583400434 Penicillium-mb
11 10 -0.4779553675703367 0.278008189598164 Penicillium-brevicompactum
11 10 -0.06230891286684882 0.8944263225874197 Penicillium-verrucosum
11 10 -0.6914328685906115 0.08530721940702381 Penicillium-commune
11 10 -0.5046817024794469 0.24803189790505134 Penicillium-cvjetkovicii
11 10 0.3351080584360822 0.46250022218822473 Penicillium-polonicum
11 12 -0.4048859989180297 0.3675703979994497 Penicillium-chrysogenum
11 12 0.13700615028157329 0.7695879015699726 Penicillium-solitum
11 12 0.09740616607038953 0.8354215122644171 Penicillium-mb
11 12 -0.2066912297035762 0.6565570228873723 Penicillium-brevicompactum
11 12 -0.4315052514636912 0.3337033253312794 Penicillium-verrucosum
11 12 -0.20920039681020175 0.6525706160409518 Penicillium-commune
11 12 0.012570499251982665 0.9786613437070377 Penicillium-cvjetkovicii
11 12 -0.008822126242822763 0.9850236761508452 Penicillium-polonicum
11 10 -0.6578799382097618 0.10821393604651719 Penicillium-chrysogenum
11 10 -0.2066222751362823 0.6566666654577586 Penicillium-solitum
11 10 -0.24885949772337035 0.5904827754161457 Penicillium-mb
11 10 0.42503872582808383 0.3418039458479338 Penicillium-brevicompactum
11 10 0.4250387258280495 0.3418039458479772 Penicillium-verrucosum
11 10 -0.39447186516006594 0.3811874892498012 Penicillium-commune
11 10 -0.3503854659636065 0.4409983465832259 Penicillium-cvjetkovicii
11 10 -0.48580242502625076 0.2690459068019095 Penicillium-polonicum
11 12 -0.27907714927006544 0.5444561308241015 Penicillium-chrysogenum
11 12 -0.3236291810776679 0.478903670894637 Penicillium-solitum
11 12 0.21687347685183916 0.6404211286122192 Penicillium-mb
11 12 0.10729065732992578 0.8189042562594746 Penicillium-brevicompactum
11 12 -0.8132414443355859 0.02610724892673202 Penicillium-verrucosum
11 12 0.39333915927795776 0.38268071836205414 Penicillium-commune
11 12 0.11394437646126147 0.8078153030147766 Penicillium-cvjetkovicii
11 12 -0.4485990233605175 0.3126916576660264 Penicillium-polonicum
11 12 0.581998878561789 0.17041807877951762 Penicillium-chrysogenum
11 12 0.5138162028487062 0.23814721240344267 Penicillium-solitum
11 12 0.5689197931870889 0.1825633987186334 Penicillium-mb
11 12 -0.8843964363032427 0.008192975099342074 Penicillium-brevicompactum
11 12 0.3469901295854637 0.44574384696182456 Penicillium-verrucosum
11 12 -0.47841849634722283 0.27747557008137136 Penicillium-commune
11 12 0.4897707442083693 0.2645642142434382 Penicillium-cvjetkovicii
11 12 0.2823779971093021 0.5395016399757351 Penicillium-polonicum
11 12 -0.1832503079236457 0.6941015947121412 Penicillium-chrysogenum
11 12 -0.45794457310850223 0.3014552686064451 Penicillium-solitum
11 12 -0.23371059723161536 0.6139868311319725 Penicillium-mb
11 12 -0.3005450841546445 0.512506614044305 Penicillium-brevicompactum
11 12 -0.488061270408872 0.2664906515415096 Penicillium-verrucosum
11 12 -0.20662146042558005 0.6566679609338528 Penicillium-commune
11 12 -0.42887123859664666 0.33699300266796045 Penicillium-cvjetkovicii
11 12 -0.20676221318191967 0.6564441593222909 Penicillium-polonicum
11 12 -0.4562564396965831 0.3034716324230219 Penicillium-chrysogenum
11 12 0.1341867842486138 0.7742428056468886 Penicillium-solitum
11 12 -0.23315839829762575 0.6148487024839925 Penicillium-mb
11 12 -0.1968198043115603 0.672302343833428 Penicillium-brevicompactum
11 12 -0.07618128461895174 0.8710455947296996 Penicillium-verrucosum
11 12 0.21177872802490263 0.6484811595779154 Penicillium-commune
11 12 -0.16391302438261296 0.7254556651657347 Penicillium-cvjetkovicii
11 12 0.27385044902268435 0.5523316306805686 Penicillium-polonicum
9 10 -0.41556692623662833 0.3538169025329261 Penicillium-chrysogenum
9 10 0.1370679557786324 0.7694859189633982 Penicillium-solitum
9 10 -0.415566929098326 0.3538168988772275 Penicillium-mb
9 10 0.5458406943607365 0.20498583742404422 Penicillium-brevicompactum
9 10 0.5458406884715288 0.20498584330523342 Penicillium-verrucosum
9 10 0.10414666967972967 0.8241524198157273 Penicillium-commune
9 10 0.38173516922035794 0.39811319646220955 Penicillium-cvjetkovicii
9 10 -0.5118186392137993 0.24029290098503667 Penicillium-polonicum
11 8 -0.5668161981891741 0.1845549875838102 Penicillium-chrysogenum
11 8 0.3245423118031916 0.47759118894290864 Penicillium-solitum
11 8 0.27962084305487733 0.5436390326299578 Penicillium-mb
11 8 0.09843183915242838 0.8337052584699681 Penicillium-brevicompactum
11 8 0.08645543412030549 0.8537766051600887 Penicillium-verrucosum
11 8 0.8070399845238337 0.028228365729803386 Penicillium-commune
11 8 -0.47723751252397195 0.2788346623376132 Penicillium-cvjetkovicii
11 8 0.3842398899018369 0.3947614116010042 Penicillium-polonicum
11 12 0.5917663428014054 0.16161662623965217 Penicillium-chrysogenum
11 12 0.60035085190866 0.15407244111397486 Penicillium-solitum
11 12 0.5786422745216819 0.17349589597380755 Penicillium-mb
11 12 -0.8843963075058399 0.008192997330984393 Penicillium-brevicompactum
11 12 0.3691345010859949 0.4151450026788298 Penicillium-verrucosum
11 12 -0.5640527909437365 0.18718724676182993 Penicillium-commune
11 12 0.5272021594197364 0.22400087875026273 Penicillium-cvjetkovicii
11 12 0.28237806090579604 0.5395015443635243 Penicillium-polonicum
11 10 -0.8881411115199631 0.007561294701370367 Penicillium-chrysogenum
11 10 0.597149206041525 0.15686508227452883 Penicillium-solitum
11 10 0.6047364794457765 0.15028776396961563 Penicillium-mb
11 10 0.5385105234030102 0.21236844327105134 Penicillium-brevicompactum
11 10 0.535092095570081 0.21585384071179053 Penicillium-verrucosum
11 10 0.05306673946154493 0.9100379001913868 Penicillium-commune
11 10 0.6073741094933188 0.14803427140887668 Penicillium-cvjetkovicii
11 10 0.24919292249074507 0.589968564604761 Penicillium-polonicum
11 12 0.27916206083467837 0.5443284936285391 Penicillium-chrysogenum
11 12 -0.8158514148937788 0.025242300013504946 Penicillium-solitum
11 12 0.3296548091149504 0.4702669500261974 Penicillium-mb
11 12 -0.02578614531313685 0.9562386325144536 Penicillium-brevicompactum
11 12 0.09466271218291555 0.8400146581562441 Penicillium-verrucosum
11 12 0.16642331621165007 0.7213672579810461 Penicillium-commune
11 12 -0.11755276264958477 0.801812220333367 Penicillium-cvjetkovicii
11 12 -0.6834722394757526 0.09048348862000219 Penicillium-polonicum
11 12 0.38385252719642077 0.3952790359971094 Penicillium-chrysogenum
11 12 -0.7229218461829696 0.06641284849568667 Penicillium-solitum
11 12 0.49939136043377647 0.25384152462017606 Penicillium-mb
11 12 0.3817436083334496 0.3981018843882081 Penicillium-brevicompactum
11 12 -0.717372578648699 0.06955934799223802 Penicillium-verrucosum
11 12 0.055572401037158665 0.9058029731576851 Penicillium-commune
11 12 0.43286515027749767 0.33201029714325975 Penicillium-cvjetkovicii
11 12 0.2161612690303509 0.6415461922695578 Penicillium-polonicum
11 6 0.0039491690421864555 0.9932957346887912 Penicillium-chrysogenum
11 6 0.07069387660357938 0.8802860142705209 Penicillium-solitum
11 6 -0.00871714121567605 0.9852018837082082 Penicillium-mb
11 6 0.6161660782338801 0.14064638148956018 Penicillium-brevicompactum
11 6 0.6174708555492585 0.13956623180618852 Penicillium-verrucosum
11 6 0.6929987657869013 0.08430799012443702 Penicillium-commune
11 6 0.29225179933122647 0.5247716740283617 Penicillium-cvjetkovicii
11 6 -0.8996897154443598 0.005795236796208243 Penicillium-polonicum
11 12 -0.31997246908769816 0.4841726176316338 Penicillium-chrysogenum
11 12 -0.2913358831828844 0.5261322847516632 Penicillium-solitum
11 12 0.12319812764969237 0.7924359409114671 Penicillium-mb
11 12 -0.7277367918701879 0.06374619246239956 Penicillium-brevicompactum
11 12 0.4103449827890164 0.36051387584991 Penicillium-verrucosum
11 12 0.2182598098917705 0.6382327297880562 Penicillium-commune
11 12 0.22358226042606472 0.6298504425763887 Penicillium-cvjetkovicii
11 12 -0.4418199820072152 0.32095402557470604 Penicillium-polonicum
11 12 -0.631864680544367 0.1279306240863679 Penicillium-chrysogenum
11 12 -0.5370004064010255 0.2139048207976231 Penicillium-solitum
11 12 -0.3166704137874261 0.48894828464161444 Penicillium-mb
11 12 -0.6377610540954604 0.12331311149411464 Penicillium-brevicompactum
11 12 0.3712473908767723 0.41226952200299233 Penicillium-verrucosum
11 12 -0.25000875363268976 0.5887109586916874 Penicillium-commune
11 12 0.2654295048152079 0.5650969649778643 Penicillium-cvjetkovicii
11 12 -0.06898539973021767 0.8831652191578753 Penicillium-polonicum
5 12 -0.21655646436621842 0.6409218408821507 Penicillium-chrysogenum
5 12 -0.19953040645188194 0.667969091538525 Penicillium-solitum
5 12 -0.39012769242269485 0.38692717576665464 Penicillium-mb
5 12 -0.37124746646221335 0.4122694192769849 Penicillium-brevicompactum
5 12 -0.43765448093986314 0.3260770652045985 Penicillium-verrucosum
5 12 -0.19991774549046368 0.6673504746017545 Penicillium-commune
5 12 -0.42887123799614213 0.33699300341950683 Penicillium-cvjetkovicii
5 12 -0.1111313191521267 0.8125004579588422 Penicillium-polonicum
11 12 -0.28593564838575003 0.5341785294982879 Penicillium-chrysogenum
11 12 0.01652985031172346 0.9719418881617945 Penicillium-solitum
11 12 0.045150797978428386 0.9234277303386893 Penicillium-mb
11 12 0.0037371639883968266 0.9936556376705681 Penicillium-brevicompactum
11 12 -0.28062115639459 0.5421367534375063 Penicillium-verrucosum
11 12 0.5055787072698791 0.24705299164352754 Penicillium-commune
11 12 0.060594176387795996 0.8973208748253301 Penicillium-cvjetkovicii
11 12 0.5432495913702505 0.2075812245560184 Penicillium-polonicum
11 12 0.2737816790500781 0.5524354977180811 Penicillium-chrysogenum
11 12 -0.891336524698538 0.007045330030686245 Penicillium-solitum
11 12 0.4897697329750205 0.2645653519437066 Penicillium-mb
11 12 0.6830346067999662 0.0907727235555614 Penicillium-brevicompactum
11 12 0.7386625022196149 0.0579137118466734 Penicillium-verrucosum
11 12 0.437943010573988 0.3257210863987222 Penicillium-commune
11 12 0.4902282453006476 0.26404972526981546 Penicillium-cvjetkovicii
11 12 -0.6115985602182764 0.14446068927976213 Penicillium-polonicum
11 12 -0.011678180932385518 0.980175856173755 Penicillium-chrysogenum
11 12 0.21456220780415133 0.6440741882104468 Penicillium-solitum
11 12 0.17269070206111964 0.7111829860416798 Penicillium-mb
11 12 0.053041028465347397 0.9100813643774717 Penicillium-brevicompactum
11 12 -0.361530204305112 0.425558148768051 Penicillium-verrucosum
11 12 -0.23448692126615517 0.6127757426114058 Penicillium-commune
11 12 0.2045382832374055 0.6599826605114336 Penicillium-cvjetkovicii
11 12 -0.6463059640808939 0.1167759243498468 Penicillium-polonicum
11 10 0.33764049060968926 0.4589096528734667 Penicillium-chrysogenum
11 10 0.473074485685657 0.28364925429480503 Penicillium-solitum
11 10 0.4306903637985755 0.33471959028905013 Penicillium-mb
11 10 0.40488473392409535 0.3675720397212902 Penicillium-brevicompactum
11 10 0.4059872684160717 0.36614230487814603 Penicillium-verrucosum
11 10 0.42691309996879434 0.33944744056789206 Penicillium-commune
11 10 -0.8279642269776814 0.021441480298858315 Penicillium-cvjetkovicii
11 10 0.5594866549620353 0.19157635077334184 Penicillium-polonicum
11 12 -0.21145863613681337 0.6489884736932532 Penicillium-chrysogenum
11 12 -0.13830837863292406 0.7674397103372093 Penicillium-solitum
11 12 -0.035888987127164165 0.9391121931795829 Penicillium-mb
11 12 -0.43334788360023446 0.3314101938291628 Penicillium-brevicompactum
11 12 0.15040544548903806 0.7475420409419452 Penicillium-verrucosum
11 12 0.05744658738024943 0.9026364851971392 Penicillium-commune
11 12 -0.3149430983882076 0.491453105552203 Penicillium-cvjetkovicii
11 12 -0.3118349245308945 0.49597176729641934 Penicillium-polonicum
11 12 -0.2061369836098958 0.6574384512041804 Penicillium-chrysogenum
11 12 -0.278640222567722 0.5451130649663436 Penicillium-solitum
11 12 -0.3967295567445263 0.3782182794008515 Penicillium-mb
11 12 -0.1698967783831065 0.7157188772812526 Penicillium-brevicompactum
11 12 0.22046645862482342 0.6347537254259678 Penicillium-verrucosum
11 12 0.5542509426382124 0.19666965903487799 Penicillium-commune
11 12 -0.3140271404065518 0.49278320221119476 Penicillium-cvjetkovicii
11 12 0.2174238649711292 0.6395520635857401 Penicillium-polonicum
9 12 -0.3968882696690969 0.37800990276706775 Penicillium-chrysogenum
9 12 -0.2379569678712064 0.607370951062245 Penicillium-solitum
9 12 -0.27256605852769344 0.5542725612365464 Penicillium-mb
9 12 0.371247415694644 0.41226948827373283 Penicillium-brevicompactum
9 12 -0.7446110196617515 0.05486552911106511 Penicillium-verrucosum
9 12 -0.5816643718745832 0.17072358553184838 Penicillium-commune
9 12 0.26542952045914536 0.5650969411764875 Penicillium-cvjetkovicii
9 12 -0.21057691652774693 0.6503864696561878 Penicillium-polonicum
11 12 -0.382151574221608 0.39755518572411647 Penicillium-chrysogenum
11 12 -0.050567169940547496 0.9142642191024674 Penicillium-solitum
11 12 -0.12319854589896312 0.7924352469733033 Penicillium-mb
11 12 0.38018303739691206 0.40019590055121945 Penicillium-brevicompactum
11 12 -0.6274955262608705 0.13140810505412023 Penicillium-verrucosum
11 12 0.43359230717781966 0.3311065187429181 Penicillium-commune
11 12 0.1290677738770635 0.7827082120581579 Penicillium-cvjetkovicii
11 12 -0.6927456029729252 0.08446911542822585 Penicillium-polonicum
11 12 -0.16730214319469502 0.7199371899659193 Penicillium-chrysogenum
11 12 -0.13574794085982317 0.771664591450472 Penicillium-solitum
11 12 -0.03042164927792829 0.9483784991528164 Penicillium-mb
11 12 -0.4397612065877755 0.323481696955036 Penicillium-brevicompactum
11 12 0.14986345839330503 0.7484312134800871 Penicillium-verrucosum
11 12 0.05744660917884597 0.9026364483737292 Penicillium-commune
11 12 -0.2686657998158748 0.5601799738398687 Penicillium-cvjetkovicii
11 12 -0.41877207802672917 0.34973236374946787 Penicillium-polonicum
11 12 -0.5152833247004432 0.2365770038611332 Penicillium-chrysogenum
11 12 0.35539119465988195 0.4340372669207382 Penicillium-solitum
11 12 0.3344311840077491 0.4634616673518881 Penicillium-mb
11 12 -0.2745732868125348 0.5512402734284745 Penicillium-brevicompactum
11 12 -0.06968382055656046 0.8819880827555172 Penicillium-verrucosum
11 12 0.4308198268972152 0.334558046028943 Penicillium-commune
11 12 -0.40426976253993496 0.368370512886977 Penicillium-cvjetkovicii
11 12 0.4730037879287136 0.2837313354502297 Penicillium-polonicum
9 12 -0.2859356483950118 0.534178529484453 Penicillium-chrysogenum
9 12 0.06989929570275008 0.8816249501872029 Penicillium-solitum
9 12 0.11322299033679688 0.8090163431277722 Penicillium-mb
9 12 0.15143182267874736 0.7458587984460139 Penicillium-brevicompactum
9 12 -0.6878477266108054 0.08761845634208862 Penicillium-verrucosum
9 12 -0.11669159476503407 0.8032442056412792 Penicillium-commune
9 12 0.15019935832366949 0.7478801170067375 Penicillium-cvjetkovicii
9 12 0.3964471617582663 0.3785891556190437 Penicillium-polonicum
11 12 0.4421445775435076 0.3205562819162796 Penicillium-chrysogenum
11 12 0.04772757514460836 0.9190674045133196 Penicillium-solitum
11 12 0.44214457762490933 0.3205562818165606 Penicillium-mb
11 12 -0.13214054628353616 0.7776246170761371 Penicillium-brevicompactum
11 12 -0.1467710628393009 0.7535087491662622 Penicillium-verrucosum
11 12 -0.23448692115367994 0.6127757427868196 Penicillium-commune
11 12 0.3281538110746681 0.4724130309753294 Penicillium-cvjetkovicii
11 12 -0.40946939829805445 0.3616418863642734 Penicillium-polonicum
11 8 -0.033423864257942734 0.9432895752665372 Penicillium-chrysogenum
11 8 -0.008663559701159972 0.9852928362080029 Penicillium-solitum
11 8 0.061281712216248854 0.8961601732431683 Penicillium-mb
11 8 0.4643239234196694 0.29388904254620984 Penicillium-brevicompactum
11 8 0.4643239227748546 0.29388904330669896 Penicillium-verrucosum
11 8 0.6045016994344039 0.15048917880243473 Penicillium-commune
11 8 -0.2137509952591057 0.645357699077022 Penicillium-cvjetkovicii
11 8 -0.618693635202589 0.13855778575423414 Penicillium-polonicum
11 10 0.4063997507585521 0.36560799986090664 Penicillium-chrysogenum
11 10 -0.5868461429606818 0.16602135521813896 Penicillium-solitum
11 10 -0.6930603793554413 0.08426880088429939 Penicillium-mb
11 10 0.6346086957341586 0.12577095277090974 Penicillium-brevicompactum
11 10 0.6346086940097365 0.12577095412220568 Penicillium-verrucosum
11 10 -0.3715820366184205 0.41181481287159616 Penicillium-commune
11 10 0.5277905030487801 0.22338844666482405 Penicillium-cvjetkovicii
11 10 -0.13347751500794547 0.7754146938827463 Penicillium-polonicum
11 12 -0.6184558894072644 0.13875356875611375 Penicillium-chrysogenum
11 12 -0.31196044145807145 0.4957890075146152 Penicillium-solitum
11 12 0.24752783403502962 0.5925378389320424 Penicillium-mb
11 12 0.3731674220358342 0.4096633032991445 Penicillium-brevicompactum
11 12 0.39803122557006926 0.37651067947938616 Penicillium-verrucosum
11 12 -0.25185867000485457 0.5858623513497532 Penicillium-commune
11 12 -0.44633891196916714 0.3154359308642245 Penicillium-cvjetkovicii
11 12 -0.0616896957330114 0.8954714828477178 Penicillium-polonicum
11 12 -0.03147643995814293 0.9465904032809411 Penicillium-chrysogenum
11 12 -0.370726123353356 0.412978200216711 Penicillium-solitum
11 12 0.010029468019075775 0.9829743026134872 Penicillium-mb
11 12 -0.27340038917158804 0.5530114956282843 Penicillium-brevicompactum
11 12 -0.43150525135241713 0.33370332546996206 Penicillium-verrucosum
11 12 -0.3959276958976394 0.379271768788906 Penicillium-commune
11 12 -0.276121956142982 0.5489044238531521 Penicillium-cvjetkovicii
11 12 -0.21503089094673558 0.6433329517044037 Penicillium-polonicum
11 12 -0.44317101411627924 0.31929993723371775 Penicillium-chrysogenum
11 12 -0.056009479440406754 0.9050644275255684 Penicillium-solitum
11 12 -0.2930991817375173 0.5235139348429244 Penicillium-mb
11 12 -0.07564054908824672 0.8719556525317808 Penicillium-brevicompactum
11 12 -0.470282755204335 0.2868985460217445 Penicillium-verrucosum
11 12 -0.22659960404045204 0.6251123697128517 Penicillium-commune
11 12 0.17252824587928686 0.7114465469583484 Penicillium-cvjetkovicii
11 12 -0.2984294785318386 0.5156259734373049 Penicillium-polonicum
11 12 -0.09564473989158406 0.8383701070432201 Penicillium-chrysogenum
11 12 -0.05649697744767422 0.9042407504486538 Penicillium-solitum
11 12 -0.07637079915729714 0.8707266685238435 Penicillium-mb
11 12 0.10729434539403238 0.8188981030084996 Penicillium-brevicompactum
11 12 -0.6396144091661571 0.121879683922519 Penicillium-verrucosum
11 12 0.39334138644629546 0.38267777999915137 Penicillium-commune
11 12 -0.11454507039955258 0.8068154329031345 Penicillium-cvjetkovicii
11 12 -0.7326762238814821 0.061071829266196156 Penicillium-polonicum
9 12 0.4831255343058907 0.2720883477878496 Penicillium-chrysogenum
9 12 -0.6871484491037136 0.08807306987713956 Penicillium-solitum
9 12 0.48312554280797876 0.2720883381001885 Penicillium-mb
9 12 0.6484053615519444 0.11519784135015246 Penicillium-brevicompactum
9 12 0.6716717486647089 0.09845274319258732 Penicillium-verrucosum
9 12 -0.4797940119149849 0.2758963704047758 Penicillium-commune
9 12 0.47005292256312775 0.2871667828545495 Penicillium-cvjetkovicii
9 12 0.022452574653552545 0.9618929323530312 Penicillium-polonicum
9 12 -0.38588692097930616 0.392563549215738 Penicillium-chrysogenum
9 12 0.13418668464213623 0.7742429701975513 Penicillium-solitum
9 12 -0.3869831035547564 0.3911034854738805 Penicillium-mb
9 12 -0.09484749811859136 0.8397051711914254 Penicillium-brevicompactum
9 12 -0.19681994351923043 0.6723021211055193 Penicillium-verrucosum
9 12 0.2928646813383072 0.5238618928956258 Penicillium-commune
9 12 -0.23611470367590595 0.6102386279401164 Penicillium-cvjetkovicii
9 12 0.16626667950894433 0.7216222123588434 Penicillium-polonicum
11 12 0.4088957928567882 0.3623816499115295 Penicillium-chrysogenum
11 12 0.4069278329914264 0.3649244233398743 Penicillium-solitum
11 12 -0.5509776818203325 0.1998866326991553 Penicillium-mb
11 12 -0.2487225738946275 0.5906939801705461 Penicillium-brevicompactum
11 12 -0.15455756550879166 0.7407375985469873 Penicillium-verrucosum
11 12 0.5669217347388334 0.1844548194189349 Penicillium-commune
11 12 0.21747436363322925 0.6394723423842577 Penicillium-cvjetkovicii
11 12 0.6219870542804062 0.13586006784100643 Penicillium-polonicum
9 12 0.4486934078001169 0.3125772807715719 Penicillium-chrysogenum
9 12 0.3674440930283086 0.4174511365028075 Penicillium-solitum
9 12 -0.7769718667175306 0.03984634798249603 Penicillium-mb
9 12 -0.4686949686869172 0.2887539225007328 Penicillium-brevicompactum
9 12 -0.0036015616764743957 0.9938858386552738 Penicillium-verrucosum
9 12 0.3329539752628603 0.4655624744960557 Penicillium-commune
9 12 0.38496434274359925 0.3937940687371965 Penicillium-cvjetkovicii
9 12 0.3379594241355276 0.4584581925409691 Penicillium-polonicum
11 10 -0.24873959300645507 0.5906677269696865 Penicillium-chrysogenum
11 10 -0.17118610891370487 0.713624835893434 Penicillium-solitum
11 10 -0.24873959549181077 0.5906677231358729 Penicillium-mb
11 10 0.6038852342873109 0.1510186799698929 Penicillium-brevicompactum
11 10 0.46306257733294887 0.29537832831272937 Penicillium-verrucosum
11 10 0.6363650799771724 0.12439846453805836 Penicillium-commune
11 10 0.32608334643967707 0.47537915182857843 Penicillium-cvjetkovicii
11 10 -0.8645115623657685 0.012048588042010977 Penicillium-polonicum
11 12 0.12555689809027268 0.7885241303370558 Penicillium-chrysogenum
11 12 0.27731180066687044 0.5471119889555636 Penicillium-solitum
11 12 0.19776990635174238 0.67078265454888 Penicillium-mb
11 12 -0.14664019611342047 0.7537237817775622 Penicillium-brevicompactum
11 12 -0.16780658921424305 0.7191166248900827 Penicillium-verrucosum
11 12 -0.2344869217812776 0.6127757418080313 Penicillium-commune
11 12 0.025628215739488234 0.9565064763548161 Penicillium-cvjetkovicii
11 12 -0.5749601544698464 0.17690333649736753 Penicillium-polonicum
11 12 -0.1693406639746516 0.7166225179670676 Penicillium-chrysogenum
11 12 -0.3977061581122329 0.3769368257827665 Penicillium-solitum
11 12 -0.16283138814119968 0.727218885072983 Penicillium-mb
11 12 -0.5114166964211508 0.24072572958394067 Penicillium-brevicompactum
11 12 -0.5008149222634685 0.25227214725577685 Penicillium-verrucosum
11 12 -0.3747324427375284 0.40754377717804635 Penicillium-commune
11 12 -0.42887123889317397 0.33699300229684903 Penicillium-cvjetkovicii
11 12 -0.05549176172812595 0.9059392379394178 Penicillium-polonicum
9 12 -0.2647848154554673 0.566078094468569 Penicillium-chrysogenum
9 12 -0.26010382447127833 0.5732180588262656 Penicillium-solitum
9 12 -0.4994879532639465 0.253734896465183 Penicillium-mb
9 12 -0.5094741489983801 0.24282263834953852 Penicillium-brevicompactum
9 12 0.3712474178492911 0.4122694853454134 Penicillium-verrucosum
9 12 -0.4090925696007187 0.36212780172933295 Penicillium-commune
9 12 0.26542952447849844 0.5650969350612665 Penicillium-cvjetkovicii
9 12 -0.3237278443987845 0.4787617951539896 Penicillium-polonicum
11 12 -0.48298446000745704 0.27224911561811527 Penicillium-chrysogenum
11 12 -0.4731956768441206 0.28350857422588244 Penicillium-solitum
11 12 0.3166695589318588 0.48894952316082774 Penicillium-mb
11 12 -0.6547705749325381 0.11048098009287485 Penicillium-brevicompactum
11 12 0.3641775700755007 0.421921553783864 Penicillium-verrucosum
11 12 -0.1701206664654406 0.7153551517635256 Penicillium-commune
11 12 0.3776741256764449 0.40357156196186816 Penicillium-cvjetkovicii
11 12 -0.028183107364811083 0.9521738700769873 Penicillium-polonicum
11 12 0.12312402328622707 0.7925588928649394 Penicillium-chrysogenum
11 12 0.15606713233685363 0.738267044175202 Penicillium-solitum
11 12 -0.09269259628926078 0.8433153004410563 Penicillium-mb
11 12 -0.5406788606150057 0.2101716177930613 Penicillium-brevicompactum
11 12 -0.3329481854384737 0.46557071534760003 Penicillium-verrucosum
11 12 0.1664235153906604 0.7213669337944688 Penicillium-commune
11 12 -0.11755262115541965 0.8018124555795436 Penicillium-cvjetkovicii
11 12 -0.44411628575368134 0.3181448227799383 Penicillium-polonicum
11 12 -0.07604431770605422 0.8712760993540375 Penicillium-chrysogenum
11 12 -0.15514318618605108 0.7397789614675727 Penicillium-solitum
11 12 0.007118192640865101 0.9879160870001182 Penicillium-mb
11 12 -0.7527230066272618 0.05085304567537566 Penicillium-brevicompactum
11 12 0.15190695123969505 0.7450798666650174 Penicillium-verrucosum
11 12 0.023193950521026515 0.9606353169573452 Penicillium-commune
11 12 -0.07998494780873194 0.8646472719791354 Penicillium-cvjetkovicii
11 12 -0.16740585696668014 0.7197684648450662 Penicillium-polonicum
11 12 -0.5276390035557196 0.2235460734476598 Penicillium-chrysogenum
11 12 0.07070821056339313 0.880261862412281 Penicillium-solitum
11 12 -0.2896784116662466 0.5285975147262801 Penicillium-mb
11 12 -0.2137002799786421 0.6454379647123828 Penicillium-brevicompactum
11 12 -0.20371416927172123 0.6612951940401116 Penicillium-verrucosum
11 12 0.40175296660188775 0.3716457097370198 Penicillium-commune
11 12 -0.4079786072972672 0.3635658184939644 Penicillium-cvjetkovicii
11 12 0.4777945103474123 0.27819329016819 Penicillium-polonicum
11 12 0.22826867268942028 0.6224958532511979 Penicillium-chrysogenum
11 12 0.15637630790767845 0.7377612681729879 Penicillium-solitum
11 12 -0.059032862079614334 0.8999572320008121 Penicillium-mb
11 12 -0.5305329579374672 0.22054414428667718 Penicillium-brevicompactum
11 12 0.035549396636559885 0.9396875969321081 Penicillium-verrucosum
11 12 -0.23448692113072642 0.6127757428226175 Penicillium-commune
11 12 -0.1218007712794884 0.7947549701793951 Penicillium-cvjetkovicii
11 12 -0.23318790368351935 0.6148026416061299 Penicillium-polonicum
11 12 -0.46132245009437434 0.29743837378657245 Penicillium-chrysogenum
11 12 -0.4158869390694549 0.3534081981578944 Penicillium-solitum
11 12 0.15397616516293586 0.7416895909550177 Penicillium-mb
11 12 0.38119083998723047 0.39884310409883555 Penicillium-brevicompactum
11 12 -0.7017319474313488 0.0788496338115244 Penicillium-verrucosum
11 12 0.22469790893010325 0.6280973783553281 Penicillium-commune
11 12 0.27446874761317586 0.5513980657186885 Penicillium-cvjetkovicii
11 12 -0.6742267651531739 0.09669728975860567 Penicillium-polonicum
11 12 -0.5940547174730767 0.15958802043138673 Penicillium-chrysogenum
11 12 0.48731725479259086 0.2673310774056461 Penicillium-solitum
11 12 0.4868571327921261 0.26785142291201475 Penicillium-mb
11 12 -0.6484805604519417 0.11514152105443842 Penicillium-brevicompactum
11 12 0.1873966519618505 0.6874220572806027 Penicillium-verrucosum
11 12 0.07693095613806518 0.8697840849871801 Penicillium-commune
11 12 0.41066525308703566 0.36010163827777913 Penicillium-cvjetkovicii
11 12 0.429888510310799 0.3357208832181382 Penicillium-polonicum
9 12 0.24070346283609192 0.6031031707083746 Penicillium-chrysogenum
9 12 0.120558999826314 0.7968168026396498 Penicillium-solitum
9 12 -0.2896784116942973 0.5285975146845261 Penicillium-mb
9 12 0.35672850797241273 0.43218472318211315 Penicillium-brevicompactum
9 12 0.3568922354647725 0.43195812430934455 Penicillium-verrucosum
9 12 -0.10446477120355252 0.8236211828555438 Penicillium-commune
9 12 0.3074014285665589 0.5024423766593655 Penicillium-cvjetkovicii
9 12 0.3303773098651578 0.4692352129289881 Penicillium-polonicum
9 12 -0.39008763840282396 0.38698025777962747 Penicillium-chrysogenum
9 12 -0.33025377550943846 0.46941156230853803 Penicillium-solitum
9 12 -0.28967841174729875 0.5285975146056325 Penicillium-mb
9 12 -0.016880102405098844 0.9713475306252723 Penicillium-brevicompactum
9 12 -0.03019159494941726 0.948768513553367 Penicillium-verrucosum
9 12 -0.5494704034824901 0.20137643372832903 Penicillium-commune
9 12 -0.19168732106416206 0.6805269929141275 Penicillium-cvjetkovicii
9 12 0.18285733470761933 0.6947354771513763 Penicillium-polonicum
11 12 0.14682501216243618 0.7534201064540926 Penicillium-chrysogenum
11 12 0.1405111049038606 0.7638087320302016 Penicillium-solitum
11 12 -0.31592079992363203 0.49003475814322905 Penicillium-mb
11 12 -0.0005005550860040635 0.9991502314000322 Penicillium-brevicompactum
11 12 -0.2718189880705112 0.5554025247366692 Penicillium-verrucosum
11 12 -0.44590795919590015 0.31596038323932774 Penicillium-commune
11 12 -0.38342146530398385 0.39585537308777957 Penicillium-cvjetkovicii
11 12 0.017629311769992814 0.9700762013645882 Penicillium-polonicum
11 12 -0.27601163997715505 0.5490707060945115 Penicillium-chrysogenum
11 12 -0.3021300473449689 0.5101739406289686 Penicillium-solitum
11 12 -0.2896784120990812 0.5285975140819987 Penicillium-mb
11 12 -0.028127159843226546 0.9522687366249081 Penicillium-brevicompactum
11 12 -0.1368458979614067 0.7698523393628167 Penicillium-verrucosum
11 12 0.39129814143551234 0.38537732289516197 Penicillium-commune
11 12 -0.16283372484786837 0.7272150748769275 Penicillium-cvjetkovicii
11 12 0.4391237057190219 0.3242661218707734 Penicillium-polonicum
9 12 -0.18073601727470567 0.6981596862560451 Penicillium-chrysogenum
9 12 -0.26321140295975953 0.5684748809585514 Penicillium-solitum
9 12 0.00011844796389234711 0.9997989164925825 Penicillium-mb
9 12 -0.17176175764432042 0.7126903675413027 Penicillium-brevicompactum
9 12 0.06733740177888382 0.8859434718237534 Penicillium-verrucosum
9 12 -0.6941486339375955 0.08357820988876864 Penicillium-commune
9 12 0.016604328702409438 0.9718155017703567 Penicillium-cvjetkovicii
9 12 -0.007836122859913553 0.9866973930940188 Penicillium-polonicum
