#SPECIES: Penicillium-polonicum Penicillium-solitum Penicillium-commune Penicillium-cvjetkovicii Penicillium-verrucosum Penicillium-chrysogenum Penicillium-brevicompactum Penicillium-mb 
#GENE_TREEs p: 0.06461868384316352 0.41204759287916254 0.13166520380709112 0.17411993399787495 0.0702484232246884 0.18115871525378593 0.18479412970221737 0.18479413791237131 
#GENE_TREEs r: -0.7261496500973122 0.3714107027798789 0.6271748564921772 0.5779652930796942 -0.7161754290783995 0.5704102151649452 0.5665643523129784 0.5665643436694087 
12 8 -0.7261524515876708 0.06461713815172641 Penicillium-polonicum
12 8 0.37140751359895813 0.41205192629815623 Penicillium-solitum
12 8 0.6280075623412956 0.1309981078051808 Penicillium-commune
12 8 0.5495552690416324 0.201292411009532 Penicillium-cvjetkovicii
12 8 -0.49837938721445607 0.25495987033028183 Penicillium-verrucosum
12 8 0.548065137243052 0.20277019053793804 Penicillium-chrysogenum
12 8 0.5239968566813066 0.22735127319120346 Penicillium-brevicompactum
12 8 0.5296188496488689 0.22149028885305191 Penicillium-mb
12 12 -0.4655291743877091 0.2924691020328337 Penicillium-polonicum
12 12 0.33401545165198443 0.4640525460490777 Penicillium-solitum
12 12 -0.6766757973707476 0.09503019298265714 Penicillium-commune
12 12 0.45224160945614017 0.308290723993595 Penicillium-cvjetkovicii
12 12 0.13069283922889952 0.7800189278688228 Penicillium-verrucosum
12 12 0.48524436169560176 0.26967890142026024 Penicillium-chrysogenum
12 12 0.46921267058398064 0.28814838750601807 Penicillium-brevicompactum
12 12 0.37531037466614586 0.4067621720012183 Penicillium-mb
12 12 0.5404924794736805 0.21036002018298994 Penicillium-polonicum
12 12 -0.6336008334392921 0.12656200470909615 Penicillium-solitum
12 12 -0.23754927824636218 0.6080052194001062 Penicillium-commune
12 12 -0.31416207607325414 0.492587177018842 Penicillium-cvjetkovicii
12 12 0.38436800935490456 0.39459026799873387 Penicillium-verrucosum
12 12 0.04883483765399102 0.9171942264980228 Penicillium-chrysogenum
12 12 -0.5669512944731945 0.1844267680645959 Penicillium-brevicompactum
12 12 0.28748377789391016 0.5318676550581312 Penicillium-mb
12 12 -0.3717780139645175 0.4115486145905853 Penicillium-polonicum
12 12 -0.37885729541382807 0.4019782438549751 Penicillium-solitum
12 12 0.0022762068866040903 0.9961358011837557 Penicillium-commune
12 12 0.001343453159804833 0.9977192851387768 Penicillium-cvjetkovicii
12 12 -0.0898844907890199 0.848023016342373 Penicillium-verrucosum
12 12 -0.2081226924234512 0.6542820057110238 Penicillium-chrysogenum
12 12 -0.16863071681844488 0.7177765062454569 Penicillium-brevicompactum
12 12 -0.11329915888171871 0.8088895155464926 Penicillium-mb
12 12 -0.4931026979088312 0.2608276537553185 Penicillium-polonicum
12 12 0.10041371070573737 0.8303904939648497 Penicillium-solitum
12 12 -0.38237890775242467 0.39725067507207135 Penicillium-commune
12 12 -0.47113913005359637 0.2859000574892086 Penicillium-cvjetkovicii
12 12 -0.05560460109055358 0.9057485618300946 Penicillium-verrucosum
12 12 0.25784662020633103 0.5766710408010677 Penicillium-chrysogenum
12 12 0.2737441682608101 0.5524921549807321 Penicillium-brevicompactum
12 12 -0.45788301632845146 0.3015286904104233 Penicillium-mb
12 12 0.07761919289069068 0.8686261478415896 Penicillium-polonicum
12 12 -0.07820251663208742 0.8676448697067715 Penicillium-solitum
12 12 -0.26525519863022495 0.5653621818959972 Penicillium-commune
12 12 0.2312486133619722 0.6178322019777276 Penicillium-cvjetkovicii
12 12 -0.6092025043355949 0.14648219040176155 Penicillium-verrucosum
12 12 0.2824899011517901 0.5393339373105261 Penicillium-chrysogenum
12 12 0.3005813073314845 0.512453261479415 Penicillium-brevicompactum
12 12 0.3040133713160844 0.507406946010941 Penicillium-mb
12 12 -0.5682693699775941 0.18317806491059682 Penicillium-polonicum
12 12 -0.4368445230506573 0.3270772571291757 Penicillium-solitum
12 12 0.1346457905578913 0.7734845951498904 Penicillium-commune
12 12 -0.4633086310749452 0.2950875485441675 Penicillium-cvjetkovicii
12 12 -0.056813923253420114 0.9037052751127952 Penicillium-verrucosum
12 12 -0.5946224092443907 0.15908674334311018 Penicillium-chrysogenum
12 12 0.21725012322822507 0.6398263671605369 Penicillium-brevicompactum
12 12 0.17047463155717726 0.7147801922530526 Penicillium-mb
12 12 -0.4844991907394845 0.27052517580207175 Penicillium-polonicum
12 12 0.3684042422411507 0.41614064458099637 Penicillium-solitum
12 12 0.5277131334046058 0.22346893892274433 Penicillium-commune
12 12 -0.7585537172426225 0.0480715787444226 Penicillium-cvjetkovicii
12 12 0.24398927517360747 0.5980091449903335 Penicillium-verrucosum
12 12 0.5237045650354863 0.22765795894132534 Penicillium-chrysogenum
12 12 0.48882784877637203 0.2656259953768993 Penicillium-brevicompactum
12 12 0.47077967926686853 0.28631896950335567 Penicillium-mb
12 12 0.3091195458756151 0.49993131878365105 Penicillium-polonicum
12 12 -0.6168790997446043 0.14005559056318342 Penicillium-solitum
12 12 0.2750584347774087 0.5505081796956032 Penicillium-commune
12 12 0.271983761403296 0.5551532368066054 Penicillium-cvjetkovicii
12 12 0.29873618288860526 0.5151733491346725 Penicillium-verrucosum
12 12 0.05030472041438096 0.9147080682660977 Penicillium-chrysogenum
12 12 0.023725761107998893 0.9597332325223925 Penicillium-brevicompactum
12 12 -0.07692951418363775 0.8697865112259265 Penicillium-mb
10 12 -0.11548344867363614 0.8052538976494498 Penicillium-polonicum
10 12 0.3267577019664247 0.4744123379627466 Penicillium-solitum
10 12 -0.4093724329937311 0.36176689596870293 Penicillium-commune
10 12 0.22894521371956195 0.6214361701539033 Penicillium-cvjetkovicii
10 12 0.28810224806682705 0.530945410638749 Penicillium-verrucosum
10 12 -0.36736883189272407 0.4175539270529342 Penicillium-chrysogenum
10 12 0.1239135153098674 0.7912491652131688 Penicillium-brevicompactum
10 12 -0.3483312907085959 0.44386707774834316 Penicillium-mb
12 10 -0.18258227014759826 0.6951792520734643 Penicillium-polonicum
12 10 0.06641913522581636 0.8874919223520017 Penicillium-solitum
12 10 0.21947549413156883 0.6363154242654031 Penicillium-commune
12 10 0.26278453995504614 0.5691256761971424 Penicillium-cvjetkovicii
12 10 0.5488973827742218 0.20194420413656416 Penicillium-verrucosum
12 10 0.20363970421835692 0.6614138255915096 Penicillium-chrysogenum
12 10 -0.3077402025247663 0.5019469039461597 Penicillium-brevicompactum
12 10 0.132946229688933 0.7762927307674813 Penicillium-mb
12 12 0.3772406398526249 0.4041559410038233 Penicillium-polonicum
12 12 0.450273059784992 0.31066573031707717 Penicillium-solitum
12 12 -0.35131690056962733 0.43969988577865343 Penicillium-commune
12 12 -0.3045073709811671 0.5066820227145867 Penicillium-cvjetkovicii
12 12 0.6212776561060064 0.1364388811308123 Penicillium-verrucosum
12 12 -0.3819746477465507 0.39779224102690297 Penicillium-chrysogenum
12 12 -0.08199883576824861 0.8612619762777092 Penicillium-brevicompactum
12 12 -0.2837168804726521 0.537496285250237 Penicillium-mb
12 12 0.01995594731002357 0.9661284770779477 Penicillium-polonicum
12 12 0.5897062203724881 0.16345377307904774 Penicillium-solitum
12 12 0.6633267874734567 0.1043014415562545 Penicillium-commune
12 12 0.6611243036804525 0.10587447010351053 Penicillium-cvjetkovicii
12 12 0.4657403287901816 0.2922206486382758 Penicillium-verrucosum
12 12 0.6224879247735858 0.1354521485641632 Penicillium-chrysogenum
12 12 0.5244451230119995 0.22688130897571146 Penicillium-brevicompactum
12 12 -0.8187660818089861 0.02429571658982428 Penicillium-mb
12 12 -0.222059017821647 0.6322462054825222 Penicillium-polonicum
12 12 0.28144505311853485 0.5409004488952148 Penicillium-solitum
12 12 -0.00841483899151848 0.9857150314129441 Penicillium-commune
12 12 -0.011647793731738866 0.9802274325624436 Penicillium-cvjetkovicii
12 12 0.20306913351456177 0.6623229982555177 Penicillium-verrucosum
12 12 -0.44445383895592133 0.3177327740619286 Penicillium-chrysogenum
12 12 -0.4655517542603387 0.2924425291110555 Penicillium-brevicompactum
12 12 -0.15750067685627622 0.7359225637228386 Penicillium-mb
12 12 -0.5406147881959056 0.21023637598292316 Penicillium-polonicum
12 12 -0.6993889693504706 0.08029497007266458 Penicillium-solitum
12 12 -0.011543324199183138 0.9804047497806416 Penicillium-commune
12 12 -0.0355993059750965 0.9396030289972837 Penicillium-cvjetkovicii
12 12 0.1979818602388192 0.6704437555143479 Penicillium-verrucosum
12 12 -0.05720315418963631 0.9030477148176852 Penicillium-chrysogenum
12 12 -0.10898247051097867 0.8160823760689551 Penicillium-brevicompactum
12 12 -0.19355757947691915 0.6775270032616758 Penicillium-mb
10 12 0.738551648817691 0.057971367352498436 Penicillium-polonicum
10 12 -0.8233087553081928 0.02286093528414484 Penicillium-solitum
10 12 -0.512058779255694 0.24003448090299198 Penicillium-commune
10 12 -0.4417306985610176 0.3210634664898837 Penicillium-cvjetkovicii
10 12 0.4451875007492491 0.316837995474078 Penicillium-verrucosum
10 12 0.18838501755851345 0.6858322194121218 Penicillium-chrysogenum
10 12 0.35037504297650185 0.4410128848957258 Penicillium-brevicompactum
10 12 0.505950178309296 0.24664812653902493 Penicillium-mb
12 12 0.36672696711775504 0.4184309768291188 Penicillium-polonicum
12 12 -0.6114142020434234 0.14461572620011304 Penicillium-solitum
12 12 -0.1278500274897016 0.7847245626735935 Penicillium-commune
12 12 -0.014389302792771288 0.9755744897431589 Penicillium-cvjetkovicii
12 12 0.2944099227295369 0.5215704687268736 Penicillium-verrucosum
12 12 -0.05398492831542115 0.908485828574435 Penicillium-chrysogenum
12 12 -0.22458601392808406 0.6282731410442037 Penicillium-brevicompactum
12 12 -0.34225681776104044 0.4523912212583885 Penicillium-mb
12 12 0.09716316109312965 0.8358282076230774 Penicillium-polonicum
12 12 -0.6405819266571193 0.12113480016346419 Penicillium-solitum
12 12 0.32256969535178076 0.48042814462302297 Penicillium-commune
12 12 0.43049468877444985 0.33496381686563287 Penicillium-cvjetkovicii
12 12 0.5488973827674507 0.20194420414327774 Penicillium-verrucosum
12 12 0.426750301229538 0.3396518412118047 Penicillium-chrysogenum
12 12 0.14243611796726727 0.7606383498226412 Penicillium-brevicompactum
12 12 0.39437961430062185 0.38130901364628506 Penicillium-mb
10 12 0.7563109569379342 0.04913131846640901 Penicillium-polonicum
10 12 -0.518216772084801 0.23345196438332663 Penicillium-solitum
10 12 0.41229056468337244 0.3580126277244376 Penicillium-commune
10 12 -0.8924720141462291 0.006867053368451764 Penicillium-cvjetkovicii
10 12 0.2054651830159132 0.6585072517190662 Penicillium-verrucosum
10 12 0.49762858516403397 0.2557910485116279 Penicillium-chrysogenum
10 12 0.6383653324433499 0.12284480413601608 Penicillium-brevicompactum
10 12 0.5688605830509895 0.18261931207924248 Penicillium-mb
12 12 -0.07740758991003364 0.8689821435428244 Penicillium-polonicum
12 12 0.2977756580503702 0.5165913157600839 Penicillium-solitum
12 12 -0.22307095405532912 0.6306543412621125 Penicillium-commune
12 12 0.2289451825052652 0.621436219033662 Penicillium-cvjetkovicii
12 12 0.2881451135258236 0.5308815108386611 Penicillium-verrucosum
12 12 -0.16315490516082523 0.7266914059969096 Penicillium-chrysogenum
12 12 -0.1261524863379651 0.7875369558679239 Penicillium-brevicompactum
12 12 0.12391350751705893 0.7912491781391247 Penicillium-mb
12 12 -0.27219088916334344 0.5548399216011795 Penicillium-polonicum
12 12 0.11725420338578062 0.8023086271614199 Penicillium-solitum
12 12 -0.3063742839537631 0.503945667934887 Penicillium-commune
12 12 0.08249972833015172 0.8604202488417176 Penicillium-cvjetkovicii
12 12 0.05107005504007688 0.9134137998875164 Penicillium-verrucosum
12 12 -0.2983599782852299 0.5157285586069895 Penicillium-chrysogenum
12 12 -0.3376662870921908 0.45887313102789323 Penicillium-brevicompactum
12 12 -0.27420959013886664 0.551789303386391 Penicillium-mb
12 12 -0.19987388288924324 0.6674205197985387 Penicillium-polonicum
12 12 -0.012331295201248186 0.9790673346866791 Penicillium-solitum
12 12 0.09080521441941133 0.8464790455258089 Penicillium-commune
12 12 0.10034918607011513 0.8304983829007377 Penicillium-cvjetkovicii
12 12 -0.4649035472252117 0.2932057911243892 Penicillium-verrucosum
12 12 -0.1386951101140926 0.7668019749329692 Penicillium-chrysogenum
12 12 -0.12465220866677552 0.7900240634118447 Penicillium-brevicompactum
12 12 -0.2583315602055355 0.5759286517118027 Penicillium-mb
12 12 0.3581133592572028 0.4302695256867774 Penicillium-polonicum
12 12 0.5273608139263591 0.22383565068606576 Penicillium-solitum
12 12 -0.3513169003901556 0.4396998860287048 Penicillium-commune
12 12 -0.1498229585874171 0.7484976655137314 Penicillium-cvjetkovicii
12 12 0.41900869892006026 0.3494316091344108 Penicillium-verrucosum
12 12 -0.20772084410144456 0.6549204475420141 Penicillium-chrysogenum
12 12 -0.090284545553662 0.8473521127259374 Penicillium-brevicompactum
12 12 0.06071611296607096 0.8971150101866848 Penicillium-mb
12 12 0.6851836498904424 0.0893570768543111 Penicillium-polonicum
12 12 -0.5182167577108509 0.23345197964855094 Penicillium-solitum
12 12 0.4266959503961789 0.33972009256210983 Penicillium-commune
12 12 -0.8924720198409707 0.006867052480990667 Penicillium-cvjetkovicii
12 12 0.16522579023751988 0.7233169661883823 Penicillium-verrucosum
12 12 0.476314146575111 0.27989935982339265 Penicillium-chrysogenum
12 12 0.6220180323411615 0.13583482061339855 Penicillium-brevicompactum
12 12 0.596162105053425 0.15773112886912366 Penicillium-mb
12 12 -0.3610561121825391 0.4262106651623375 Penicillium-polonicum
12 12 -0.6406637854591395 0.12107188532942231 Penicillium-solitum
12 12 0.2974562077240526 0.5170631977663318 Penicillium-commune
12 12 0.19840126765980987 0.6697732840873881 Penicillium-cvjetkovicii
12 12 0.5488973827674508 0.20194420414327766 Penicillium-verrucosum
12 12 0.19750859521459918 0.6712005333264567 Penicillium-chrysogenum
12 12 0.11530411547347989 0.8055522825636288 Penicillium-brevicompactum
12 12 0.12837529279240315 0.7838547077601536 Penicillium-mb
12 12 0.7899150663877008 0.034572223934059 Penicillium-polonicum
12 12 -0.904595380235917 0.0051263912485564325 Penicillium-solitum
12 12 0.057327796059050536 0.9028371562088511 Penicillium-commune
12 12 0.05170822815750285 0.9123346923960223 Penicillium-cvjetkovicii
12 12 0.5976881134501886 0.15639326744140838 Penicillium-verrucosum
12 12 -0.3177999571827485 0.4873127739408831 Penicillium-chrysogenum
12 12 0.3030943423434868 0.5087565389194451 Penicillium-brevicompactum
12 12 0.30217514808607837 0.5101076173399083 Penicillium-mb
10 12 0.6000489224203341 0.15433473013043644 Penicillium-polonicum
10 12 -0.6851636687364009 0.08937018505278714 Penicillium-solitum
10 12 -0.07061062019334276 0.8804262977616407 Penicillium-commune
10 12 -0.07020828596196331 0.8811042487262237 Penicillium-cvjetkovicii
10 12 0.41270202153211377 0.35748458381967835 Penicillium-verrucosum
10 12 0.2382811870202121 0.606866682628777 Penicillium-chrysogenum
10 12 -0.3440299040233477 0.4498968103451212 Penicillium-brevicompactum
10 12 0.36948255419272624 0.41467079151809677 Penicillium-mb
12 12 -0.008623211668500783 0.9853613254798607 Penicillium-polonicum
12 12 0.5374202790359336 0.2134771182557829 Penicillium-solitum
12 12 0.6417295461137388 0.12025429800281646 Penicillium-commune
12 12 0.6441616865591531 0.11839917086082856 Penicillium-cvjetkovicii
12 12 0.46129658015739605 0.2974690475102465 Penicillium-verrucosum
12 12 0.619378779586117 0.13799435397895105 Penicillium-chrysogenum
12 12 0.5131534850181192 0.23885808073216055 Penicillium-brevicompactum
12 12 -0.8701792329120952 0.010862305172209763 Penicillium-mb
12 12 0.2947189627962564 0.5211126061270699 Penicillium-polonicum
12 12 0.6482822389776954 0.11529008482575372 Penicillium-solitum
12 12 0.895188890245306 0.00645120384395501 Penicillium-commune
12 12 0.8691778493886828 0.011066772575406345 Penicillium-cvjetkovicii
12 12 0.3975494825469953 0.37714228933311605 Penicillium-verrucosum
12 12 0.874505123681913 0.010004116729584966 Penicillium-chrysogenum
12 12 0.8187661150315476 0.02429570591633534 Penicillium-brevicompactum
12 12 0.8193354303537038 0.024113188583364056 Penicillium-mb
12 12 0.10907750038976263 0.815923916454413 Penicillium-polonicum
12 12 -0.09656703919683035 0.836826005729516 Penicillium-solitum
12 12 0.37654562471623326 0.4050935834307042 Penicillium-commune
12 12 0.3804837150593626 0.3997921034869703 Penicillium-cvjetkovicii
12 12 -0.26512212938037627 0.5655646810775816 Penicillium-verrucosum
12 12 0.30197617504814256 0.5104002413321139 Penicillium-chrysogenum
12 12 -0.12616545116588304 0.787515469460249 Penicillium-brevicompactum
12 12 0.28484696777372 0.53580559396216 Penicillium-mb
12 10 0.732534887318258 0.061147491908879796 Penicillium-polonicum
12 10 -0.40554628290824374 0.3667138867810347 Penicillium-solitum
12 10 -0.5608981599196681 0.19021430249547208 Penicillium-commune
12 10 -0.7636379158804302 0.04571608078581734 Penicillium-cvjetkovicii
12 10 -0.6391172332432737 0.12226336738234313 Penicillium-verrucosum
12 10 0.46496313600057154 0.2931355887267465 Penicillium-chrysogenum
12 10 0.5250426525746799 0.22625556719526552 Penicillium-brevicompactum
12 10 0.5250426554656845 0.2262555641697281 Penicillium-mb
12 12 -0.31345440913589795 0.4936155341232463 Penicillium-polonicum
12 12 0.15039317908683422 0.7475621624839204 Penicillium-solitum
12 12 0.07983580737788683 0.8648980393449297 Penicillium-commune
12 12 -0.5233674224395541 0.2280119454432573 Penicillium-cvjetkovicii
12 12 0.06692670418294554 0.8866359857489465 Penicillium-verrucosum
12 12 -0.17048378176202253 0.7147653306334272 Penicillium-chrysogenum
12 12 -0.1475795186579341 0.752180622644743 Penicillium-brevicompactum
12 12 -0.3977179297474666 0.3769213903617199 Penicillium-mb
12 12 -0.4191774873502033 0.3492171385834655 Penicillium-polonicum
12 12 -0.03589069632987481 0.9391092971514413 Penicillium-solitum
12 12 -0.15923813567828582 0.7330832322189771 Penicillium-commune
12 12 -0.16203287474211578 0.7285211892996608 Penicillium-cvjetkovicii
12 12 -0.23177108847116107 0.6170155655692705 Penicillium-verrucosum
12 12 -0.2471141767692002 0.5931766487045952 Penicillium-chrysogenum
12 12 -0.12616545115776423 0.7875154694737041 Penicillium-brevicompactum
12 12 -0.339589689231687 0.4561530783013461 Penicillium-mb
12 12 -0.01947332235572095 0.966947329000646 Penicillium-polonicum
12 12 0.3266071268504138 0.4746281533745812 Penicillium-solitum
12 12 -0.26613611964907063 0.5640222156298822 Penicillium-commune
12 12 0.22894518329363886 0.6214362177991151 Penicillium-cvjetkovicii
12 12 0.1048081684247726 0.8230477615928585 Penicillium-verrucosum
12 12 -0.2369582253212449 0.6089251043143271 Penicillium-chrysogenum
12 12 -0.1676974344151392 0.7192941651112328 Penicillium-brevicompactum
12 12 0.12391350912527985 0.7912491754715636 Penicillium-mb
12 10 -0.38116117472625305 0.39888289843663277 Penicillium-polonicum
12 10 0.17360069142967047 0.7097070873658422 Penicillium-solitum
12 10 0.3911494735063962 0.3855740427238851 Penicillium-commune
12 10 0.2915013305763944 0.5258864213090626 Penicillium-cvjetkovicii
12 10 -0.6122970635706912 0.14387403937620827 Penicillium-verrucosum
12 10 -0.5715951546270703 0.18004572281986 Penicillium-chrysogenum
12 10 0.3256859818804878 0.4759491820858387 Penicillium-brevicompactum
12 10 0.32861614408194356 0.47175162170173174 Penicillium-mb
8 12 0.13548632732160537 0.7720965242609017 Penicillium-polonicum
8 12 -0.12107117799914292 0.7959662695783045 Penicillium-solitum
8 12 0.261082303524082 0.5717232419704866 Penicillium-commune
8 12 0.26054145915244753 0.5725493351938881 Penicillium-cvjetkovicii
8 12 -0.32743544330631624 0.47344139054861806 Penicillium-verrucosum
8 12 -0.8596265611132005 0.01312805486197906 Penicillium-chrysogenum
8 12 -0.5223071456388323 0.2291268766372012 Penicillium-brevicompactum
8 12 0.26935429046576354 0.5591357067783476 Penicillium-mb
12 12 0.5365531774073407 0.2143608371873897 Penicillium-polonicum
12 12 0.8556248889531678 0.014052073706826875 Penicillium-solitum
12 12 0.3268086002734418 0.47433939480187065 Penicillium-commune
12 12 0.3222001176271047 0.48096033383583764 Penicillium-cvjetkovicii
12 12 0.8764262333020058 0.009635987561891138 Penicillium-verrucosum
12 12 -0.15716921950921664 0.7364644991904583 Penicillium-chrysogenum
12 12 0.021938708307490194 0.9627646543544828 Penicillium-brevicompactum
12 12 -0.5141659158932783 0.2377724879495884 Penicillium-mb
12 12 -0.21242384022973357 0.6474590486135965 Penicillium-polonicum
12 12 0.5023357939037828 0.2506004360149651 Penicillium-solitum
12 12 0.4038466330169448 0.3689203139985895 Penicillium-commune
12 12 -0.6038498945568697 0.151049062605913 Penicillium-cvjetkovicii
12 12 0.39917879774948284 0.3750078450897539 Penicillium-verrucosum
12 12 0.38187174043035244 0.3979301474948558 Penicillium-chrysogenum
12 12 0.29694503159339 0.5178185981194514 Penicillium-brevicompactum
12 12 -0.5589324626156363 0.1921124119442429 Penicillium-mb
10 12 -0.6311777340576127 0.12847422425048616 Penicillium-polonicum
10 12 -0.5543489694518093 0.19657370571438354 Penicillium-solitum
10 12 -0.4957010793727053 0.2579305722567583 Penicillium-commune
10 12 -0.22721677459263026 0.6241444959042894 Penicillium-cvjetkovicii
10 12 0.10100867323730488 0.8293957820758444 Penicillium-verrucosum
10 12 0.03851601714321865 0.9346616678337122 Penicillium-chrysogenum
10 12 0.10360429043931195 0.8250583288044495 Penicillium-brevicompactum
10 12 -0.594340927759965 0.1593351960414282 Penicillium-mb
12 12 0.2273552350867093 0.6239274150254364 Penicillium-polonicum
12 12 0.1472908343199936 0.7526548159604165 Penicillium-solitum
12 12 0.2586184534699553 0.5754895907891875 Penicillium-commune
12 12 0.2603507638751726 0.5728406952098966 Penicillium-cvjetkovicii
12 12 -0.12354865187174527 0.7918544069862669 Penicillium-verrucosum
12 12 -0.2646085534604532 0.5663464353804715 Penicillium-chrysogenum
12 12 0.3090639295868133 0.5000125338424066 Penicillium-brevicompactum
12 12 0.28641326953555213 0.5334652325941891 Penicillium-mb
12 12 -0.4134369722803097 0.3565421901354077 Penicillium-polonicum
12 12 0.5078541336481726 0.2445778294296393 Penicillium-solitum
12 12 0.03879307624297638 0.9341923714856845 Penicillium-commune
12 12 0.0381486383583836 0.9352839752978988 Penicillium-cvjetkovicii
12 12 0.3895997425643079 0.38762708242073457 Penicillium-verrucosum
12 12 -0.2646085532740634 0.5663464356642524 Penicillium-chrysogenum
12 12 -0.3150686521928426 0.49127088366440774 Penicillium-brevicompactum
12 12 -0.7124942842078121 0.07239013580580415 Penicillium-mb
12 12 -0.027127410414755145 0.9539640209706755 Penicillium-polonicum
12 12 0.6330454067770241 0.12699903246963987 Penicillium-solitum
12 12 0.2935268031831096 0.5228796206283894 Penicillium-commune
12 12 -0.2945529081306083 0.5213586097019496 Penicillium-cvjetkovicii
12 12 0.6034381626324099 0.15140326660218198 Penicillium-verrucosum
12 12 0.23501968930383338 0.6119450133810499 Penicillium-chrysogenum
12 12 -0.23739464414806605 0.6082458444837568 Penicillium-brevicompactum
12 12 -0.6845228054824735 0.08979114755860673 Penicillium-mb
12 12 0.11385576400416972 0.8079628183036511 Penicillium-polonicum
12 12 0.033837858971112064 0.9425879480604675 Penicillium-solitum
12 12 -0.45164386066391216 0.3090110526377672 Penicillium-commune
12 12 0.2430142411433662 0.5995193992432182 Penicillium-cvjetkovicii
12 12 -0.09054540625617194 0.8469146811047228 Penicillium-verrucosum
12 12 -0.46653411098252073 0.29128748766031265 Penicillium-chrysogenum
12 12 -0.5021554870052499 0.250798358545059 Penicillium-brevicompactum
12 12 0.2817715514719827 0.5404107774603146 Penicillium-mb
10 12 0.297801768761014 0.5165527523665028 Penicillium-polonicum
10 12 -0.358156649539769 0.43020970943058073 Penicillium-solitum
10 12 -0.26108265423418536 0.5717227064127257 Penicillium-commune
10 12 0.06197197007163083 0.8949950244552931 Penicillium-cvjetkovicii
10 12 0.07322614128463484 0.8760204595550829 Penicillium-verrucosum
10 12 -0.36768619754656345 0.4171205405922838 Penicillium-chrysogenum
10 12 -0.4465210276712593 0.3152144168444397 Penicillium-brevicompactum
10 12 0.2060028203732802 0.6576518610736282 Penicillium-mb
8 10 0.8991116759964037 0.005877200956654161 Penicillium-polonicum
8 10 -0.4376456435534257 0.32608797112841575 Penicillium-solitum
8 10 -0.9082418437821571 0.004659896299410035 Penicillium-commune
8 10 -0.11447792114481307 0.8069271941585796 Penicillium-cvjetkovicii
8 10 0.590514142949723 0.16273206744111132 Penicillium-verrucosum
8 10 0.2635939295512926 0.5678918811992208 Penicillium-chrysogenum
8 10 0.46499904288668803 0.2930932898995032 Penicillium-brevicompactum
8 10 0.4649990358118588 0.29309329823348734 Penicillium-mb
10 12 0.3322859450343587 0.46651365784126664 Penicillium-polonicum
10 12 0.4687005586234795 0.28874738115880916 Penicillium-solitum
10 12 -0.3478658251939565 0.4445180938543305 Penicillium-commune
10 12 -0.11447792168103367 0.8069271932660993 Penicillium-cvjetkovicii
10 12 0.4406672451809123 0.3223682515146336 Penicillium-verrucosum
10 12 -0.3341670322244079 0.46383707308463223 Penicillium-chrysogenum
10 12 -0.07258300904816443 0.8771035816475354 Penicillium-brevicompactum
10 12 -0.2414004523409744 0.6020215423101084 Penicillium-mb
12 10 -0.8098152043409962 0.027267642194410385 Penicillium-polonicum
12 10 -0.3828472117360514 0.39662368042117885 Penicillium-solitum
12 10 -0.01148847424834179 0.980497847426773 Penicillium-commune
12 10 -0.10454961110321162 0.8234795072828989 Penicillium-cvjetkovicii
12 10 -0.1979792032898414 0.6704480035101238 Penicillium-verrucosum
12 10 -0.09284212638872566 0.8430647200700665 Penicillium-chrysogenum
12 10 -0.1261654510693754 0.7875154696201891 Penicillium-brevicompactum
12 10 -0.22784327543674077 0.623162428963282 Penicillium-mb
12 12 -0.07254290248672988 0.8771711316131218 Penicillium-polonicum
12 12 0.029362601757436897 0.9501739846156461 Penicillium-solitum
12 12 -0.16456199511974132 0.7243982132180036 Penicillium-commune
12 12 0.11645197777647971 0.803642728585544 Penicillium-cvjetkovicii
12 12 -0.33261446290367813 0.4660458043984388 Penicillium-verrucosum
12 12 -0.1098535751940478 0.8146300208795181 Penicillium-chrysogenum
12 12 -0.1261654511824623 0.7875154694327725 Penicillium-brevicompactum
12 12 -0.009259573581996791 0.9842811335497144 Penicillium-mb
10 10 -0.4199030684103934 0.3482958101385922 Penicillium-polonicum
10 10 0.4467046715775253 0.3149911123526082 Penicillium-solitum
10 10 -0.1585522270109406 0.7342038474931242 Penicillium-commune
10 10 0.22894520522095083 0.62143618346223 Penicillium-cvjetkovicii
10 10 -0.22372785945553614 0.6296215783361816 Penicillium-verrucosum
10 10 -0.14502503424862284 0.7563787603008804 Penicillium-chrysogenum
10 10 0.12391351767803979 0.7912491612850738 Penicillium-brevicompactum
10 10 -0.4904166581382297 0.2638379754914229 Penicillium-mb
12 12 0.2416035081085846 0.601706537645714 Penicillium-polonicum
12 12 0.4451549994033328 0.3168776111989285 Penicillium-solitum
12 12 -0.2540674558951034 0.582466702854977 Penicillium-commune
12 12 0.4429982255734188 0.3195112789893311 Penicillium-cvjetkovicii
12 12 0.21481970048003948 0.643666926737013 Penicillium-verrucosum
12 12 0.4332411254939246 0.33154286880157796 Penicillium-chrysogenum
12 12 -0.3314675494806953 0.4676799114914554 Penicillium-brevicompactum
12 12 0.4026290742086277 0.37050424975615837 Penicillium-mb
10 10 0.39036328633621975 0.38661501185559977 Penicillium-polonicum
10 10 -0.002942005270763319 0.9950055183459311 Penicillium-solitum
10 10 -0.34797773758900075 0.44436153644642096 Penicillium-commune
10 10 -0.11447792114481307 0.8069271941585796 Penicillium-cvjetkovicii
10 10 0.3327519066565014 0.4658501172346737 Penicillium-verrucosum
10 10 -0.10411505122203549 0.8242052262964034 Penicillium-chrysogenum
10 10 -0.38843632608356665 0.3891712285939231 Penicillium-brevicompactum
10 10 -0.3884363654408726 0.38917117631511483 Penicillium-mb
12 12 -0.4851268688208422 0.2698122558651385 Penicillium-polonicum
12 12 0.09357599386137752 0.8418350685338986 Penicillium-solitum
12 12 -0.3846484951556373 0.39421569505308673 Penicillium-commune
12 12 -0.4033133783410119 0.36961368801618094 Penicillium-cvjetkovicii
12 12 -0.03430005849247201 0.9418046595225675 Penicillium-verrucosum
12 12 0.2578467245179948 0.5766708810794337 Penicillium-chrysogenum
12 12 -0.4381468690139642 0.3254696728858455 Penicillium-brevicompactum
12 12 0.27374422559828065 0.5524920683752993 Penicillium-mb
12 12 0.2506928611623421 0.5876570375048378 Penicillium-polonicum
12 12 -0.14728955431294055 0.7526569186396537 Penicillium-solitum
12 12 0.21291038632760328 0.6466884595794576 Penicillium-commune
12 12 0.4965889483828479 0.25694402796019156 Penicillium-cvjetkovicii
12 12 -0.19054736825971366 0.6823571811684614 Penicillium-verrucosum
12 12 -0.9256582547300432 0.0027798191150683435 Penicillium-chrysogenum
12 12 0.5289021410391946 0.22223345279009107 Penicillium-brevicompactum
12 12 0.5213895122882254 0.23009387019247293 Penicillium-mb
12 10 -0.15360335325801633 0.7423001758482171 Penicillium-polonicum
12 10 0.03929013268154167 0.9333504708643293 Penicillium-solitum
12 10 0.09218492652721362 0.8441661243752239 Penicillium-commune
12 10 0.061278562105092076 0.8961654909427584 Penicillium-cvjetkovicii
12 10 -0.3268486493670691 0.47428200268335013 Penicillium-verrucosum
12 10 0.25784604882067985 0.5766719157049087 Penicillium-chrysogenum
12 10 0.27374381629900335 0.5524926866018491 Penicillium-brevicompactum
12 10 0.05898013809742444 0.9000462719561758 Penicillium-mb
12 10 -0.2830050452367017 0.538562150343467 Penicillium-polonicum
12 10 0.05507464250498463 0.9066441177066566 Penicillium-solitum
12 10 0.10660216780541008 0.8200530771943169 Penicillium-commune
12 10 -0.01391805281423498 0.9763742681462677 Penicillium-cvjetkovicii
12 10 -0.5911204280716097 0.16219152210757803 Penicillium-verrucosum
12 10 -0.16522041229495368 0.7233257247800065 Penicillium-chrysogenum
12 10 -0.13442488095054264 0.7738494872893645 Penicillium-brevicompactum
12 10 -0.4910202997114432 0.2631600869236293 Penicillium-mb
12 12 -0.03722727008262546 0.9368448071172264 Penicillium-polonicum
12 12 -0.3545940233688716 0.43514300660760313 Penicillium-solitum
12 12 0.12631459499193196 0.7872683034252252 Penicillium-commune
12 12 -0.11219090641525203 0.8107351838359234 Penicillium-cvjetkovicii
12 12 -0.07314004719379903 0.8761654448156879 Penicillium-verrucosum
12 12 0.11886191314280663 0.7996361568382881 Penicillium-chrysogenum
12 12 0.06889018880586893 0.8833257033764614 Penicillium-brevicompactum
12 12 0.043497757098440046 0.9262257527737092 Penicillium-mb
12 4 -0.3037329301578425 0.5078186415808188 Penicillium-polonicum
12 4 0.004009803934573721 0.9931928001436714 Penicillium-solitum
12 4 -0.3384250482470142 0.4577993830450418 Penicillium-commune
12 4 -0.10645450598649651 0.8202995006553222 Penicillium-cvjetkovicii
12 4 -0.5890844085003617 0.16401030694104482 Penicillium-verrucosum
12 4 0.025623247710838473 0.9565149020359391 Penicillium-chrysogenum
12 4 -0.10965516849093072 0.8149607788092826 Penicillium-brevicompactum
12 4 -0.10965519037122033 0.8149607423320953 Penicillium-mb
12 12 0.17952709088785115 0.7001129483634035 Penicillium-polonicum
12 12 0.4745993987387737 0.2818813916965716 Penicillium-solitum
12 12 0.593978393619461 0.15965547492282126 Penicillium-commune
12 12 0.5796866843376707 0.1725353251528477 Penicillium-cvjetkovicii
12 12 0.29132441301946926 0.5261493314522214 Penicillium-verrucosum
12 12 -0.8782228427856895 0.009298894422805626 Penicillium-chrysogenum
12 12 0.5270610398390441 0.22414789362116996 Penicillium-brevicompactum
12 12 0.513479091895816 0.23850869336587402 Penicillium-mb
12 12 -0.29620377379135493 0.5189146762695731 Penicillium-polonicum
12 12 -0.6202730246793879 0.13726071619611196 Penicillium-solitum
12 12 0.28709770097473736 0.5324436335368959 Penicillium-commune
12 12 0.2650850939116931 0.5656210441959566 Penicillium-cvjetkovicii
12 12 0.5488973826325833 0.20194420427699972 Penicillium-verrucosum
12 12 0.1835154549612335 0.6936739813436843 Penicillium-chrysogenum
12 12 0.11848291015614222 0.8002660282817798 Penicillium-brevicompactum
12 12 -0.004872278105612889 0.9917286619684995 Penicillium-mb
12 12 -0.21687720222719967 0.640415245130909 Penicillium-polonicum
12 12 0.559261167009178 0.19179437407111669 Penicillium-solitum
12 12 0.5534246800129334 0.1974793412594378 Penicillium-commune
12 12 0.5523424375714264 0.19854229083524974 Penicillium-cvjetkovicii
12 12 0.5538167408111512 0.19709494794444568 Penicillium-verrucosum
12 12 -0.7316217480478917 0.061637551587458664 Penicillium-chrysogenum
12 12 0.3828816496586447 0.396577588365578 Penicillium-brevicompactum
12 12 0.3650580236925148 0.4207147840435736 Penicillium-mb
12 10 -0.7013932502734544 0.07905770511021366 Penicillium-polonicum
12 10 -0.05018683213368624 0.9149074442089853 Penicillium-solitum
12 10 -0.10406038806050015 0.8242965213409251 Penicillium-commune
12 10 -0.10622022313192814 0.8206905045918303 Penicillium-cvjetkovicii
12 10 -0.08372936260620273 0.8583543505301386 Penicillium-verrucosum
12 10 0.2578460752935987 0.5766718751696527 Penicillium-chrysogenum
12 10 -0.3200137852931637 0.48411296951413957 Penicillium-brevicompactum
12 10 0.2737437916806433 0.5524927237866857 Penicillium-mb
12 12 -0.30104264976589923 0.5117739248893187 Penicillium-polonicum
12 12 -0.3199860233611109 0.4841530490655874 Penicillium-solitum
12 12 -0.23783776532948914 0.6075563817129597 Penicillium-commune
12 12 0.07140740705554605 0.87908384836339 Penicillium-cvjetkovicii
12 12 -0.2881444435218522 0.5308825095977874 Penicillium-verrucosum
12 12 -0.2724770255703714 0.5544071868126895 Penicillium-chrysogenum
12 12 -0.46923027299726144 0.28812780861404164 Penicillium-brevicompactum
12 12 0.05669967427531008 0.9038982937655597 Penicillium-mb
10 12 -0.3127499140755169 0.4946400360509734 Penicillium-polonicum
10 12 0.17764570184472775 0.7031553198790389 Penicillium-solitum
10 12 -0.4038478271128907 0.36891876195397016 Penicillium-commune
10 12 -0.41219033596358956 0.35814130550129175 Penicillium-cvjetkovicii
10 12 0.15470841897653695 0.7404906320520979 Penicillium-verrucosum
10 12 0.2578466223523922 0.5766710375150266 Penicillium-chrysogenum
10 12 0.27374416958273906 0.5524921529840234 Penicillium-brevicompactum
10 12 -0.37206006971609784 0.41116561352917813 Penicillium-mb
12 10 -0.25814709727556245 0.5762110087021817 Penicillium-polonicum
12 10 -0.05610031387697322 0.9049109484303586 Penicillium-solitum
12 10 0.14859732698321448 0.7505092642592686 Penicillium-commune
12 10 0.13238238945349784 0.77722477720843 Penicillium-cvjetkovicii
12 10 -0.3720055648114004 0.4112396143626214 Penicillium-verrucosum
12 10 0.06735007389530455 0.8859221051516706 Penicillium-chrysogenum
12 10 0.04994929182006761 0.9153091897694561 Penicillium-brevicompactum
12 10 0.20412422836174962 0.6606420228429124 Penicillium-mb
12 8 -0.4770133702590744 0.2790929448145963 Penicillium-polonicum
12 8 -0.622712983376061 0.13526905886079577 Penicillium-solitum
12 8 0.27660804395341676 0.5481719278671278 Penicillium-commune
12 8 0.12870539546077284 0.783308139450289 Penicillium-cvjetkovicii
12 8 0.5488973828199735 0.20194420409120095 Penicillium-verrucosum
12 8 0.2065532715453332 0.6567763908799189 Penicillium-chrysogenum
12 8 0.1513933103889408 0.7459219435289386 Penicillium-brevicompactum
12 8 0.15139329399818535 0.7459219704036034 Penicillium-mb
12 10 0.2372115609652743 0.6085307753049081 Penicillium-polonicum
12 10 0.5195572953436486 0.2320303496068796 Penicillium-solitum
12 10 -0.3513169002449985 0.4396998862309473 Penicillium-commune
12 10 -0.024193126727540846 0.9589404911316898 Penicillium-cvjetkovicii
12 10 0.44237930053328073 0.3202687963013304 Penicillium-verrucosum
12 10 -0.8283724505888856 0.021319461690456804 Penicillium-chrysogenum
12 10 0.24959255772913333 0.589352423432757 Penicillium-brevicompactum
12 10 0.24959254551552298 0.5893524422601965 Penicillium-mb
12 12 0.23749504234277313 0.6080896123273651 Penicillium-polonicum
12 12 0.11251457984707953 0.8101960701955403 Penicillium-solitum
12 12 -0.557103478392007 0.1938867006241279 Penicillium-commune
12 12 0.22894515790950523 0.6214362575491811 Penicillium-cvjetkovicii
12 12 -0.056801362407187625 0.9037264959289011 Penicillium-verrucosum
12 12 -0.5708650878820525 0.18073106505471798 Penicillium-chrysogenum
12 12 -0.008710779455185488 0.9852126825381493 Penicillium-brevicompactum
12 12 0.12391345734354829 0.7912492613620853 Penicillium-mb
12 12 -0.15356115808865092 0.7423692891401449 Penicillium-polonicum
12 12 -0.03510210331947927 0.9404455246791839 Penicillium-solitum
12 12 0.42630989336732095 0.34020505279123925 Penicillium-commune
12 12 0.44506228347693433 0.3169906339531143 Penicillium-cvjetkovicii
12 12 0.35756711827591803 0.4310245670839023 Penicillium-verrucosum
12 12 -0.4544305909766553 0.30565912087360825 Penicillium-chrysogenum
12 12 0.3241101387112023 0.4782122075770481 Penicillium-brevicompactum
12 12 -0.4567970457158044 0.30282527211428806 Penicillium-mb
12 12 -0.25082437082401376 0.5874545028212617 Penicillium-polonicum
12 12 -0.42253807157310314 0.3449585389797593 Penicillium-solitum
12 12 0.2840607962605683 0.5369815750661817 Penicillium-commune
12 12 0.27397083258918575 0.5521498240926035 Penicillium-cvjetkovicii
12 12 0.08373205010608119 0.8583498359842107 Penicillium-verrucosum
12 12 0.03947846420889313 0.9330314929374561 Penicillium-chrysogenum
12 12 0.16406089843694704 0.7252146842869098 Penicillium-brevicompactum
12 12 0.12841389020414898 0.7837907963490396 Penicillium-mb
12 12 0.20529846855614595 0.6587725575668022 Penicillium-polonicum
12 12 -0.30489988070889906 0.5061062885225005 Penicillium-solitum
12 12 -0.16566316946835483 0.7226047247518674 Penicillium-commune
12 12 -0.050076953337626996 0.9150932774829883 Penicillium-cvjetkovicii
12 12 -0.4316558474532769 0.33351565771397296 Penicillium-verrucosum
12 12 -0.08490211070959379 0.8563846246693964 Penicillium-chrysogenum
12 12 -0.32219645895564164 0.48096560335691524 Penicillium-brevicompactum
12 12 -0.18494353542105946 0.6913719712145165 Penicillium-mb
12 12 0.12152992504106876 0.7952046015868679 Penicillium-polonicum
12 12 0.6739726235456384 0.09687115939830318 Penicillium-solitum
12 12 0.42962633721546645 0.33604854061283224 Penicillium-commune
12 12 0.4010998397519281 0.37249758919952564 Penicillium-cvjetkovicii
12 12 0.6990057178906499 0.08053272027970146 Penicillium-verrucosum
12 12 -0.5107335933618493 0.24146215256053497 Penicillium-chrysogenum
12 12 0.17751685589847932 0.7033637907757151 Penicillium-brevicompactum
12 12 -0.5283771808941596 0.22277853551307253 Penicillium-mb
12 12 -0.1482485516279649 0.7510819064701116 Penicillium-polonicum
12 12 -0.25264985124582945 0.5846453403582395 Penicillium-solitum
12 12 0.26058849632136416 0.572477475078591 Penicillium-commune
12 12 -0.7670959577556414 0.04415107462717236 Penicillium-cvjetkovicii
12 12 0.21901703544894519 0.6370382894405133 Penicillium-verrucosum
12 12 0.291933248212932 0.5252447524646694 Penicillium-chrysogenum
12 12 -0.2680774048036962 0.5610729161778935 Penicillium-brevicompactum
12 12 -0.6162623646389749 0.1405665277002452 Penicillium-mb
12 4 -0.7261520754130533 0.06461734570076691 Penicillium-polonicum
12 4 0.37140794183555575 0.4120513444146061 Penicillium-solitum
12 4 0.529289415789598 0.22183173696481848 Penicillium-commune
12 4 0.31343661209448603 0.4936414059606926 Penicillium-cvjetkovicii
12 4 -0.6752729820746446 0.09598325111083005 Penicillium-verrucosum
12 4 0.6071236047536208 0.14824755904208928 Penicillium-chrysogenum
12 4 0.461123088649042 0.29767479068944486 Penicillium-brevicompactum
12 4 0.46112308840175426 0.2976747909827474 Penicillium-mb
12 12 0.3975068025043047 0.37719826763129793 Penicillium-polonicum
12 12 0.0840430961014127 0.8578273520014141 Penicillium-solitum
12 12 -0.3513169002919362 0.4396998861655505 Penicillium-commune
12 12 0.08028825416651177 0.8641373151685173 Penicillium-cvjetkovicii
12 12 0.6172991116578236 0.13970816804064823 Penicillium-verrucosum
12 12 -0.8157403446452046 0.025278775084907674 Penicillium-chrysogenum
12 12 -0.40308230467131045 0.3699143117424802 Penicillium-brevicompactum
12 12 0.08935350111718718 0.8489136142970681 Penicillium-mb
12 12 -0.6374283786644146 0.12357132027316169 Penicillium-polonicum
12 12 -0.42693102194021 0.3394249419650304 Penicillium-solitum
12 12 -0.1659709261877732 0.7221036598741732 Penicillium-commune
12 12 -0.2686791403136814 0.5601597337214949 Penicillium-cvjetkovicii
12 12 0.08373172241170468 0.8583503864552575 Penicillium-verrucosum
12 12 0.049457879495916963 0.9161403476807757 Penicillium-chrysogenum
12 12 -0.4502852585069899 0.3106509884021154 Penicillium-brevicompactum
12 12 0.13654894705908396 0.7703423949769512 Penicillium-mb
12 8 -0.19468878209083387 0.6757141365476672 Penicillium-polonicum
12 8 0.19121587148289867 0.6812837521653041 Penicillium-solitum
12 8 -0.3087671897471124 0.5004459337619367 Penicillium-commune
12 8 -0.47619454712609705 0.2800373983976046 Penicillium-cvjetkovicii
12 8 -0.11760821561563323 0.8017200259411792 Penicillium-verrucosum
12 8 -0.2646085534107127 0.566346435456202 Penicillium-chrysogenum
12 8 -0.2554128907445473 0.5804013050959638 Penicillium-brevicompactum
12 8 -0.25541296407526975 0.5804011925867859 Penicillium-mb
10 12 0.2318827532698225 0.6168410724512613 Penicillium-polonicum
10 12 -0.11098381394482641 0.8127462520876322 Penicillium-solitum
10 12 -0.5511533426969039 0.19971335464340867 Penicillium-commune
10 12 0.22894518295104385 0.6214362183355988 Penicillium-cvjetkovicii
10 12 0.4834889369081731 0.27167441281181837 Penicillium-verrucosum
10 12 -0.5448973895863631 0.2059288938276113 Penicillium-chrysogenum
10 12 -0.15932400678375097 0.732942965297846 Penicillium-brevicompactum
10 12 0.12391350842641279 0.7912491766307765 Penicillium-mb
12 12 0.2052984683804639 0.6587725578463939 Penicillium-polonicum
12 12 -0.09164480564324749 0.8450714667046711 Penicillium-solitum
12 12 -0.2363182158215144 0.6099216446191293 Penicillium-commune
12 12 -0.19815415873976985 0.6701682953080712 Penicillium-cvjetkovicii
12 12 -0.3127016957147709 0.494710184389224 Penicillium-verrucosum
12 12 0.09067083661484228 0.8467043607930296 Penicillium-chrysogenum
12 12 -0.39406174129642313 0.38172787611016307 Penicillium-brevicompactum
12 12 0.04001489460901815 0.9321229776050333 Penicillium-mb
12 8 -0.5088274404459543 0.24352260690872865 Penicillium-polonicum
12 8 0.3255799972290865 0.47610126179051426 Penicillium-solitum
12 8 0.5297645214426696 0.22133938366651715 Penicillium-commune
12 8 -0.8061462214254209 0.028541744693135463 Penicillium-cvjetkovicii
12 8 0.14510322457865896 0.756250188145335 Penicillium-verrucosum
12 8 0.5055533848209001 0.24708060166271678 Penicillium-chrysogenum
12 8 0.5049511953785661 0.24773761110156725 Penicillium-brevicompactum
12 8 0.5049511966839707 0.24773760967645322 Penicillium-mb
10 12 0.9281393449110871 0.0025571404426662364 Penicillium-polonicum
10 12 -0.8254412267721175 0.02220436132831567 Penicillium-solitum
10 12 -0.4404068562807246 0.3226880783965002 Penicillium-commune
10 12 -0.4417307060217274 0.3210634573441018 Penicillium-cvjetkovicii
10 12 0.5683757883696229 0.18307742792040138 Penicillium-verrucosum
10 12 0.3242571348652789 0.4780009461514447 Penicillium-chrysogenum
10 12 0.4880672384274397 0.26648391503506047 Penicillium-brevicompactum
10 12 0.5098804640054452 0.24238333866464876 Penicillium-mb
12 10 -0.5779759527314771 0.17411009945296368 Penicillium-polonicum
12 10 0.13921281930168428 0.765948415971912 Penicillium-solitum
12 10 0.18782773029584177 0.6867285323016614 Penicillium-commune
12 10 -0.4108481934039765 0.35986625347085976 Penicillium-cvjetkovicii
12 10 -0.35663163169869194 0.4323188213848404 Penicillium-verrucosum
12 10 0.20540923379953338 0.6585962849406116 Penicillium-chrysogenum
12 10 0.1932978549397726 0.6779434130726241 Penicillium-brevicompactum
12 10 -0.4335623892254163 0.3311436828186718 Penicillium-mb
10 12 0.40265829288384203 0.3704662062437277 Penicillium-polonicum
10 12 0.459336184225018 0.29979752338763405 Penicillium-solitum
10 12 -0.008186522672361106 0.9861025931733828 Penicillium-commune
10 12 -0.11447792071544148 0.8069271948732213 Penicillium-cvjetkovicii
10 12 0.1783127514742329 0.7020762797025 Penicillium-verrucosum
10 12 0.08301453134084524 0.8595552550027165 Penicillium-chrysogenum
10 12 0.17274565593133528 0.711093836760323 Penicillium-brevicompactum
10 12 -0.5609450713246947 0.1901691156499851 Penicillium-mb
8 8 0.46704803833749714 0.2906840268379751 Penicillium-polonicum
8 8 -0.3954297572265761 0.3799265628178152 Penicillium-solitum
8 8 -0.5943746774217393 0.15930539635752874 Penicillium-commune
8 8 0.2263837940283318 0.625450913485663 Penicillium-cvjetkovicii
8 8 -0.05140002524812418 0.9128558293366862 Penicillium-verrucosum
8 8 0.28848704952945814 0.5303718772411157 Penicillium-chrysogenum
8 8 -0.6502253652978744 0.1138387403895539 Penicillium-brevicompactum
8 8 0.3856499616519767 0.39287945447067324 Penicillium-mb
12 12 -0.6328882497704525 0.12712282847228037 Penicillium-polonicum
12 12 -0.23861025251009982 0.6063550032107771 Penicillium-solitum
12 12 -0.29293894586089403 0.5237516886945597 Penicillium-commune
12 12 -0.35036074751653107 0.44103282495130675 Penicillium-cvjetkovicii
12 12 -0.08373071933448058 0.858352071455374 Penicillium-verrucosum
12 12 0.2578465268656861 0.5766711837239298 Penicillium-chrysogenum
12 12 -0.42073227025406124 0.3472441572774292 Penicillium-brevicompactum
12 12 0.27374409349481305 0.5524922679111047 Penicillium-mb
12 10 -0.4367781103506304 0.3271593263823119 Penicillium-polonicum
12 10 -0.05610468486869807 0.9049035630103387 Penicillium-solitum
12 10 -0.399474566280161 0.37462091099550276 Penicillium-commune
12 10 0.17101935530982973 0.7138955853763558 Penicillium-cvjetkovicii
12 10 -0.37438486594172954 0.4080141307214883 Penicillium-verrucosum
12 10 0.1879313560600905 0.6865618437083904 Penicillium-chrysogenum
12 10 0.20412433528547147 0.6606418525495281 Penicillium-brevicompactum
12 10 -0.41618122789012457 0.353032521314945 Penicillium-mb
10 12 -0.6667190561062825 0.10190265381810906 Penicillium-polonicum
10 12 -0.6065469345203881 0.14873914021214005 Penicillium-solitum
10 12 -0.7906954302821295 0.034267491942730495 Penicillium-commune
10 12 -0.13203852649818937 0.7777932983262903 Penicillium-cvjetkovicii
10 12 0.07766679875498166 0.8685460593248922 Penicillium-verrucosum
10 12 0.013115257361306287 0.9777367624490283 Penicillium-chrysogenum
10 12 0.33497118013134586 0.46269458732067215 Penicillium-brevicompactum
10 12 0.25323328286535973 0.5837483931465262 Penicillium-mb
12 12 -0.09292553545079943 0.8429249489466697 Penicillium-polonicum
12 12 0.3677151275255135 0.4170810432704326 Penicillium-solitum
12 12 -0.429626452861971 0.33604839605077125 Penicillium-commune
12 12 0.22894517734298322 0.621436227117493 Penicillium-cvjetkovicii
12 12 0.3264965223339578 0.4747867026709058 Penicillium-verrucosum
12 12 -0.40795911033225146 0.3635910081518263 Penicillium-chrysogenum
12 12 -0.3436659839167575 0.4504083588704282 Penicillium-brevicompactum
12 12 0.12391349698640156 0.7912491956063591 Penicillium-mb
10 12 0.6343091929174253 0.12600576192851198 Penicillium-polonicum
10 12 -0.7847314362616664 0.03663460995899468 Penicillium-solitum
10 12 -0.323446438960123 0.4791664902381138 Penicillium-commune
10 12 -0.3279935118596533 0.47264243233776365 Penicillium-cvjetkovicii
10 12 0.41270120602338844 0.3574856300838185 Penicillium-verrucosum
10 12 0.17203467732223615 0.7122474283371445 Penicillium-chrysogenum
10 12 -0.5059519303174382 0.2466462177574861 Penicillium-brevicompactum
10 12 0.323808029585725 0.4786465017595822 Penicillium-mb
12 10 -0.8180599588416431 0.024523171404041724 Penicillium-polonicum
12 10 -0.10526944471836328 0.8222775987177078 Penicillium-solitum
12 10 -0.6280078179754633 0.1309979032768958 Penicillium-commune
12 10 0.3058665748167088 0.5046893114686462 Penicillium-cvjetkovicii
12 10 -0.252917479052839 0.584233846131935 Penicillium-verrucosum
12 10 0.34071541649744447 0.45456387799209785 Penicillium-chrysogenum
12 10 0.4225922266850288 0.3448900925108491 Penicillium-brevicompactum
12 10 0.3551294839876953 0.4344001618984542 Penicillium-mb
12 10 -0.08168751404056826 0.8617851911094143 Penicillium-polonicum
12 10 0.14960423068295253 0.7488565753808325 Penicillium-solitum
12 10 0.18171135860567467 0.6965847914244652 Penicillium-commune
12 10 0.3400829387529716 0.45545649897961016 Penicillium-cvjetkovicii
12 10 -0.6625091069973887 0.10488400354635773 Penicillium-verrucosum
12 10 0.3233190422566875 0.47934974271426484 Penicillium-chrysogenum
12 10 -0.3756854434894496 0.40625523900446875 Penicillium-brevicompactum
12 10 -0.375685477287022 0.4062551933358099 Penicillium-mb
10 12 -0.05133241707093165 0.9129701505930945 Penicillium-polonicum
10 12 0.1605183278456311 0.7309927047164317 Penicillium-solitum
10 12 -0.27383199593036783 0.5523595007688846 Penicillium-commune
10 12 -0.2289451628780023 0.6214362497688058 Penicillium-cvjetkovicii
10 12 0.0018620170915475953 0.9968389470879538 Penicillium-verrucosum
10 12 -0.14973336958687755 0.7486446674357439 Penicillium-chrysogenum
10 12 -0.12616545111065278 0.7875154695517811 Penicillium-brevicompactum
10 12 -0.11709624375834289 0.8025712839726858 Penicillium-mb
12 12 -0.07059046727665375 0.8804602549383986 Penicillium-polonicum
12 12 0.5681163276013965 0.18332284022063816 Penicillium-solitum
12 12 -0.2935277836724606 0.5228781665151992 Penicillium-commune
12 12 -0.26779697394850177 0.5614986555104662 Penicillium-cvjetkovicii
12 12 0.4936663079637416 0.2601979986365438 Penicillium-verrucosum
12 12 -0.2646085535535198 0.5663464352387766 Penicillium-chrysogenum
12 12 -0.18287267238760369 0.694710734170578 Penicillium-brevicompactum
12 12 -0.1720539026858119 0.7122162286592533 Penicillium-mb
12 12 -0.27644755137096105 0.5484137421824495 Penicillium-polonicum
12 12 0.4333570922192065 0.3313987507646873 Penicillium-solitum
12 12 0.5088298107896069 0.24352003965014624 Penicillium-commune
12 12 0.506149005444759 0.24643155148023096 Penicillium-cvjetkovicii
12 12 0.46839529220191195 0.28910470025974827 Penicillium-verrucosum
12 12 0.4418483166943175 0.3209192971462566 Penicillium-chrysogenum
12 12 -0.4022521886877079 0.37099510859866025 Penicillium-brevicompactum
12 12 -0.8331047102831964 0.019933667589409447 Penicillium-mb
12 12 -0.11262572779569477 0.8100109548336597 Penicillium-polonicum
12 12 0.25480279938684747 0.581337584295013 Penicillium-solitum
12 12 0.2278366047099096 0.623172883279856 Penicillium-commune
12 12 -0.30994816118648005 0.49872186172828414 Penicillium-cvjetkovicii
12 12 0.31853106871851505 0.4862552119675084 Penicillium-verrucosum
12 12 -0.27391639533030326 0.5522320343366467 Penicillium-chrysogenum
12 12 0.10860265010106843 0.8167157654899213 Penicillium-brevicompactum
12 12 -0.280629935962247 0.5421235742771127 Penicillium-mb
12 12 -0.15137146904273288 0.7459577552911381 Penicillium-polonicum
12 12 0.32982346781620286 0.47002602990469383 Penicillium-solitum
12 12 -0.45715115527322603 0.3024022188401668 Penicillium-commune
12 12 0.001402928719573235 0.99761831657822 Penicillium-cvjetkovicii
12 12 0.2689514419488247 0.5597466506885044 Penicillium-verrucosum
12 12 -0.2646085533525212 0.5663464355447994 Penicillium-chrysogenum
12 12 -0.3749904091798419 0.40719482581140987 Penicillium-brevicompactum
12 12 -0.064841253970132 0.8901533275885114 Penicillium-mb
12 12 -0.054559802883311526 0.9075141999805584 Penicillium-polonicum
12 12 0.2267597721325728 0.624861145934188 Penicillium-solitum
12 12 0.3216498046012836 0.4817531736895456 Penicillium-commune
12 12 0.3181153782521692 0.48685641271541213 Penicillium-cvjetkovicii
12 12 -0.22322841285892156 0.6304067466256051 Penicillium-verrucosum
12 12 -0.33557191827452154 0.4618417723059073 Penicillium-chrysogenum
12 12 -0.026882855666715853 0.9543787359251558 Penicillium-brevicompactum
12 12 -0.26797271994944216 0.5612318326006808 Penicillium-mb
12 12 -0.5386638009019333 0.2122127947757517 Penicillium-polonicum
12 12 0.551980885519839 0.19889800979425276 Penicillium-solitum
12 12 -0.7557751966494218 0.049386348810046936 Penicillium-commune
12 12 0.3771286014058896 0.40430703359610837 Penicillium-cvjetkovicii
12 12 0.32676191018004236 0.47440630695138636 Penicillium-verrucosum
12 12 0.383702721711851 0.39547929046725117 Penicillium-chrysogenum
12 12 0.2852908104983522 0.5351420589270828 Penicillium-brevicompactum
12 12 0.3846367838222541 0.39423133203201743 Penicillium-mb
12 12 -0.3134531330988168 0.49361738910232944 Penicillium-polonicum
12 12 0.11503281986857958 0.8060037154742947 Penicillium-solitum
12 12 0.07983408715138277 0.8649009318169093 Penicillium-commune
12 12 -0.2723230103478543 0.5546400962150309 Penicillium-cvjetkovicii
12 12 -0.007717451566233089 0.9868988374629788 Penicillium-verrucosum
12 12 -0.2595349180548422 0.5740877371888711 Penicillium-chrysogenum
12 12 -0.2779146848405537 0.5462045101516867 Penicillium-brevicompactum
12 12 -0.27142266019339156 0.5560022829391742 Penicillium-mb
12 10 0.3581048879165623 0.43028123131711693 Penicillium-polonicum
12 10 -0.10074686783478329 0.8298334696445725 Penicillium-solitum
12 10 0.43926253779518276 0.32409522375199845 Penicillium-commune
12 10 -0.26278468110308334 0.5691254609639693 Penicillium-cvjetkovicii
12 10 -0.5699751365418639 0.18156821791781566 Penicillium-verrucosum
12 10 0.4981312119687957 0.25523447646651065 Penicillium-chrysogenum
12 10 0.5251942774351224 0.22609691263424864 Penicillium-brevicompactum
12 10 0.4856802295946471 0.2691844518688406 Penicillium-mb
12 8 -0.7261524972589845 0.06461711295324768 Penicillium-polonicum
12 8 0.3714074616067171 0.4120519969447086 Penicillium-solitum
12 8 0.478163691146861 0.27776855108079024 Penicillium-commune
12 8 0.4792910422815521 0.2764733489447712 Penicillium-cvjetkovicii
12 8 -0.6299617651876894 0.1294393391482791 Penicillium-verrucosum
12 8 0.6071238281694905 0.14824736875007705 Penicillium-chrysogenum
12 8 0.4065372581171863 0.365429952530883 Penicillium-brevicompactum
12 8 0.4060992997628625 0.36599715434246227 Penicillium-mb
