#SPECIES: Penicillium-commune Penicillium-chrysogenum Penicillium-mb Penicillium-solitum Penicillium-brevicompactum Penicillium-polonicum Penicillium-verrucosum Penicillium-cvjetkovicii 
#GENE_TREEs p: 0.14280845124574035 0.1428084512457526 0.03878386884389601 0.03533983374311555 0.07203477629924196 0.04915460833267617 0.06293399923231988 6.7248614324986945e-06 
#GENE_TREEs r: 0.613569503317982 0.6135695033179673 0.7794991220302647 0.787966162525492 0.7131009897827997 0.7562619671423375 0.7292248258089438 0.9934188020241751 
11 12 0.2093266454443244 0.6523702128499951 Penicillium-commune
11 12 -0.4943057677009092 0.2594844466842442 Penicillium-chrysogenum
11 12 -0.3610742014462698 0.42618576094036936 Penicillium-mb
11 12 -0.25981213511565143 0.5736639081311872 Penicillium-solitum
11 12 -0.1324668382456279 0.7770851670303544 Penicillium-brevicompactum
11 12 -0.21442084024615826 0.6442978113064545 Penicillium-polonicum
11 12 0.17352699471108057 0.7098265882314447 Penicillium-verrucosum
11 12 -0.4475321247731803 0.3139858103149752 Penicillium-cvjetkovicii
11 12 0.020292463627633876 0.9655575362502011 Penicillium-commune
11 12 0.02300931044877276 0.9609485207822605 Penicillium-chrysogenum
11 12 -0.07341732667024808 0.8756985069852283 Penicillium-mb
11 12 0.09573816135045701 0.8382136832315964 Penicillium-solitum
11 12 -0.04149417350409573 0.9296179304949288 Penicillium-brevicompactum
11 12 -0.6023763106923208 0.15231867169032828 Penicillium-polonicum
11 12 0.25800764246811947 0.5764245005505784 Penicillium-verrucosum
11 12 -0.15142330381823665 0.7458727659458855 Penicillium-cvjetkovicii
11 12 -0.4327753470740328 0.33212198586647546 Penicillium-commune
11 12 0.19970246477970738 0.6676942797204322 Penicillium-chrysogenum
11 12 -0.01197248066246658 0.9796763422352377 Penicillium-mb
11 12 -0.11947434627014268 0.7986185265127986 Penicillium-solitum
11 12 -0.6068608793042694 0.14847141741955394 Penicillium-brevicompactum
11 12 -0.14651412180889403 0.7539309517258241 Penicillium-polonicum
11 12 -0.18997078909055568 0.6832833478865846 Penicillium-verrucosum
11 12 0.17690316140347312 0.7043569422265634 Penicillium-cvjetkovicii
11 12 -0.6171015068198492 0.13987156708722864 Penicillium-commune
11 12 0.21796770553484063 0.6386936587688656 Penicillium-chrysogenum
11 12 -0.1402579846212123 0.7642258021776632 Penicillium-mb
11 12 -0.27466002140192314 0.5511093667103117 Penicillium-solitum
11 12 0.03015651538771957 0.9488279851533934 Penicillium-brevicompactum
11 12 0.1708392316189345 0.7141880700092603 Penicillium-polonicum
11 12 0.4531066229091477 0.3072496227693528 Penicillium-verrucosum
11 12 0.4392120744018816 0.32415733819386305 Penicillium-cvjetkovicii
11 12 -0.09391897594616418 0.8412604631074765 Penicillium-commune
11 12 -0.3460947452663504 0.44699847343543464 Penicillium-chrysogenum
11 12 -0.6277216815727146 0.13122693764678847 Penicillium-mb
11 12 0.17511877581514676 0.707246534677477 Penicillium-solitum
11 12 0.192729552541057 0.6788547851428128 Penicillium-brevicompactum
11 12 0.1527921127189844 0.7436291824933343 Penicillium-polonicum
11 12 -0.37291869634141134 0.4100005535735166 Penicillium-verrucosum
11 12 0.10435560837223187 0.8238034813025096 Penicillium-cvjetkovicii
11 12 0.10286403004156736 0.826294997813593 Penicillium-commune
11 12 -0.4343196803657135 0.3302035241582583 Penicillium-chrysogenum
11 12 -0.007017749503961771 0.9880865917876479 Penicillium-mb
11 12 -0.28196027637006627 0.5401278010303237 Penicillium-solitum
11 12 -0.6156945151588544 0.14103779665537106 Penicillium-brevicompactum
11 12 0.06533214053801228 0.8893252625657996 Penicillium-polonicum
11 12 -0.5961472450632835 0.15774418463722578 Penicillium-verrucosum
11 12 0.062026712010513206 0.8949026269774243 Penicillium-cvjetkovicii
9 12 -0.28393803309570315 0.5371652856744797 Penicillium-commune
9 12 -0.1991823389016952 0.6685251156601566 Penicillium-chrysogenum
9 12 -0.09609841418022998 0.8376105197534598 Penicillium-mb
9 12 -0.4060161532446876 0.3661048787228641 Penicillium-solitum
9 12 0.07135085011823575 0.8791791295532072 Penicillium-brevicompactum
9 12 -0.1120815560842279 0.8109173322699426 Penicillium-polonicum
9 12 -0.10072857586311822 0.8298640515622037 Penicillium-verrucosum
9 12 -0.27220133837096266 0.5548241169517893 Penicillium-cvjetkovicii
11 12 -0.2926489831525102 0.5241820209599739 Penicillium-commune
11 12 -0.3322982602559586 0.4664961162076504 Penicillium-chrysogenum
11 12 0.262773980155657 0.5691417786486667 Penicillium-mb
11 12 0.19369554735137762 0.6773058293698777 Penicillium-solitum
11 12 -0.0832790351663971 0.8591108678447479 Penicillium-brevicompactum
11 12 -0.6063751592013338 0.1488857275662954 Penicillium-polonicum
11 12 -0.6080684044691564 0.14744393284550128 Penicillium-verrucosum
11 12 -0.3715945734426978 0.41179778193852706 Penicillium-cvjetkovicii
11 12 -0.1545735835299816 0.7407113741496053 Penicillium-commune
11 12 -0.19410785881199347 0.6766449699031065 Penicillium-chrysogenum
11 12 -0.3981136310494278 0.3764026814560426 Penicillium-mb
11 12 -0.2819602765288962 0.5401278007921927 Penicillium-solitum
11 12 -0.6153588493658622 0.14131674670807845 Penicillium-brevicompactum
11 12 -0.5018671247895145 0.2511150426255754 Penicillium-polonicum
11 12 -0.31599467748486487 0.4899276435309725 Penicillium-verrucosum
11 12 -0.4030530892454963 0.3699523277615405 Penicillium-cvjetkovicii
11 10 -0.2525529977583723 0.5847942805362274 Penicillium-commune
11 10 -0.5772903084315882 0.17474322742286463 Penicillium-chrysogenum
11 10 -0.024935505143666038 0.9576813310130692 Penicillium-mb
11 10 -0.31458584472724477 0.49197173513398074 Penicillium-solitum
11 10 0.022637301626797602 0.9615795691681466 Penicillium-brevicompactum
11 10 0.09653421926920305 0.8368809452970541 Penicillium-polonicum
11 10 -0.22891777878033215 0.6214791320871045 Penicillium-verrucosum
11 10 0.160493204308664 0.7310337182479274 Penicillium-cvjetkovicii
11 12 0.41976625521109695 0.3484694546985388 Penicillium-commune
11 12 0.4113154463014239 0.35926534049255376 Penicillium-chrysogenum
11 12 -0.26811375589360276 0.5610177369232443 Penicillium-mb
11 12 -0.006512284697695044 0.9889446365600714 Penicillium-solitum
11 12 -0.3460732751924663 0.4470285739262916 Penicillium-brevicompactum
11 12 0.040430624262504225 0.9314189251010627 Penicillium-polonicum
11 12 -0.5208701863494655 0.23064197667815295 Penicillium-verrucosum
11 12 -0.3169686189602657 0.4885163116620046 Penicillium-cvjetkovicii
9 12 0.21868072472497121 0.6375687058465965 Penicillium-commune
9 12 0.1668480885112869 0.720675967998248 Penicillium-chrysogenum
9 12 -0.4121705615059692 0.35816669503750226 Penicillium-mb
9 12 -0.4379262238472243 0.3257417927626525 Penicillium-solitum
9 12 0.09225481405699756 0.8440489899195885 Penicillium-brevicompactum
9 12 -0.41462187139529777 0.35502502958340487 Penicillium-polonicum
9 12 -0.4521602413665007 0.3083887350295903 Penicillium-verrucosum
9 12 0.21703337020124774 0.6401686226821846 Penicillium-cvjetkovicii
9 12 -0.7925467193246717 0.03355056754840697 Penicillium-commune
9 12 0.2612102813559759 0.5715278217543028 Penicillium-chrysogenum
9 12 -0.030711123014725665 0.9478877618303128 Penicillium-mb
9 12 -0.026357937078910425 0.9552689182916718 Penicillium-solitum
9 12 -0.17327880418320094 0.7102290694382736 Penicillium-brevicompactum
9 12 -0.2198840203461422 0.6356714821794763 Penicillium-polonicum
9 12 -0.11936201970082144 0.7988051535043336 Penicillium-verrucosum
9 12 0.14228710384633084 0.7608836726707842 Penicillium-cvjetkovicii
11 12 0.0846667921874649 0.8567798140142544 Penicillium-commune
11 12 -0.3181568842096195 0.48679637195195746 Penicillium-chrysogenum
11 12 -0.08121349042350559 0.8625819238036536 Penicillium-mb
11 12 0.27600402742682095 0.5490821812834266 Penicillium-solitum
11 12 0.23325745321849037 0.6146940717583882 Penicillium-brevicompactum
11 12 -0.6239400039728983 0.13427306402517755 Penicillium-polonicum
11 12 0.3967610247259658 0.37817696089145936 Penicillium-verrucosum
11 12 0.3749937295612421 0.4071903350972792 Penicillium-cvjetkovicii
9 12 0.37351051557993226 0.4091982775042192 Penicillium-commune
9 12 -0.8224474699826241 0.023129185964670906 Penicillium-chrysogenum
9 12 0.6616856471185589 0.10547239089429929 Penicillium-mb
9 12 0.283990213434308 0.5370871971429756 Penicillium-solitum
9 12 0.1784935899925586 0.7017838181514402 Penicillium-brevicompactum
9 12 0.38299367799884637 0.3964276633088981 Penicillium-polonicum
9 12 -0.20023129695469757 0.6668498129809366 Penicillium-verrucosum
9 12 -0.37908503786148423 0.401671840680154 Penicillium-cvjetkovicii
11 12 -0.34261456885233865 0.45188751493984636 Penicillium-commune
11 12 -0.34136277406504034 0.4536509328237228 Penicillium-chrysogenum
11 12 0.39811335663682695 0.3764030410715873 Penicillium-mb
11 12 0.2831009392048541 0.5384185228370131 Penicillium-solitum
11 12 -0.6014389735342736 0.15312902913709714 Penicillium-brevicompactum
11 12 -0.6361918475796114 0.12453349051155951 Penicillium-polonicum
11 12 -0.37709479998445483 0.4043526218366221 Penicillium-verrucosum
11 12 -0.5441934186253816 0.20663402876030673 Penicillium-cvjetkovicii
11 10 0.0307104005512352 0.9478889865876854 Penicillium-commune
11 10 0.13157368723156737 0.7785619592266165 Penicillium-chrysogenum
11 10 0.1630393815794759 0.7268797518478176 Penicillium-mb
11 10 0.40054397948271525 0.37322323176131655 Penicillium-solitum
11 10 -0.5521374956489953 0.1987438887058679 Penicillium-brevicompactum
11 10 -0.5313342978245527 0.21971629442830093 Penicillium-polonicum
11 10 -0.4912211499401266 0.2629347083949274 Penicillium-verrucosum
11 10 0.29961652560084023 0.5138749271269596 Penicillium-cvjetkovicii
11 10 -0.12108175935103645 0.7959486996695552 Penicillium-commune
11 10 -0.1210817504661205 0.7959487144225715 Penicillium-chrysogenum
11 10 -0.024935505153268395 0.9576813309967829 Penicillium-mb
11 10 -0.2773310016301234 0.547083079497827 Penicillium-solitum
11 10 -0.5106481307768449 0.2415543594289844 Penicillium-brevicompactum
11 10 -0.3939269962509479 0.38190548642265104 Penicillium-polonicum
11 10 -0.23176449996904547 0.6170258615465789 Penicillium-verrucosum
11 10 -0.1703791497327186 0.714935276612036 Penicillium-cvjetkovicii
9 12 0.26120998373229387 0.571528276196774 Penicillium-commune
9 12 -0.37032464381329927 0.41352434805971544 Penicillium-chrysogenum
9 12 -0.025164196814199423 0.9572934573474092 Penicillium-mb
9 12 -0.30026265153441833 0.512922670422858 Penicillium-solitum
9 12 -0.15059014631659257 0.7472390754629444 Penicillium-brevicompactum
9 12 -0.21419839545699804 0.6446497300487035 Penicillium-polonicum
9 12 0.20811621705379765 0.6542922922138088 Penicillium-verrucosum
9 12 -0.25374379300776395 0.5829639012046031 Penicillium-cvjetkovicii
11 12 -0.026349396382098756 0.9552834023267027 Penicillium-commune
11 12 -0.29570520604563816 0.5196523405367995 Penicillium-chrysogenum
11 12 -0.10231664614933098 0.827209633700735 Penicillium-mb
11 12 -0.38842948130547916 0.38918032064235875 Penicillium-solitum
11 12 -0.11591499540485486 0.8045359423880427 Penicillium-brevicompactum
11 12 0.059245526190833765 0.8995980945600737 Penicillium-polonicum
11 12 -0.13091700417354576 0.7796480986270938 Penicillium-verrucosum
11 12 -0.2722013348946975 0.5548241222096904 Penicillium-cvjetkovicii
11 12 -0.20957493456751897 0.6519761348285366 Penicillium-commune
11 12 -0.46296699838132327 0.2954913151052904 Penicillium-chrysogenum
11 12 -0.5109807594686808 0.241195573264816 Penicillium-mb
11 12 -0.10287399276044272 0.8262783523299086 Penicillium-solitum
11 12 -0.08327903516874662 0.8591108678408006 Penicillium-brevicompactum
11 12 -0.1238590102542919 0.7913395738500317 Penicillium-polonicum
11 12 -0.4527350942238524 0.3076965937956273 Penicillium-verrucosum
11 12 -0.25863160682928454 0.575469463422202 Penicillium-cvjetkovicii
9 10 0.006592830188891029 0.9888079070938601 Penicillium-commune
9 10 -0.48037496155382997 0.27523061262703025 Penicillium-chrysogenum
9 10 0.21990555959387814 0.635637535858063 Penicillium-mb
9 10 -0.6376851763856648 0.12337198023192478 Penicillium-solitum
9 10 0.3225070426107598 0.4805183491652083 Penicillium-brevicompactum
9 10 0.42644883138623124 0.340030486784217 Penicillium-polonicum
9 10 0.49771138857945046 0.25569931986495137 Penicillium-verrucosum
9 10 0.48745349371904334 0.26717709474592527 Penicillium-cvjetkovicii
9 12 -0.38180665968330973 0.39801737226611567 Penicillium-commune
9 12 -0.25255283156150515 0.5847945361218914 Penicillium-chrysogenum
9 12 -0.024935505016128703 0.9576813312293814 Penicillium-mb
9 12 -0.04349300037788087 0.9262338051284311 Penicillium-solitum
9 12 0.0072246403968591055 0.9877353896177838 Penicillium-brevicompactum
9 12 0.041343330379372795 0.9298733510579211 Penicillium-polonicum
9 12 0.16644217921424773 0.7213365564380668 Penicillium-verrucosum
9 12 0.1568124597660084 0.7370479013231841 Penicillium-cvjetkovicii
11 10 -0.49895518938942607 0.2543232667940495 Penicillium-commune
11 10 0.17443853455368663 0.708348839103855 Penicillium-chrysogenum
11 10 -0.5870115565319866 0.16587231843374464 Penicillium-mb
11 10 -0.28196027640486104 0.5401278009781565 Penicillium-solitum
11 10 -0.2485344788086367 0.5909841539966202 Penicillium-brevicompactum
11 10 -0.13497471326965338 0.7729413515301164 Penicillium-polonicum
11 10 0.04288172727026306 0.9272686326128028 Penicillium-verrucosum
11 10 -0.18140044698641136 0.69708673019795 Penicillium-cvjetkovicii
11 10 0.45707983787813017 0.30248740057089424 Penicillium-commune
11 10 -0.3882105615020632 0.3894711610071081 Penicillium-chrysogenum
11 10 0.07194701705264137 0.8781748285745721 Penicillium-mb
11 10 0.6376837488404249 0.1233730879124402 Penicillium-solitum
11 10 -0.1172463095039434 0.8023217528341355 Penicillium-brevicompactum
11 10 -0.057055657644283914 0.9032968878687002 Penicillium-polonicum
11 10 0.0025462377401448554 0.9956773865710897 Penicillium-verrucosum
11 10 0.30165378355307215 0.5108744965447454 Penicillium-cvjetkovicii
7 12 -0.006588189784694922 0.9888157843754445 Penicillium-commune
7 12 -0.5199565796844847 0.2316076965857161 Penicillium-chrysogenum
7 12 0.15556496499463782 0.7390886925963973 Penicillium-mb
7 12 -0.2819602764108737 0.5401278009691417 Penicillium-solitum
7 12 0.12121132101270063 0.7957335733063446 Penicillium-brevicompactum
7 12 0.2416500875682389 0.6016342848951257 Penicillium-polonicum
7 12 0.227504836065418 0.623692892188979 Penicillium-verrucosum
7 12 -0.22254958033168643 0.6314743664210317 Penicillium-cvjetkovicii
11 12 0.3225621730434032 0.48043897457510343 Penicillium-commune
11 12 0.19075350067925334 0.6820261447513027 Penicillium-chrysogenum
11 12 -0.35789992174471297 0.4305644891663985 Penicillium-mb
11 12 -0.4366069312571581 0.3273709010164228 Penicillium-solitum
11 12 -0.41066859874743145 0.36009733292583257 Penicillium-brevicompactum
11 12 0.18815040411386943 0.6862095242943497 Penicillium-polonicum
11 12 -0.5774876403011958 0.17456089432089855 Penicillium-verrucosum
11 12 0.2631213570724779 0.5686121452978603 Penicillium-cvjetkovicii
11 12 0.6666412941653004 0.10195731588751347 Penicillium-commune
11 12 0.6753771009973784 0.09591234227885286 Penicillium-chrysogenum
11 12 -0.4208779013131024 0.3470595955161448 Penicillium-mb
11 12 0.46339569273266173 0.2949846917122566 Penicillium-solitum
11 12 0.23648587077240235 0.6096605475817061 Penicillium-brevicompactum
11 12 -0.6509141365771858 0.11332656884971606 Penicillium-polonicum
11 12 0.6023560713250379 0.15233614653810995 Penicillium-verrucosum
11 12 0.595718725237453 0.15812090738330914 Penicillium-cvjetkovicii
11 10 -0.3022848141100127 0.5099463594602616 Penicillium-commune
11 10 -0.1315730229799564 0.7785630577397423 Penicillium-chrysogenum
11 10 -0.03895393785430638 0.9339199031129106 Penicillium-mb
11 10 -0.04531443450020046 0.9231507844737532 Penicillium-solitum
11 10 -0.20388521169861767 0.661022724751525 Penicillium-brevicompactum
11 10 -0.15353429946573902 0.7424132827563437 Penicillium-polonicum
11 10 -0.1080202466084444 0.8176871369129693 Penicillium-verrucosum
11 10 -0.09409757710165897 0.8409612708334714 Penicillium-cvjetkovicii
11 12 -0.18971213469296055 0.683698930515436 Penicillium-commune
11 12 0.17236509824636012 0.7117112526396272 Penicillium-chrysogenum
11 12 -0.30161766570700765 0.5109276373229494 Penicillium-mb
11 12 -0.015994456403960113 0.9728504405268048 Penicillium-solitum
11 12 -0.4488892787533122 0.3123399786079661 Penicillium-brevicompactum
11 12 -0.2342980019032663 0.6130703980885772 Penicillium-polonicum
11 12 0.1999575927483148 0.6672868432629762 Penicillium-verrucosum
11 12 0.13968572639348348 0.7651688876885445 Penicillium-cvjetkovicii
11 10 -0.20919970679467637 0.6525717113959688 Penicillium-commune
11 10 -0.3463838400953816 0.44659324418161245 Penicillium-chrysogenum
11 10 -0.6273640649748603 0.13151347392000312 Penicillium-mb
11 10 -0.31109616657093353 0.4970479223351155 Penicillium-solitum
11 10 0.4050950665391781 0.36729910940138805 Penicillium-brevicompactum
11 10 0.34712380336390275 0.4455566551013961 Penicillium-polonicum
11 10 -0.13537089582549766 0.7722871204525023 Penicillium-verrucosum
11 10 -0.15808088678245752 0.7349741253682676 Penicillium-cvjetkovicii
11 12 -0.08221646415287998 0.8608962486932359 Penicillium-commune
11 12 -0.44521952287612276 0.31679896596429896 Penicillium-chrysogenum
11 12 0.43768651482879845 0.32603753456280526 Penicillium-mb
11 12 0.4244748689339667 0.3425141874107953 Penicillium-solitum
11 12 0.44905137214604957 0.312143658002578 Penicillium-brevicompactum
11 12 0.07341847984127195 0.875696565108375 Penicillium-polonicum
11 12 0.32398580416510653 0.4783909263037536 Penicillium-verrucosum
11 12 -0.641249089182369 0.12062252324304425 Penicillium-cvjetkovicii
11 12 -0.37238413412938465 0.410725742013834 Penicillium-commune
11 12 -0.11164969686255839 0.8116367605696879 Penicillium-chrysogenum
11 12 -0.6277216197255362 0.13122698717362924 Penicillium-mb
11 12 0.20934003289469555 0.6523489629980808 Penicillium-solitum
11 12 0.1936155544036359 0.6774340624250847 Penicillium-brevicompactum
11 12 0.21501595022242792 0.6433565772871921 Penicillium-polonicum
11 12 -0.3948341718846716 0.380710365459704 Penicillium-verrucosum
11 12 0.14417347336152297 0.7577793120054623 Penicillium-cvjetkovicii
11 10 -0.1461083504727227 0.7545978097532619 Penicillium-commune
11 10 -0.1461083462857253 0.7545978166349377 Penicillium-chrysogenum
11 10 0.3981134177410906 0.37640296099492077 Penicillium-mb
11 10 0.2831011320339983 0.5384182340353154 Penicillium-solitum
11 10 -0.5877502266278893 0.16520758874205313 Penicillium-brevicompactum
11 10 -0.5262233147016264 0.2250215498813477 Penicillium-polonicum
11 10 -0.23549462831919346 0.6112047335961256 Penicillium-verrucosum
11 10 -0.25809928246225805 0.5762842057835502 Penicillium-cvjetkovicii
9 12 -0.08119559680375284 0.8626120009833704 Penicillium-commune
9 12 -0.05734659216086384 0.9028054041810485 Penicillium-chrysogenum
9 12 0.6590765752399377 0.1073479647996297 Penicillium-mb
9 12 -0.8172776661319244 0.024776556936591955 Penicillium-solitum
9 12 0.6533975291161697 0.11148982888514608 Penicillium-brevicompactum
9 12 0.6152140647994002 0.14143715368833687 Penicillium-polonicum
9 12 -0.7596873723688535 0.04754072741144087 Penicillium-verrucosum
9 12 0.46461018096455814 0.2935515186744885 Penicillium-cvjetkovicii
11 12 0.08466703234383409 0.8567794106881839 Penicillium-commune
11 12 -0.4036958926179189 0.36911626270131603 Penicillium-chrysogenum
11 12 -0.1088906851169348 0.8162354303280009 Penicillium-mb
11 12 0.40736488018083544 0.36435908645364207 Penicillium-solitum
11 12 0.20488748942532187 0.6594267024506747 Penicillium-brevicompactum
11 12 -0.6239400586670383 0.13427301971226524 Penicillium-polonicum
11 12 0.5294853968758589 0.22162857865283198 Penicillium-verrucosum
11 12 0.5165710468052116 0.23520278950988047 Penicillium-cvjetkovicii
11 12 -0.012968304997519393 0.9779861728832404 Penicillium-commune
11 12 0.22135226856257323 0.6333586538991944 Penicillium-chrysogenum
11 12 -0.3174301239797674 0.48784805482109617 Penicillium-mb
11 12 -0.5436507891231667 0.20717834195050933 Penicillium-solitum
11 12 -0.221054161703016 0.6338280494332593 Penicillium-brevicompactum
11 12 -0.45029901643490744 0.31063436258316507 Penicillium-polonicum
11 12 0.15757425824423377 0.7358022693508065 Penicillium-verrucosum
11 12 -0.3965506552150989 0.3784532179750411 Penicillium-cvjetkovicii
11 12 -0.08583638954284126 0.8548158510235098 Penicillium-commune
11 12 -0.14542760857909026 0.7557168355542723 Penicillium-chrysogenum
11 12 -0.1399204200968417 0.7647820828878081 Penicillium-mb
11 12 -0.08469216267170494 0.8567372061714928 Penicillium-solitum
11 12 -0.2925441823691197 0.5243375847871046 Penicillium-brevicompactum
11 12 -0.19014444706793987 0.6830043655144875 Penicillium-polonicum
11 12 -0.1299209667277101 0.7812960663662324 Penicillium-verrucosum
11 12 -0.12266613302538142 0.7933186877046718 Penicillium-cvjetkovicii
11 12 0.36495580353421786 0.42085482052035306 Penicillium-commune
11 12 -0.7190838668590289 0.06858067062640776 Penicillium-chrysogenum
11 12 0.23823902507155256 0.6069322514541569 Penicillium-mb
11 12 -0.31981466667017483 0.4844004608980787 Penicillium-solitum
11 12 -0.07406522115830967 0.874607566503705 Penicillium-brevicompactum
11 12 0.03573161284615214 0.9393788463075399 Penicillium-polonicum
11 12 -0.13252215360343716 0.7769937226356757 Penicillium-verrucosum
11 12 -0.011178652602147619 0.981023715645133 Penicillium-cvjetkovicii
11 12 -0.10084936872899099 0.8296621039690995 Penicillium-commune
11 12 0.1710448281964814 0.713854224780111 Penicillium-chrysogenum
11 12 0.12754855141024465 0.7852238965243947 Penicillium-mb
11 12 -0.4767027145606848 0.2794510953733715 Penicillium-solitum
11 12 0.21248211644670278 0.6473667378584353 Penicillium-brevicompactum
11 12 -0.6687513032790925 0.10047953067549266 Penicillium-polonicum
11 12 0.277705696431145 0.5465190296747167 Penicillium-verrucosum
11 12 -0.509894084229749 0.24236861913709248 Penicillium-cvjetkovicii
11 12 -0.5656206030122453 0.18569161498301534 Penicillium-commune
11 12 0.4727957071147122 0.2839729819502018 Penicillium-chrysogenum
11 12 0.4576473726434005 0.3018098268302876 Penicillium-mb
11 12 0.6556432744766836 0.10984223168476905 Penicillium-solitum
11 12 0.4896779625144843 0.26466860866461994 Penicillium-brevicompactum
11 12 0.5160580816965904 0.2357497615717689 Penicillium-polonicum
11 12 0.662006696130555 0.10524278772149233 Penicillium-verrucosum
11 12 0.5332224059404853 0.21777154677172275 Penicillium-cvjetkovicii
11 12 0.25255509222211 0.584791059570487 Penicillium-commune
11 12 -0.6545365958739497 0.11065256097548593 Penicillium-chrysogenum
11 12 -0.4929548985457086 0.2609928874557701 Penicillium-mb
11 12 0.07516122181624471 0.8727624541797785 Penicillium-solitum
11 12 0.06862297825632921 0.8837761211082784 Penicillium-brevicompactum
11 12 0.2619433385710013 0.5704088600187032 Penicillium-polonicum
11 12 0.2503479483417301 0.5881883304885119 Penicillium-verrucosum
11 12 0.398664705027828 0.37568078602841304 Penicillium-cvjetkovicii
9 12 -0.29378873239889625 0.5224912157685051 Penicillium-commune
9 12 0.048514596901598754 0.9177359531490392 Penicillium-chrysogenum
9 12 -0.23314387677321907 0.6148713724147008 Penicillium-mb
9 12 -0.5656829181249275 0.18563228938918588 Penicillium-solitum
9 12 -0.24640210979616003 0.594276780353626 Penicillium-brevicompactum
9 12 -0.2342980019024775 0.6130703980898076 Penicillium-polonicum
9 12 -0.3294440129204664 0.47056812474050286 Penicillium-verrucosum
9 12 -0.26156947171146644 0.5709794558916922 Penicillium-cvjetkovicii
11 12 -0.10176063090766742 0.8281388509052153 Penicillium-commune
11 12 -0.15769076549354555 0.7356118065040556 Penicillium-chrysogenum
11 12 -0.748363884116038 0.05298854941001552 Penicillium-mb
11 12 0.3296572269542973 0.470263495950718 Penicillium-solitum
11 12 -0.6091861755359967 0.1464960151466618 Penicillium-brevicompactum
11 12 0.3520021319207837 0.43874557083224563 Penicillium-polonicum
11 12 -0.4530480253617028 0.3073201002348383 Penicillium-verrucosum
11 12 -0.5144688503953789 0.23744810965103166 Penicillium-cvjetkovicii
9 10 0.06059271254796602 0.8973233462433132 Penicillium-commune
9 10 0.48037989851491 0.2752249580613713 Penicillium-chrysogenum
9 10 0.38711157163382237 0.3909325148828683 Penicillium-mb
9 10 -0.7006745547918017 0.07950018764740029 Penicillium-solitum
9 10 0.5550122694901233 0.1959250294157832 Penicillium-brevicompactum
9 10 0.639990350159179 0.12158997153648023 Penicillium-polonicum
9 10 0.7012657317746639 0.07913611903736677 Penicillium-verrucosum
9 10 0.6988230455246036 0.0806461727522837 Penicillium-cvjetkovicii
11 10 -0.6135683902532932 0.14280938162191284 Penicillium-commune
11 10 0.472795706834136 0.28397298227609996 Penicillium-chrysogenum
11 10 0.7276941423584439 0.06376955423050595 Penicillium-mb
11 10 0.9635808746303458 0.0004767068065066142 Penicillium-solitum
11 10 0.8573995104337225 0.013637859592977848 Penicillium-brevicompactum
11 10 0.9510648487734576 0.0009908888673600803 Penicillium-polonicum
11 10 0.9732548014348803 0.00022147125456930194 Penicillium-verrucosum
11 10 0.9770494423155444 0.0001513827210141532 Penicillium-cvjetkovicii
11 12 0.4983891153077138 0.2549491089463758 Penicillium-commune
11 12 0.3988875372915704 0.37538904092794767 Penicillium-chrysogenum
11 12 0.12453537969968126 0.7902177980817121 Penicillium-mb
11 12 -0.5892865574057617 0.16382927683559567 Penicillium-solitum
11 12 0.14868654702298392 0.7503627915717915 Penicillium-brevicompactum
11 12 -0.5770768826104367 0.17494053644057941 Penicillium-polonicum
11 12 0.3154980592459672 0.4906478473900099 Penicillium-verrucosum
11 12 0.5158612991186542 0.23595974705617093 Penicillium-cvjetkovicii
11 10 0.012116046571371091 0.9794326702109867 Penicillium-commune
11 10 0.0065933011860705255 0.9888071075563492 Penicillium-chrysogenum
11 10 0.21839722632192354 0.6380159241694201 Penicillium-mb
11 10 -0.63768534969895 0.12337184575264648 Penicillium-solitum
11 10 0.08943370589356536 0.84877908329919 Penicillium-brevicompactum
11 10 0.03155318703248769 0.9464603074554687 Penicillium-polonicum
11 10 0.2733199730580785 0.5531330015996738 Penicillium-verrucosum
11 10 0.12945261534852795 0.7820711901901176 Penicillium-cvjetkovicii
11 12 -0.06535714422077325 0.8892830865769104 Penicillium-commune
11 12 -0.07896472078675897 0.8663628793481246 Penicillium-chrysogenum
11 12 -0.4443996598305984 0.3177988945604759 Penicillium-mb
11 12 -0.2608825465874682 0.5720283098074861 Penicillium-solitum
11 12 -0.3563615326663927 0.43269278230714225 Penicillium-brevicompactum
11 12 -0.2342980019420079 0.6130703980281481 Penicillium-polonicum
11 12 -0.17989566226664022 0.6995173079737464 Penicillium-verrucosum
11 12 -0.38502115605815507 0.39371824754901036 Penicillium-cvjetkovicii
11 12 0.006395726888294707 0.989142498879301 Penicillium-commune
11 12 -0.32951315184281504 0.47046933485984316 Penicillium-chrysogenum
11 12 -0.36369337039613464 0.4225857797398194 Penicillium-mb
11 12 -0.32209635003453396 0.48110979656823283 Penicillium-solitum
11 12 -0.36355809898188984 0.42277141761162357 Penicillium-brevicompactum
11 12 -0.23429800178013954 0.61307039828063 Penicillium-polonicum
11 12 -0.18653989189435716 0.6888009419345845 Penicillium-verrucosum
11 12 -0.3077873752083156 0.5018779252675738 Penicillium-cvjetkovicii
11 12 -0.6326089058775428 0.12734302589659596 Penicillium-commune
11 12 0.18541025085610882 0.690620052705752 Penicillium-chrysogenum
11 12 0.07744782341942391 0.8689144543100187 Penicillium-mb
11 12 0.29819201376268173 0.5159765099436318 Penicillium-solitum
11 12 -0.5745204760832483 0.17731238866948953 Penicillium-brevicompactum
11 12 0.17525991123229667 0.707017881085916 Penicillium-polonicum
11 12 0.3261595047568272 0.4752699289534936 Penicillium-verrucosum
11 12 0.3470430573335948 0.44566972534086224 Penicillium-cvjetkovicii
11 12 0.45707983790996703 0.3024874005328659 Penicillium-commune
11 12 -0.3811370913878945 0.39891520608971354 Penicillium-chrysogenum
11 12 0.46712096058737834 0.29059844548737185 Penicillium-mb
11 12 0.5741221652426045 0.1776833544827707 Penicillium-solitum
11 12 0.28064529852591213 0.5421005135222949 Penicillium-brevicompactum
11 12 0.3345398762675004 0.4633072292234489 Penicillium-polonicum
11 12 0.6463617273610417 0.1167338648332142 Penicillium-verrucosum
11 12 0.42521679130242385 0.3415797816343312 Penicillium-cvjetkovicii
11 12 -0.5352290147111113 0.21571372133870734 Penicillium-commune
11 12 0.054766180786023515 0.9071654111266148 Penicillium-chrysogenum
11 12 0.6476023272295781 0.1158001611744993 Penicillium-mb
11 12 -0.2575724514211978 0.5770908947202705 Penicillium-solitum
11 12 0.6430191154674807 0.1192688249313233 Penicillium-brevicompactum
11 12 0.5898461192087345 0.16332869008783646 Penicillium-polonicum
11 12 -0.10576143088551745 0.8214562866085567 Penicillium-verrucosum
11 12 0.4590718293015541 0.30011212465884946 Penicillium-cvjetkovicii
11 12 -0.01160741191675989 0.9802959729582625 Penicillium-commune
11 12 -0.010718994382836244 0.9818039153409956 Penicillium-chrysogenum
11 12 -0.9180948014776767 0.003527000260088414 Penicillium-mb
11 12 0.4947350722706454 0.25900590192820283 Penicillium-solitum
11 12 0.6091814814815462 0.14649998947969572 Penicillium-brevicompactum
11 12 0.5415412881041083 0.20930088542910064 Penicillium-polonicum
11 12 -0.522153994318425 0.22928813334748352 Penicillium-verrucosum
11 12 -0.8204260705847386 0.023765704300166484 Penicillium-cvjetkovicii
9 12 -0.29149657086041286 0.5258934939518974 Penicillium-commune
9 12 -0.3454452053631761 0.44790944879102834 Penicillium-chrysogenum
9 12 0.2622212691911075 0.5699847987077817 Penicillium-mb
9 12 -0.11718268407656908 0.802427548335305 Penicillium-solitum
9 12 -0.31391086139310076 0.4929521464873913 Penicillium-brevicompactum
9 12 0.1725305647263102 0.7114427848142786 Penicillium-polonicum
9 12 -0.054554627050386634 0.9075229475460593 Penicillium-verrucosum
9 12 -0.5124093845188916 0.23965741870883087 Penicillium-cvjetkovicii
11 12 -0.17346216108356904 0.7099317213066549 Penicillium-commune
11 12 -0.44521952134357506 0.3167989678321633 Penicillium-chrysogenum
11 12 0.20588342066719104 0.6578418025318358 Penicillium-mb
11 12 0.31269374975345854 0.4947217445553056 Penicillium-solitum
11 12 0.28618426367979505 0.5338071985644763 Penicillium-brevicompactum
11 12 0.33590068440540144 0.4613752979297553 Penicillium-polonicum
11 12 0.10554047645185026 0.8218251276271822 Penicillium-verrucosum
11 12 -0.6412490908537475 0.12062252196108293 Penicillium-cvjetkovicii
11 12 -0.5155607865516103 0.2362805903460315 Penicillium-commune
11 12 0.006592774367086438 0.9888080018537204 Penicillium-chrysogenum
11 12 0.14647760036421759 0.7539909673030991 Penicillium-mb
11 12 -0.6376851643374407 0.12337198958052706 Penicillium-solitum
11 12 0.21406308478810337 0.6448638240650496 Penicillium-brevicompactum
11 12 0.10234998412790691 0.8271539240829141 Penicillium-polonicum
11 12 0.20220720574318315 0.6636970570857929 Penicillium-verrucosum
11 12 0.29150641373329167 0.5258788680886075 Penicillium-cvjetkovicii
11 12 -0.17966965763135287 0.6998825347683029 Penicillium-commune
11 12 -0.19363660533900245 0.6774003160280428 Penicillium-chrysogenum
11 12 -0.024935505153268353 0.9576813309967829 Penicillium-mb
11 12 -0.29157512714138245 0.5257767683057202 Penicillium-solitum
11 12 -0.4579481889531122 0.30145095605474576 Penicillium-brevicompactum
11 12 -0.4047204688017326 0.36778525027898684 Penicillium-polonicum
11 12 -0.1575747690325196 0.7358014343046824 Penicillium-verrucosum
11 12 -0.24283511383086448 0.5997969781845645 Penicillium-cvjetkovicii
11 12 0.25764154650822174 0.5769850755760494 Penicillium-commune
11 12 0.2585653645349472 0.5755708301042906 Penicillium-chrysogenum
11 12 0.4640641841759225 0.2941954474243535 Penicillium-mb
11 12 0.5335503488845855 0.2174346004939707 Penicillium-solitum
11 12 -0.7563317907388896 0.049121415860361464 Penicillium-brevicompactum
11 12 0.5356671071038094 0.21526567939807487 Penicillium-polonicum
11 12 0.4914877420688831 0.26263569519316843 Penicillium-verrucosum
11 12 -0.75339737958554 0.05052696060238323 Penicillium-cvjetkovicii
11 10 -0.12683492449298764 0.7864061075861342 Penicillium-commune
11 10 0.006593361778129644 0.9888070046987822 Penicillium-chrysogenum
11 10 0.009805264211563743 0.9833548666641839 Penicillium-mb
11 10 -0.6376853710182465 0.12337182921033292 Penicillium-solitum
11 10 0.04998426987834317 0.9152500314160583 Penicillium-brevicompactum
11 10 0.03300211195507066 0.9440043798103386 Penicillium-polonicum
11 10 0.06791008978664226 0.8849779078131439 Penicillium-verrucosum
11 10 0.27220113428767984 0.5548244256307129 Penicillium-cvjetkovicii
11 12 0.13184793748464313 0.778108440029204 Penicillium-commune
11 12 0.13747379987382138 0.7688163186585049 Penicillium-chrysogenum
11 12 -0.3923035227526106 0.38404805050933977 Penicillium-mb
11 12 -0.42130293439076144 0.3465211766743817 Penicillium-solitum
11 12 -0.0832790354416735 0.8591108673822773 Penicillium-brevicompactum
11 12 -0.41803066068356065 0.3506754368190787 Penicillium-polonicum
11 12 -0.07406213127357494 0.874612768953051 Penicillium-verrucosum
11 12 -0.10120737036719121 0.8290636226401469 Penicillium-cvjetkovicii
11 12 0.2245877156167233 0.6282704679572879 Penicillium-commune
11 12 0.22269789738324244 0.6312410603258856 Penicillium-chrysogenum
11 12 -0.2200553931022732 0.6354014090299235 Penicillium-mb
11 12 -0.6140001855965502 0.14244868677809502 Penicillium-solitum
11 12 -0.28202978949484475 0.5400235845616441 Penicillium-brevicompactum
11 12 0.18815048998647038 0.6862093861847203 Penicillium-polonicum
11 12 -0.5956573420061415 0.1581749075968201 Penicillium-verrucosum
11 12 0.2631214447109473 0.5686120116982492 Penicillium-cvjetkovicii
9 10 0.9036954296616084 0.0052455258511568525 Penicillium-commune
9 10 0.9036954334091475 0.005245525351741882 Penicillium-chrysogenum
9 10 0.3561956392845273 0.4329225284382028 Penicillium-mb
9 10 -0.310014963377126 0.4986244012861055 Penicillium-solitum
9 10 -0.01638524017753142 0.9721872862165637 Penicillium-brevicompactum
9 10 -0.053347126353602836 0.9095639205093348 Penicillium-polonicum
9 10 0.3790173229477671 0.40176293419710435 Penicillium-verrucosum
9 10 0.3356014119005091 0.4617999177589325 Penicillium-cvjetkovicii
11 12 -0.0626110453188803 0.8939164052024414 Penicillium-commune
11 12 -0.12195152186497213 0.7945047289330106 Penicillium-chrysogenum
11 12 -0.6592531440914068 0.10722049309168896 Penicillium-mb
11 12 0.3296580705941227 0.4702622907464246 Penicillium-solitum
11 12 -0.6146150890287425 0.14193582920795056 Penicillium-brevicompactum
11 12 0.35200287453839857 0.43874453702317695 Penicillium-polonicum
11 12 -0.39975713415727293 0.3742513988264482 Penicillium-verrucosum
11 12 -0.4109999734711682 0.35967101024876325 Penicillium-cvjetkovicii
11 12 -0.684194721199675 0.09000705956070522 Penicillium-commune
11 12 0.4727957071147122 0.2839729819502018 Penicillium-chrysogenum
11 12 0.3426005983776549 0.4519071811509399 Penicillium-mb
11 12 0.542727650739147 0.20810591669148365 Penicillium-solitum
11 12 0.5745204910151842 0.17731237476978934 Penicillium-brevicompactum
11 12 0.5117039847278891 0.24041632879731978 Penicillium-polonicum
11 12 0.5668470943915582 0.1845256602529119 Penicillium-verrucosum
11 12 0.5692546887125846 0.1822473071860479 Penicillium-cvjetkovicii
11 12 0.253952763951529 0.5826428731721919 Penicillium-commune
11 12 0.29635030373989557 0.5186979435023895 Penicillium-chrysogenum
11 12 -0.4509557985003216 0.3098411229223523 Penicillium-mb
11 12 -0.28196027643887606 0.5401278009271584 Penicillium-solitum
11 12 -0.3544246979335931 0.4353780126308452 Penicillium-brevicompactum
11 12 -0.3604371875958747 0.42706310158905536 Penicillium-polonicum
11 12 -0.023668991481205114 0.9598295264640229 Penicillium-verrucosum
11 12 -0.4112844998040742 0.3593051265073233 Penicillium-cvjetkovicii
11 12 -0.695162135907587 0.08293776621931574 Penicillium-commune
11 12 0.08466672462480168 0.8567799274810953 Penicillium-chrysogenum
11 12 0.22572793985701475 0.6264800806590958 Penicillium-mb
11 12 0.16910993437601457 0.7169975120049251 Penicillium-solitum
11 12 0.27333294353925924 0.5531134030646332 Penicillium-brevicompactum
11 12 -0.6239399957036319 0.13427307072489558 Penicillium-polonicum
11 12 0.312790699555074 0.49458070385541786 Penicillium-verrucosum
11 12 -0.00794203719184392 0.9865176041256659 Penicillium-cvjetkovicii
11 12 -0.5600514476157852 0.19103078240152468 Penicillium-commune
11 12 0.08141285661560513 0.8622468203982668 Penicillium-chrysogenum
11 12 -0.1684401345841707 0.7180863621079085 Penicillium-mb
11 12 -0.23859684795696487 0.6063758440857272 Penicillium-solitum
11 12 -0.07908862768113098 0.866154495921434 Penicillium-brevicompactum
11 12 -0.3670832410601492 0.41794407245714654 Penicillium-polonicum
11 12 -0.012447372705925776 0.9788703207645904 Penicillium-verrucosum
11 12 0.09713039222570755 0.8358830521270647 Penicillium-cvjetkovicii
9 12 -0.7114400575737049 0.07300984647955096 Penicillium-commune
9 12 0.14881871727992757 0.7501458183984131 Penicillium-chrysogenum
9 12 -0.18752828193799317 0.6872102706013292 Penicillium-mb
9 12 -0.2545628688519364 0.5817059226927133 Penicillium-solitum
9 12 -0.1501185808248127 0.748012637366205 Penicillium-brevicompactum
9 12 0.007935690043601203 0.986528378360526 Penicillium-polonicum
9 12 -0.1338907895802264 0.7747318207385263 Penicillium-verrucosum
9 12 0.11739591152755653 0.8020730060707361 Penicillium-cvjetkovicii
11 10 0.1769608382659062 0.7042635886170263 Penicillium-commune
11 10 -0.69757142461651 0.08142580298495547 Penicillium-chrysogenum
11 10 0.21165790148834715 0.648672645056275 Penicillium-mb
11 10 0.5979594135747863 0.15615601167962942 Penicillium-solitum
11 10 0.7083538920186809 0.07484026918364944 Penicillium-brevicompactum
11 10 0.6437846604821562 0.1186857776111377 Penicillium-polonicum
11 10 -0.6375146294033939 0.12350434946649497 Penicillium-verrucosum
11 10 0.43762303428737065 0.32611587318193097 Penicillium-cvjetkovicii
11 12 0.711349424581227 0.07306325577207667 Penicillium-commune
11 12 0.759099465596818 0.04781562000050189 Penicillium-chrysogenum
11 12 -0.04858590794641304 0.9176153195427451 Penicillium-mb
11 12 0.28106556647253605 0.5414697746578953 Penicillium-solitum
11 12 -0.3955835957806435 0.3797242146930262 Penicillium-brevicompactum
11 12 -0.5772958422537716 0.17473811294040179 Penicillium-polonicum
11 12 0.5140805076981265 0.23786397917686605 Penicillium-verrucosum
11 12 0.4769642011823954 0.2791496174235929 Penicillium-cvjetkovicii
11 12 0.10263763069716515 0.8266732746124585 Penicillium-commune
11 12 0.15774507350492653 0.7355230289387555 Penicillium-chrysogenum
11 12 -0.011972470130399334 0.9796763601111862 Penicillium-mb
11 12 -0.38878282525951946 0.38871107879413974 Penicillium-solitum
11 12 -0.4172528850305727 0.3516658997896463 Penicillium-brevicompactum
11 12 -0.39030617523609895 0.3866906752152944 Penicillium-polonicum
11 12 -0.4051152349610089 0.3672729429804746 Penicillium-verrucosum
11 12 0.17690317398197625 0.7043569218671477 Penicillium-cvjetkovicii
11 12 -0.3573706067643453 0.43129631919863454 Penicillium-commune
11 12 -0.1332457168141591 0.7757977554053364 Penicillium-chrysogenum
11 12 0.07552899561245512 0.8721434110136419 Penicillium-mb
11 12 -0.31269408670644894 0.4947212543379754 Penicillium-solitum
11 12 0.057888649229498455 0.9018897581782443 Penicillium-brevicompactum
11 12 0.05038614531485177 0.9145703622829688 Penicillium-polonicum
11 12 -0.023735153278916257 0.959717301344404 Penicillium-verrucosum
11 12 -0.30931153070901346 0.49965100378155536 Penicillium-cvjetkovicii
11 12 0.0547381151201023 0.9072128427930265 Penicillium-commune
11 12 -0.5352297076189383 0.2157130123452126 Penicillium-chrysogenum
11 12 0.4650321631908309 0.2930542761024583 Penicillium-mb
11 12 -0.22296616388955415 0.6308191328054817 Penicillium-solitum
11 12 0.41758864162726805 0.3512381851728033 Penicillium-brevicompactum
11 12 0.32722423196865585 0.473743899069348 Penicillium-polonicum
11 12 -0.06727639255159774 0.8860463412935031 Penicillium-verrucosum
11 12 0.18858659913284057 0.6855080777425862 Penicillium-cvjetkovicii
11 12 0.25255402119870607 0.5847927066404269 Penicillium-commune
11 12 -0.6848057554741094 0.08960515809437251 Penicillium-chrysogenum
11 12 -0.4929551104266644 0.2609926505472893 Penicillium-mb
11 12 0.2746594842741242 0.5511101773550324 Penicillium-solitum
11 12 0.09049734001028031 0.846995279997859 Penicillium-brevicompactum
11 12 0.19785201852764595 0.670651357814347 Penicillium-polonicum
11 12 0.35435460112921685 0.4354753138406898 Penicillium-verrucosum
11 12 0.3363338702776744 0.4607609321053763 Penicillium-cvjetkovicii
9 12 -0.5352297322189056 0.21571298717418408 Penicillium-commune
9 12 -0.10450328674991873 0.8235568646258908 Penicillium-chrysogenum
9 12 0.4530531584390674 0.3073139262081325 Penicillium-mb
9 12 -0.32277063132049244 0.480138887419191 Penicillium-solitum
9 12 -0.10256689359444487 0.826791470372372 Penicillium-brevicompactum
9 12 0.31035838207837996 0.4981234794916811 Penicillium-polonicum
9 12 -0.18006506675477096 0.6992435780261967 Penicillium-verrucosum
9 12 -0.15507662233121128 0.7398879103074146 Penicillium-cvjetkovicii
11 12 0.7479374128359123 0.05320005321752015 Penicillium-commune
11 12 0.6774716223247828 0.09449173759135239 Penicillium-chrysogenum
11 12 0.2529435567090883 0.5841937549013945 Penicillium-mb
11 12 -0.051931457593659344 0.9119572517664213 Penicillium-solitum
11 12 0.20756502505945892 0.6551680520819168 Penicillium-brevicompactum
11 12 -0.3200958172958085 0.4839945478996405 Penicillium-polonicum
11 12 -0.40488333538746574 0.36757385475969406 Penicillium-verrucosum
11 12 -0.19178694609619068 0.680367104506779 Penicillium-cvjetkovicii
11 12 0.08466727276162832 0.856779006923093 Penicillium-commune
11 12 -0.540850453612745 0.2099982350645009 Penicillium-chrysogenum
11 12 0.2175284186061735 0.639387009962783 Penicillium-mb
11 12 0.48261122035957627 0.2726746650658993 Penicillium-solitum
11 12 0.3411225299571474 0.4539896606223337 Penicillium-brevicompactum
11 12 -0.6239401134205431 0.1342729753512634 Penicillium-polonicum
11 12 0.5426315998331567 0.20820254286067877 Penicillium-verrucosum
11 12 0.5338967417491238 0.21707896619246597 Penicillium-cvjetkovicii
11 12 -0.2506594631247088 0.5877084763768563 Penicillium-commune
11 12 -0.20539629749015076 0.6586168712311525 Penicillium-chrysogenum
11 12 -0.9135332354647275 0.004028628440920568 Penicillium-mb
11 12 0.08532465356046165 0.8556750743569694 Penicillium-solitum
11 12 -0.08327903516874662 0.8591108678408006 Penicillium-brevicompactum
11 12 0.0819439320042516 0.8613542459471013 Penicillium-polonicum
11 12 -0.5536295889196242 0.19727839470732111 Penicillium-verrucosum
11 12 -0.5083937988942168 0.2439924838431438 Penicillium-cvjetkovicii
7 12 -0.027784359305516707 0.9528500107974892 Penicillium-commune
7 12 -0.6046129048862103 0.15039376018464953 Penicillium-chrysogenum
7 12 0.4408476595668054 0.3221467347303745 Penicillium-mb
7 12 -0.6730638308773771 0.0974942450295461 Penicillium-solitum
7 12 -0.5811059932653155 0.17123415637272688 Penicillium-brevicompactum
7 12 0.3273473386936396 0.47356757028875857 Penicillium-polonicum
7 12 -0.3033531198987095 0.5083763985845033 Penicillium-verrucosum
7 12 -0.13307139343164473 0.7760858598921296 Penicillium-cvjetkovicii
11 12 0.36317841679525725 0.42329263784951826 Penicillium-commune
11 12 0.5408553180101437 0.20999332092528764 Penicillium-chrysogenum
11 12 0.34198501725041314 0.4527740510300095 Penicillium-mb
11 12 0.6687193858019196 0.10050180072897484 Penicillium-solitum
11 12 0.38851167880050924 0.3890711417979046 Penicillium-brevicompactum
11 12 -0.8901968542118431 0.007226931218608186 Penicillium-polonicum
11 12 0.6997143536996795 0.08009341126518783 Penicillium-verrucosum
11 12 0.6896096642221972 0.08647850109006953 Penicillium-cvjetkovicii
11 10 -0.6187180898674712 0.13853765534182674 Penicillium-commune
11 10 0.2092002296826126 0.6525708813451443 Penicillium-chrysogenum
11 10 -0.3220449425115334 0.48118384812381315 Penicillium-mb
11 10 -0.050887693105872635 0.9137221810513237 Penicillium-solitum
11 10 -0.08975099516270521 0.8482469086902412 Penicillium-brevicompactum
11 10 -0.17312329309575528 0.7104812831837612 Penicillium-polonicum
11 10 0.14172920340206763 0.7618022888572877 Penicillium-verrucosum
11 10 0.059107653357784215 0.8998309263553113 Penicillium-cvjetkovicii
11 12 0.7435461561373662 0.05540460741084709 Penicillium-commune
11 12 0.6545307837601401 0.11065682485514902 Penicillium-chrysogenum
11 12 -0.3558525687554925 0.43339779558386643 Penicillium-mb
11 12 0.4506208064340506 0.3102456048359876 Penicillium-solitum
11 12 -0.6025347296106764 0.15218192605781908 Penicillium-brevicompactum
11 12 0.3893850087589396 0.38791190221172966 Penicillium-polonicum
11 12 0.5704191465707106 0.1811503136084935 Penicillium-verrucosum
11 12 0.6283078156487609 0.13075799265794508 Penicillium-cvjetkovicii
11 12 0.527087666777018 0.22412015086170511 Penicillium-commune
11 12 0.44129130723319676 0.32160229330562284 Penicillium-chrysogenum
11 12 -0.11746030767705358 0.8019659371857588 Penicillium-mb
11 12 -0.26444388394596524 0.5665971644040625 Penicillium-solitum
11 12 -0.09111181049176488 0.8459649979129955 Penicillium-brevicompactum
11 12 -0.03325567334280519 0.9435746290967578 Penicillium-polonicum
11 12 -0.40488333538746574 0.36757385475969406 Penicillium-verrucosum
11 12 -0.4914360369595476 0.2626936762082517 Penicillium-cvjetkovicii
11 12 -0.19525316137371304 0.6748101265244875 Penicillium-commune
11 12 -0.19250502636613467 0.6792149378216485 Penicillium-chrysogenum
11 12 0.4763513695495491 0.27985640425946773 Penicillium-mb
11 12 -0.5198279390609561 0.23174382671524427 Penicillium-solitum
11 12 0.41078381356712124 0.35994908214430493 Penicillium-brevicompactum
11 12 -0.6155856820107852 0.14112821032399006 Penicillium-polonicum
11 12 -0.19160415594201674 0.6806604720631442 Penicillium-verrucosum
11 12 -0.22520889590811333 0.6272949066148163 Penicillium-cvjetkovicii
11 12 -0.5826444731697625 0.16982921640522702 Penicillium-commune
11 12 0.1487264707161009 0.7502972507087452 Penicillium-chrysogenum
11 12 -0.26976824485655115 0.5585081434942081 Penicillium-mb
11 12 0.10398204790580035 0.8244273629865001 Penicillium-solitum
11 12 0.19679817091938162 0.6723369568142477 Penicillium-brevicompactum
11 12 -0.1257702021335634 0.7881705576396982 Penicillium-polonicum
11 12 0.09801222761437615 0.8344073292947316 Penicillium-verrucosum
11 12 0.05483802791214091 0.9070439887144037 Penicillium-cvjetkovicii
9 12 -0.6914182342083081 0.08531658731302409 Penicillium-commune
9 12 0.14305124963445806 0.7596258237743774 Penicillium-chrysogenum
9 12 -0.19228254278665374 0.6795718619027353 Penicillium-mb
9 12 -0.28344573328891426 0.5379022042582813 Penicillium-solitum
9 12 -0.14962140864726992 0.7488283868133844 Penicillium-brevicompactum
9 12 -0.004191110381568066 0.9928850125236568 Penicillium-polonicum
9 12 0.047551395901908614 0.9193654780714173 Penicillium-verrucosum
9 12 0.02830883909594458 0.9519606766557136 Penicillium-cvjetkovicii
11 12 0.2097109645960593 0.6517602587905196 Penicillium-commune
11 12 -0.18102198866069505 0.6976978355415978 Penicillium-chrysogenum
11 12 -0.09382673162965098 0.8414149965399946 Penicillium-mb
11 12 0.43648045828682935 0.327527257249181 Penicillium-solitum
11 12 -0.15511359118156934 0.7398274008645029 Penicillium-brevicompactum
11 12 0.41840113996858225 0.35020405907379165 Penicillium-polonicum
11 12 -0.8317131824500208 0.020335690714282345 Penicillium-verrucosum
11 12 0.4283551890336573 0.3376391142696452 Penicillium-cvjetkovicii
11 12 -0.5314207964262583 0.21962702227835934 Penicillium-commune
11 12 0.05867061978454755 0.9005690014739527 Penicillium-chrysogenum
11 12 -0.7407102722798328 0.05685425830764554 Penicillium-mb
11 12 0.3090460719682517 0.5000386118528833 Penicillium-solitum
11 12 0.3813597229371319 0.39861658688032425 Penicillium-brevicompactum
11 12 -0.4664700723193782 0.29136272167262467 Penicillium-polonicum
11 12 -0.21143945840892459 0.6490188719289236 Penicillium-verrucosum
11 12 -0.29251058414433195 0.5243874605174159 Penicillium-cvjetkovicii
11 12 -0.6303607758433921 0.1291222380229294 Penicillium-commune
11 12 -0.20072570040534604 0.6660605765288692 Penicillium-chrysogenum
11 12 0.398113352490543 0.376403046505261 Penicillium-mb
11 12 0.2831009261202725 0.5384185424338939 Penicillium-solitum
11 12 -0.15924269476218264 0.733075784994398 Penicillium-brevicompactum
11 12 -0.04823477248706293 0.9182093313152424 Penicillium-polonicum
11 12 0.09407180222885231 0.8410044479063051 Penicillium-verrucosum
11 12 0.11769950058833016 0.801568262343323 Penicillium-cvjetkovicii
11 8 0.27841894414745344 0.5454458638638275 Penicillium-commune
11 8 0.278418946425121 0.5454458604379118 Penicillium-chrysogenum
11 8 -0.705609693515342 0.07648824039758817 Penicillium-mb
11 8 0.5362241574081529 0.21469661643760227 Penicillium-solitum
11 8 0.45704131945229 0.3025334114849923 Penicillium-brevicompactum
11 8 0.517871590447975 0.23381868387385124 Penicillium-polonicum
11 8 0.5221346998162115 0.22930845276641648 Penicillium-verrucosum
11 8 -0.869399213818724 0.011021384499965451 Penicillium-cvjetkovicii
11 12 -0.3112169764708068 0.49687188126809256 Penicillium-commune
11 12 -0.20073381677128868 0.6660476220826697 Penicillium-chrysogenum
11 12 0.3981133757849982 0.37640301597805553 Penicillium-mb
11 12 0.283100999631463 0.5384184323356089 Penicillium-solitum
11 12 -0.5491088955902739 0.20173453994398857 Penicillium-brevicompactum
11 12 -0.4952293924900964 0.2584553842724686 Penicillium-polonicum
11 12 -0.2949926162532165 0.5207072854017136 Penicillium-verrucosum
11 12 -0.281707786801139 0.5405063980764173 Penicillium-cvjetkovicii
9 12 -0.6975719655819959 0.08142546515803552 Penicillium-commune
9 12 -0.07716533423158059 0.8693897302014058 Penicillium-chrysogenum
9 12 0.6311483354610316 0.12849751444793525 Penicillium-mb
9 12 -0.07903458866989632 0.8662453765825957 Penicillium-solitum
9 12 0.18966888515309221 0.6837684261828781 Penicillium-brevicompactum
9 12 0.4647182568094182 0.2934241319971378 Penicillium-polonicum
9 12 -0.6375143374258376 0.123504576145886 Penicillium-verrucosum
9 12 0.09576319164872335 0.838171773508639 Penicillium-cvjetkovicii
11 8 0.00827535381091879 0.9859518040738431 Penicillium-commune
11 8 0.008275377126096635 0.9859517644968336 Penicillium-chrysogenum
11 8 -0.5184823197294355 0.2331700307342004 Penicillium-mb
11 8 -0.2597254121074166 0.5737964858524938 Penicillium-solitum
11 8 0.405094983381909 0.36729921729084847 Penicillium-brevicompactum
11 8 0.3471236697900385 0.44555684213855484 Penicillium-polonicum
11 8 -0.11169818287672355 0.8115559831305329 Penicillium-verrucosum
11 8 -0.09215239243586307 0.8442206536672713 Penicillium-cvjetkovicii
11 12 0.45707983791921514 0.3024874005218191 Penicillium-commune
11 12 -0.6135646982659879 0.14281246766121922 Penicillium-chrysogenum
11 12 0.5571439739501315 0.19384733070260385 Penicillium-mb
11 12 0.7045784564618177 0.07711248547793939 Penicillium-solitum
11 12 0.600558243768994 0.1538924069750924 Penicillium-brevicompactum
11 12 0.6110998656269265 0.14488026209211857 Penicillium-polonicum
11 12 0.6743688108563815 0.09660018129716344 Penicillium-verrucosum
11 12 0.6542878903914153 0.1108350922719008 Penicillium-cvjetkovicii
11 12 -0.013623399509561838 0.9768743448466173 Penicillium-commune
11 12 0.08547553255807402 0.8554217312134078 Penicillium-chrysogenum
11 12 -0.46433193634524483 0.29387959223767696 Penicillium-mb
11 12 0.3257575008653497 0.4758465678774424 Penicillium-solitum
11 12 -0.4913713059913915 0.2627662723601418 Penicillium-brevicompactum
11 12 0.2720611844895861 0.5550361148093896 Penicillium-polonicum
11 12 0.38446904492375106 0.39445532431538216 Penicillium-verrucosum
11 12 -0.3596808296948599 0.4281057135301294 Penicillium-cvjetkovicii
11 12 0.08466709334337641 0.8567793082436607 Penicillium-commune
11 12 -0.4786669383656324 0.2771900393737936 Penicillium-chrysogenum
11 12 -0.24041079663975137 0.6035575193472442 Penicillium-mb
11 12 -0.1942166088562196 0.6764706910389744 Penicillium-solitum
11 12 0.1705718128334099 0.7146223556040221 Penicillium-brevicompactum
11 12 -0.6239400725592825 0.1342730084568413 Penicillium-polonicum
11 12 0.23704890678041013 0.6087839456487115 Penicillium-verrucosum
11 12 -0.2744151565864352 0.5514789621320348 Penicillium-cvjetkovicii
11 12 0.20088394237059992 0.6658080200935619 Penicillium-commune
11 12 0.3195124125930551 0.48483697820209065 Penicillium-chrysogenum
11 12 0.009580341797355792 0.9837366530016532 Penicillium-mb
11 12 -0.16239112713119214 0.7279368471963102 Penicillium-solitum
11 12 -0.4779697620538818 0.27799162836907576 Penicillium-brevicompactum
11 12 0.18815048072533144 0.6862094010794879 Penicillium-polonicum
11 12 -0.5383298495910082 0.2125519815805994 Penicillium-verrucosum
11 12 0.26312143525934856 0.5686120261066463 Penicillium-cvjetkovicii
9 12 0.006594394820071872 0.9888052510666887 Penicillium-commune
9 12 -0.35422359930372915 0.4356571793958913 Penicillium-chrysogenum
9 12 -0.1631879465191253 0.7266375384638806 Penicillium-mb
9 12 -0.6376856721872668 0.1233715955239268 Penicillium-solitum
9 12 0.18590390656126166 0.6898249510850727 Penicillium-brevicompactum
9 12 0.22095669736122045 0.6339815368043817 Penicillium-polonicum
9 12 0.2687127365279995 0.5601087627981791 Penicillium-verrucosum
9 12 0.2129824969577048 0.6465742724875256 Penicillium-cvjetkovicii
11 12 -0.22446054786237973 0.6284702375160566 Penicillium-commune
11 12 -0.265099956382161 0.5655984252537223 Penicillium-chrysogenum
11 12 -0.44084828463123477 0.32214596737641843 Penicillium-mb
11 12 -0.4874618164462127 0.2671676893721968 Penicillium-solitum
11 12 -0.6235813147097158 0.1345638319905984 Penicillium-brevicompactum
11 12 -0.23429800178013951 0.6130703982806303 Penicillium-polonicum
11 12 -0.33601326236611406 0.46121560515417515 Penicillium-verrucosum
11 12 -0.3532520178703377 0.4370068971890798 Penicillium-cvjetkovicii
