#SPECIES: Penicillium-mb Penicillium-commune Penicillium-polonicum Penicillium-brevicompactum Penicillium-cvjetkovicii Penicillium-solitum Penicillium-chrysogenum Penicillium-verrucosum 
#GENE_TREEs p: 0.027018738288485025 0.7086429768465862 0.2871801643849822 0.20859961792591322 0.982642184413104 0.16248920733469446 0.17266366014668344 0.19298944319598316 
#GENE_TREEs r: -0.8105431259613933 0.1742570619459906 0.4700414594067148 0.5422371119938355 0.0102251318892758 0.5907864152883727 0.5795469829776019 0.5580273789151843 
12 12 -0.1481798706205699 0.7511946821550105 Penicillium-mb
12 12 0.6530496007074059 0.11174622443925215 Penicillium-commune
12 12 -0.7678560721310478 0.04381108962134643 Penicillium-polonicum
12 12 -0.18656985066631332 0.6887527141850915 Penicillium-brevicompactum
12 12 0.46956094194105064 0.2877413467670019 Penicillium-cvjetkovicii
12 12 0.06257586818789011 0.8939757731381156 Penicillium-solitum
12 12 0.04876208760540179 0.9173172899296098 Penicillium-chrysogenum
12 12 -0.025644638282830378 0.9564786240598091 Penicillium-verrucosum
12 12 -0.29410819775716723 0.5220176255834316 Penicillium-mb
12 12 -0.2902383925183226 0.5277641957668897 Penicillium-commune
12 12 -0.5182424492804152 0.2334246957867625 Penicillium-polonicum
12 12 -0.26971438006502524 0.5585897907912636 Penicillium-brevicompactum
12 12 -0.030231846300218343 0.9487002742725714 Penicillium-cvjetkovicii
12 12 -0.29771697376842493 0.5166779912682146 Penicillium-solitum
12 12 0.06895168629938556 0.8832220449797732 Penicillium-chrysogenum
12 12 -0.321382087301345 0.48213904577949324 Penicillium-verrucosum
12 12 0.16704145694189806 0.7203613231894468 Penicillium-mb
12 12 -0.2171516367366787 0.6399818721760508 Penicillium-commune
12 12 -0.002081031009302578 0.9964671396833875 Penicillium-polonicum
12 12 -0.16219487598029272 0.7282569376449745 Penicillium-brevicompactum
12 12 -0.0047073493061059474 0.9920086441582421 Penicillium-cvjetkovicii
12 12 0.14293336021903655 0.7598198523567928 Penicillium-solitum
12 12 0.1321009832143569 0.7776900305044595 Penicillium-chrysogenum
12 12 0.1671401010243417 0.7202008238113078 Penicillium-verrucosum
12 10 0.3277543089489262 0.47298482677457687 Penicillium-mb
12 10 0.7143006921998665 0.07133484563845238 Penicillium-commune
12 10 0.7235562067585803 0.06605814897549762 Penicillium-polonicum
12 10 -0.45733095729427803 0.3021875094673097 Penicillium-brevicompactum
12 10 0.18407381441501955 0.692773703771858 Penicillium-cvjetkovicii
12 10 0.42915815929578177 0.3366339954603028 Penicillium-solitum
12 10 0.387382046195191 0.3905726543234565 Penicillium-chrysogenum
12 10 -0.48280532031793866 0.27245332442495784 Penicillium-verrucosum
10 12 -0.28095589656399955 0.5416343440633744 Penicillium-mb
10 12 -0.34654175732807013 0.44637194725217494 Penicillium-commune
10 12 -0.12242093760763248 0.7937256033221263 Penicillium-polonicum
10 12 -0.32540475833906096 0.47635275455331416 Penicillium-brevicompactum
10 12 -0.030231790888844947 0.9487003682129063 Penicillium-cvjetkovicii
10 12 -0.2621991135566197 0.5700185997077349 Penicillium-solitum
10 12 0.06895174413989 0.8832219474861149 Penicillium-chrysogenum
10 12 -0.33533091771763696 0.46218382982545647 Penicillium-verrucosum
12 12 -0.2977468905240459 0.5166338041968923 Penicillium-mb
12 12 0.14985392432249572 0.7484468568608229 Penicillium-commune
12 12 0.357998892394184 0.4304277054067181 Penicillium-polonicum
12 12 -0.6168012154562121 0.14012006229274926 Penicillium-brevicompactum
12 12 -0.3567106825235871 0.4322093963525585 Penicillium-cvjetkovicii
12 12 -0.4747765560347943 0.281676330202771 Penicillium-solitum
12 12 0.2577275979941668 0.5768532961658679 Penicillium-chrysogenum
12 12 0.24350622771963618 0.5987572061760946 Penicillium-verrucosum
12 10 0.22939907412123542 0.6207255683549189 Penicillium-mb
12 10 0.06103830400493167 0.896571079505501 Penicillium-commune
12 10 0.226145214490045 0.6258252369600316 Penicillium-polonicum
12 10 -0.4556703060816722 0.30417310928517644 Penicillium-brevicompactum
12 10 -0.18650046733226924 0.6888644090269856 Penicillium-cvjetkovicii
12 10 0.23074458516297594 0.6186203020121899 Penicillium-solitum
12 10 -0.486237109798777 0.26855332339596066 Penicillium-chrysogenum
12 10 -0.3908363207746665 0.3859885440839767 Penicillium-verrucosum
12 12 0.6047842365264425 0.1502468103159378 Penicillium-mb
12 12 0.5337865304634523 0.2171920878938349 Penicillium-commune
12 12 -0.629664599222785 0.1296757601664707 Penicillium-polonicum
12 12 0.5726906247833199 0.17901975081531385 Penicillium-brevicompactum
12 12 0.9201746418716352 0.0033111329346136795 Penicillium-cvjetkovicii
12 12 -0.9249593453413801 0.002844522260278995 Penicillium-solitum
12 12 0.4961681971042604 0.2574113247648518 Penicillium-chrysogenum
12 12 0.513767219920498 0.2381997205054934 Penicillium-verrucosum
12 12 0.22888809454285458 0.6215256172866228 Penicillium-mb
12 12 0.07810714452555996 0.8678052972400756 Penicillium-commune
12 12 -0.2901968584055822 0.5278259883092821 Penicillium-polonicum
12 12 0.13974453863735728 0.7650719540528927 Penicillium-brevicompactum
12 12 -0.3153147778456986 0.49091374009189825 Penicillium-cvjetkovicii
12 12 0.1731074060762145 0.7105070505337368 Penicillium-solitum
12 12 -0.9468423841468154 0.0012158683588627639 Penicillium-chrysogenum
12 12 -0.00554553877608025 0.9905857457377502 Penicillium-verrucosum
12 12 0.050147446060875914 0.9149740558230783 Penicillium-mb
12 12 -0.5627405234964338 0.18844358185453128 Penicillium-commune
12 12 -0.24402705448851073 0.597950650705299 Penicillium-polonicum
12 12 -0.5845223885807459 0.16812204091534969 Penicillium-brevicompactum
12 12 0.2131736896890027 0.6462715457197343 Penicillium-cvjetkovicii
12 12 0.057194449544515774 0.9030624198203439 Penicillium-solitum
12 12 -0.5432605905969861 0.20757017415191023 Penicillium-chrysogenum
12 12 0.11107238466288792 0.812598661509023 Penicillium-verrucosum
12 12 -0.1669702211338586 0.7204772328647231 Penicillium-mb
12 12 -0.4771728949049378 0.27890911117739026 Penicillium-commune
12 12 -0.027274538537093437 0.9537145256694078 Penicillium-polonicum
12 12 0.12350032034537657 0.7919345863970478 Penicillium-brevicompactum
12 12 -0.17756162129912423 0.7032913593233123 Penicillium-cvjetkovicii
12 12 0.1848625400714445 0.6915024822004353 Penicillium-solitum
12 12 -0.17725213526155456 0.7037921513136902 Penicillium-chrysogenum
12 12 -0.24787432520529168 0.5920029144131527 Penicillium-verrucosum
12 12 -0.17583292832234246 0.706089715633317 Penicillium-mb
12 12 0.4412707399530835 0.3216275245606977 Penicillium-commune
12 12 0.5390952022273428 0.21177501178197836 Penicillium-polonicum
12 12 -0.22005551188514383 0.6354012218464007 Penicillium-brevicompactum
12 12 0.31826479898637217 0.48664027938366966 Penicillium-cvjetkovicii
12 12 -0.0819922909844097 0.861272975185284 Penicillium-solitum
12 12 -0.25963862719375663 0.5739291678289475 Penicillium-chrysogenum
12 12 -0.17958479997770757 0.700019677852795 Penicillium-verrucosum
12 12 -0.2793877460113063 0.5439892964938611 Penicillium-mb
12 12 -0.14765238009058984 0.7520609501356597 Penicillium-commune
12 12 0.076354571794758 0.8707539763386767 Penicillium-polonicum
12 12 0.25577842382529836 0.5798405624465724 Penicillium-brevicompactum
12 12 -0.3833762555290066 0.3959158387488686 Penicillium-cvjetkovicii
12 12 -0.266522942832773 0.56343414024398 Penicillium-solitum
12 12 -0.28783803262459 0.5313393351909435 Penicillium-chrysogenum
12 12 0.25246041717453566 0.5849366608056477 Penicillium-verrucosum
12 12 0.4784732012554402 0.27741268720602935 Penicillium-mb
12 12 0.5724033869173644 0.17928848848231949 Penicillium-commune
12 12 0.6756418417275462 0.09573216792027785 Penicillium-polonicum
12 12 0.439787211297398 0.32344971631904973 Penicillium-brevicompactum
12 12 -0.03256332222585898 0.9447480918515785 Penicillium-cvjetkovicii
12 12 0.5615924352641916 0.1895460817287514 Penicillium-solitum
12 12 0.5292554128558005 0.2218669940984334 Penicillium-chrysogenum
12 12 -0.7438525283487579 0.05524921485282433 Penicillium-verrucosum
12 10 -0.41530101795192564 0.35415665725510603 Penicillium-mb
12 10 -0.19778060373247452 0.670765549142585 Penicillium-commune
12 10 0.2223528434887398 0.6317838754533494 Penicillium-polonicum
12 10 -0.16219487605685884 0.7282569375200871 Penicillium-brevicompactum
12 10 -0.037303390059753784 0.936715850920814 Penicillium-cvjetkovicii
12 10 -0.37820933871252377 0.4028505069446848 Penicillium-solitum
12 10 0.08303766943113548 0.8595163800196729 Penicillium-chrysogenum
12 10 0.09567039170741407 0.8383271555174632 Penicillium-verrucosum
12 10 -0.3023106185717275 0.5099084179779143 Penicillium-mb
12 10 0.018913205148868514 0.9678976880828283 Penicillium-commune
12 10 0.21205403565911443 0.6480449104824326 Penicillium-polonicum
12 10 0.22003142146932056 0.6354391849497723 Penicillium-brevicompactum
12 10 -0.0922201564612195 0.8441070772303589 Penicillium-cvjetkovicii
12 10 0.2129300974385295 0.6466572465129158 Penicillium-solitum
12 10 -0.30758163293483953 0.5021787980707373 Penicillium-chrysogenum
12 10 -0.5336977411539718 0.21728324222559428 Penicillium-verrucosum
12 12 0.24183333867275517 0.6013500560778102 Penicillium-mb
12 12 0.22054207264190076 0.6346346065099183 Penicillium-commune
12 12 0.214986546896962 0.6434030730997342 Penicillium-polonicum
12 12 -0.37443287577399975 0.4079491493548446 Penicillium-brevicompactum
12 12 -0.18167003087464156 0.6966515062532213 Penicillium-cvjetkovicii
12 12 -0.5874654107332858 0.16546373826531968 Penicillium-solitum
12 12 0.2565003874812183 0.5787335353492321 Penicillium-chrysogenum
12 12 -0.5033536082177176 0.24948453255204997 Penicillium-verrucosum
12 12 0.18129551739222632 0.6972561493947798 Penicillium-mb
12 12 0.5231902852837218 0.22819803597023208 Penicillium-commune
12 12 0.5285784856977677 0.2225694399198154 Penicillium-polonicum
12 12 -0.3398812711329505 0.45574125118080666 Penicillium-brevicompactum
12 12 0.1450621070630794 0.7563177991151766 Penicillium-cvjetkovicii
12 12 0.2609665744045534 0.5718999766889732 Penicillium-solitum
12 12 -0.39248810158236047 0.38380420995215875 Penicillium-chrysogenum
12 12 -0.4118453209709338 0.3585843969044812 Penicillium-verrucosum
10 12 0.047809219230638175 0.9189292753391142 Penicillium-mb
10 12 -0.653049800613917 0.11174607703651036 Penicillium-commune
10 12 -0.7654650150609661 0.04488545265055187 Penicillium-polonicum
10 12 0.013255937344786934 0.9774979989727794 Penicillium-brevicompactum
10 12 -0.38297708518418616 0.3964498676802545 Penicillium-cvjetkovicii
10 12 -0.10662905009315847 0.820008216312231 Penicillium-solitum
10 12 0.10579891066695972 0.8213937238995632 Penicillium-chrysogenum
10 12 0.05008938131550183 0.9150722584250548 Penicillium-verrucosum
12 12 0.014249676159405956 0.9758114543750873 Penicillium-mb
12 12 0.600882251675498 0.15361135053042152 Penicillium-commune
12 12 -0.31239484515879923 0.4951566746644367 Penicillium-polonicum
12 12 0.05581688659794262 0.905389851252216 Penicillium-brevicompactum
12 12 0.5606148672687726 0.19048729133304407 Penicillium-cvjetkovicii
12 12 -0.6637607020708274 0.10399298261708659 Penicillium-solitum
12 12 -0.11318783242848979 0.8090748853762895 Penicillium-chrysogenum
12 12 -0.5417960646057727 0.20904398542936153 Penicillium-verrucosum
12 12 -0.06317101150273735 0.8929714115428324 Penicillium-mb
12 12 -0.27835586860228123 0.5455407406028596 Penicillium-commune
12 12 -0.2910398754098736 0.5265722646449194 Penicillium-polonicum
12 12 -0.3157248015510399 0.4903189753227376 Penicillium-brevicompactum
12 12 -0.34030315728429206 0.45514562878400744 Penicillium-cvjetkovicii
12 12 -0.022539477548081773 0.9617455133949125 Penicillium-solitum
12 12 -0.13190382576747392 0.7780160254345144 Penicillium-chrysogenum
12 12 -0.06831576554239933 0.8842939983895282 Penicillium-verrucosum
12 12 -0.39433175164485457 0.3813720705256626 Penicillium-mb
12 12 -0.15934792920897572 0.7329038900514264 Penicillium-commune
12 12 0.0976065120505972 0.8350862333185776 Penicillium-polonicum
12 12 0.25577840125407986 0.5798405970665497 Penicillium-brevicompactum
12 12 -0.5253055679260932 0.22598049574331255 Penicillium-cvjetkovicii
12 12 -0.4987450946073149 0.2545554617906003 Penicillium-solitum
12 12 -0.47352204319312424 0.2831298795451437 Penicillium-chrysogenum
12 12 0.2524603984639114 0.5849366895819137 Penicillium-verrucosum
10 12 -0.1180448826310839 0.8009941007991321 Penicillium-mb
10 12 -0.13396457797850317 0.774609908807395 Penicillium-commune
10 12 0.1945775580456947 0.67589232928621 Penicillium-polonicum
10 12 -0.36822419617156316 0.4163862641191288 Penicillium-brevicompactum
10 12 0.14672390088602075 0.7535862414927472 Penicillium-cvjetkovicii
10 12 -0.3830447017932836 0.39635938678515253 Penicillium-solitum
10 12 -0.11318783240702959 0.8090748854120235 Penicillium-chrysogenum
10 12 -0.37581565862607375 0.40607930202973674 Penicillium-verrucosum
12 10 -0.23791693719852475 0.6074332206353352 Penicillium-mb
12 10 -0.2847738220049422 0.5359149715689413 Penicillium-commune
12 10 -0.10224626523470755 0.8273272460182757 Penicillium-polonicum
12 10 -0.25135989929320285 0.5866299700315412 Penicillium-brevicompactum
12 10 -0.03023178518991813 0.9487003778744443 Penicillium-cvjetkovicii
12 10 -0.21375473390654756 0.6453517821340435 Penicillium-solitum
12 10 0.06895175008863816 0.8832219374591412 Penicillium-chrysogenum
12 10 -0.2485793398227255 0.5909149430803824 Penicillium-verrucosum
12 12 -0.2960816660459605 0.5190953097353129 Penicillium-mb
12 12 -0.27438469021088463 0.551524953278024 Penicillium-commune
12 12 -0.1975185236739634 0.6711846548828204 Penicillium-polonicum
12 12 -0.2852207458293415 0.5352467858291594 Penicillium-brevicompactum
12 12 -0.030231785892933506 0.9487003766826042 Penicillium-cvjetkovicii
12 12 -0.35668808188003703 0.43224067990432047 Penicillium-solitum
12 12 0.06895174935480537 0.8832219386960607 Penicillium-chrysogenum
12 12 -0.27346814633927513 0.5529091236104104 Penicillium-verrucosum
12 10 0.5309755650875468 0.22008671286544743 Penicillium-mb
12 10 0.07790485490947296 0.8681455850193351 Penicillium-commune
12 10 0.45933372198498 0.2998004529595399 Penicillium-polonicum
12 10 0.46652458350777165 0.29129868019885446 Penicillium-brevicompactum
12 10 -0.5615418604499577 0.18959472007276643 Penicillium-cvjetkovicii
12 10 -0.6081352208537038 0.14738718334784506 Penicillium-solitum
12 10 0.4821868912189412 0.2731588285020123 Penicillium-chrysogenum
12 10 0.4769372860476779 0.2791806421752883 Penicillium-verrucosum
10 12 -0.3452054920244843 0.44824582117188816 Penicillium-mb
10 12 0.2507858484596167 0.5875138279200955 Penicillium-commune
10 12 -0.48708534927858366 0.26759327876188593 Penicillium-polonicum
10 12 -0.12035640519997931 0.7971532793962656 Penicillium-brevicompactum
10 12 0.3403030714229341 0.4551457499742902 Penicillium-cvjetkovicii
10 12 0.005912145973878094 0.9899634046781449 Penicillium-solitum
10 12 -0.0570436073060121 0.903317245367326 Penicillium-chrysogenum
10 12 -0.34511033210620734 0.44837937849246434 Penicillium-verrucosum
10 12 -0.44105170293874346 0.32189628479897703 Penicillium-mb
10 12 0.5796853868123713 0.17253651689304153 Penicillium-commune
10 12 -0.6852936913080777 0.08928490477588749 Penicillium-polonicum
10 12 0.2304393595194795 0.6190976950208825 Penicillium-brevicompactum
10 12 0.7035070938047848 0.07776388812018702 Penicillium-cvjetkovicii
10 12 -0.2615712984131592 0.570976667541133 Penicillium-solitum
10 12 -0.3503259546384596 0.4410813573053655 Penicillium-chrysogenum
10 12 0.1955476807221878 0.6743384953653802 Penicillium-verrucosum
12 12 -0.09905903866505746 0.8326560268083187 Penicillium-mb
12 12 0.803586509053757 0.029449997292260454 Penicillium-commune
12 12 0.5283136277467577 0.22284456748960788 Penicillium-polonicum
12 12 -0.2839534165479918 0.5371422637526206 Penicillium-brevicompactum
12 12 0.5503394964561248 0.20051676918681768 Penicillium-cvjetkovicii
12 12 -0.08199229090984615 0.8612729753105928 Penicillium-solitum
12 12 -0.3420732465294396 0.452649767237165 Penicillium-chrysogenum
12 12 -0.10228994006650909 0.8272542614672282 Penicillium-verrucosum
12 12 -0.37360272859336185 0.4090733282541273 Penicillium-mb
12 12 0.15998680652456626 0.7318605081504944 Penicillium-commune
12 12 -0.6971651715871604 0.08167971381597164 Penicillium-polonicum
12 12 -0.05354675818370447 0.9092264661167172 Penicillium-brevicompactum
12 12 -0.20521207175613218 0.6589100587881833 Penicillium-cvjetkovicii
12 12 -0.4715292513432235 0.2854457108441463 Penicillium-solitum
12 12 0.1336445178107446 0.7751387333701828 Penicillium-chrysogenum
12 12 0.12813162806997072 0.7842582015625753 Penicillium-verrucosum
12 10 0.9037649553734102 0.005236265284638363 Penicillium-mb
12 10 0.008934084548692376 0.9848336322992639 Penicillium-commune
12 10 -0.4562434168783935 0.3034872102436574 Penicillium-polonicum
12 10 0.7933837215202852 0.03322920276436428 Penicillium-brevicompactum
12 10 0.8069513560989627 0.028259354770530386 Penicillium-cvjetkovicii
12 10 0.8796786754622701 0.00903080620085534 Penicillium-solitum
12 10 0.8726613697891974 0.010364919593958329 Penicillium-chrysogenum
12 10 0.9302245709429704 0.002378373651416367 Penicillium-verrucosum
12 10 0.6073604841855931 0.14804586846000456 Penicillium-mb
12 10 -0.4085507072521958 0.36282699884712966 Penicillium-commune
12 10 0.09643044636453134 0.8370546614723913 Penicillium-polonicum
12 10 0.5791859857063846 0.17299550337239142 Penicillium-brevicompactum
12 10 0.5354913305799421 0.21544539489647002 Penicillium-cvjetkovicii
12 10 -0.8467900778383902 0.016220404251380913 Penicillium-solitum
12 10 0.5853484581390741 0.16737377440184534 Penicillium-chrysogenum
12 10 0.5581464206524042 0.19287398070066847 Penicillium-verrucosum
10 12 0.38103322775211046 0.39905455045391136 Penicillium-mb
10 12 0.020788414441342613 0.9647161168105058 Penicillium-commune
10 12 0.28049315984305656 0.5423289032741243 Penicillium-polonicum
10 12 0.3744325773503626 0.40794955325901394 Penicillium-brevicompactum
10 12 -0.30918227872530507 0.4998397171491963 Penicillium-cvjetkovicii
10 12 -0.48756871141278796 0.267046902521197 Penicillium-solitum
10 12 0.3867349494683683 0.39143382403141663 Penicillium-chrysogenum
10 12 -0.45359093465970673 0.30666739340020505 Penicillium-verrucosum
12 10 0.17463085612246268 0.7080371483943801 Penicillium-mb
12 10 -0.3607915482679353 0.42657496512197396 Penicillium-commune
12 10 0.1138603485177733 0.8079551862425827 Penicillium-polonicum
12 10 0.22678933962999911 0.6248147724456619 Penicillium-brevicompactum
12 10 0.24727742022275037 0.5929245273464157 Penicillium-cvjetkovicii
12 10 -0.8441177944819142 0.016911399635161955 Penicillium-solitum
12 10 0.24398264033313108 0.598019417991821 Penicillium-chrysogenum
12 10 0.172440549322609 0.7115888310321193 Penicillium-verrucosum
12 12 0.2593717339437468 0.574337270479645 Penicillium-mb
12 12 -0.7247027972170389 0.0654196357353321 Penicillium-commune
12 12 0.27883014353569885 0.5448274803482832 Penicillium-polonicum
12 12 0.4037087746511706 0.3690995155683473 Penicillium-brevicompactum
12 12 -0.32852805080291336 0.4718776210791569 Penicillium-cvjetkovicii
12 12 0.29495186212681446 0.520767641402798 Penicillium-solitum
12 12 0.28483983012236175 0.5358162668319231 Penicillium-chrysogenum
12 12 -0.5764790677734283 0.1754937893909296 Penicillium-verrucosum
12 12 -0.17028924788252608 0.7150813049396909 Penicillium-mb
12 12 0.11047379133801113 0.8135962182915838 Penicillium-commune
12 12 0.1309387355933128 0.7796121507663658 Penicillium-polonicum
12 12 -0.15844048010124737 0.7343864515350589 Penicillium-brevicompactum
12 12 -0.46620599072896834 0.29167306149515937 Penicillium-cvjetkovicii
12 12 0.034647885802816775 0.9412152218929083 Penicillium-solitum
12 12 -0.19686667614289716 0.6722273514489692 Penicillium-chrysogenum
12 12 -0.2084275163661035 0.6537978242915683 Penicillium-verrucosum
8 12 0.15082328872408862 0.7468566880085454 Penicillium-mb
8 12 -0.8612768085035022 0.012757448001368552 Penicillium-commune
8 12 -0.3706952429831109 0.4130201979246306 Penicillium-polonicum
8 12 -0.44526336575273434 0.3167455323538176 Penicillium-brevicompactum
8 12 -0.38297708478685505 0.39644986821196576 Penicillium-cvjetkovicii
8 12 0.13536519153252408 0.7722965394048937 Penicillium-solitum
8 12 0.18992274115058225 0.6833605421926485 Penicillium-chrysogenum
8 12 -0.34926823116480676 0.44255773349119065 Penicillium-verrucosum
12 12 0.0827002141299443 0.8600833708717078 Penicillium-mb
12 12 0.701214145220099 0.07916785250580131 Penicillium-commune
12 12 -0.8416985097835791 0.017551168998278542 Penicillium-polonicum
12 12 0.06943025764679875 0.8824154243204341 Penicillium-brevicompactum
12 12 0.6079017361167796 0.14758553795542184 Penicillium-cvjetkovicii
12 12 -0.3550003070874564 0.4345793247145334 Penicillium-solitum
12 12 -0.4653317511009191 0.2927014834329315 Penicillium-chrysogenum
12 12 0.0851962873714922 0.8558906236732124 Penicillium-verrucosum
12 10 0.53687662369953 0.2140309894726895 Penicillium-mb
12 10 0.18231444627554377 0.6956114117107601 Penicillium-commune
12 10 0.5719878084503438 0.17967764976186343 Penicillium-polonicum
12 10 0.5233946347158097 0.2279833640412649 Penicillium-brevicompactum
12 10 0.08985784247659756 0.8480677089424353 Penicillium-cvjetkovicii
12 10 0.5825309592526329 0.1699326823646548 Penicillium-solitum
12 10 0.5401100807901141 0.21074681771400275 Penicillium-chrysogenum
12 10 -0.8123140366056028 0.026418544367438828 Penicillium-verrucosum
10 10 -0.20698761647259314 0.656085803038404 Penicillium-mb
10 10 -0.6297764456892806 0.12958675088642907 Penicillium-commune
10 10 -0.6664065637802068 0.1021224103514216 Penicillium-polonicum
10 10 0.143181079095068 0.7594121552348281 Penicillium-brevicompactum
10 10 0.31705428439712624 0.48839224389991637 Penicillium-cvjetkovicii
10 10 -0.12193641617082894 0.7945298032804935 Penicillium-solitum
10 10 -0.17184327949962266 0.7125580536601728 Penicillium-chrysogenum
10 10 -0.2028038092389021 0.662745890074269 Penicillium-verrucosum
12 12 0.08853974889590523 0.8502787210912204 Penicillium-mb
12 12 -0.20743868306159927 0.6553688345027466 Penicillium-commune
12 12 -0.04776871581171662 0.9189978006610349 Penicillium-polonicum
12 12 0.22395790867734397 0.6292600164971518 Penicillium-brevicompactum
12 12 -0.302055795247287 0.5102831391997076 Penicillium-cvjetkovicii
12 12 0.2773005544714582 0.5471289217452091 Penicillium-solitum
12 12 -0.6119179448574382 0.1441922994344721 Penicillium-chrysogenum
12 12 -0.3604426669425209 0.4270555520801652 Penicillium-verrucosum
12 12 -0.1702217411772236 0.715190961186862 Penicillium-mb
12 12 0.6530497351592475 0.1117461253000486 Penicillium-commune
12 12 -0.7716127569503093 0.042152036983138096 Penicillium-polonicum
12 12 -0.20521049136180186 0.658912574069944 Penicillium-brevicompactum
12 12 0.4695611579106945 0.287741094432796 Penicillium-cvjetkovicii
12 12 -0.3230694061448563 0.4797089025305517 Penicillium-solitum
12 12 0.20216908653010768 0.6637578428905768 Penicillium-chrysogenum
12 12 0.15342676086606472 0.7425894333296745 Penicillium-verrucosum
12 10 0.12677560420067538 0.7865043936859096 Penicillium-mb
12 10 0.6530496667941351 0.11174617570963723 Penicillium-commune
12 10 -0.8126826248408978 0.026294574974224133 Penicillium-polonicum
12 10 -0.2545326679823567 0.5817522918107212 Penicillium-brevicompactum
12 10 0.4695610480957914 0.2877412227381135 Penicillium-cvjetkovicii
12 10 0.2668789487945444 0.5628930883162382 Penicillium-solitum
12 10 0.20937537815717655 0.6522928604877307 Penicillium-chrysogenum
12 10 0.09003143665179099 0.8477765753092269 Penicillium-verrucosum
12 12 0.257182876839767 0.5776876414983061 Penicillium-mb
12 12 -0.6887102876389258 0.08705940192083492 Penicillium-commune
12 12 -0.47915202820029756 0.2766329137126765 Penicillium-polonicum
12 12 -0.17720063394867966 0.7038754959528422 Penicillium-brevicompactum
12 12 -0.45715444467074123 0.3023982902270607 Penicillium-cvjetkovicii
12 12 -0.46506342641229864 0.293017451951255 Penicillium-solitum
12 12 -0.1398828933845326 0.7648439290303362 Penicillium-chrysogenum
12 12 0.2572944876634496 0.5775166574139564 Penicillium-verrucosum
12 10 -0.3429463188866618 0.4514206050705928 Penicillium-mb
12 10 0.02015884674348687 0.9657842321420278 Penicillium-commune
12 10 0.18984407338235057 0.6834869353574062 Penicillium-polonicum
12 10 -0.22019497500095542 0.635181460083035 Penicillium-brevicompactum
12 10 -0.4662060170781155 0.2916730305232176 Penicillium-cvjetkovicii
12 10 0.034647841596574615 0.9412152968046588 Penicillium-solitum
12 10 -0.34042137154486174 0.4549787849152802 Penicillium-chrysogenum
12 10 -0.33087559659062665 0.4685241382610765 Penicillium-verrucosum
10 12 -0.5088601825517197 0.24348714588069428 Penicillium-mb
10 12 -0.008453465416603904 0.9856494641539074 Penicillium-commune
10 12 0.28866424683684194 0.5301078407566863 Penicillium-polonicum
10 12 0.37407110036867836 0.4084389131365657 Penicillium-brevicompactum
10 12 -0.3356799261656145 0.46168850461355704 Penicillium-cvjetkovicii
10 12 -0.5380817848692832 0.21280410211514247 Penicillium-solitum
10 12 0.38862351753129387 0.38892261175746967 Penicillium-chrysogenum
10 12 0.38421799918099414 0.39479065647224354 Penicillium-verrucosum
12 12 0.11419764160111837 0.8073937114158939 Penicillium-mb
12 12 -0.4243501650712006 0.3426713500973829 Penicillium-commune
12 12 -0.4642249442325333 0.29400578801028354 Penicillium-polonicum
12 12 -0.048487314405709116 0.9177821060213348 Penicillium-brevicompactum
12 12 0.22543482399116876 0.6269401942775975 Penicillium-cvjetkovicii
12 12 -0.5168429968624907 0.23491305096120121 Penicillium-solitum
12 12 -0.03402123393232935 0.942277178475708 Penicillium-chrysogenum
12 12 -0.035172006832312044 0.9403270724929912 Penicillium-verrucosum
12 12 -0.40766584967679875 0.3639699815656205 Penicillium-mb
12 12 0.2804140950893858 0.5424476073801077 Penicillium-commune
12 12 -0.2591365042597988 0.5746970321701179 Penicillium-polonicum
12 12 -0.4208014057725105 0.3471565350228946 Penicillium-brevicompactum
12 12 0.3585064593859964 0.42972647754019944 Penicillium-cvjetkovicii
12 12 -0.29963587411800235 0.5138464025595824 Penicillium-solitum
12 12 0.20868062801944412 0.653395855815983 Penicillium-chrysogenum
12 12 0.24736881890032636 0.5927833808541724 Penicillium-verrucosum
12 10 -0.4964952362192048 0.2570480733818336 Penicillium-mb
12 10 0.46456446157317416 0.29360541450612315 Penicillium-commune
12 10 0.5757194671853537 0.17619800512686878 Penicillium-polonicum
12 10 -0.4688838566922443 0.2885329223259072 Penicillium-brevicompactum
12 10 0.3240619041360406 0.47828153718688016 Penicillium-cvjetkovicii
12 10 -0.08199229083993778 0.8612729754280781 Penicillium-solitum
12 10 0.056988015332736855 0.9034111614105054 Penicillium-chrysogenum
12 10 0.12193375854048388 0.7945342147670431 Penicillium-verrucosum
12 12 -0.34298429194657837 0.4513671727429073 Penicillium-mb
12 12 -0.15996172357594907 0.7319014661618297 Penicillium-commune
12 12 -0.02484673562710995 0.9578318907932681 Penicillium-polonicum
12 12 -0.16219487601445057 0.7282569375892594 Penicillium-brevicompactum
12 12 -0.34419938438128284 0.4496586526618593 Penicillium-cvjetkovicii
12 12 -0.32646165386745046 0.47483668988594246 Penicillium-solitum
12 12 -0.5676201620620167 0.18379258727018866 Penicillium-chrysogenum
12 12 -0.2524613081970232 0.5849352904456634 Penicillium-verrucosum
10 10 -0.5374003475666965 0.21349741221452567 Penicillium-mb
10 10 -0.17064696844212676 0.7145002974133466 Penicillium-commune
10 10 -0.1469818535987676 0.7531624166500392 Penicillium-polonicum
10 10 0.36863184385456466 0.41583023050991147 Penicillium-brevicompactum
10 10 0.0328931927633842 0.9441889857664866 Penicillium-cvjetkovicii
10 10 0.38992784199571245 0.38719205886366326 Penicillium-solitum
10 10 0.38991081673561184 0.387214627634184 Penicillium-chrysogenum
10 10 -0.5366212377150547 0.21429140983390638 Penicillium-verrucosum
12 12 0.48457922396545355 0.2704342263385756 Penicillium-mb
12 12 -0.021039630500566085 0.964289918965062 Penicillium-commune
12 12 -0.1304219181333681 0.7804671486381954 Penicillium-polonicum
12 12 0.45586693055035354 0.3039377126145459 Penicillium-brevicompactum
12 12 -0.9257614692769895 0.002770337707503834 Penicillium-cvjetkovicii
12 12 -0.6896324068892209 0.08646383843461658 Penicillium-solitum
12 12 0.4566088167430306 0.30305025415910086 Penicillium-chrysogenum
12 12 0.4831839080530105 0.2720218377881995 Penicillium-verrucosum
12 12 0.32780123868580274 0.4729176445519356 Penicillium-mb
12 12 -0.07487100622393142 0.8732509865038501 Penicillium-commune
12 12 0.16226146705636824 0.7281483224430902 Penicillium-polonicum
12 12 0.2684937787250338 0.560440984153219 Penicillium-brevicompactum
12 12 0.25985401829715454 0.5735998826960443 Penicillium-cvjetkovicii
12 12 0.3562666863297058 0.43282412950744065 Penicillium-solitum
12 12 -0.912339419006604 0.004166379366282728 Penicillium-chrysogenum
12 12 0.5694684674833561 0.18204567163078705 Penicillium-verrucosum
12 12 0.49794731716557417 0.2554380436300995 Penicillium-mb
12 12 -0.07413646300706941 0.874487617359072 Penicillium-commune
12 12 -0.13471139919325228 0.7733762310761334 Penicillium-polonicum
12 12 0.5079421503492216 0.24448231819525323 Penicillium-brevicompactum
12 12 -0.9256371063253632 0.0027817641772790174 Penicillium-cvjetkovicii
12 12 -0.692944330109619 0.084342621912067 Penicillium-solitum
12 12 0.4038651307224758 0.3688962716217116 Penicillium-chrysogenum
12 12 0.4954847484321058 0.2581712075688694 Penicillium-verrucosum
12 12 -0.6182059495227795 0.1389595444068169 Penicillium-mb
12 12 0.599732436178679 0.15460990397514984 Penicillium-commune
12 12 0.7433513960046599 0.05550351368507478 Penicillium-polonicum
12 12 0.2992828444328358 0.514366942585019 Penicillium-brevicompactum
12 12 -0.12251108473584617 0.793575994752863 Penicillium-cvjetkovicii
12 12 0.38701795565583197 0.39105709990263543 Penicillium-solitum
12 12 -0.5305793328768994 0.22049619506124804 Penicillium-chrysogenum
12 12 0.33941723967633924 0.45639670928031717 Penicillium-verrucosum
12 12 0.8915624458016187 0.007009648321822449 Penicillium-mb
12 12 -0.2187378604193894 0.6374785849430217 Penicillium-commune
12 12 -0.4562434168156266 0.30348721031873965 Penicillium-polonicum
12 12 0.8055220011365426 0.028761765102261583 Penicillium-brevicompactum
12 12 0.7498899193885684 0.052235494531215405 Penicillium-cvjetkovicii
12 12 0.8130197988185033 0.026181458283138986 Penicillium-solitum
12 12 0.9439002793193677 0.00138891949253617 Penicillium-chrysogenum
12 12 0.8899236085517772 0.007270869986773764 Penicillium-verrucosum
12 12 0.36287416606286066 0.4237104865854344 Penicillium-mb
12 12 -0.6887102876291027 0.08705940192719079 Penicillium-commune
12 12 -0.2289855034768479 0.6213730796778545 Penicillium-polonicum
12 12 -0.5092692318596733 0.24304433051324542 Penicillium-brevicompactum
12 12 -0.26956994639207155 0.558808739735112 Penicillium-cvjetkovicii
12 12 0.4126126796181111 0.3575992133899818 Penicillium-solitum
12 12 0.3958521397072495 0.37937109635385763 Penicillium-chrysogenum
12 12 -0.47647963244254493 0.27970841065394225 Penicillium-verrucosum
12 12 0.5421687451405134 0.20866846987625084 Penicillium-mb
12 12 -0.3140747162590559 0.4927140841512886 Penicillium-commune
12 12 0.0020798791110584716 0.9964690951938859 Penicillium-polonicum
12 12 -0.9698928853137407 0.0002972253226211311 Penicillium-brevicompactum
12 12 -0.05982783930067412 0.898614780630952 Penicillium-cvjetkovicii
12 12 0.18311102369590618 0.6943262498755393 Penicillium-solitum
12 12 0.19046909151282418 0.6824828995794133 Penicillium-chrysogenum
12 12 0.541977773356054 0.20886085415374622 Penicillium-verrucosum
10 12 -0.5469750119608521 0.20385456336426688 Penicillium-mb
10 12 -0.2825396287372762 0.5392594196450606 Penicillium-commune
10 12 -0.14595739576523897 0.7548459246599178 Penicillium-polonicum
10 12 0.22865725720492547 0.6218871402096227 Penicillium-brevicompactum
10 12 -0.10168694065396935 0.8282620146387072 Penicillium-cvjetkovicii
10 12 0.23151365170977176 0.6174179039451408 Penicillium-solitum
10 12 -0.1088654517785358 0.8162775083151499 Penicillium-chrysogenum
10 12 -0.6801718765738415 0.09267672568076542 Penicillium-verrucosum
12 8 -0.5456717811454911 0.20515455388332796 Penicillium-mb
12 8 0.27230449453348166 0.5546680988730501 Penicillium-commune
12 8 0.4494264202308088 0.3116896216094816 Penicillium-polonicum
12 8 -0.5271557679656621 0.22404920320092303 Penicillium-brevicompactum
12 8 -0.11733939550382426 0.8021669750166436 Penicillium-cvjetkovicii
12 8 0.3659395635591664 0.41950786974907633 Penicillium-solitum
12 8 0.24342766989900982 0.5988788896248731 Penicillium-chrysogenum
12 8 0.293612429323967 0.5227526380941533 Penicillium-verrucosum
12 12 -0.058915219272154075 0.9001559076367867 Penicillium-mb
12 12 0.24587182149433767 0.5950964676942951 Penicillium-commune
12 12 0.335953306571147 0.46130065040681234 Penicillium-polonicum
12 12 -0.4627829653654882 0.2957089199136928 Penicillium-brevicompactum
12 12 -0.23113547632443077 0.6180090780806883 Penicillium-cvjetkovicii
12 12 -0.5194554147607723 0.23213825062161075 Penicillium-solitum
12 12 -0.1131878324454456 0.8090748853480558 Penicillium-chrysogenum
12 12 -0.0602212001947475 0.8979505962118056 Penicillium-verrucosum
10 10 -0.5767135403529201 0.17527669248321337 Penicillium-mb
10 10 0.15998555686023172 0.7318625487186246 Penicillium-commune
10 10 0.23352112783322174 0.6142825149843967 Penicillium-polonicum
10 10 -0.05354703335602962 0.9092260009773834 Penicillium-brevicompactum
10 10 -0.31691510830426717 0.488593815915702 Penicillium-cvjetkovicii
10 10 0.28969228705861116 0.52857686111799 Penicillium-solitum
10 10 0.2436581660043659 0.5985218798957983 Penicillium-chrysogenum
10 10 -0.41675178215311404 0.352304651111047 Penicillium-verrucosum
12 12 -0.15929943976956018 0.7329830939026338 Penicillium-mb
12 12 -0.19805305263454503 0.6703299339487252 Penicillium-commune
12 12 -0.17896923687666966 0.7010147167498608 Penicillium-polonicum
12 12 -0.4184167928438283 0.3501841490520321 Penicillium-brevicompactum
12 12 -0.46371134831429245 0.29461190121285 Penicillium-cvjetkovicii
12 12 -0.6204763068508525 0.13709422008551037 Penicillium-solitum
12 12 -0.14854406226980635 0.750596711867912 Penicillium-chrysogenum
12 12 -0.11823285774949797 0.8006816417268914 Penicillium-verrucosum
12 12 -0.19417939384420327 0.6765303291719589 Penicillium-mb
12 12 0.28940303036614057 0.5290074777375429 Penicillium-commune
12 12 0.31175401814801884 0.4960895841907085 Penicillium-polonicum
12 12 -0.17545012741783128 0.7067097394023856 Penicillium-brevicompactum
12 12 -0.029303487311126548 0.9502742109210742 Penicillium-cvjetkovicii
12 12 -0.22849723121452542 0.62213779831156 Penicillium-solitum
12 12 -0.11318783251438745 0.8090748852332584 Penicillium-chrysogenum
12 12 -0.1861409348043598 0.689443264442176 Penicillium-verrucosum
12 10 -0.0747939880973317 0.8733806397941791 Penicillium-mb
12 10 0.7085296649866428 0.07473536588260987 Penicillium-commune
12 10 0.7632037536717259 0.04591469008410513 Penicillium-polonicum
12 10 -0.5726002841569916 0.17910425158788024 Penicillium-brevicompactum
12 10 0.4973306590461578 0.2561212122146398 Penicillium-cvjetkovicii
12 10 -0.08199229099105709 0.8612729751741127 Penicillium-solitum
12 10 -0.2486411922270199 0.5908195221429723 Penicillium-chrysogenum
12 10 -0.15324928525538906 0.742880161779244 Penicillium-verrucosum
12 12 -0.2978676521166282 0.5164554524026264 Penicillium-mb
12 12 -0.04976896659576126 0.91561417856018 Penicillium-commune
12 12 0.10049121925191637 0.8302608979777548 Penicillium-polonicum
12 12 -0.16219487634550625 0.7282569370492729 Penicillium-brevicompactum
12 12 -0.28484715122998205 0.5358053196424954 Penicillium-cvjetkovicii
12 12 -0.24024365942235004 0.6038170366260814 Penicillium-solitum
12 12 -0.25864320909507826 0.5754517097326564 Penicillium-chrysogenum
12 12 -0.3682414399279916 0.4163627376727564 Penicillium-verrucosum
12 12 0.24756536780046248 0.5924798859792043 Penicillium-mb
12 12 -0.4171159061917497 0.3518404573381004 Penicillium-commune
12 12 0.02754207727005397 0.9532608495072663 Penicillium-polonicum
12 12 0.2298450729870684 0.6200275034238731 Penicillium-brevicompactum
12 12 -0.36724909157944285 0.4177174869239632 Penicillium-cvjetkovicii
12 12 0.22460208793852526 0.6282478914145635 Penicillium-solitum
12 12 -0.40380867043786006 0.36896965784460667 Penicillium-chrysogenum
12 12 -0.47956909825046923 0.2761543117241637 Penicillium-verrucosum
12 12 0.649374152350545 0.11447335281719995 Penicillium-mb
12 12 0.6530630762851853 0.11173628833431719 Penicillium-commune
12 12 0.8729672341168018 0.010304555703293888 Penicillium-polonicum
12 12 0.6122024772657757 0.14395340888559627 Penicillium-brevicompactum
12 12 -0.18393291530116063 0.6930008570834865 Penicillium-cvjetkovicii
12 12 0.7335459352410744 0.06060735738457657 Penicillium-solitum
12 12 0.7119518254366523 0.0727086582942017 Penicillium-chrysogenum
12 12 0.6530724782377904 0.11172935615383385 Penicillium-verrucosum
12 12 0.12199501267032838 0.7944325381624877 Penicillium-mb
12 12 -0.25097103780590396 0.5872286499612394 Penicillium-commune
12 12 -0.08263855858289706 0.860186969409698 Penicillium-polonicum
12 12 -0.19676929253462094 0.6723831623503217 Penicillium-brevicompactum
12 12 -0.5723532944532528 0.1793353748265448 Penicillium-cvjetkovicii
12 12 -0.2005898649275592 0.6662773918937239 Penicillium-solitum
12 12 -0.007222382597382031 0.9877392222772249 Penicillium-chrysogenum
12 12 -0.18203042384120965 0.6960697808349152 Penicillium-verrucosum
12 12 0.18320328758274143 0.6941774330567614 Penicillium-mb
12 12 -0.688710287689542 0.08705940188808436 Penicillium-commune
12 12 -0.25075307315651957 0.587564303891063 Penicillium-polonicum
12 12 -0.11187684980021223 0.8112583364716753 Penicillium-brevicompactum
12 12 -0.18957726455264184 0.6839156529098199 Penicillium-cvjetkovicii
12 12 0.2885819602584764 0.5302304480665379 Penicillium-solitum
12 12 -0.23021525728704095 0.619448273415321 Penicillium-chrysogenum
12 12 -0.1985990975213207 0.6694570905432381 Penicillium-verrucosum
12 12 0.018657603871580702 0.9683313806136522 Penicillium-mb
12 12 -0.1986714915866775 0.6693413920430451 Penicillium-commune
12 12 -0.1972186120471599 0.6716643421357561 Penicillium-polonicum
12 12 0.015191458854233758 0.9742131542493612 Penicillium-brevicompactum
12 12 -0.8386318006155334 0.018381624327808627 Penicillium-cvjetkovicii
12 12 -0.6230145560929884 0.13502392044133138 Penicillium-solitum
12 12 0.10008924297012567 0.8309330442817254 Penicillium-chrysogenum
12 12 0.12296420476827959 0.7928240710524458 Penicillium-verrucosum
12 12 -0.21992615247872854 0.6356050814990364 Penicillium-mb
12 12 -0.09168760650811475 0.844999719595424 Penicillium-commune
12 12 -0.13522709316137965 0.7725245747926085 Penicillium-polonicum
12 12 0.14619915225238928 0.7544485725685589 Penicillium-brevicompactum
12 12 -0.5664245857185963 0.1849269111808466 Penicillium-cvjetkovicii
12 12 -0.17368700867700843 0.7095671280459337 Penicillium-solitum
12 12 0.10312313992275632 0.8258620997630404 Penicillium-chrysogenum
12 12 -0.3967832941368729 0.3781477215218702 Penicillium-verrucosum
12 12 -0.28307725379896753 0.5384539970432634 Penicillium-mb
12 12 0.26714844972267987 0.562483615694385 Penicillium-commune
12 12 0.27191494948007683 0.5552573389488095 Penicillium-polonicum
12 12 -0.2668646368210137 0.5629148362135399 Penicillium-brevicompactum
12 12 -0.4355508977393083 0.32867743725342896 Penicillium-cvjetkovicii
12 12 0.21367116448428927 0.6454840462148254 Penicillium-solitum
12 12 0.24600628126704718 0.5948885956441397 Penicillium-chrysogenum
12 12 -0.5831873707863799 0.1693348044467496 Penicillium-verrucosum
12 10 -0.4141625000035545 0.35561289492531367 Penicillium-mb
12 10 0.5970683015859615 0.1569359755066432 Penicillium-commune
12 10 0.6373025407104889 0.12366906260399764 Penicillium-polonicum
12 10 0.2849581043220995 0.5356394215610102 Penicillium-brevicompactum
12 10 0.1602676218737137 0.7314019986077798 Penicillium-cvjetkovicii
12 10 0.4140129830394446 0.35580432172429677 Penicillium-solitum
12 10 0.3815937392226764 0.3983027930798237 Penicillium-chrysogenum
12 10 -0.6193306034164465 0.13803393389062962 Penicillium-verrucosum
8 12 -0.6120606303338066 0.14407247719697314 Penicillium-mb
8 12 -0.3550260942922426 0.43454355671485656 Penicillium-commune
8 12 -0.052666240427192736 0.9107149600693545 Penicillium-polonicum
8 12 -0.3597182943130279 0.4280540468804443 Penicillium-brevicompactum
8 12 0.13489426028407 0.7730742196249099 Penicillium-cvjetkovicii
8 12 -0.34236997991468837 0.45223186855413333 Penicillium-solitum
8 12 0.24763565960827036 0.5923713585237065 Penicillium-chrysogenum
8 12 0.27465557604492147 0.5511160757495176 Penicillium-verrucosum
12 12 -0.08433843948255919 0.8573312829010249 Penicillium-mb
12 12 0.03775171906213371 0.9359563512406999 Penicillium-commune
12 12 -0.21452485454825695 0.6441332736032714 Penicillium-polonicum
12 12 -0.4450595923014009 0.31699391481589784 Penicillium-brevicompactum
12 12 -0.6622690787723855 0.10505533412907485 Penicillium-cvjetkovicii
12 12 -0.4018618043283658 0.37150382933786047 Penicillium-solitum
12 12 0.13996144259353194 0.7647144766319015 Penicillium-chrysogenum
12 12 0.11211381731165404 0.8108635929793322 Penicillium-verrucosum
10 12 -0.9620685427852922 0.0005273148692939086 Penicillium-mb
10 12 -0.13486383801595841 0.7731244631447945 Penicillium-commune
10 12 -0.08910012032365722 0.8493386401859077 Penicillium-polonicum
10 12 0.5426377314919832 0.20819637383846826 Penicillium-brevicompactum
10 12 0.34560655135848495 0.44768309704699066 Penicillium-cvjetkovicii
10 12 0.40469269977241795 0.3678212985633141 Penicillium-solitum
10 12 0.5324576604352821 0.218558247299413 Penicillium-chrysogenum
10 12 0.44568346926506236 0.31623372811600015 Penicillium-verrucosum
12 12 0.050330854062677594 0.9146638707936543 Penicillium-mb
12 12 -0.6887102876479637 0.08705940191498703 Penicillium-commune
12 12 -0.5809193445767499 0.17140499188677102 Penicillium-polonicum
12 12 0.18866309929579198 0.6853850760812288 Penicillium-brevicompactum
12 12 -0.5434249112593921 0.20740512239757988 Penicillium-cvjetkovicii
12 12 0.308460686766986 0.5008937313955962 Penicillium-solitum
12 12 0.2815027124587096 0.5408139626584287 Penicillium-chrysogenum
12 12 0.20937066098139373 0.6523003478487636 Penicillium-verrucosum
10 12 -0.01668637042141594 0.9716762813028107 Penicillium-mb
10 12 -0.6530498207815671 0.11174606216573006 Penicillium-commune
10 12 -0.6325398329974808 0.1273975037583303 Penicillium-polonicum
10 12 -0.2561696540118523 0.5792405858199156 Penicillium-brevicompactum
10 12 -0.3829770851841864 0.39644986768025403 Penicillium-cvjetkovicii
10 12 0.10309211354114921 0.8259139340719188 Penicillium-solitum
10 12 0.03757107792011328 0.9362623649444413 Penicillium-chrysogenum
10 12 -0.09606872507021075 0.8376602251973625 Penicillium-verrucosum
10 12 -0.5005461565672504 0.25256810029470517 Penicillium-mb
10 12 -0.5952185870015597 0.15856115760619732 Penicillium-commune
10 12 0.21452017996024345 0.6441406679730053 Penicillium-polonicum
10 12 0.2134413719921341 0.6458477736391561 Penicillium-brevicompactum
10 12 -0.2510823210561747 0.5870573023574752 Penicillium-cvjetkovicii
10 12 0.29126018526326214 0.526244788758455 Penicillium-solitum
10 12 0.15533336703321757 0.7394677007407948 Penicillium-chrysogenum
10 12 -0.4200591680131284 0.3480977314720841 Penicillium-verrucosum
12 12 -0.4205294978832159 0.3475012042665351 Penicillium-mb
12 12 -0.7271702297715793 0.06405691075277209 Penicillium-commune
12 12 0.3167055723058064 0.4888973477649747 Penicillium-polonicum
12 12 -0.49768655982006693 0.2557268232893945 Penicillium-brevicompactum
12 12 -0.1898336185226577 0.683503733312002 Penicillium-cvjetkovicii
12 12 0.282026258162714 0.5400288786957574 Penicillium-solitum
12 12 0.2548714990262763 0.5812321307565189 Penicillium-chrysogenum
12 12 0.24514352448213114 0.5962227809803765 Penicillium-verrucosum
8 10 -0.32158238007761103 0.48185034499223767 Penicillium-mb
8 10 -0.6761895575757709 0.09535997389139528 Penicillium-commune
8 10 -0.4521101857427825 0.30844903573587984 Penicillium-polonicum
8 10 -0.05517503773901263 0.9064744577428245 Penicillium-brevicompactum
8 10 -0.38297708492715055 0.3964498680242212 Penicillium-cvjetkovicii
8 10 0.08631276862438214 0.854016095708936 Penicillium-solitum
8 10 0.05265644535145584 0.9107315195821339 Penicillium-chrysogenum
8 10 0.008035051474514708 0.9863597132906217 Penicillium-verrucosum
12 10 -0.15929943980270397 0.7329830938484954 Penicillium-mb
12 10 0.06980495915946996 0.8817839301682665 Penicillium-commune
12 10 0.355398645949706 0.4340269364603424 Penicillium-polonicum
12 10 0.12309897264813133 0.7926004569783754 Penicillium-brevicompactum
12 10 -0.3628130487289643 0.42379444251125253 Penicillium-cvjetkovicii
12 10 -0.4456495713802555 0.3162750119766666 Penicillium-solitum
12 10 0.1385765342150607 0.7669975001400912 Penicillium-chrysogenum
12 10 -0.4217167693994061 0.345997280972607 Penicillium-verrucosum
12 10 0.34836034610476396 0.4438264518127988 Penicillium-mb
12 10 0.7087779936705384 0.0745872945994519 Penicillium-commune
12 10 0.8729680658662415 0.010304391829961538 Penicillium-polonicum
12 10 0.3421540817848015 0.45253591019012845 Penicillium-brevicompactum
12 10 0.2709500732521231 0.5567177162081358 Penicillium-cvjetkovicii
12 10 0.46363241249456505 0.29470510518548476 Penicillium-solitum
12 10 0.4156231121313356 0.35374513044872274 Penicillium-chrysogenum
12 10 0.6629833417674499 0.10454592592109437 Penicillium-verrucosum
12 12 -0.3142639885053307 0.4924391440270258 Penicillium-mb
12 12 0.04523299523420664 0.923288615207827 Penicillium-commune
12 12 -0.35313755231936583 0.43716601705345043 Penicillium-polonicum
12 12 0.16515989471649195 0.7234242861996321 Penicillium-brevicompactum
12 12 0.23727787048172283 0.60842757381554 Penicillium-cvjetkovicii
12 12 0.08201624711941792 0.8612327155291727 Penicillium-solitum
12 12 -0.29066860291864755 0.5271242921212058 Penicillium-chrysogenum
12 12 -0.31236641299990997 0.4951980527662587 Penicillium-verrucosum
12 12 0.3856641653760124 0.39286051573315944 Penicillium-mb
12 12 -0.21474583316111204 0.6437837512174924 Penicillium-commune
12 12 0.17939461013854915 0.7003270775589967 Penicillium-polonicum
12 12 -0.3710312405855602 0.4125633266898208 Penicillium-brevicompactum
12 12 -0.11789003797043544 0.8012515050674465 Penicillium-cvjetkovicii
12 12 -0.835427665750344 0.01927266798124095 Penicillium-solitum
12 12 0.3983192222449902 0.37613329518517136 Penicillium-chrysogenum
12 12 0.38692638045898253 0.3911789844429036 Penicillium-verrucosum
12 12 -0.26519300326649087 0.5654568253116466 Penicillium-mb
12 12 0.7726624383564417 0.04169477868322994 Penicillium-commune
12 12 0.654548872334032 0.11064355500557516 Penicillium-polonicum
12 12 -0.03934085823660634 0.9332645560718786 Penicillium-brevicompactum
12 12 0.33281231997299515 0.4657641126136169 Penicillium-cvjetkovicii
12 12 -0.08199229076220828 0.8612729755587074 Penicillium-solitum
12 12 -0.3642415795513487 0.4218337757718293 Penicillium-chrysogenum
12 12 -0.08007520642437413 0.8644955139277484 Penicillium-verrucosum
12 12 -0.22613487731643056 0.6258414570904063 Penicillium-mb
12 12 0.7585246528639196 0.04808523111182232 Penicillium-commune
12 12 0.722207358171402 0.06681357668300776 Penicillium-polonicum
12 12 -0.28058293990026606 0.5421941221079152 Penicillium-brevicompactum
12 12 0.39696851826377 0.3779045609440034 Penicillium-cvjetkovicii
12 12 -0.08199229082947844 0.8612729754456557 Penicillium-solitum
12 12 -0.24864136395955602 0.5908192572142964 Penicillium-chrysogenum
12 12 -0.23118487475323854 0.6179318477960432 Penicillium-verrucosum
10 12 -0.11906263048069309 0.799302616268509 Penicillium-mb
10 12 -0.7760123676177142 0.040253894969122725 Penicillium-commune
10 12 -0.03966651726582729 0.9327129937671933 Penicillium-polonicum
10 12 -0.09056918751181683 0.8468748043889516 Penicillium-brevicompactum
10 12 -0.03207046845344756 0.9455834759761643 Penicillium-cvjetkovicii
10 12 -0.16824203091442594 0.7184084791621304 Penicillium-solitum
10 12 -0.22651269503296936 0.6252486986291936 Penicillium-chrysogenum
10 12 -0.0759773029064729 0.8713888826715558 Penicillium-verrucosum
12 10 -0.5689191867713451 0.1825639713272675 Penicillium-mb
12 10 -0.04193536388329933 0.9288708966080907 Penicillium-commune
12 10 0.200412328174863 0.6665607970684315 Penicillium-polonicum
12 10 0.38119967228625357 0.39883125635411826 Penicillium-brevicompactum
12 10 0.17873105114399754 0.7013998279317482 Penicillium-cvjetkovicii
12 10 0.38053643556279443 0.3997213188277033 Penicillium-solitum
12 10 -0.5979792464636757 0.15613867458690492 Penicillium-chrysogenum
12 10 0.37601936438254724 0.4058041303424624 Penicillium-verrucosum
10 12 0.4354928814113284 0.3287492802567887 Penicillium-mb
10 12 -0.1536588623471894 0.7422092572077621 Penicillium-commune
10 12 -0.6772263092908527 0.09465754510545384 Penicillium-polonicum
10 12 0.4474773090308568 0.3140523647495536 Penicillium-brevicompactum
10 12 -0.38297708523544227 0.39644986761166323 Penicillium-cvjetkovicii
10 12 -0.895740027613143 0.006368680200862109 Penicillium-solitum
10 12 0.37918602208144253 0.4015360068328709 Penicillium-chrysogenum
10 12 0.43905859569157857 0.3243462837011401 Penicillium-verrucosum
12 8 -0.5750008218936816 0.1768655251993792 Penicillium-mb
12 8 0.23970974057978514 0.6046462852021355 Penicillium-commune
12 8 0.4331927275331841 0.33160302343974596 Penicillium-polonicum
12 8 -0.5422370686630633 0.20859966156070417 Penicillium-brevicompactum
12 8 -0.18000042215333506 0.6993480300765943 Penicillium-cvjetkovicii
12 8 0.4250890154214851 0.341740630663665 Penicillium-solitum
12 8 0.36742593952093666 0.4174759293936031 Penicillium-chrysogenum
12 8 0.37555737254746024 0.40642830823113474 Penicillium-verrucosum
10 12 -0.483426313784507 0.2717457235991944 Penicillium-mb
10 12 -0.10921021062351947 0.8157026342676656 Penicillium-commune
10 12 -0.0966561613013198 0.8366768206789527 Penicillium-polonicum
10 12 -0.12991118677863825 0.7813122507603854 Penicillium-brevicompactum
10 12 -0.515998818181712 0.23581299213302895 Penicillium-cvjetkovicii
10 12 -0.44888449518875945 0.3123457730728335 Penicillium-solitum
10 12 -0.1644285913939496 0.7246155567752077 Penicillium-chrysogenum
10 12 -0.14238480892278738 0.7607228184137923 Penicillium-verrucosum
12 12 0.5443889739678651 0.20643803445174366 Penicillium-mb
12 12 -0.42428100508810335 0.34275852466089607 Penicillium-commune
12 12 0.0020800372531802175 0.9964688267252241 Penicillium-polonicum
12 12 -0.9698928885480269 0.00029722524331716847 Penicillium-brevicompactum
12 12 0.2994041114555935 0.5141881146838444 Penicillium-cvjetkovicii
12 12 0.4530450331728174 0.3073236992420476 Penicillium-solitum
12 12 0.5174313249771267 0.23428681012168961 Penicillium-chrysogenum
12 12 0.46189574433322816 0.29675898270453477 Penicillium-verrucosum
12 12 -0.539074059949068 0.21179645678819817 Penicillium-mb
12 12 -0.6324224153042087 0.12749013854927693 Penicillium-commune
12 12 0.35769142494622796 0.4308526996107681 Penicillium-polonicum
12 12 0.255407015727582 0.5804103189842513 Penicillium-brevicompactum
12 12 -0.5000762881870033 0.2530858817541359 Penicillium-cvjetkovicii
12 12 0.3248733010035636 0.4771157656996644 Penicillium-solitum
12 12 0.3102772373912645 0.49824182381419235 Penicillium-chrysogenum
12 12 -0.4200596316121966 0.3480971432701524 Penicillium-verrucosum
12 8 -0.5070374574155465 0.24546486767086786 Penicillium-mb
12 8 -0.06949782588959813 0.8823015461450039 Penicillium-commune
12 8 0.22827746605806107 0.6224820766523051 Penicillium-polonicum
12 8 0.2557784538060792 0.5798405164617304 Penicillium-brevicompactum
12 8 -0.49645365751826076 0.2570942429701985 Penicillium-cvjetkovicii
12 8 -0.2971528083990794 0.5175115063996856 Penicillium-solitum
12 8 -0.33468607925228366 0.46309952295778756 Penicillium-chrysogenum
12 8 0.2524604420273851 0.584936622582861 Penicillium-verrucosum
10 12 0.24183337392678916 0.6013500014014412 Penicillium-mb
10 12 0.16062838530684304 0.7308130447295451 Penicillium-commune
10 12 0.3110886971104714 0.4970588073615344 Penicillium-polonicum
10 12 -0.3744327566333343 0.40794931060683626 Penicillium-brevicompactum
10 12 -0.17262528641317199 0.7112891104220753 Penicillium-cvjetkovicii
10 12 -0.47423147264673915 0.28230748346335094 Penicillium-solitum
10 12 0.2565004151831867 0.5787334928848763 Penicillium-chrysogenum
10 12 -0.40068994204093905 0.37303263036996104 Penicillium-verrucosum
12 12 0.47519030673377577 0.2811976694562202 Penicillium-mb
12 12 0.5879883769963248 0.1649935587246065 Penicillium-commune
12 12 0.6025454046589003 0.15217271367284885 Penicillium-polonicum
12 12 0.4365132260482052 0.32748674399095484 Penicillium-brevicompactum
12 12 -0.03256333249375975 0.9447480744479669 Penicillium-cvjetkovicii
12 12 0.5568488060763297 0.19413438248291104 Penicillium-solitum
12 12 0.5297108493776808 0.22139497830034413 Penicillium-chrysogenum
12 12 -0.811176903590536 0.026803069070091154 Penicillium-verrucosum
12 12 -0.09872499486762319 0.8332148186344385 Penicillium-mb
12 12 0.6471634799616346 0.11613000558466603 Penicillium-commune
12 12 0.7189154529458908 0.06867665505345427 Penicillium-polonicum
12 12 -0.06271446034445628 0.8937418754395746 Penicillium-brevicompactum
12 12 0.15386344374834107 0.7418741927925886 Penicillium-cvjetkovicii
12 12 -0.08199229076220828 0.8612729755587074 Penicillium-solitum
12 12 -0.15561496231411956 0.7390068779047487 Penicillium-chrysogenum
12 12 -0.10471985272567663 0.8231952294407576 Penicillium-verrucosum
12 12 0.24347736579988669 0.5988019114663992 Penicillium-mb
12 12 0.32260750846137665 0.4803737059962206 Penicillium-commune
12 12 -0.6621261565341376 0.10515742025173008 Penicillium-polonicum
12 12 0.3854318594595595 0.3931703100331115 Penicillium-brevicompactum
12 12 0.544960540226626 0.2058656951228948 Penicillium-cvjetkovicii
12 12 -0.8183414335566518 0.02443236022593182 Penicillium-solitum
12 12 0.3169270087540264 0.4885765790543161 Penicillium-chrysogenum
12 12 -0.6005664689910466 0.15388526893684315 Penicillium-verrucosum
