#SPECIES: Penicillium-brevicompactum Penicillium-cvjetkovicii Penicillium-commune Penicillium-mb Penicillium-polonicum Penicillium-solitum Penicillium-chrysogenum Penicillium-verrucosum 
#GENE_TREEs p: 0.014390761503520914 5.6842310151889884e-05 2.2110639549748106e-09 2.1463066242616874e-06 2.251778367832907e-06 8.239450500433131e-06 1.6082523360720637e-06 3.0475474086218913e-07 
#GENE_TREEs r: -0.8541959579647981 0.9845142542556798 0.9997342436079506 0.9958343467649334 0.9957535678055404 0.9928609083034623 0.9962888737573681 0.9980928880315473 
12 12 -0.07748290418413228 0.8688554346225912 Penicillium-brevicompactum
12 12 0.3014251749369104 0.5112108843638845 Penicillium-cvjetkovicii
12 12 0.24979452549216918 0.5890411126069051 Penicillium-commune
12 12 0.008776440868856535 0.985101225043007 Penicillium-mb
12 12 0.2543641166916907 0.582011099217733 Penicillium-polonicum
12 12 0.2563601512385987 0.5789485159442047 Penicillium-solitum
12 12 -0.6705192355279408 0.09925000572764378 Penicillium-chrysogenum
12 12 -0.6304735974691885 0.12903264855108967 Penicillium-verrucosum
12 12 -0.4551946642276703 0.3047428727526643 Penicillium-brevicompactum
12 12 0.3731652390346327 0.4096662627833269 Penicillium-cvjetkovicii
12 12 -0.7232863459021672 0.06620891520642032 Penicillium-commune
12 12 -0.09865902598339264 0.8333251786554599 Penicillium-mb
12 12 0.3255437065378112 0.4761533401484887 Penicillium-polonicum
12 12 -0.1110832956567574 0.8125804801854892 Penicillium-solitum
12 12 0.33794031933297425 0.4584852313453209 Penicillium-chrysogenum
12 12 0.3239429153417942 0.47845258038300553 Penicillium-verrucosum
12 12 0.40419040762987934 0.3684735984676198 Penicillium-brevicompactum
12 12 -0.2606389100101916 0.5724004596984726 Penicillium-cvjetkovicii
12 12 0.26305494150267467 0.5687133947215164 Penicillium-commune
12 12 0.24983624077994399 0.5889768193939795 Penicillium-mb
12 12 0.24703967187904485 0.5932917285871445 Penicillium-polonicum
12 12 -0.04872968255015428 0.9173721064985447 Penicillium-solitum
12 12 -0.4816337731417623 0.27379052283182226 Penicillium-chrysogenum
12 12 -0.32094598043179984 0.48276786260303145 Penicillium-verrucosum
8 12 0.324316191823242 0.47791607957716253 Penicillium-brevicompactum
8 12 -0.43753742593868505 0.32622153156977063 Penicillium-cvjetkovicii
8 12 -0.43858393893960157 0.32493092647407745 Penicillium-commune
8 12 -0.10858776294603052 0.8167405929623797 Penicillium-mb
8 12 0.07516379569723079 0.8727581215994322 Penicillium-polonicum
8 12 -0.4134902131010145 0.35647396207920407 Penicillium-solitum
8 12 -0.02384838031697117 0.9595252443405966 Penicillium-chrysogenum
8 12 0.07550923807789128 0.8721766659184811 Penicillium-verrucosum
12 12 0.5174275711882378 0.23429080333661859 Penicillium-brevicompactum
12 12 -0.28306771303552153 0.5384682866949999 Penicillium-cvjetkovicii
12 12 -0.2994923182920624 0.5140580528322024 Penicillium-commune
12 12 -0.3843590479125247 0.3946022378431682 Penicillium-mb
12 12 0.18638369550912115 0.6890524010594841 Penicillium-polonicum
12 12 -0.35251159385247394 0.4380365588069285 Penicillium-solitum
12 12 -0.33118586472083156 0.46808157292562397 Penicillium-chrysogenum
12 12 0.1867124488247278 0.6885231705934491 Penicillium-verrucosum
12 12 0.2574185153540098 0.5773266696050434 Penicillium-brevicompactum
12 12 -0.4411898390815134 0.3217267793360445 Penicillium-cvjetkovicii
12 12 -0.4196235634619902 0.3486505990615646 Penicillium-commune
12 12 0.15659318277451287 0.7374065304675113 Penicillium-mb
12 12 0.1812063983577759 0.6974000487325314 Penicillium-polonicum
12 12 0.15745622732519024 0.735995234020093 Penicillium-solitum
12 12 0.1790654410735435 0.7008591831805495 Penicillium-chrysogenum
12 12 0.16461829276746726 0.7243064965725929 Penicillium-verrucosum
12 10 -0.8541959581045698 0.014390761470166281 Penicillium-brevicompactum
12 10 0.9953222111071351 2.867254166317462e-06 Penicillium-cvjetkovicii
12 10 0.9946988113105345 3.918794746641215e-06 Penicillium-commune
12 10 0.9848402132603727 5.390764677720431e-05 Penicillium-mb
12 10 0.9849920811136009 5.25719813084017e-05 Penicillium-polonicum
12 10 0.9838744410601548 6.287509969688724e-05 Penicillium-solitum
12 10 0.980428213938884 0.0001018500367348889 Penicillium-chrysogenum
12 10 0.973447930776456 0.00021751743517890916 Penicillium-verrucosum
12 12 -0.2194443351021932 0.6363645463610862 Penicillium-brevicompactum
12 12 0.6589681221171761 0.10742630021373407 Penicillium-cvjetkovicii
12 12 0.6228317822306481 0.13517246428474447 Penicillium-commune
12 12 0.6276542217642984 0.1312809647046159 Penicillium-mb
12 12 0.6276017370936949 0.13132300634116723 Penicillium-polonicum
12 12 0.6357251187363053 0.12489765557546005 Penicillium-solitum
12 12 0.633679993302258 0.12649978185439278 Penicillium-chrysogenum
12 12 -0.9966760110649072 1.221318604700628e-06 Penicillium-verrucosum
12 12 -0.27012739470513314 0.5579638486699461 Penicillium-brevicompactum
12 12 0.33398932008330223 0.46408969600099526 Penicillium-cvjetkovicii
12 12 0.30237439542353245 0.5098146481431842 Penicillium-commune
12 12 -0.2146920140898792 0.643868872164701 Penicillium-mb
12 12 0.3124708280468965 0.4950461006760086 Penicillium-polonicum
12 12 0.327756414102154 0.47298181306995635 Penicillium-solitum
12 12 -0.22452652393670022 0.6283665925522424 Penicillium-chrysogenum
12 12 -0.23168738615875484 0.6171463724668957 Penicillium-verrucosum
10 10 0.07251280574117419 0.8772218228134486 Penicillium-brevicompactum
10 10 -0.46088267733631716 0.29795999758730723 Penicillium-cvjetkovicii
10 10 -0.4084924220334082 0.362902240947423 Penicillium-commune
10 10 -0.17170495038760694 0.7127825718296679 Penicillium-mb
10 10 -0.17178989941074113 0.7126446914572413 Penicillium-polonicum
10 10 0.1737427766557484 0.7094767063663362 Penicillium-solitum
10 10 -0.18376105349196023 0.6932779522662544 Penicillium-chrysogenum
10 10 0.1732377949295339 0.7102955777523473 Penicillium-verrucosum
12 12 0.9035305017346226 0.005267531743868735 Penicillium-brevicompactum
12 12 -0.7132499326558914 0.07194768078134545 Penicillium-cvjetkovicii
12 12 0.5219993272759093 0.22945103998688862 Penicillium-commune
12 12 0.5220211220911873 0.229428080810069 Penicillium-mb
12 12 0.5074643772274952 0.24500098064314613 Penicillium-polonicum
12 12 -0.6655824137144749 0.10270316932551124 Penicillium-solitum
12 12 0.47907722584402596 0.2767187913572626 Penicillium-chrysogenum
12 12 0.5176445336822607 0.2340600545942449 Penicillium-verrucosum
12 12 -0.18876638282096167 0.6852190192459005 Penicillium-brevicompactum
12 12 0.14417401795747065 0.7577784161465143 Penicillium-cvjetkovicii
12 12 0.023467590760045114 0.9601711501082546 Penicillium-commune
12 12 -0.3241178646350795 0.4782011031150676 Penicillium-mb
12 12 0.0787410801641899 0.866739007966562 Penicillium-polonicum
12 12 -0.16738909136677158 0.7197957390854139 Penicillium-solitum
12 12 -0.16862938384103826 0.7177786733442086 Penicillium-chrysogenum
12 12 -0.9108594922279827 0.004340909168588884 Penicillium-verrucosum
12 12 -0.8323836285199623 0.020141425779320318 Penicillium-brevicompactum
12 12 0.2795015130074682 0.5438183349509661 Penicillium-cvjetkovicii
12 12 0.240540143299568 0.6033567030058851 Penicillium-commune
12 12 0.21078373602047143 0.6500584771353101 Penicillium-mb
12 12 0.21871125305405653 0.6375205526587917 Penicillium-polonicum
12 12 0.14003329042238252 0.7645960722029406 Penicillium-solitum
12 12 0.1910884404826861 0.6814883377625793 Penicillium-chrysogenum
12 12 0.20981444689910567 0.6515960480683525 Penicillium-verrucosum
12 12 -0.12493801676481346 0.7895501509674848 Penicillium-brevicompactum
12 12 -0.424918584588879 0.3419552251280944 Penicillium-cvjetkovicii
12 12 -0.33921243007159907 0.45668612027404715 Penicillium-commune
12 12 -0.4567782785920203 0.3028477003645709 Penicillium-mb
12 12 0.27477292243601614 0.5509389826778223 Penicillium-polonicum
12 12 0.2813313735825109 0.5410709761256148 Penicillium-solitum
12 12 0.2805066039095552 0.5423087198370191 Penicillium-chrysogenum
12 12 -0.499800435907245 0.25339008991233436 Penicillium-verrucosum
12 10 0.06861522627750437 0.8837891884371853 Penicillium-brevicompactum
12 10 0.5566692706087965 0.19430908173161826 Penicillium-cvjetkovicii
12 10 0.6156393062406424 0.14108365807601914 Penicillium-commune
12 10 0.6323719932250541 0.12752992879095523 Penicillium-mb
12 10 0.6299324933608569 0.12946261762859956 Penicillium-polonicum
12 10 0.6260408863793063 0.13257642217394602 Penicillium-solitum
12 10 -0.9986636229750485 1.253041203994288e-07 Penicillium-chrysogenum
12 10 0.6173062120344761 0.1397022985507869 Penicillium-verrucosum
12 12 0.1453873930689782 0.7557829537640749 Penicillium-brevicompactum
12 12 -0.6468230349344773 0.11638622266613427 Penicillium-cvjetkovicii
12 12 -0.020354788563713127 0.9654517957006081 Penicillium-commune
12 12 0.26184751074406437 0.5705550953755825 Penicillium-mb
12 12 -0.028924365455676587 0.9509170100194977 Penicillium-polonicum
12 12 0.2660565233719161 0.5641432476627177 Penicillium-solitum
12 12 0.2796843712884476 0.543543584648893 Penicillium-chrysogenum
12 12 -0.8337155182758321 0.019758636163526102 Penicillium-verrucosum
12 12 0.5415244072867054 0.20931791226068552 Penicillium-brevicompactum
12 12 -0.13632156694613065 0.7707176795681715 Penicillium-cvjetkovicii
12 12 0.19384828704775228 0.6770609965151146 Penicillium-commune
12 12 0.18321010948203412 0.6941664300003427 Penicillium-mb
12 12 -0.3206412328189841 0.48320744900291146 Penicillium-polonicum
12 12 -0.32334630286615695 0.47931052784422185 Penicillium-solitum
12 12 -0.24187737420518693 0.6012817614196422 Penicillium-chrysogenum
12 12 -0.26348641569570186 0.56805572139766 Penicillium-verrucosum
10 12 -0.4977042459784551 0.25570723176002136 Penicillium-brevicompactum
10 12 0.832614096790044 0.02007489046389422 Penicillium-cvjetkovicii
10 12 0.23461848958994547 0.6125705614007909 Penicillium-commune
10 12 0.2205633593771351 0.6346010734760228 Penicillium-mb
10 12 -0.4040760233740743 0.36862220959905334 Penicillium-polonicum
10 12 0.19970624520373706 0.6676882419526773 Penicillium-solitum
10 12 0.20658277711705456 0.6567294722679867 Penicillium-chrysogenum
10 12 -0.8938754633708016 0.006650357880872472 Penicillium-verrucosum
12 12 -0.4858146810971732 0.2690320126617943 Penicillium-brevicompactum
12 12 0.4609035740477833 0.29793520243535315 Penicillium-cvjetkovicii
12 12 -0.9946987205645865 3.918962263123775e-06 Penicillium-commune
12 12 0.37629206135145254 0.4054358785820797 Penicillium-mb
12 12 0.3706388623011668 0.41309688070360356 Penicillium-polonicum
12 12 0.3736242283477649 0.4090441981004537 Penicillium-solitum
12 12 0.36511059281583674 0.42064277403009087 Penicillium-chrysogenum
12 12 0.3763926738023361 0.40530004421487753 Penicillium-verrucosum
6 12 0.43575144761959933 0.32842914332733525 Penicillium-brevicompactum
6 12 -0.5782112817205769 0.17389305555994736 Penicillium-cvjetkovicii
6 12 0.5216462675845658 0.22982311149589194 Penicillium-commune
6 12 0.5089063228630976 0.24343717811279345 Penicillium-mb
6 12 0.5092117397646158 0.24310654589237818 Penicillium-polonicum
6 12 0.4673265875272676 0.2903571825259292 Penicillium-solitum
6 12 -0.925330888663358 0.0028100171051804843 Penicillium-chrysogenum
6 12 0.5081713060896649 0.244233731060084 Penicillium-verrucosum
12 12 -0.28877079255998056 0.5299491013903088 Penicillium-brevicompactum
12 12 0.35829263698118213 0.4300218298331338 Penicillium-cvjetkovicii
12 12 0.30288210321660525 0.5090683885350866 Penicillium-commune
12 12 0.30151212359933866 0.511082934101636 Penicillium-mb
12 12 -0.49523837231651946 0.258445388513285 Penicillium-polonicum
12 12 0.2988247997041505 0.5150425967511679 Penicillium-solitum
12 12 -0.4533070717713587 0.30700858882761656 Penicillium-chrysogenum
12 12 -0.6577204068231708 0.1083296572508386 Penicillium-verrucosum
12 12 -0.3491243282326614 0.44275873820400047 Penicillium-brevicompactum
12 12 0.2839697002686807 0.5371178949023517 Penicillium-cvjetkovicii
12 12 0.22053670991795177 0.634643054497289 Penicillium-commune
12 12 -0.6355768051014425 0.1250134912479427 Penicillium-mb
12 12 0.23714574969366678 0.6086332064482248 Penicillium-polonicum
12 12 0.2706540402786769 0.5571660215914764 Penicillium-solitum
12 12 0.2371047622056026 0.6086970034874553 Penicillium-chrysogenum
12 12 -0.6273935992535913 0.13148979785615394 Penicillium-verrucosum
10 10 0.7631235999982058 0.04595140847978459 Penicillium-brevicompactum
10 10 -0.42958112876978766 0.3361050547306966 Penicillium-cvjetkovicii
10 10 0.10247010468145126 0.8269532007324023 Penicillium-commune
10 10 0.18700638260916913 0.6880500784538102 Penicillium-mb
10 10 0.18635599764500624 0.6890969939719779 Penicillium-polonicum
10 10 -0.5475269551673192 0.20330518613032195 Penicillium-solitum
10 10 0.09137360979029345 0.8455260922090819 Penicillium-chrysogenum
10 10 -0.5016063242329885 0.25140161636183317 Penicillium-verrucosum
12 12 -0.1070148823519644 0.8193643864923146 Penicillium-brevicompactum
12 12 0.42032590370239614 0.34775937341587093 Penicillium-cvjetkovicii
12 12 0.42844383451624846 0.33752808975335113 Penicillium-commune
12 12 0.44447543964227293 0.3177064141266443 Penicillium-mb
12 12 -0.36537970037075257 0.42027422120124336 Penicillium-polonicum
12 12 0.4451837041363545 0.3168426230355542 Penicillium-solitum
12 12 -0.3684035182686335 0.4161416321138682 Penicillium-chrysogenum
12 12 0.4434828970021557 0.3189186188298355 Penicillium-verrucosum
12 8 0.031997837741421245 0.9457065879551323 Penicillium-brevicompactum
12 8 -0.7323888507555735 0.061225723924177 Penicillium-cvjetkovicii
12 8 -0.8835566939600873 0.00833866423981527 Penicillium-commune
12 8 0.44385031525284485 0.31846965367734326 Penicillium-mb
12 8 0.43082204448698097 0.33455527920599465 Penicillium-polonicum
12 8 0.4240835797566048 0.3430074262251123 Penicillium-solitum
12 8 0.42685291856728985 0.3395229947707804 Penicillium-chrysogenum
12 8 0.5146034583725616 0.23730403935194871 Penicillium-verrucosum
12 12 0.5530167992580916 0.1978796281258167 Penicillium-brevicompactum
12 12 -0.1709143698793077 0.7140660572093747 Penicillium-cvjetkovicii
12 12 0.19351211747014968 0.6775998866444928 Penicillium-commune
12 12 -0.3103267761931285 0.49816957347230983 Penicillium-mb
12 12 -0.3070324210961676 0.5029822618358861 Penicillium-polonicum
12 12 -0.3345287963823612 0.46332297148847973 Penicillium-solitum
12 12 -0.2640702939275624 0.5671661304339841 Penicillium-chrysogenum
12 12 0.18249394024830684 0.6953217736384261 Penicillium-verrucosum
10 10 -0.8024288033749419 0.02986602050483816 Penicillium-brevicompactum
10 10 0.40044865567592997 0.37334772935917643 Penicillium-cvjetkovicii
10 10 -0.2928887793894561 0.5238261319372632 Penicillium-commune
10 10 -0.29062049830413816 0.527195830885804 Penicillium-mb
10 10 -0.29270077922712784 0.5241051418601617 Penicillium-polonicum
10 10 0.24696142033288784 0.5934126028224822 Penicillium-solitum
10 10 0.23290652285629734 0.6152419463132677 Penicillium-chrysogenum
10 10 -0.3398339976526018 0.45580801033450313 Penicillium-verrucosum
12 12 -0.2538496344859633 0.5828012972221256 Penicillium-brevicompactum
12 12 0.24564967880613994 0.5954399438032016 Penicillium-cvjetkovicii
12 12 0.2666812655974199 0.5631935034593203 Penicillium-commune
12 12 -0.5662431958626029 0.18509930496092278 Penicillium-mb
12 12 -0.5747623165516969 0.17708733652397513 Penicillium-polonicum
12 12 -0.4608660269632519 0.29797975486527917 Penicillium-solitum
12 12 0.3194576290792942 0.4849161119926708 Penicillium-chrysogenum
12 12 0.315389438039178 0.49080542177160935 Penicillium-verrucosum
10 12 -0.7798881881395041 0.03862171372810468 Penicillium-brevicompactum
10 12 0.8326140959826916 0.02007489069675525 Penicillium-cvjetkovicii
10 12 0.026476338198740797 0.9550681246819475 Penicillium-commune
10 12 -0.15656883055077045 0.7374463610474546 Penicillium-mb
10 12 0.005742273154940249 0.9902517750426608 Penicillium-polonicum
10 12 -0.2745719735644676 0.551242255564312 Penicillium-solitum
10 12 -0.02572585409947033 0.956340884226915 Penicillium-chrysogenum
10 12 -0.22555725062442264 0.6267480054692092 Penicillium-verrucosum
12 12 0.7553130076803121 0.04960693932575275 Penicillium-brevicompactum
12 12 -0.9089430014827142 0.0045731585348291 Penicillium-cvjetkovicii
12 12 0.37428537193159717 0.40814880895906136 Penicillium-commune
12 12 0.37099540105173273 0.4126120498995866 Penicillium-mb
12 12 0.0051256529707028485 0.9912985355650222 Penicillium-polonicum
12 12 0.35317189579837405 0.43711827347733545 Penicillium-solitum
12 12 0.36160584988603983 0.42545406970426203 Penicillium-chrysogenum
12 12 -0.7041316533789962 0.07738379236114513 Penicillium-verrucosum
12 12 -0.6235577503117076 0.13458294542342447 Penicillium-brevicompactum
12 12 -0.23804592632986227 0.6072325787963729 Penicillium-cvjetkovicii
12 12 -0.3773088818949852 0.4040639222268956 Penicillium-commune
12 12 -0.1955837859995399 0.6742806836877517 Penicillium-mb
12 12 -0.21700943783531776 0.640206415271616 Penicillium-polonicum
12 12 -0.2306392343074567 0.6187850656564999 Penicillium-solitum
12 12 -0.023848380575025977 0.9595252439028827 Penicillium-chrysogenum
12 12 -0.4295216161635996 0.3361794563322274 Penicillium-verrucosum
12 12 0.24942896899255243 0.5896046140685034 Penicillium-brevicompactum
12 12 -0.4386819254319072 0.32481019779202747 Penicillium-cvjetkovicii
12 12 -0.4176373679269779 0.3511761316669297 Penicillium-commune
12 12 -0.3596744437000042 0.42811452055770616 Penicillium-mb
12 12 0.005125652510725066 0.991298536345874 Penicillium-polonicum
12 12 -0.03752252152192778 0.9363446225935614 Penicillium-solitum
12 12 -0.008823171676066957 0.9850219015754653 Penicillium-chrysogenum
12 12 -0.01626007206344769 0.9723996932908506 Penicillium-verrucosum
10 10 -0.16122083664335585 0.7298460835890599 Penicillium-brevicompactum
10 10 0.17103774065836394 0.7138657328350122 Penicillium-cvjetkovicii
10 10 0.3036218722671318 0.5079817097579933 Penicillium-commune
10 10 0.29854117352344717 0.5154611218006049 Penicillium-mb
10 10 0.29778248827898823 0.5165812279732289 Penicillium-polonicum
10 10 -0.04872968238790012 0.9173721067730154 Penicillium-solitum
10 10 -0.6336915183432363 0.12649072401059525 Penicillium-chrysogenum
10 10 -0.7377976601577143 0.05836434815034628 Penicillium-verrucosum
8 10 0.6798693267596745 0.09287916770991227 Penicillium-brevicompactum
8 10 -0.5782113493298979 0.1738929932229978 Penicillium-cvjetkovicii
8 10 0.4934791336090439 0.2604070294903189 Penicillium-commune
8 10 0.46354339127674776 0.2948102331967433 Penicillium-mb
8 10 0.4618149376304137 0.29685470241826284 Penicillium-polonicum
8 10 0.41632506892815896 0.3528489605655621 Penicillium-solitum
8 10 -0.7308519198817877 0.06205234515266942 Penicillium-chrysogenum
8 10 0.44442231025539464 0.3177712511351394 Penicillium-verrucosum
12 12 -0.5463624630971919 0.20446509622326867 Penicillium-brevicompactum
12 12 0.14713688119941415 0.7529077248696951 Penicillium-cvjetkovicii
12 12 -0.2715478724584914 0.5558127781309052 Penicillium-commune
12 12 -0.16668890318605786 0.7209350143302793 Penicillium-mb
12 12 0.08754465407315956 0.8519484424061955 Penicillium-polonicum
12 12 -0.18932257784278855 0.6843249551825126 Penicillium-solitum
12 12 -0.1764572650493262 0.7050787528522477 Penicillium-chrysogenum
12 12 -0.30060480800801753 0.5124186487158713 Penicillium-verrucosum
12 12 -0.15287750643855327 0.7434892632133281 Penicillium-brevicompactum
12 12 0.4292222955055647 0.3365537677675123 Penicillium-cvjetkovicii
12 12 0.19313076068162088 0.6782113455380143 Penicillium-commune
12 12 -0.9926745686939652 8.786792855207249e-06 Penicillium-mb
12 12 0.18171351503411856 0.6965813103722144 Penicillium-polonicum
12 12 0.31338824115697417 0.49371172597487334 Penicillium-solitum
12 12 0.29417451492501573 0.5219193322630784 Penicillium-chrysogenum
12 12 0.27002265662029085 0.5581225625403308 Penicillium-verrucosum
12 12 0.1186344602038 0.8000141543642785 Penicillium-brevicompactum
12 12 -0.3569565256906106 0.43186915907193 Penicillium-cvjetkovicii
12 12 -0.3346340210593102 0.4631734765607562 Penicillium-commune
12 12 0.008776440868856535 0.985101225043007 Penicillium-mb
12 12 -0.32950572602773526 0.4704799449512491 Penicillium-polonicum
12 12 0.003787986485799008 0.9935693605514896 Penicillium-solitum
12 12 -0.003192059698552664 0.994581018757959 Penicillium-chrysogenum
12 12 -0.3305092093973915 0.4690469487365551 Penicillium-verrucosum
12 12 -0.11848062553252109 0.8002698253974783 Penicillium-brevicompactum
12 12 0.2936785618438585 0.5226545715376689 Penicillium-cvjetkovicii
12 12 0.3220664138196628 0.4811529186152387 Penicillium-commune
12 12 0.3256666836877685 0.47597687217491025 Penicillium-mb
12 12 -0.4503001124317407 0.3106330381384003 Penicillium-polonicum
12 12 -0.5247567607158495 0.22655485602563116 Penicillium-solitum
12 12 0.32593620356623076 0.47559020339127767 Penicillium-chrysogenum
12 12 -0.5163707762713259 0.23541626643758243 Penicillium-verrucosum
8 10 -0.3695975292952669 0.4145141881764002 Penicillium-brevicompactum
8 10 0.2467134620527905 0.5937956703189762 Penicillium-cvjetkovicii
8 10 0.18208827561004998 0.6959764108884847 Penicillium-commune
8 10 -0.19291070694555146 0.6785642386250956 Penicillium-mb
8 10 -0.1938800721827726 0.6770100496310287 Penicillium-polonicum
8 10 0.22421474593572555 0.6288564221685534 Penicillium-solitum
8 10 -0.45823362713576166 0.3011106047045033 Penicillium-chrysogenum
8 10 -0.5014287532053361 0.2515968215696214 Penicillium-verrucosum
12 12 -0.4644652730364022 0.29372235694363774 Penicillium-brevicompactum
12 12 0.07038035768138548 0.8808142931873586 Penicillium-cvjetkovicii
12 12 -0.6227528054788622 0.13523667586568258 Penicillium-commune
12 12 -0.6664154743220916 0.10211614069547342 Penicillium-mb
12 12 0.2788169243759734 0.5448473564382723 Penicillium-polonicum
12 12 0.2696541645690871 0.5586810689167707 Penicillium-solitum
12 12 -0.024267994356467256 0.9588135038147539 Penicillium-chrysogenum
12 12 0.2782745324005838 0.5456630925849386 Penicillium-verrucosum
12 12 0.21776717592723532 0.63901013998231 Penicillium-brevicompactum
12 12 0.5461006844089257 0.20472628009534116 Penicillium-cvjetkovicii
12 12 0.6223031102608628 0.1356025928662586 Penicillium-commune
12 12 0.6316607267417826 0.12809189566027998 Penicillium-mb
12 12 0.6421528807897862 0.11993033113037221 Penicillium-polonicum
12 12 -0.9992959540219045 2.525181351372596e-08 Penicillium-solitum
12 12 0.6013440182363875 0.15321124093995764 Penicillium-chrysogenum
12 12 0.6149540289948376 0.1416535368993129 Penicillium-verrucosum
12 12 -0.3307655777893018 0.46868110545215086 Penicillium-brevicompactum
12 12 0.371007389970492 0.41259575092657397 Penicillium-cvjetkovicii
12 12 -0.4308516292861107 0.33451836803482327 Penicillium-commune
12 12 0.31293664586774284 0.4943684107977703 Penicillium-mb
12 12 0.3218093522038068 0.481523263950926 Penicillium-polonicum
12 12 -0.5058982987162762 0.24670465151987558 Penicillium-solitum
12 12 0.3286399713623762 0.471717543768953 Penicillium-chrysogenum
12 12 -0.43659331319943506 0.32738773523636994 Penicillium-verrucosum
12 12 0.3287598027923578 0.47154617367932106 Penicillium-brevicompactum
12 12 0.16752128142096565 0.7195806990154168 Penicillium-cvjetkovicii
12 12 0.17971644087595343 0.6998069285855446 Penicillium-commune
12 12 0.15786476598777524 0.7353273753282887 Penicillium-mb
12 12 0.15571698167731246 0.7388399413714659 Penicillium-polonicum
12 12 -0.30242859965491703 0.509734957435161 Penicillium-solitum
12 12 0.162388339463607 0.7279413937306582 Penicillium-chrysogenum
12 12 0.15884029094135588 0.7337331722343255 Penicillium-verrucosum
12 12 -0.06863607412409552 0.8837540457587051 Penicillium-brevicompactum
12 12 0.5086395783989093 0.24372611534674707 Penicillium-cvjetkovicii
12 12 0.4711390444740953 0.2859001571929402 Penicillium-commune
12 12 0.46235414378219913 0.29621624278312947 Penicillium-mb
12 12 0.4550933069442594 0.3048643473291297 Penicillium-polonicum
12 12 0.4601633342239131 0.29881409403559767 Penicillium-solitum
12 12 -0.02384838043391808 0.9595252441422306 Penicillium-chrysogenum
12 12 0.461211584749064 0.2975698355303969 Penicillium-verrucosum
12 12 0.3707155615488458 0.41299256422100356 Penicillium-brevicompactum
12 12 -0.33390677348597714 0.4642070555854789 Penicillium-cvjetkovicii
12 12 0.2888062026557615 0.5298963484596678 Penicillium-commune
12 12 -0.43874044591502404 0.32473810418261867 Penicillium-mb
12 12 0.2774657279326249 0.546880246229315 Penicillium-polonicum
12 12 -0.36249914566823027 0.4242257475672793 Penicillium-solitum
12 12 0.2628450828240803 0.5690333582253486 Penicillium-chrysogenum
12 12 -0.4940318474546696 0.2597899957034728 Penicillium-verrucosum
12 12 -0.8323831273747285 0.020141570594004333 Penicillium-brevicompactum
12 12 0.2795014701713068 0.5438183993189973 Penicillium-cvjetkovicii
12 12 -0.04164219634829348 0.9293672901440237 Penicillium-commune
12 12 -0.07244407249073331 0.8773375897692436 Penicillium-mb
12 12 -0.06278729640776762 0.893618954720635 Penicillium-polonicum
12 12 0.1400332450546913 0.7645961469672451 Penicillium-solitum
12 12 -0.10568688487146143 0.8215807239509875 Penicillium-chrysogenum
12 12 -0.06537741454235244 0.8892488949318169 Penicillium-verrucosum
12 12 -0.2497543562369064 0.5891030250407532 Penicillium-brevicompactum
12 12 -0.29436816012162126 0.5216323531978592 Penicillium-cvjetkovicii
12 12 -0.11149568731941392 0.811893348449796 Penicillium-commune
12 12 -0.26213701482554574 0.5701133419230422 Penicillium-mb
12 12 -0.3537868695293393 0.4362636861754279 Penicillium-polonicum
12 12 -0.04872968255015428 0.9173721064985447 Penicillium-solitum
12 12 -0.18473538578808327 0.6917073831316775 Penicillium-chrysogenum
12 12 -0.11908494400470648 0.7992655384303924 Penicillium-verrucosum
12 12 -0.6090067233183247 0.14664799122071792 Penicillium-brevicompactum
12 12 0.2380467272518255 0.6072313330281377 Penicillium-cvjetkovicii
12 12 -0.14862146424072223 0.7504696374955455 Penicillium-commune
12 12 -0.18249094817315809 0.6953266015196482 Penicillium-mb
12 12 -0.20817349141437533 0.6542013100561428 Penicillium-polonicum
12 12 -0.46162535253174675 0.2970793292289414 Penicillium-solitum
12 12 0.11761375837519004 0.8017108108205135 Penicillium-chrysogenum
12 12 -0.16588699217631606 0.7222403066952204 Penicillium-verrucosum
12 12 -0.6564941600726568 0.1092212982296557 Penicillium-brevicompactum
12 12 0.40100575838020985 0.37262036621108446 Penicillium-cvjetkovicii
12 12 -0.3971062336909713 0.377723810624265 Penicillium-commune
12 12 -0.48877484133869314 0.2656857436488296 Penicillium-mb
12 12 0.27118264094584593 0.556365602796918 Penicillium-polonicum
12 12 0.35589056438897404 0.4333451491352042 Penicillium-solitum
12 12 0.29195985279154907 0.5252052366332234 Penicillium-chrysogenum
12 12 -0.4116460993561659 0.35884035429776967 Penicillium-verrucosum
12 12 -0.5449991388292814 0.2058270717122334 Penicillium-brevicompactum
12 12 0.56948620629485 0.1820289453272314 Penicillium-cvjetkovicii
12 12 -0.6205964959438406 0.1369958286537624 Penicillium-commune
12 12 0.4434091025479343 0.319008824607487 Penicillium-mb
12 12 0.44190435483506746 0.3208506187335302 Penicillium-polonicum
12 12 0.47578452251699727 0.2805108696641968 Penicillium-solitum
12 12 0.4653178453936095 0.2927178545325548 Penicillium-chrysogenum
12 12 -0.6362986972282697 0.12445019769844332 Penicillium-verrucosum
8 10 -0.854195958109161 0.014390761469070661 Penicillium-brevicompactum
8 10 0.7794915561146247 0.03878702589994912 Penicillium-cvjetkovicii
8 10 0.8071176905388326 0.02820121140872933 Penicillium-commune
8 10 0.8664575823044426 0.01163330575753475 Penicillium-mb
8 10 0.8292797208655031 0.021049687316614572 Penicillium-polonicum
8 10 0.771652514692241 0.04213466769048538 Penicillium-solitum
8 10 0.7062843448181706 0.07608131489676465 Penicillium-chrysogenum
8 10 0.8006094650986713 0.030526408240800964 Penicillium-verrucosum
12 10 0.23805432380827532 0.6072195172469808 Penicillium-brevicompactum
12 10 -0.7323888955825874 0.06122569990196513 Penicillium-cvjetkovicii
12 10 -0.7564215266121286 0.049078775606923884 Penicillium-commune
12 10 0.5049245050778107 0.2477667497736185 Penicillium-mb
12 10 0.5105342328507222 0.24167727100123906 Penicillium-polonicum
12 10 0.49163801492645864 0.26246721547572716 Penicillium-solitum
12 10 0.4983228701271794 0.25502239462258564 Penicillium-chrysogenum
12 10 0.503754337256495 0.24904581374173043 Penicillium-verrucosum
12 12 -0.03566548643568558 0.9394908914635478 Penicillium-brevicompactum
12 12 0.39447790534585614 0.38117953290787276 Penicillium-cvjetkovicii
12 12 0.4532335509711554 0.307096985856677 Penicillium-commune
12 12 0.45402494859977593 0.306146041270787 Penicillium-mb
12 12 -0.751090374892853 0.051647238985070086 Penicillium-polonicum
12 12 -0.6387570817838286 0.1225416920365291 Penicillium-solitum
12 12 0.45157331715968985 0.30909611082924143 Penicillium-chrysogenum
12 12 0.4534785266447176 0.3068024849243121 Penicillium-verrucosum
12 12 -0.5035367217721107 0.24928401538599473 Penicillium-brevicompactum
12 12 0.14713692140784507 0.7529076588143688 Penicillium-cvjetkovicii
12 12 0.21941470374932387 0.6364112610624053 Penicillium-commune
12 12 0.16610837270035042 0.7218799059496435 Penicillium-mb
12 12 0.08754469501032693 0.8519483737065148 Penicillium-polonicum
12 12 0.17671421631697845 0.7046627823230363 Penicillium-solitum
12 12 0.15980804511453003 0.7321524191602486 Penicillium-chrysogenum
12 12 0.20995425178924543 0.6513742166777551 Penicillium-verrucosum
12 12 0.8760351480135667 0.009710284210132612 Penicillium-brevicompactum
12 12 -0.9763769689445476 0.0001626576684021867 Penicillium-cvjetkovicii
12 12 0.5077440864476108 0.24469727132043756 Penicillium-commune
12 12 0.49841393160553216 0.254921657674584 Penicillium-mb
12 12 0.49152667538909206 0.2625920400383638 Penicillium-polonicum
12 12 -0.6655887872506268 0.10269867145240207 Penicillium-solitum
12 12 0.47070605972906904 0.2864048010909335 Penicillium-chrysogenum
12 12 0.4975784547815489 0.25584658968282026 Penicillium-verrucosum
12 12 -0.663368155139717 0.1042720137985843 Penicillium-brevicompactum
12 12 0.471909398510714 0.28500329040553446 Penicillium-cvjetkovicii
12 12 -0.42906081437276083 0.3367557792973538 Penicillium-commune
12 12 -0.44255409302145515 0.3200547850864785 Penicillium-mb
12 12 0.31276645999103675 0.49461596577202815 Penicillium-polonicum
12 12 0.3560977527134882 0.4330581136639445 Penicillium-solitum
12 12 0.3392411831912973 0.4566454858926944 Penicillium-chrysogenum
12 12 -0.44368693556145355 0.31866926103607 Penicillium-verrucosum
10 10 0.37176809299531915 0.4115620887350303 Penicillium-brevicompactum
10 10 -0.4328021457963235 0.33208865447501545 Penicillium-cvjetkovicii
10 10 -0.3818524451591224 0.3979560072771456 Penicillium-commune
10 10 0.18700640348477685 0.6880500448569831 Penicillium-mb
10 10 0.18635602004512 0.6890969579080303 Penicillium-polonicum
10 10 -0.19416011186376786 0.6765612296316554 Penicillium-solitum
10 10 -0.20225130712889478 0.6636267337946453 Penicillium-chrysogenum
10 10 -0.37282573432062677 0.41012662992949006 Penicillium-verrucosum
10 12 0.4290972902835097 0.3367101437413099 Penicillium-brevicompactum
10 12 -0.5666428084108645 0.18471961495884537 Penicillium-cvjetkovicii
10 12 -0.36194705029682234 0.4249847418160605 Penicillium-commune
10 12 -0.38862056776746323 0.3889265289674156 Penicillium-mb
10 12 0.2847516582081917 0.535948115392599 Penicillium-polonicum
10 12 -0.3443484418854172 0.44944923271370646 Penicillium-solitum
10 12 0.27698820689381237 0.547599275190677 Penicillium-chrysogenum
10 12 0.28492292444324 0.5356920209848597 Penicillium-verrucosum
10 8 0.08392790201560127 0.8580208461200791 Penicillium-brevicompactum
10 8 -0.3994528172169216 0.3746493582769287 Penicillium-cvjetkovicii
10 8 -0.40915791700305615 0.36204351780847965 Penicillium-commune
10 8 0.24950711520257704 0.5894841386931531 Penicillium-mb
10 8 0.24909311040011078 0.5901224814276012 Penicillium-polonicum
10 8 0.26919760797390385 0.5593732997026576 Penicillium-solitum
10 8 -0.43597030379227597 0.32815827668393066 Penicillium-chrysogenum
10 8 -0.408648371916331 0.3627009351277969 Penicillium-verrucosum
12 10 0.021020708014818347 0.9643220214659349 Penicillium-brevicompactum
12 10 -0.5677771751992704 0.18364387096420734 Penicillium-cvjetkovicii
12 10 -0.5461272457116735 0.2046997718664133 Penicillium-commune
12 10 0.3812249348434691 0.39879736965023427 Penicillium-mb
12 10 0.38263654776617395 0.3969056816559515 Penicillium-polonicum
12 10 0.37853270849697646 0.40241510098981026 Penicillium-solitum
12 10 0.38140047703594604 0.3985619323996583 Penicillium-chrysogenum
12 10 -0.5433051827060629 0.20752537744318167 Penicillium-verrucosum
12 12 0.8619386792112103 0.012610514056235067 Penicillium-brevicompactum
12 12 -0.941321243322573 0.0015519065855668995 Penicillium-cvjetkovicii
12 12 0.1549206641223474 0.7401431894974446 Penicillium-commune
12 12 0.18703524761686702 0.688003624019681 Penicillium-mb
12 12 0.1520544306152433 0.7448381221910965 Penicillium-polonicum
12 12 0.17406870471716723 0.7089483038843309 Penicillium-solitum
12 12 0.1710043047624739 0.7139200233714388 Penicillium-chrysogenum
12 12 0.18671392420320335 0.6885207957414647 Penicillium-verrucosum
12 12 -0.33961293131498455 0.4561202463603654 Penicillium-brevicompactum
12 12 0.4943412523758829 0.2594448767093452 Penicillium-cvjetkovicii
12 12 0.438705053701642 0.3247817043749212 Penicillium-commune
12 12 -0.6585663850398952 0.10771673257079684 Penicillium-mb
12 12 -0.6277452639285792 0.1312080537348102 Penicillium-polonicum
12 12 0.4590227156238929 0.30017058943990443 Penicillium-solitum
12 12 0.4548855142494023 0.30511344879786745 Penicillium-chrysogenum
12 12 0.44684219216721344 0.31482393712995543 Penicillium-verrucosum
12 12 0.22419894379560434 0.6288812515490607 Penicillium-brevicompactum
12 12 -0.5002521538512884 0.25289202580827125 Penicillium-cvjetkovicii
12 12 -0.5613730998728994 0.18975706273405152 Penicillium-commune
12 12 0.38677387426059134 0.3913820006029354 Penicillium-mb
12 12 0.38438593054227777 0.3945663310123996 Penicillium-polonicum
12 12 0.3673349346507459 0.4176002266261595 Penicillium-solitum
12 12 -0.6289335000926665 0.13025834860428676 Penicillium-chrysogenum
12 12 0.38490385976774005 0.3938747937538151 Penicillium-verrucosum
12 12 -0.2067706832359633 0.6564306923027501 Penicillium-brevicompactum
12 12 0.6484569192575034 0.11515922561984271 Penicillium-cvjetkovicii
12 12 0.6056102635339523 0.14953934371513186 Penicillium-commune
12 12 0.6229895699953609 0.13504422223249332 Penicillium-mb
12 12 -0.9967717179573895 1.1353532750036058e-06 Penicillium-polonicum
12 12 0.6284097672186005 0.130676512150931 Penicillium-solitum
12 12 0.6232047680113861 0.1348694195888026 Penicillium-chrysogenum
12 12 0.6232152216596997 0.13486093114918074 Penicillium-verrucosum
12 12 -0.32308995739321156 0.4796793310963646 Penicillium-brevicompactum
12 12 0.47646152459853447 0.27972930190440015 Penicillium-cvjetkovicii
12 12 0.4178158303017814 0.3509488969519861 Penicillium-commune
12 12 -0.8600376586926561 0.013035163088186563 Penicillium-mb
12 12 -0.627745131045897 0.1312081601386594 Penicillium-polonicum
12 12 0.4608520431546679 0.29799634845276934 Penicillium-solitum
12 12 0.45048547349155443 0.3104090760876512 Penicillium-chrysogenum
12 12 0.43898350725899454 0.3244387412681336 Penicillium-verrucosum
10 12 -0.8553147266813865 0.014125197138740482 Penicillium-brevicompactum
10 12 0.832614096790044 0.02007489046389422 Penicillium-cvjetkovicii
10 12 -0.04563239145750389 0.9226126773818107 Penicillium-commune
10 12 -0.029105606058181254 0.950609714880126 Penicillium-mb
10 12 -0.046654451480483555 0.9208831132841618 Penicillium-polonicum
10 12 -0.09599040164541993 0.8377913561657568 Penicillium-solitum
10 12 -0.061325773448725564 0.8960857938434161 Penicillium-chrysogenum
10 12 -0.36363935232416456 0.42265990691468847 Penicillium-verrucosum
10 12 0.20568907475505432 0.6581509999487585 Penicillium-brevicompactum
10 12 -0.11397311477923494 0.8077674626175548 Penicillium-cvjetkovicii
10 12 -0.13835179958268828 0.767368102280346 Penicillium-commune
10 12 -0.1653535926739902 0.7231088324378807 Penicillium-mb
10 12 -0.13238474108711756 0.7772208894389412 Penicillium-polonicum
10 12 -0.12447096370324214 0.7903246212554791 Penicillium-solitum
10 12 -0.12639844403246386 0.7871293522806395 Penicillium-chrysogenum
10 12 0.016835238938143066 0.971423660748602 Penicillium-verrucosum
12 12 -0.13006703169719705 0.7810543575427822 Penicillium-brevicompactum
12 12 0.1373187259090044 0.7690721610129695 Penicillium-cvjetkovicii
12 12 0.20929861719688816 0.6524147025915746 Penicillium-commune
12 12 0.21357696350444294 0.6456331456047255 Penicillium-mb
12 12 -0.34923721337581515 0.4426010564576905 Penicillium-polonicum
12 12 -0.3268820593951172 0.4742341265693025 Penicillium-solitum
12 12 -0.35729738366303454 0.43139759485232454 Penicillium-chrysogenum
12 12 -0.3850539238224334 0.3936745194204656 Penicillium-verrucosum
12 12 -0.10701512885587999 0.8193639751823977 Penicillium-brevicompactum
12 12 0.4237910307474531 0.34337639397860137 Penicillium-cvjetkovicii
12 12 0.44434921962901386 0.3178604574058913 Penicillium-commune
12 12 0.4388207210434239 0.3246392213843005 Penicillium-mb
12 12 -0.518579204324863 0.2330672073738763 Penicillium-polonicum
12 12 0.42449839854262233 0.34248453675871493 Penicillium-solitum
12 12 -0.5216954445651338 0.22977126945823625 Penicillium-chrysogenum
12 12 0.4386380617120289 0.32486423968558775 Penicillium-verrucosum
12 12 0.4370345525884319 0.3268424775844534 Penicillium-brevicompactum
12 12 -0.14683011089804932 0.7534117289672084 Penicillium-cvjetkovicii
12 12 0.09507221314237271 0.839328831502057 Penicillium-commune
12 12 0.08816944454039018 0.8509000223186519 Penicillium-mb
12 12 0.005125652870605182 0.9912985357349466 Penicillium-polonicum
12 12 -0.27374714359960955 0.5524876608834483 Penicillium-solitum
12 12 -0.5088567841825671 0.2434908263410336 Penicillium-chrysogenum
12 12 -0.4923729430545842 0.2616439538586637 Penicillium-verrucosum
10 10 -0.3392424367616647 0.45664371435701456 Penicillium-brevicompactum
10 10 0.4905803409277174 0.26365408156431897 Penicillium-cvjetkovicii
10 10 0.4297236595134665 0.33592689377919677 Penicillium-commune
10 10 -0.6154741225339367 0.14122091927716898 Penicillium-mb
10 10 -0.6161253302387032 0.14068018217266579 Penicillium-polonicum
10 10 0.3788770263027484 0.4019516943831278 Penicillium-solitum
10 10 0.36684566297901977 0.418268735759245 Penicillium-chrysogenum
10 10 0.3485176532530924 0.4436065256528014 Penicillium-verrucosum
12 12 0.7465166627339889 0.053907977087128925 Penicillium-brevicompactum
12 12 -0.5267580206868268 0.22446372493544825 Penicillium-cvjetkovicii
12 12 -0.5375483470829604 0.21334674293740125 Penicillium-commune
12 12 0.39018422150894283 0.3868522649921879 Penicillium-mb
12 12 0.3895948448318112 0.3876335777628639 Penicillium-polonicum
12 12 -0.6278253435009422 0.13114393919049963 Penicillium-solitum
12 12 0.37675752745712354 0.40480761520542763 Penicillium-chrysogenum
12 12 0.3921064348733049 0.384308485450505 Penicillium-verrucosum
12 12 -0.03757909660191526 0.9362487808271371 Penicillium-brevicompactum
12 12 -0.4028805834734591 0.37017683031047316 Penicillium-cvjetkovicii
12 12 -0.3022358196824813 0.5100184009007831 Penicillium-commune
12 12 0.008776440760764543 0.9851012252264885 Penicillium-mb
12 12 -0.600231140726219 0.15417640868903348 Penicillium-polonicum
12 12 0.089832730803982 0.8481098246988467 Penicillium-solitum
12 12 0.0830449598803716 0.8595041311691703 Penicillium-chrysogenum
12 12 -0.30251063333510486 0.5096143602569256 Penicillium-verrucosum
12 12 -0.4850317587115917 0.269920227708853 Penicillium-brevicompactum
12 12 0.1382734527132855 0.7674973096918538 Penicillium-cvjetkovicii
12 12 -0.21434064284966572 0.6444246815031329 Penicillium-commune
12 12 0.0853984870570372 0.8555510982145934 Penicillium-mb
12 12 -0.22539400707453905 0.6270042735604009 Penicillium-polonicum
12 12 -0.2555770497194484 0.5801494577345092 Penicillium-solitum
12 12 -0.22232814789683542 0.6318227299083207 Penicillium-chrysogenum
12 12 -0.20497313626414662 0.6592903663458178 Penicillium-verrucosum
12 12 0.03129602981270453 0.9468962246029409 Penicillium-brevicompactum
12 12 -0.4024781400872803 0.37070079561788494 Penicillium-cvjetkovicii
12 12 -0.42577236295279414 0.34088077955326 Penicillium-commune
12 12 -0.4085510130144675 0.3628266041466465 Penicillium-mb
12 12 0.2788678097557485 0.5447708474065595 Penicillium-polonicum
12 12 0.26987490707709766 0.5583464781161098 Penicillium-solitum
12 12 -0.4083326459778385 0.36310853362716156 Penicillium-chrysogenum
12 12 0.2788901100932828 0.5447373187072491 Penicillium-verrucosum
12 12 0.5875639427332214 0.1653751011676648 Penicillium-brevicompactum
12 12 -0.33887368165977666 0.4571649462294652 Penicillium-cvjetkovicii
12 12 0.3719749096754499 0.41128123686875284 Penicillium-commune
12 12 0.35463841671753915 0.4350814012847725 Penicillium-mb
12 12 0.3581598505854658 0.43020528651919515 Penicillium-polonicum
12 12 -0.6047323878417593 0.15029127294791553 Penicillium-solitum
12 12 0.337643831187258 0.45890492332848953 Penicillium-chrysogenum
12 12 -0.4606427677368655 0.29824472930969087 Penicillium-verrucosum
12 12 0.24355135680269663 0.598687306085786 Penicillium-brevicompactum
12 12 -0.11050131815330715 0.8135503404042321 Penicillium-cvjetkovicii
12 12 -0.15401753568457538 0.7416218416636269 Penicillium-commune
12 12 0.008776440638329438 0.9851012254343168 Penicillium-mb
12 12 -0.11201700535368714 0.8110248597237456 Penicillium-polonicum
12 12 -0.15100298674572724 0.7465619852829595 Penicillium-solitum
12 12 -0.10515151026662554 0.8224744953881358 Penicillium-chrysogenum
12 12 -0.14601193195805268 0.7547562849619318 Penicillium-verrucosum
12 12 -0.07167022042518084 0.8786411032302781 Penicillium-brevicompactum
12 12 -0.11955938953876769 0.7984772349198183 Penicillium-cvjetkovicii
12 12 -0.027638857095839187 0.9530967385410716 Penicillium-commune
12 12 -0.01807355545931069 0.9693223903460619 Penicillium-mb
12 12 -0.39632419814470776 0.37875069293146696 Penicillium-polonicum
12 12 -0.3433960178216261 0.4507879804980561 Penicillium-solitum
12 12 -0.023848380269580614 0.9595252444209806 Penicillium-chrysogenum
12 12 -0.01820052800870874 0.9691069414042055 Penicillium-verrucosum
12 12 0.33151415499659553 0.46761346768765766 Penicillium-brevicompactum
12 12 -0.4190237717394757 0.34941245465326576 Penicillium-cvjetkovicii
12 12 -0.46569475247254183 0.29227426778404914 Penicillium-commune
12 12 0.008776440949556506 0.9851012249060223 Penicillium-mb
12 12 0.016841275137722808 0.9714134177357279 Penicillium-polonicum
12 12 0.024520675208478473 0.9583849223283432 Penicillium-solitum
12 12 -0.3700241125888337 0.41393335690534083 Penicillium-chrysogenum
12 12 0.01946688829019675 0.9669582455991035 Penicillium-verrucosum
12 12 0.008500109871334727 0.985570286603019 Penicillium-brevicompactum
12 12 -0.3336603144462476 0.46455752059957706 Penicillium-cvjetkovicii
12 12 -0.16787356738802078 0.7190076898961867 Penicillium-commune
12 12 -0.33310404684026534 0.4653488912812341 Penicillium-mb
12 12 -0.2898589236965288 0.528328842682261 Penicillium-polonicum
12 12 -0.048729682408636225 0.917372106737938 Penicillium-solitum
12 12 -0.28985358760503527 0.5283367841996776 Penicillium-chrysogenum
12 12 -0.18645456093418394 0.6889383126421815 Penicillium-verrucosum
12 12 0.3132761600866011 0.4938746792284917 Penicillium-brevicompactum
12 12 -0.18457961855155175 0.6919584123662906 Penicillium-cvjetkovicii
12 12 -0.25624644119281836 0.579122850396922 Penicillium-commune
12 12 -0.1870064400840302 0.6880499859548047 Penicillium-mb
12 12 0.005125652818056955 0.9912985358241517 Penicillium-polonicum
12 12 -0.2867691370875268 0.5329339742113215 Penicillium-solitum
12 12 -0.3459475626852623 0.4472048349219608 Penicillium-chrysogenum
12 12 -0.24918013590951263 0.5899882816720992 Penicillium-verrucosum
10 12 0.2726545553133018 0.5541387568904066 Penicillium-brevicompactum
10 12 -0.28417879695953074 0.536805011018849 Penicillium-cvjetkovicii
10 12 -0.09287332779588714 0.8430124345315565 Penicillium-commune
10 12 -0.09423188721358207 0.8407362848452042 Penicillium-mb
10 12 0.005125652779385456 0.9912985358897999 Penicillium-polonicum
10 12 -0.08954470961815317 0.8485928966862555 Penicillium-solitum
10 12 -0.17906558083709245 0.700858957230505 Penicillium-chrysogenum
10 12 -0.22669757550847278 0.6249586979621797 Penicillium-verrucosum
12 12 0.25287285917515073 0.5843024457423942 Penicillium-brevicompactum
12 12 -0.2839155093231268 0.5371989939493476 Penicillium-cvjetkovicii
12 12 0.22594189196353653 0.6261442937422734 Penicillium-commune
12 12 0.21480854553723214 0.6436845684060637 Penicillium-mb
12 12 -0.540202705592393 0.21065309634742949 Penicillium-polonicum
12 12 -0.04872968235982979 0.9173721068204994 Penicillium-solitum
12 12 -0.3328408426538246 0.465723509646809 Penicillium-chrysogenum
12 12 0.2140150291727926 0.6449398642970328 Penicillium-verrucosum
12 12 0.10898027235412372 0.8160860414918395 Penicillium-brevicompactum
12 12 0.04996110479940966 0.9152892104550693 Penicillium-cvjetkovicii
12 12 0.023467590844301577 0.9601711499653345 Penicillium-commune
12 12 -0.08587259490183528 0.8547550652208284 Penicillium-mb
12 12 -0.2838558428638071 0.5372882920442155 Penicillium-polonicum
12 12 -0.3301226319513381 0.46959880058840475 Penicillium-solitum
12 12 -0.27854131392447307 0.5452618136014193 Penicillium-chrysogenum
12 12 -0.315117205852598 0.49120042198914016 Penicillium-verrucosum
12 10 0.3204822168018231 0.48343688037196053 Penicillium-brevicompactum
12 10 -0.5415624368720874 0.20927955466281248 Penicillium-cvjetkovicii
12 10 -0.5591952112917021 0.1918581690559402 Penicillium-commune
12 10 0.3667859999612257 0.4183502839150057 Penicillium-mb
12 10 0.3693102605309609 0.4149055096240879 Penicillium-polonicum
12 10 0.35141714712926475 0.4395602242331876 Penicillium-solitum
12 10 -0.5081706187720643 0.24423447648418742 Penicillium-chrysogenum
12 10 0.38654990584225274 0.3916802238065951 Penicillium-verrucosum
12 12 -0.34747004164971373 0.44507193346565943 Penicillium-brevicompactum
12 12 -0.17555695310528022 0.7065367005381709 Penicillium-cvjetkovicii
12 12 -0.34508277400552617 0.4484180591850573 Penicillium-commune
12 12 -0.09283259504489197 0.843080692243829 Penicillium-mb
12 12 -0.0973315164467221 0.8355464434600813 Penicillium-polonicum
12 12 0.18860772404059375 0.6854741112664234 Penicillium-solitum
12 12 0.18306697832917318 0.6943972954983815 Penicillium-chrysogenum
12 12 -0.35368835746007693 0.43640053887231245 Penicillium-verrucosum
10 10 -0.9028408667628801 0.005360129342930593 Penicillium-brevicompactum
10 10 0.8326140960462796 0.02007489067841487 Penicillium-cvjetkovicii
10 10 -0.19677125737220508 0.6723800185760112 Penicillium-commune
10 10 0.020602337954531216 0.9650318071410531 Penicillium-mb
10 10 0.0015591187811248104 0.9973531609676156 Penicillium-polonicum
10 10 -0.02803169799709245 0.9524306060592369 Penicillium-solitum
10 10 -0.02584090059775849 0.9561457699504181 Penicillium-chrysogenum
10 10 -0.2843094946645629 0.5366094710366631 Penicillium-verrucosum
12 12 0.45627471704912553 0.30344976974990784 Penicillium-brevicompactum
12 12 -0.6486297320980716 0.11502984086590703 Penicillium-cvjetkovicii
12 12 0.5174829589002733 0.23423188608249812 Penicillium-commune
12 12 0.5120741935204737 0.24001789767870643 Penicillium-mb
12 12 -0.7497878365462256 0.05228568582906774 Penicillium-polonicum
12 12 0.4830848558187902 0.27213470046611254 Penicillium-solitum
12 12 0.49537669234020537 0.2582914419758816 Penicillium-chrysogenum
12 12 0.5092581148548815 0.24305636026425087 Penicillium-verrucosum
12 12 -0.20677419670638023 0.6564251060584592 Penicillium-brevicompactum
12 12 0.6353596880806307 0.1251831627664289 Penicillium-cvjetkovicii
12 12 0.5742145217230311 0.17759730467454699 Penicillium-commune
12 12 0.6270989532538634 0.13172609709209018 Penicillium-mb
12 12 -0.9967713828999061 1.1356476844622652e-06 Penicillium-polonicum
12 12 0.5733894204391016 0.17836678651087862 Penicillium-solitum
12 12 0.5803308476329315 0.1719441796404831 Penicillium-chrysogenum
12 12 0.5898577335275976 0.16331830790600715 Penicillium-verrucosum
12 12 0.5081814581276921 0.24422272088146516 Penicillium-brevicompactum
12 12 -0.24022783166765402 0.603841614415437 Penicillium-cvjetkovicii
12 12 0.38949756237690447 0.387762602226575 Penicillium-commune
12 12 0.38106826525151977 0.39900754167401775 Penicillium-mb
12 12 -0.3363087397166936 0.460796565253386 Penicillium-polonicum
12 12 0.3477616856640972 0.4446637962679273 Penicillium-solitum
12 12 -0.3195356181589938 0.48480345957884974 Penicillium-chrysogenum
12 12 0.38356698441890164 0.39566077406795813 Penicillium-verrucosum
10 12 -0.5024286336290048 0.2504985540778605 Penicillium-brevicompactum
10 12 0.2983619821328124 0.5157256007489764 Penicillium-cvjetkovicii
10 12 -0.29664613216053004 0.5182604773720707 Penicillium-commune
10 12 -0.24032178179541155 0.6036957303339292 Penicillium-mb
10 12 0.21340769972103296 0.6459010765609844 Penicillium-polonicum
10 12 -0.3410385672840311 0.4541080644927664 Penicillium-solitum
10 12 0.23273872677377744 0.615503960764276 Penicillium-chrysogenum
10 12 -0.2409196062558766 0.602767685013984 Penicillium-verrucosum
12 10 -0.2737121310798514 0.5525405462582227 Penicillium-brevicompactum
12 10 0.3367502107388743 0.46017074255770885 Penicillium-cvjetkovicii
12 10 -0.6211625851134679 0.13653288766545202 Penicillium-commune
12 10 0.27056360167295274 0.5573030028879593 Penicillium-mb
12 10 0.2737983639101429 0.5524102970818412 Penicillium-polonicum
12 10 0.2936405948419596 0.5227108712612024 Penicillium-solitum
12 10 -0.634676024937437 0.12571819775680146 Penicillium-chrysogenum
12 10 0.016835239078416397 0.9714236605105678 Penicillium-verrucosum
12 12 0.45847769705646496 0.30081971416180914 Penicillium-brevicompactum
12 12 -0.2507919984649247 0.5875043566838403 Penicillium-cvjetkovicii
12 12 0.2893618997220303 0.5290687185417382 Penicillium-commune
12 12 0.28093565197576675 0.5416647246660791 Penicillium-mb
12 12 -0.3040743273424719 0.5073174761809518 Penicillium-polonicum
12 12 -0.2779677052627576 0.5461247258966567 Penicillium-solitum
12 12 0.26356500541599304 0.567935957172703 Penicillium-chrysogenum
12 12 -0.33518260740183636 0.46239437645074344 Penicillium-verrucosum
12 12 -0.3231702432956206 0.47956381306622803 Penicillium-brevicompactum
12 12 0.4376343342204678 0.32610192782729336 Penicillium-cvjetkovicii
12 12 0.10112886173612387 0.8291948620914975 Penicillium-commune
12 12 0.3930723710656462 0.38303276528413316 Penicillium-mb
12 12 0.4481312530417067 0.3132587792242763 Penicillium-polonicum
12 12 0.467021332578757 0.29071537144061654 Penicillium-solitum
12 12 0.0833017760199694 0.8590726628075162 Penicillium-chrysogenum
12 12 0.40932055264364764 0.36183378849565434 Penicillium-verrucosum
12 12 -0.10291160126349323 0.8262155173662011 Penicillium-brevicompactum
12 12 -0.19156248087421227 0.6807273626016195 Penicillium-cvjetkovicii
12 12 -0.2854535084328857 0.5348988978131735 Penicillium-commune
12 12 -0.1510037758616212 0.7465606911959246 Penicillium-mb
12 12 -0.12437101346258236 0.7904903772059236 Penicillium-polonicum
12 12 -0.29331043587980526 0.5232005374122974 Penicillium-solitum
12 12 -0.023848380447211024 0.9595252441196831 Penicillium-chrysogenum
12 12 -0.12430612530210329 0.7905979901003848 Penicillium-verrucosum
12 12 0.7721188976025386 0.041931210143800385 Penicillium-brevicompactum
12 12 -0.9321179498351619 0.0022226048841288933 Penicillium-cvjetkovicii
12 12 0.4008054389053271 0.3728818400385649 Penicillium-commune
12 12 -0.7058053860558875 0.0763700863282286 Penicillium-mb
12 12 0.39122319919466536 0.3854764826249474 Penicillium-polonicum
12 12 0.360724085731281 0.4266678790707592 Penicillium-solitum
12 12 0.4971223358944896 0.25635219319427993 Penicillium-chrysogenum
12 12 0.392364712646924 0.38396720776722687 Penicillium-verrucosum
12 12 -0.013461971498027343 0.9771483181604881 Penicillium-brevicompactum
12 12 -0.35846424470060617 0.4297847823949748 Penicillium-cvjetkovicii
12 12 -0.3052177685590742 0.5056401768516603 Penicillium-commune
12 12 -0.3651303121660023 0.4206157633873164 Penicillium-mb
12 12 0.17356743832748636 0.7097610074240207 Penicillium-polonicum
12 12 0.17466410910801491 0.7079832594039315 Penicillium-solitum
12 12 -0.2503061002892882 0.5882528019205537 Penicillium-chrysogenum
12 12 -0.24838347021335644 0.591217145978004 Penicillium-verrucosum
10 12 0.6709180432465565 0.09897374566513861 Penicillium-brevicompactum
10 12 -0.512372703483282 0.2396968548215939 Penicillium-cvjetkovicii
10 12 0.38335349346714703 0.3959462831868067 Penicillium-commune
10 12 0.3798216594952874 0.4006814296297036 Penicillium-mb
10 12 -0.5147885725806102 0.23710597896780738 Penicillium-polonicum
10 12 0.3423359730409353 0.4522797541557162 Penicillium-solitum
10 12 -0.6129208494098931 0.14335115903017034 Penicillium-chrysogenum
10 12 0.379292265553616 0.40139311843828535 Penicillium-verrucosum
10 12 -0.20762692352381726 0.65506968920455 Penicillium-brevicompactum
10 12 0.4574213434951215 0.3020796006850753 Penicillium-cvjetkovicii
10 12 -0.5628283669961209 0.18835935501377477 Penicillium-commune
10 12 0.4528580162600957 0.3075486798791487 Penicillium-mb
10 12 0.4229837609345275 0.34439540388277695 Penicillium-polonicum
10 12 -0.581520192615266 0.17085534838193045 Penicillium-solitum
10 12 0.4340255909528498 0.3305684934367996 Penicillium-chrysogenum
10 12 0.42247699616181816 0.34503573885568367 Penicillium-verrucosum
12 12 0.2917253194757194 0.5255536240824485 Penicillium-brevicompactum
12 12 -0.22349927692092353 0.6299808932372233 Penicillium-cvjetkovicii
12 12 -0.3622737968035768 0.4245354830750706 Penicillium-commune
12 12 0.18703525617033975 0.688003610254107 Penicillium-mb
12 12 -0.26393786043655876 0.5673678660164834 Penicillium-polonicum
12 12 -0.24417675079010906 0.5977188905706552 Penicillium-solitum
12 12 -0.341911574831067 0.4528775150936744 Penicillium-chrysogenum
12 12 0.18671393331151628 0.6885207810802194 Penicillium-verrucosum
