#SPECIES: Penicillium-brevicompactum Penicillium-commune Penicillium-mb Penicillium-chrysogenum Penicillium-polonicum Penicillium-verrucosum Penicillium-cvjetkovicii Penicillium-solitum 
#GENE_TREEs p: 0.0006365766413224772 4.859618866041921e-06 0.03136846735253634 0.03136846728590352 0.03854658488358377 0.0040467790962873135 0.0040467865665264335 0.058853017702073504 
#GENE_TREEs r: -0.9590744773366309 -0.9942217327818726 0.7983212660917612 0.7983212662714613 0.7800687549643316 0.9133745835812789 0.9133745183707969 0.7368639139056821 
12 12 0.453882057509403 0.3063176440114497 Penicillium-brevicompactum
12 12 0.12745158681050925 0.7853845111284341 Penicillium-commune
12 12 -0.11616545610658427 0.8041193062175325 Penicillium-mb
12 12 0.14692057797317018 0.7532630900719428 Penicillium-chrysogenum
12 12 -0.405656285372625 0.3665712730700209 Penicillium-polonicum
12 12 -0.29094290750635793 0.5267164227758053 Penicillium-verrucosum
12 12 -0.2678515634493437 0.5614157717276713 Penicillium-cvjetkovicii
12 12 0.16412410159921864 0.7251116916369171 Penicillium-solitum
12 10 0.1256373685252825 0.7883907391827892 Penicillium-brevicompactum
12 10 0.6234128700599026 0.13470049023906613 Penicillium-commune
12 10 -0.9691064047766752 0.00031688318196438405 Penicillium-mb
12 10 0.5781379650407822 0.173960661255049 Penicillium-chrysogenum
12 10 0.5900588617706365 0.1631385688089401 Penicillium-polonicum
12 10 0.490461653330147 0.26378741859406935 Penicillium-verrucosum
12 10 0.49046169442222654 0.26378737242474926 Penicillium-cvjetkovicii
12 10 0.606562061586166 0.14872623474821536 Penicillium-solitum
12 12 0.051800017803974086 0.9121794911043768 Penicillium-brevicompactum
12 12 0.39099176628950666 0.38578276777785153 Penicillium-commune
12 12 0.37401068913277213 0.4085207191078211 Penicillium-mb
12 12 0.38466272317636147 0.39419669812548824 Penicillium-chrysogenum
12 12 -0.6696858971891853 0.09982857228381029 Penicillium-polonicum
12 12 0.319196110054273 0.48529393522742 Penicillium-verrucosum
12 12 0.23365519371987697 0.614073288944347 Penicillium-cvjetkovicii
12 12 -0.6035456709034914 0.15131073949956272 Penicillium-solitum
12 10 -0.3542323237226997 0.4356450666700285 Penicillium-brevicompactum
12 10 -0.3516122608711253 0.4392884438708196 Penicillium-commune
12 10 -0.3654482542423879 0.4201803541637215 Penicillium-mb
12 10 -0.38958579930866505 0.3876455739941864 Penicillium-chrysogenum
12 10 -0.3233517114009176 0.47930274770874637 Penicillium-polonicum
12 10 -0.3681550309650061 0.4164806345871013 Penicillium-verrucosum
12 10 0.2079186916444538 0.6546060937412312 Penicillium-cvjetkovicii
12 10 0.1710297728690389 0.7138786702076683 Penicillium-solitum
12 12 -0.3602813400353012 0.42727785173224986 Penicillium-brevicompactum
12 12 -0.4019474551438276 0.37139219090717346 Penicillium-commune
12 12 -0.519537119602899 0.23205171572977515 Penicillium-mb
12 12 0.4425557455038339 0.3200527621261901 Penicillium-chrysogenum
12 12 0.43395827610304766 0.33065205638028755 Penicillium-polonicum
12 12 0.4841307704513014 0.27094402555685065 Penicillium-verrucosum
12 12 -0.6160715808660017 0.14072477384570434 Penicillium-cvjetkovicii
12 12 0.4154218691017239 0.35400222718728347 Penicillium-solitum
12 10 -0.5770814708036339 0.17493629357374266 Penicillium-brevicompactum
12 10 -0.5633261430491301 0.18788241859106428 Penicillium-commune
12 10 -0.40761274730184544 0.36403862187504904 Penicillium-mb
12 10 0.3214020207022193 0.48211031111019326 Penicillium-chrysogenum
12 10 0.31108617002387146 0.49706249002999603 Penicillium-polonicum
12 10 0.3686984255467345 0.41573944027275805 Penicillium-verrucosum
12 10 -0.4215517242178431 0.34620618045926843 Penicillium-cvjetkovicii
12 10 -0.33023245449683475 0.4694420012112106 Penicillium-solitum
10 12 -0.30037201980494155 0.5127615443216316 Penicillium-brevicompactum
10 12 -0.12122239805372706 0.7957151812781806 Penicillium-commune
10 12 -0.4850885436493294 0.26985576139652706 Penicillium-mb
10 12 -0.11657363531521932 0.8034403876136981 Penicillium-chrysogenum
10 12 -0.2591134335637018 0.574732320430204 Penicillium-polonicum
10 12 -0.35409207133898324 0.43583980450034926 Penicillium-verrucosum
10 12 -0.244988727470814 0.5964622577663514 Penicillium-cvjetkovicii
10 12 -0.21566403217040633 0.6423319929362176 Penicillium-solitum
12 12 0.3482337625714751 0.4440034541385043 Penicillium-brevicompactum
12 12 0.49845387320890644 0.2548774779508394 Penicillium-commune
12 12 0.3887862182173107 0.38870657403962594 Penicillium-mb
12 12 -0.4945674516440828 0.2591927002204869 Penicillium-chrysogenum
12 12 0.4082950084812148 0.3631571358217803 Penicillium-polonicum
12 12 -0.39746398808993955 0.377254425568601 Penicillium-verrucosum
12 12 0.27034312873479033 0.5576369839351707 Penicillium-cvjetkovicii
12 12 0.4293625956625621 0.3363782952566001 Penicillium-solitum
12 10 -0.8182094778535423 0.02447490898716665 Penicillium-brevicompactum
12 10 -0.6906172811219413 0.08583013226190932 Penicillium-commune
12 10 0.3780608921118865 0.40305044748433094 Penicillium-mb
12 10 -0.4555245549936635 0.3043476524432079 Penicillium-chrysogenum
12 10 0.41706029902118846 0.35191133009220193 Penicillium-polonicum
12 10 0.46826443130604756 0.2892579351257862 Penicillium-verrucosum
12 10 0.4790694119792546 0.2767277628395363 Penicillium-cvjetkovicii
12 10 -0.4082129899038496 0.36326305767584277 Penicillium-solitum
10 10 -0.08760142332789723 0.8518531744470609 Penicillium-brevicompactum
10 10 0.3019377276964363 0.510456791452346 Penicillium-commune
10 10 0.3156272163644211 0.4904605054292889 Penicillium-mb
10 10 0.2117414565701698 0.6485402256098294 Penicillium-chrysogenum
10 10 0.3212771597127526 0.48229031258793414 Penicillium-polonicum
10 10 0.16317500975740662 0.7266586292407757 Penicillium-verrucosum
10 10 0.16317521541540825 0.7266582939558714 Penicillium-cvjetkovicii
10 10 0.20611197282542748 0.657478233787678 Penicillium-solitum
12 12 0.38280905912097535 0.3966747467521935 Penicillium-brevicompactum
12 12 0.3602247719407123 0.42735581002162715 Penicillium-commune
12 12 -0.41871635301973154 0.3498032082388389 Penicillium-mb
12 12 0.31047703700766816 0.4979504466981616 Penicillium-chrysogenum
12 12 -0.4082951221400437 0.3631569890473833 Penicillium-polonicum
12 12 0.28452555722609907 0.5362862666469362 Penicillium-verrucosum
12 12 -0.3513489017552702 0.4396553005235015 Penicillium-cvjetkovicii
12 12 0.30787619237341013 0.5017480605806597 Penicillium-solitum
12 12 0.29105371179151995 0.5265516957613663 Penicillium-brevicompactum
12 12 0.3418373508098037 0.4529820892286751 Penicillium-commune
12 12 0.25671733515728656 0.5784010059085329 Penicillium-mb
12 12 -0.4294827851138148 0.33622800599185976 Penicillium-chrysogenum
12 12 0.20023411235265484 0.6668453179540662 Penicillium-polonicum
12 12 -0.303536299141984 0.5081073706190683 Penicillium-verrucosum
12 12 0.16765424772052664 0.7193644110165448 Penicillium-cvjetkovicii
12 12 -0.4667436771440157 0.29104134503824924 Penicillium-solitum
12 12 -0.18601756298937264 0.6896419235823994 Penicillium-brevicompactum
12 12 -0.1938744502083967 0.6770190607556441 Penicillium-commune
12 12 -0.37685586726323306 0.40467493020707695 Penicillium-mb
12 12 -0.3843945973207321 0.394554755170828 Penicillium-chrysogenum
12 12 0.18820132331504688 0.6861276317311362 Penicillium-polonicum
12 12 0.23252217220479496 0.6158421598155555 Penicillium-verrucosum
12 12 -0.42516833151118993 0.3416407808546482 Penicillium-cvjetkovicii
12 12 -0.37390652484361137 0.40866178848740764 Penicillium-solitum
12 8 -0.5018331530773515 0.25115236301869376 Penicillium-brevicompactum
12 8 0.5266070756955481 0.22462113027086475 Penicillium-commune
12 8 0.3753700968785869 0.4066814363662479 Penicillium-mb
12 8 0.37537009651257525 0.4066814368610225 Penicillium-chrysogenum
12 8 0.35866343643858994 0.4295096951785012 Penicillium-polonicum
12 8 0.26736790195523696 0.562150256083313 Penicillium-verrucosum
12 8 0.2673679019535548 0.5621502560858681 Penicillium-cvjetkovicii
12 8 0.4364091327503412 0.32761544982141727 Penicillium-solitum
12 12 0.35679133261561413 0.43209776848633025 Penicillium-brevicompactum
12 12 0.39295963327002775 0.38318157058900987 Penicillium-commune
12 12 0.2084370245164435 0.6537827231253523 Penicillium-mb
12 12 0.2676236031336989 0.561761912108661 Penicillium-chrysogenum
12 12 0.2888158287794692 0.5298820080458211 Penicillium-polonicum
12 12 -0.43927508413253863 0.324079781495659 Penicillium-verrucosum
12 12 -0.28771315654080315 0.5315255497732596 Penicillium-cvjetkovicii
12 12 -0.6178862115455283 0.13922326610284028 Penicillium-solitum
12 10 -0.4113157153940638 0.3592649945446598 Penicillium-brevicompactum
12 10 -0.5355908183108552 0.21534366900435867 Penicillium-commune
12 10 0.10045465047424788 0.8303220413940549 Penicillium-mb
12 10 0.14433166042793374 0.757519103746618 Penicillium-chrysogenum
12 10 -0.10262046898715035 0.8267019501501083 Penicillium-polonicum
12 10 0.18210982413909188 0.6959416333887394 Penicillium-verrucosum
12 10 0.16427971924970916 0.7248581190912706 Penicillium-cvjetkovicii
12 10 0.10809986216244163 0.8175543378086155 Penicillium-solitum
12 10 -0.1750323467221752 0.7073865671497088 Penicillium-brevicompactum
12 10 -0.2050801760265319 0.6591199866565551 Penicillium-commune
12 10 -0.11616545616696458 0.8041193061170955 Penicillium-mb
12 10 -0.27368601582899166 0.5525799936418636 Penicillium-chrysogenum
12 10 -0.2653684536921218 0.56518985327975 Penicillium-polonicum
12 10 -0.20650649190961462 0.6568507798726895 Penicillium-verrucosum
12 10 -0.2065064270252311 0.6568508830534224 Penicillium-cvjetkovicii
12 10 -0.25578103144127495 0.579836562861543 Penicillium-solitum
12 10 -0.20368575010786433 0.661340468432112 Penicillium-brevicompactum
12 10 -0.5050084778849904 0.24767507925934884 Penicillium-commune
12 10 -0.4257118380814118 0.3409569005836527 Penicillium-mb
12 10 0.3326549209035563 0.46598819870930364 Penicillium-chrysogenum
12 10 0.3270187898246088 0.4740382120329283 Penicillium-polonicum
12 10 -0.5916462003867764 0.16172348217878102 Penicillium-verrucosum
12 10 -0.4473296045496816 0.3142317303598774 Penicillium-cvjetkovicii
12 10 0.3203035165332137 0.4836947592107809 Penicillium-solitum
10 12 0.34822446876896845 0.4440164507543176 Penicillium-brevicompactum
10 12 0.37268738782698546 0.41031428551419497 Penicillium-commune
10 12 0.12067062851903135 0.7966314162058372 Penicillium-mb
10 12 0.3955928025778219 0.3797121061255409 Penicillium-chrysogenum
10 12 0.4105959413961317 0.3601908365981914 Penicillium-polonicum
10 12 0.1725275358325996 0.711447698953312 Penicillium-verrucosum
10 12 0.03368253465864368 0.9428511841248757 Penicillium-cvjetkovicii
10 12 0.2578982578964316 0.5765919750492166 Penicillium-solitum
12 10 0.33900001070391017 0.45698635643768964 Penicillium-brevicompactum
12 10 0.23776730173948196 0.6076660022494412 Penicillium-commune
12 10 -0.23692044700989265 0.608983914506292 Penicillium-mb
12 10 -0.236920447869193 0.6089839131685842 Penicillium-chrysogenum
12 10 0.10741231500932086 0.8187012836892411 Penicillium-polonicum
12 10 -0.06436353085195004 0.8909592637455093 Penicillium-verrucosum
12 10 0.08593729600847066 0.8546464388376976 Penicillium-cvjetkovicii
12 10 -0.016836093297652895 0.971422210959461 Penicillium-solitum
12 12 -0.2581722776728254 0.5761724625771123 Penicillium-brevicompactum
12 12 -0.1614420636231208 0.7294850839565394 Penicillium-commune
12 12 0.20099997908597816 0.6656228397872375 Penicillium-mb
12 12 -0.346141026113571 0.44693359147181366 Penicillium-chrysogenum
12 12 -0.2951935246887798 0.5204097791034454 Penicillium-polonicum
12 12 -0.42241583500672225 0.34511305440256107 Penicillium-verrucosum
12 12 0.24499034988531357 0.5964597476798899 Penicillium-cvjetkovicii
12 12 -0.3543416385938386 0.4354933080141949 Penicillium-solitum
12 10 0.08986335752427918 0.848058459481368 Penicillium-brevicompactum
12 10 0.0022556961903408856 0.9961706209550069 Penicillium-commune
12 10 -0.4653111627774546 0.2927257220778009 Penicillium-mb
12 10 -0.09483495850554234 0.8397261725239709 Penicillium-chrysogenum
12 10 -0.4632230219111052 0.2951887048186866 Penicillium-polonicum
12 10 -0.032910610213850146 0.9441594649850902 Penicillium-verrucosum
12 10 -0.03291004398201632 0.9441604246888253 Penicillium-cvjetkovicii
12 10 -0.08330275037068381 0.8590710258859233 Penicillium-solitum
12 12 -0.4881007057149109 0.26644613967444847 Penicillium-brevicompactum
12 12 -0.1752312358609148 0.7070643366593536 Penicillium-commune
12 12 0.3092293565329586 0.4997709786600598 Penicillium-mb
12 12 -0.3789227602771866 0.4018901583760378 Penicillium-chrysogenum
12 12 -0.5676202765232188 0.18379247883593175 Penicillium-polonicum
12 12 0.3968707294873839 0.37803292924396864 Penicillium-verrucosum
12 12 0.39239780053620665 0.3839234956426852 Penicillium-cvjetkovicii
12 12 -0.3339865927088819 0.4640935734367009 Penicillium-solitum
12 12 0.08759592114653589 0.8518624079315211 Penicillium-brevicompactum
12 12 0.32133819301080163 0.48220232305013516 Penicillium-commune
12 12 0.38109754354702224 0.39896826153760256 Penicillium-mb
12 12 -0.03438782860926366 0.9416559198922146 Penicillium-chrysogenum
12 12 0.12520500467812087 0.789107491781539 Penicillium-polonicum
12 12 0.39654838272619175 0.378456202653789 Penicillium-verrucosum
12 12 0.3936217438911155 0.38230796987701565 Penicillium-cvjetkovicii
12 12 -0.04521843492272485 0.9233132577620105 Penicillium-solitum
12 10 0.23601661653957784 0.6103914222815112 Penicillium-brevicompactum
12 10 0.46348451973193827 0.294879765598844 Penicillium-commune
12 10 0.3990811104889331 0.3751356785954189 Penicillium-mb
12 10 0.39908111046954015 0.37513567862079855 Penicillium-chrysogenum
12 10 0.39270929292132306 0.3835120844138438 Penicillium-polonicum
12 10 0.245745629892967 0.5952915772831422 Penicillium-verrucosum
12 10 -0.5222760050964246 0.2291596609545105 Penicillium-cvjetkovicii
12 10 -0.6511951726601234 0.113117932860097 Penicillium-solitum
10 12 0.5982027791703629 0.1559433379210923 Penicillium-brevicompactum
10 12 0.3160258791232551 0.4898824069743001 Penicillium-commune
10 12 0.10115003619939347 0.8291594653544607 Penicillium-mb
10 12 0.08011654984140991 0.8644260014876688 Penicillium-chrysogenum
10 12 -0.015283102844897692 0.9740576287582801 Penicillium-polonicum
10 12 0.16592038074935692 0.7221859484999233 Penicillium-verrucosum
10 12 0.2065906430787294 0.6567169642731387 Penicillium-cvjetkovicii
10 12 0.1777393222785078 0.7030038526285669 Penicillium-solitum
12 10 0.04174015779737095 0.9292014190290188 Penicillium-brevicompactum
12 10 0.11913766315295993 0.799177937499871 Penicillium-commune
12 10 -0.030892673163757035 0.947579991245347 Penicillium-mb
12 10 0.21174146632091725 0.6485402101571163 Penicillium-chrysogenum
12 10 -0.966510194567699 0.00038716749351659104 Penicillium-polonicum
12 10 -0.05196287511049583 0.91190413147918 Penicillium-verrucosum
12 10 -0.05196269053039616 0.9119044435638057 Penicillium-cvjetkovicii
12 10 0.2061119803121807 0.6574782218790236 Penicillium-solitum
12 12 0.4029479431690453 0.3700891603699303 Penicillium-brevicompactum
12 12 0.3636497371370398 0.4226456557960009 Penicillium-commune
12 12 -0.42811855871675136 0.3379355590549832 Penicillium-mb
12 12 -0.37060807790087824 0.4131387525984336 Penicillium-chrysogenum
12 12 0.25739183686816786 0.5773675345364921 Penicillium-polonicum
12 12 0.05804961039804361 0.9016178782379538 Penicillium-verrucosum
12 12 -0.2599892225950619 0.5733932156557504 Penicillium-cvjetkovicii
12 12 0.2709958344185545 0.5566484269573897 Penicillium-solitum
8 12 0.3239307291570452 0.47847009894396453 Penicillium-brevicompactum
8 12 0.6033419470719861 0.1514860986402397 Penicillium-commune
8 12 0.5553862370795382 0.19555976267110667 Penicillium-mb
8 12 0.41160997505793584 0.3588867744586986 Penicillium-chrysogenum
8 12 0.5673788584690062 0.18402125436148906 Penicillium-polonicum
8 12 0.5081032089356134 0.24430759033010863 Penicillium-verrucosum
8 12 -0.8821740593224454 0.00858178067135649 Penicillium-cvjetkovicii
8 12 0.4982050664176354 0.25515274228876283 Penicillium-solitum
12 12 -0.17394839301687634 0.7091433453431717 Penicillium-brevicompactum
12 12 0.07129382675671557 0.8792751976993389 Penicillium-commune
12 12 -0.0682862474698243 0.8843437595783372 Penicillium-mb
12 12 -0.07205806202393633 0.8779877768771378 Penicillium-chrysogenum
12 12 -0.048431248264603946 0.9178769517854861 Penicillium-polonicum
12 12 -0.18518256871585712 0.6909868428996053 Penicillium-verrucosum
12 12 -0.5148435407113716 0.2370471814078754 Penicillium-cvjetkovicii
12 12 -0.24321668644708724 0.5992057326901363 Penicillium-solitum
12 12 -0.3588157201417516 0.4292994343958237 Penicillium-brevicompactum
12 12 0.7685185934139159 0.04351593684459542 Penicillium-commune
12 12 0.7434602903285387 0.055448201350684345 Penicillium-mb
12 12 0.9691063272415116 0.0003168851569085527 Penicillium-chrysogenum
12 12 0.7203998248055283 0.06783315004395789 Penicillium-polonicum
12 12 0.6551713910522792 0.11018737536987194 Penicillium-verrucosum
12 12 0.5866779578984505 0.1661729569906697 Penicillium-cvjetkovicii
12 12 0.7376071123362508 0.05846389039954977 Penicillium-solitum
10 12 0.30706303263368195 0.5029374671852973 Penicillium-brevicompactum
10 12 0.4588331897458267 0.3003962474665815 Penicillium-commune
10 12 0.3869484624453483 0.3911495924182565 Penicillium-mb
10 12 0.2824863329165763 0.5393392845052754 Penicillium-chrysogenum
10 12 -0.2617332566666219 0.5707294650391785 Penicillium-polonicum
10 12 -0.1747932716726253 0.707773950839871 Penicillium-verrucosum
10 12 0.27031588330644496 0.5576782608520677 Penicillium-cvjetkovicii
10 12 0.3420590343589405 0.45266978628878135 Penicillium-solitum
8 12 -0.32393102418032726 0.47846967482297653 Penicillium-brevicompactum
8 12 0.2504941922867757 0.587963042919784 Penicillium-commune
8 12 0.4027843814096566 0.3703020539230745 Penicillium-mb
8 12 0.40347050757364944 0.36940932232756296 Penicillium-chrysogenum
8 12 0.01216524742018701 0.9793491627222032 Penicillium-polonicum
8 12 0.41384205095739507 0.3560232188972682 Penicillium-verrucosum
8 12 0.6225719804620247 0.1353837528651925 Penicillium-cvjetkovicii
8 12 0.37793511264805024 0.4032198887335808 Penicillium-solitum
12 12 -0.1534673696744397 0.7425229141656058 Penicillium-brevicompactum
12 12 0.019225518125447125 0.967367778289618 Penicillium-commune
12 12 -0.05779819074264288 0.9020425551986637 Penicillium-mb
12 12 0.2177139826877306 0.6390940982880019 Penicillium-chrysogenum
12 12 0.21340909712163186 0.6458988644636482 Penicillium-polonicum
12 12 -0.1337042992160851 0.7750399533284233 Penicillium-verrucosum
12 12 -0.19395688605997533 0.6768869323542612 Penicillium-cvjetkovicii
12 12 -0.026811807195035 0.9544992211743718 Penicillium-solitum
10 12 0.15335289195359858 0.7427104373943882 Penicillium-brevicompactum
10 12 0.4385907333993545 0.3249225544312317 Penicillium-commune
10 12 0.39389366613581395 0.38194942472230187 Penicillium-mb
10 12 -0.5820259611517701 0.17039335590586727 Penicillium-chrysogenum
10 12 -0.5955823924612037 0.15824085485192757 Penicillium-polonicum
10 12 0.3318113381161268 0.4671898658184995 Penicillium-verrucosum
10 12 0.33848388138529517 0.4577161653111289 Penicillium-cvjetkovicii
10 12 0.38484626478010214 0.3939516704016576 Penicillium-solitum
12 12 0.695880656996562 0.08248530803128666 Penicillium-brevicompactum
12 12 -0.0069105307922679 0.9882685986840061 Penicillium-commune
12 12 0.38821267591044717 0.38946835154565934 Penicillium-mb
12 12 -0.22162841972153155 0.6329239167191874 Penicillium-chrysogenum
12 12 0.3683675010949692 0.41619076240214486 Penicillium-polonicum
12 12 0.4955020348714232 0.25815197525944983 Penicillium-verrucosum
12 12 -0.07545473724908314 0.8722683997934139 Penicillium-cvjetkovicii
12 12 0.33832369912655735 0.4579427515427932 Penicillium-solitum
10 12 0.3895203599517433 0.38773236454610316 Penicillium-brevicompactum
10 12 0.29667452173157044 0.5182185019865724 Penicillium-commune
10 12 0.1166435891936303 0.8033240441862032 Penicillium-mb
10 12 -0.010225232472428488 0.9826420136846197 Penicillium-chrysogenum
10 12 0.14627940119053842 0.7543166845525073 Penicillium-polonicum
10 12 0.09534916879856138 0.8388650357223864 Penicillium-verrucosum
10 12 -0.3688084788044641 0.4155893895392464 Penicillium-cvjetkovicii
10 12 -0.6514023730182569 0.11296423845552582 Penicillium-solitum
12 12 -0.2939853552904988 0.5221997156414184 Penicillium-brevicompactum
12 12 -0.32251057146677614 0.4805132683180087 Penicillium-commune
12 12 -0.4150050333713605 0.35453500087535805 Penicillium-mb
12 12 -0.11657363567239076 0.8034403870196629 Penicillium-chrysogenum
12 12 -0.027263635919189295 0.953733013887387 Penicillium-polonicum
12 12 -0.5011133963963429 0.2519436674767996 Penicillium-verrucosum
12 12 -0.020964083301732925 0.9644180870280896 Penicillium-cvjetkovicii
12 12 -0.3720590387806684 0.41116701317273463 Penicillium-solitum
8 12 0.3239307128377621 0.4784701224043217 Penicillium-brevicompactum
8 12 0.4264055097286434 0.3400849133810824 Penicillium-commune
8 12 0.3520095389173463 0.4387352594831621 Penicillium-mb
8 12 0.2498914952174996 0.5888916624211483 Penicillium-chrysogenum
8 12 0.3527562063217436 0.43769628950103523 Penicillium-polonicum
8 12 0.18871658099251232 0.6852990882035435 Penicillium-verrucosum
8 12 -0.8821740657104564 0.00858177953878521 Penicillium-cvjetkovicii
8 12 0.3617566651223775 0.4252465957150446 Penicillium-solitum
10 12 -0.3588157197475446 0.42929943494006095 Penicillium-brevicompactum
10 12 0.95605691145299 0.0007592401885716847 Penicillium-commune
10 12 0.9028738323210818 0.005355681662643058 Penicillium-mb
10 12 0.9417605622357562 0.0015233880410174918 Penicillium-chrysogenum
10 12 0.9171203869608383 0.0036308880244697314 Penicillium-polonicum
10 12 0.7949966731105996 0.03261477297573665 Penicillium-verrucosum
10 12 0.8776235970560239 0.009410560266184973 Penicillium-cvjetkovicii
10 12 0.9501195257668953 0.0010389038152755332 Penicillium-solitum
12 12 0.49669091645073127 0.25683083819035785 Penicillium-brevicompactum
12 12 0.5019759992323716 0.2509954533347176 Penicillium-commune
12 12 0.30380212706978343 0.5077170477771336 Penicillium-mb
12 12 0.4010046238179076 0.3726218469258569 Penicillium-chrysogenum
12 12 0.33536860578224376 0.462130332140618 Penicillium-polonicum
12 12 -0.5787866975551493 0.17336291010431898 Penicillium-verrucosum
12 12 -0.47622708210109316 0.2799998443547573 Penicillium-cvjetkovicii
12 12 0.43285788895680605 0.33201932749101054 Penicillium-solitum
12 12 0.0032162790808522306 0.99453990329076 Penicillium-brevicompactum
12 12 0.06407060355660692 0.8914534796321506 Penicillium-commune
12 12 -0.022797377460565014 0.9613080263348159 Penicillium-mb
12 12 0.21771376336992954 0.6390944444577098 Penicillium-chrysogenum
12 12 0.21340890026101744 0.6458991760955926 Penicillium-polonicum
12 12 -0.6548264331965036 0.11044003866621062 Penicillium-verrucosum
12 12 -0.18065146396911588 0.6982962560789572 Penicillium-cvjetkovicii
12 12 0.013164937959536762 0.9776524438886757 Penicillium-solitum
10 12 0.7261041752126363 0.06464377690077945 Penicillium-brevicompactum
10 12 0.22483289053006408 0.6278853702275007 Penicillium-commune
10 12 0.027974137034100958 0.9525282096665488 Penicillium-mb
10 12 -0.005353308790425724 0.9909120709589907 Penicillium-chrysogenum
10 12 -0.28463749781012826 0.5361188420907959 Penicillium-polonicum
10 12 -0.2193051000856976 0.6365840627871129 Penicillium-verrucosum
10 12 0.19659189978048464 0.672667009468707 Penicillium-cvjetkovicii
10 12 0.02489043737972736 0.957757769207368 Penicillium-solitum
12 12 -0.41980896400652146 0.3484152444062665 Penicillium-brevicompactum
12 12 -0.29687660549794875 0.5179197447468867 Penicillium-commune
12 12 0.4230135369756655 0.34435779522901566 Penicillium-mb
12 12 -0.7589285409243661 0.04789570391052372 Penicillium-chrysogenum
12 12 -0.47833789075616484 0.27756823726243895 Penicillium-polonicum
12 12 0.4924927374556868 0.2615098726726201 Penicillium-verrucosum
12 12 0.5093124355329526 0.2429975822817669 Penicillium-cvjetkovicii
12 12 0.3849562574464256 0.3938048595846621 Penicillium-solitum
12 12 0.3482339900750415 0.44400313599534275 Penicillium-brevicompactum
12 12 0.4430537378565864 0.3194433740171082 Penicillium-commune
12 12 -0.26954423760405993 0.5588477149238922 Penicillium-mb
12 12 0.3108188544014656 0.49745209757847075 Penicillium-chrysogenum
12 12 0.41455092239668284 0.35511579774847096 Penicillium-polonicum
12 12 0.16648418006741936 0.7212681966507734 Penicillium-verrucosum
12 12 -0.1857151808705697 0.6901288934930795 Penicillium-cvjetkovicii
12 12 0.4363377346152123 0.3277037423495408 Penicillium-solitum
12 12 -0.45012218621423417 0.3108480832388323 Penicillium-brevicompactum
12 12 -0.1830035512685375 0.6944996071138346 Penicillium-commune
12 12 -0.3629381376202709 0.4236226167477916 Penicillium-mb
12 12 -0.006566442847408792 0.9888527007271231 Penicillium-chrysogenum
12 12 -9.87776649617568e-05 0.9998323098285968 Penicillium-polonicum
12 12 -0.18518256872875782 0.6909868428788213 Penicillium-verrucosum
12 12 -0.07336191880072603 0.8757918113873859 Penicillium-cvjetkovicii
12 12 -0.01495523469235857 0.9746140441734157 Penicillium-solitum
10 12 -0.14171483832788542 0.7618259447449733 Penicillium-brevicompactum
10 12 0.005510465285455268 0.9906452856154162 Penicillium-commune
10 12 -0.8694705199695281 0.011006786875652621 Penicillium-mb
10 12 0.32443293707864423 0.47774832926853195 Penicillium-chrysogenum
10 12 0.3112448573796055 0.49683125704963127 Penicillium-polonicum
10 12 -0.3125733169457028 0.49489696767971103 Penicillium-verrucosum
10 12 0.3698797692250347 0.4141298576457506 Penicillium-cvjetkovicii
10 12 -0.10216445955368719 0.8274639532878633 Penicillium-solitum
12 12 -0.10269871437968268 0.8265712110006053 Penicillium-brevicompactum
12 12 -0.22847205667874235 0.6221772333062119 Penicillium-commune
12 12 -0.29144243792590663 0.5259739343997607 Penicillium-mb
12 12 0.21771401225586404 0.6390940516178676 Penicillium-chrysogenum
12 12 0.2134091236621146 0.6458988224498526 Penicillium-polonicum
12 12 -0.473650122219628 0.2829813266284914 Penicillium-verrucosum
12 12 -0.3444814901163294 0.44926233606574734 Penicillium-cvjetkovicii
12 12 -0.2692368352893767 0.5593138124606858 Penicillium-solitum
12 12 -0.42049219032423263 0.3475485063739134 Penicillium-brevicompactum
12 12 -0.472287139716629 0.2845639733717654 Penicillium-commune
12 12 -0.5998712372297395 0.1544891911171019 Penicillium-mb
12 12 -0.324913677342661 0.4770577820313026 Penicillium-chrysogenum
12 12 0.30998279502725995 0.49867133216841797 Penicillium-polonicum
12 12 -0.359166125060927 0.4288157744238135 Penicillium-verrucosum
12 12 0.3400186718847331 0.45554723581805173 Penicillium-cvjetkovicii
12 12 0.29360977687359213 0.5227565714887857 Penicillium-solitum
12 10 0.11633103889052707 0.8038438829343538 Penicillium-brevicompactum
12 10 -0.5590801795243007 0.19196945691934533 Penicillium-commune
12 10 0.4514450819719691 0.30925075721587064 Penicillium-mb
12 10 0.45664578261161043 0.30300606465165364 Penicillium-chrysogenum
12 10 0.45170174065951385 0.3089412711639061 Penicillium-polonicum
12 10 -0.6035937522986854 0.1512693673652431 Penicillium-verrucosum
12 10 -0.6035934794587392 0.15126960211721488 Penicillium-cvjetkovicii
12 10 0.43358841017596345 0.33111135949711973 Penicillium-solitum
12 10 -0.16441902355638524 0.7246311454195786 Penicillium-brevicompactum
12 10 -0.09806264262922468 0.8343229730488704 Penicillium-commune
12 10 0.21880545779640354 0.6373719672688425 Penicillium-mb
12 10 0.21880545779632218 0.6373719672689706 Penicillium-chrysogenum
12 10 -0.5134208005106506 0.23857122454402802 Penicillium-polonicum
12 10 -0.2530714359871906 0.5839971683068557 Penicillium-verrucosum
12 10 -0.27250845968326515 0.5543596544907433 Penicillium-cvjetkovicii
12 10 -0.15936294831912548 0.7328793578470263 Penicillium-solitum
12 12 0.2977142072145115 0.5166820775359402 Penicillium-brevicompactum
12 12 0.3426708477624496 0.4518082944639738 Penicillium-commune
12 12 0.23271143887175952 0.6155465740334127 Penicillium-mb
12 12 -0.5679858491360325 0.1834463145235695 Penicillium-chrysogenum
12 12 0.25839919853486276 0.575825128708789 Penicillium-polonicum
12 12 0.11218205888304893 0.8107499212082429 Penicillium-verrucosum
12 12 -0.2155780837527128 0.6424678470992737 Penicillium-cvjetkovicii
12 12 -0.3364961469600805 0.46053086113567454 Penicillium-solitum
10 10 -0.2333728430624407 0.6145139555222525 Penicillium-brevicompactum
10 10 -0.21032898504514733 0.6507797202813705 Penicillium-commune
10 10 -0.11616545619102417 0.8041193060770746 Penicillium-mb
10 10 -0.3442939465163818 0.4495257923285772 Penicillium-chrysogenum
10 10 -0.3044975316316678 0.5066964580206772 Penicillium-polonicum
10 10 -0.17407161040104563 0.708943593535935 Penicillium-verrucosum
10 10 -0.17407145464924925 0.7089438460219972 Penicillium-cvjetkovicii
10 10 -0.26998513358757475 0.5581794262489641 Penicillium-solitum
12 8 -0.22622033686714133 0.6257073655219119 Penicillium-brevicompactum
12 8 -0.31560823276743594 0.4904880394772435 Penicillium-commune
12 8 -0.16121660630747714 0.7298529870654238 Penicillium-mb
12 8 -0.3120066954900058 0.4957216650106645 Penicillium-chrysogenum
12 8 -0.10262046913940491 0.8267019498957052 Penicillium-polonicum
12 8 -0.12526440968031932 0.7890090059251534 Penicillium-verrucosum
12 8 -0.1252641431762957 0.7890094477495752 Penicillium-cvjetkovicii
12 8 -0.28138946237121426 0.5409838366719006 Penicillium-solitum
12 10 -0.3295624928200085 0.4703988381138318 Penicillium-brevicompactum
12 10 -0.39213610846970903 0.38426926974212267 Penicillium-commune
12 10 -0.5288595783796192 0.22227762348191085 Penicillium-mb
12 10 -0.6695438496530725 0.09992736791700513 Penicillium-chrysogenum
12 10 0.21198446443700844 0.6481551446370204 Penicillium-polonicum
12 10 0.05621343464664896 0.9047198163544581 Penicillium-verrucosum
12 10 0.05621355066890786 0.9047196203218197 Penicillium-cvjetkovicii
12 10 0.210006156618522 0.6512918633827485 Penicillium-solitum
12 12 0.41960877493062126 0.3486693750697124 Penicillium-brevicompactum
12 12 0.22507109356052124 0.6275112875107639 Penicillium-commune
12 12 0.07110703486338653 0.8795898971562465 Penicillium-mb
12 12 -0.4553256669842257 0.30458590011614606 Penicillium-chrysogenum
12 12 -0.363211850590333 0.42324673061489976 Penicillium-polonicum
12 12 -0.4758458908250455 0.2804399824999908 Penicillium-verrucosum
12 12 -0.054705652441383285 0.9072677057927956 Penicillium-cvjetkovicii
12 12 -0.28427970281079706 0.5366540412598657 Penicillium-solitum
12 8 0.5004892404775639 0.2526307942615341 Penicillium-brevicompactum
12 8 0.2814667742071948 0.5408678677701373 Penicillium-commune
12 8 0.10662368096388225 0.8200171762281201 Penicillium-mb
12 8 0.08412214458784652 0.8576945757398485 Penicillium-chrysogenum
12 8 -0.1099187437426122 0.814521385099242 Penicillium-polonicum
12 8 0.04435015154182804 0.9247828689108875 Penicillium-verrucosum
12 8 0.05929973427830458 0.8995065525938808 Penicillium-cvjetkovicii
12 8 -0.11255424376538048 0.8101300096839361 Penicillium-solitum
12 12 0.40351582263364555 0.3693503932010337 Penicillium-brevicompactum
12 12 0.23603329836631945 0.6103654355249255 Penicillium-commune
12 12 -0.16064721029026638 0.7307823154318327 Penicillium-mb
12 12 -0.15454087901708205 0.7407649175636994 Penicillium-chrysogenum
12 12 0.1124903494032309 0.8102364265967441 Penicillium-polonicum
12 12 -0.06436341552765493 0.8909594583107963 Penicillium-verrucosum
12 12 -0.15686357691500613 0.7369643042963704 Penicillium-cvjetkovicii
12 12 -0.2001174699093053 0.6670315543566439 Penicillium-solitum
10 12 0.33237869835672096 0.4663815472293741 Penicillium-brevicompactum
10 12 0.42258348824284236 0.3449011366123017 Penicillium-commune
10 12 0.2919116527250511 0.5252768290241813 Penicillium-mb
10 12 -0.6733783441798369 0.09727837174420607 Penicillium-chrysogenum
10 12 0.3868842423781058 0.3912350744061133 Penicillium-polonicum
10 12 0.14777202624127664 0.7518644438305924 Penicillium-verrucosum
10 12 -0.4935603616927889 0.2603163069312511 Penicillium-cvjetkovicii
10 12 0.43277616106185884 0.33212097343350444 Penicillium-solitum
12 12 0.2610793752147475 0.5717277137006609 Penicillium-brevicompactum
12 12 0.33150991373144983 0.46761951416337066 Penicillium-commune
12 12 0.2429063361771931 0.5996866061297359 Penicillium-mb
12 12 0.23004270464469417 0.6197182483223564 Penicillium-chrysogenum
12 12 -0.4093023850140711 0.3618572143483939 Penicillium-polonicum
12 12 -0.31746129953418445 0.4878029245510366 Penicillium-verrucosum
12 12 0.130848730223267 0.7797610386288616 Penicillium-cvjetkovicii
12 12 -0.4923954307237599 0.26161878190226684 Penicillium-solitum
12 12 -0.3476709546227556 0.444790753442995 Penicillium-brevicompactum
12 12 -0.19852192089941473 0.669580438134805 Penicillium-commune
12 12 0.20099987019386198 0.6656230135593153 Penicillium-mb
12 12 -0.330481118479003 0.4690870414381228 Penicillium-chrysogenum
12 12 -0.29508958042320566 0.520563693097778 Penicillium-polonicum
12 12 0.2449901999468431 0.5964599796540914 Penicillium-verrucosum
12 12 -0.3910574462399147 0.38569583501003335 Penicillium-cvjetkovicii
12 12 -0.29213283294709663 0.52494833343081 Penicillium-solitum
12 12 0.44484228914590807 0.31725888169788025 Penicillium-brevicompactum
12 12 0.1955765284008538 0.6742923044339277 Penicillium-commune
12 12 -0.017333333376364914 0.9705784395745192 Penicillium-mb
12 12 0.017686621890532862 0.9699789541830417 Penicillium-chrysogenum
12 12 -0.10262046904458468 0.826701950054141 Penicillium-polonicum
12 12 -0.6104273308096021 0.14544706425067383 Penicillium-verrucosum
12 12 -0.4402248896010777 0.32291166296701845 Penicillium-cvjetkovicii
12 12 -0.4314503578958641 0.33377174301678014 Penicillium-solitum
12 10 0.10725105072450228 0.81897033729659 Penicillium-brevicompactum
12 10 -0.16533235684955488 0.7231434152818096 Penicillium-commune
12 10 -0.30712035647080604 0.5028535874905105 Penicillium-mb
12 10 -0.30712035676761007 0.5028535870562216 Penicillium-chrysogenum
12 10 -0.19665203287854863 0.6725707867064394 Penicillium-polonicum
12 10 -0.2081936572471576 0.6541692767940279 Penicillium-verrucosum
12 10 -0.24625153238824793 0.5945094989950699 Penicillium-cvjetkovicii
12 10 -0.08330275052182849 0.8590710256319983 Penicillium-solitum
12 12 0.5380959744837702 0.21278967666989362 Penicillium-brevicompactum
12 12 0.21533836097363035 0.6428468061837376 Penicillium-commune
12 12 0.10577372669128372 0.8214357618883733 Penicillium-mb
12 12 -0.2512812757404854 0.5867510014826289 Penicillium-chrysogenum
12 12 -0.02105947252523637 0.9642562564831259 Penicillium-polonicum
12 12 -0.22830510848921823 0.6224387697366569 Penicillium-verrucosum
12 12 -0.217574627976894 0.6393140652940903 Penicillium-cvjetkovicii
12 12 -0.4032721432825488 0.3696673269154496 Penicillium-solitum
12 12 -0.05094226293922249 0.9136299004247403 Penicillium-brevicompactum
12 12 -0.24332039927686291 0.5990450602318633 Penicillium-commune
12 12 -0.21174204410830136 0.6485392944959346 Penicillium-mb
12 12 -0.2783373142873463 0.5455686505945171 Penicillium-chrysogenum
12 12 -0.3232640439075639 0.4794288623392435 Penicillium-polonicum
12 12 -0.31902201830553456 0.48554550845836486 Penicillium-verrucosum
12 12 -0.32958411225045553 0.4703679502066799 Penicillium-cvjetkovicii
12 12 -0.08330275038255797 0.8590710258659746 Penicillium-solitum
12 8 -0.44572332109790647 0.31618519599359335 Penicillium-brevicompactum
12 8 -0.4699854679025146 0.2872455301297936 Penicillium-commune
12 8 -0.11616545618196353 0.8041193060921461 Penicillium-mb
12 8 -0.06269326877996709 0.8937776393916963 Penicillium-chrysogenum
12 8 -0.3255387472482409 0.476160457055547 Penicillium-polonicum
12 8 -0.14032746351136982 0.7641113162359707 Penicillium-verrucosum
12 8 -0.14032630981543986 0.7641132172454324 Penicillium-cvjetkovicii
12 8 -0.053445592004071445 0.9093974744244616 Penicillium-solitum
12 12 -0.055135078993885214 0.906541984506764 Penicillium-brevicompactum
12 12 -0.2258499762856731 0.626288544425543 Penicillium-commune
12 12 -0.11616545622724554 0.8041193060168238 Penicillium-mb
12 12 -0.5115612663942203 0.24057000901616585 Penicillium-chrysogenum
12 12 -0.12916092331703447 0.7825540144293391 Penicillium-polonicum
12 12 -0.2449932432737102 0.5964552712392377 Penicillium-verrucosum
12 12 -0.10700602177612652 0.8193791710367839 Penicillium-cvjetkovicii
12 12 -0.11343903052506638 0.80865662515416 Penicillium-solitum
12 12 0.8274924975053216 0.021582971704626776 Penicillium-brevicompactum
12 12 -0.0069105307526146085 0.9882685987513189 Penicillium-commune
12 12 -0.40195296397570623 0.37138501109186983 Penicillium-mb
12 12 0.3410502059746956 0.45409165096430426 Penicillium-chrysogenum
12 12 0.3004691011948352 0.5126185344104479 Penicillium-polonicum
12 12 0.5313544118789367 0.21969553389301633 Penicillium-verrucosum
12 12 0.49710635393280794 0.2563699173382466 Penicillium-cvjetkovicii
12 12 0.24745493029883456 0.5926504088083202 Penicillium-solitum
10 12 0.5897611334912045 0.16340466981861218 Penicillium-brevicompactum
10 12 0.20876049956586487 0.653269025044784 Penicillium-commune
10 12 -0.11616545622000456 0.8041193060288685 Penicillium-mb
10 12 -0.25088877457540903 0.5873553240433387 Penicillium-chrysogenum
10 12 -0.3609556770545425 0.42634894847639176 Penicillium-polonicum
10 12 -0.1848982006100796 0.6914450202267721 Penicillium-verrucosum
10 12 -0.23584497697631124 0.6106588192802517 Penicillium-cvjetkovicii
10 12 0.010008590287906698 0.9830097404141342 Penicillium-solitum
10 12 0.39913991405990806 0.3750587261377953 Penicillium-brevicompactum
10 12 0.3764978687228413 0.4051580423943781 Penicillium-commune
10 12 -0.3471823299918996 0.44547470588091825 Penicillium-mb
10 12 -0.46079114161617374 0.29806862071115836 Penicillium-chrysogenum
10 12 0.2658842322408194 0.5644052574238932 Penicillium-polonicum
10 12 -0.23741727226359133 0.6082106312703714 Penicillium-verrucosum
10 12 0.11991331475220575 0.7978892676262445 Penicillium-cvjetkovicii
10 12 0.2602567862810132 0.5729842990775025 Penicillium-solitum
12 12 0.36914868146234037 0.41512567823507385 Penicillium-brevicompactum
12 12 0.35744175453083693 0.4311979226929922 Penicillium-commune
12 12 0.23640678785013372 0.6097837030846744 Penicillium-mb
12 12 0.08799553437450197 0.8511918321283778 Penicillium-chrysogenum
12 12 0.07292990358864228 0.8765193450665241 Penicillium-polonicum
12 12 0.1584599874762514 0.7343545740929406 Penicillium-verrucosum
12 12 0.08331419551698005 0.8590517979246257 Penicillium-cvjetkovicii
12 12 0.2856454234507736 0.5346121175557111 Penicillium-solitum
12 12 -0.08759879659197291 0.8518575825017052 Penicillium-brevicompactum
12 12 0.05958650102282652 0.8990223002835167 Penicillium-commune
12 12 -0.10912326941224679 0.8158475996928544 Penicillium-mb
12 12 0.21174141228961282 0.6485402957844245 Penicillium-chrysogenum
12 12 0.11806754906837943 0.8009564227043215 Penicillium-polonicum
12 12 0.08728219300625943 0.8523889129703421 Penicillium-verrucosum
12 12 0.14137318624966075 0.7623886085224961 Penicillium-cvjetkovicii
12 12 0.20611193882622467 0.6574782878678316 Penicillium-solitum
8 12 -0.40638181950777114 0.36563122024552897 Penicillium-brevicompactum
8 12 -0.16701624965470513 0.7204023381494318 Penicillium-commune
8 12 -0.3009698380270808 0.5118811210604468 Penicillium-mb
8 12 -0.005222011183870431 0.9911349593501895 Penicillium-chrysogenum
8 12 0.0009911783031390062 0.9983173242779728 Penicillium-polonicum
8 12 -0.40091115693663504 0.372743838618477 Penicillium-verrucosum
8 12 0.6225719811194919 0.13538375233028327 Penicillium-cvjetkovicii
8 12 -0.25576280579637795 0.5798645177001793 Penicillium-solitum
10 10 0.6045303242314906 0.1504646147105854 Penicillium-brevicompactum
10 10 0.3162412987227415 0.4895701293000712 Penicillium-commune
10 10 0.1011500485939867 0.8291594446348455 Penicillium-mb
10 10 -0.2567183407627387 0.5783994646918216 Penicillium-chrysogenum
10 10 -0.27521653630411386 0.5502696711748191 Penicillium-polonicum
10 10 -0.10146785869217063 0.828628198333291 Penicillium-verrucosum
10 10 -0.10146780396588866 0.8286282898084076 Penicillium-cvjetkovicii
10 10 0.1765966022100568 0.7048531769411767 Penicillium-solitum
8 12 -0.3691495628107395 0.4151244771806941 Penicillium-brevicompactum
8 12 -0.14098895861792926 0.76302148898944 Penicillium-commune
8 12 0.32350392450893933 0.4790838090251145 Penicillium-mb
8 12 -0.27044217649520047 0.5574869345317683 Penicillium-chrysogenum
8 12 0.31108616408092393 0.49706249869053565 Penicillium-polonicum
8 12 0.36986901063663197 0.41414450522863583 Penicillium-verrucosum
8 12 -0.35735247645214413 0.43132139457823127 Penicillium-cvjetkovicii
8 12 -0.2407064071905042 0.603098600273021 Penicillium-solitum
12 12 0.5643424041955081 0.18691052766379895 Penicillium-brevicompactum
12 12 -0.006910530878943957 0.9882685985368709 Penicillium-commune
12 12 -0.41519883272290464 0.3542872569364218 Penicillium-mb
12 12 -0.2359349614205005 0.6105186283699603 Penicillium-chrysogenum
12 12 -0.20853660031951568 0.6536245791038716 Penicillium-polonicum
12 12 -0.2647188990132791 0.5661784408015545 Penicillium-verrucosum
12 12 0.2536089281765714 0.5831711139760937 Penicillium-cvjetkovicii
12 12 0.1592416113723217 0.7330775547009687 Penicillium-solitum
12 12 0.031342062419792316 0.9468181921739547 Penicillium-brevicompactum
12 12 -0.2204524839432608 0.6347757411953748 Penicillium-commune
12 12 0.20099930671480307 0.6656239127699368 Penicillium-mb
12 12 0.18347875093273838 0.6937331715675197 Penicillium-chrysogenum
12 12 0.1839640618176187 0.692950642032593 Penicillium-polonicum
12 12 0.24498928650388666 0.5964613928690449 Penicillium-verrucosum
12 12 -0.5110185874495644 0.24115478621479686 Penicillium-cvjetkovicii
12 12 0.17828201496129042 0.7021259913120983 Penicillium-solitum
12 12 -0.2676891284366208 0.5616624099343128 Penicillium-brevicompactum
12 12 -0.23044416181651903 0.6190901830878656 Penicillium-commune
12 12 -0.30602471447330193 0.5044576426825256 Penicillium-mb
12 12 -0.11657363536056199 0.8034403875382857 Penicillium-chrysogenum
12 12 -0.338822072284662 0.45723791321461127 Penicillium-polonicum
12 12 -0.34358867877833943 0.4505170517749708 Penicillium-verrucosum
12 12 -0.24499021253659806 0.5964599601761116 Penicillium-cvjetkovicii
12 12 -0.27999778834132394 0.5430727720696295 Penicillium-solitum
12 12 0.4998512438479171 0.253334046628784 Penicillium-brevicompactum
12 12 0.5577714226936257 0.19323781672816914 Penicillium-commune
12 12 0.3964661456606837 0.3785642189617261 Penicillium-mb
12 12 0.3949425557388234 0.38056768126157486 Penicillium-chrysogenum
12 12 0.4261194568564265 0.34044438468394067 Penicillium-polonicum
12 12 -0.5411342420389801 0.20971163641269586 Penicillium-verrucosum
12 12 -0.47622708059282726 0.2799998460956463 Penicillium-cvjetkovicii
12 12 0.4574650473732741 0.3020274302919703 Penicillium-solitum
12 12 0.08759590267486347 0.8518624389297768 Penicillium-brevicompactum
12 12 0.4165656433251257 0.3525420440283324 Penicillium-commune
12 12 0.3581799863118405 0.4301774652192234 Penicillium-mb
12 12 -0.11287406423803133 0.8095973793950866 Penicillium-chrysogenum
12 12 0.40074686955844696 0.37295830385622825 Penicillium-polonicum
12 12 0.35038722335957734 0.4409958953295592 Penicillium-verrucosum
12 12 0.34304883258471713 0.45127636229978996 Penicillium-cvjetkovicii
12 12 -0.12522482027697063 0.7890746398179874 Penicillium-solitum
12 12 0.3943133974068001 0.3813962525238529 Penicillium-brevicompactum
12 12 0.25299473056529537 0.5841150837738343 Penicillium-commune
12 12 -0.0920478879386615 0.8443958134720879 Penicillium-mb
12 12 -0.14267700312054038 0.7602418128644511 Penicillium-chrysogenum
12 12 -0.5773337111819653 0.17470311560136204 Penicillium-polonicum
12 12 0.02249132170835947 0.961827203130009 Penicillium-verrucosum
12 12 -0.05425061792429395 0.9080367599400279 Penicillium-cvjetkovicii
12 12 0.15927956019502174 0.7330155662363459 Penicillium-solitum
12 12 -0.3342518549162724 0.4637165130491061 Penicillium-brevicompactum
12 12 -0.31104851325943567 0.4971173675548093 Penicillium-commune
12 12 -0.4872377638118952 0.26742093986045273 Penicillium-mb
12 12 -0.23916436024300483 0.6054936838646521 Penicillium-chrysogenum
12 12 -0.409140387051145 0.362066126832754 Penicillium-polonicum
12 12 0.20791850643883622 0.6546063879897172 Penicillium-verrucosum
12 12 -0.2720156075707546 0.5551050604573815 Penicillium-cvjetkovicii
12 12 0.17102961754594392 0.7138789224077444 Penicillium-solitum
12 12 0.3216709576365593 0.4817226896770663 Penicillium-brevicompactum
12 12 0.4113217050279095 0.3592572942538473 Penicillium-commune
12 12 0.39532848572390317 0.38005979193482164 Penicillium-mb
12 12 0.31572502764001553 0.49031864743741205 Penicillium-chrysogenum
12 12 -0.6125710950196066 0.14364421791308182 Penicillium-polonicum
12 12 0.09413903519695749 0.8408918224961653 Penicillium-verrucosum
12 12 -0.5720734097923822 0.17959745611046865 Penicillium-cvjetkovicii
12 12 0.4337063928646712 0.3309648178672357 Penicillium-solitum
12 12 0.17742174418545886 0.7035176896425308 Penicillium-brevicompactum
12 12 0.1005860749963856 0.8301023012580526 Penicillium-commune
12 12 -0.11616545622000456 0.8041193060288685 Penicillium-mb
12 12 -0.472367869035048 0.28447012354724 Penicillium-chrysogenum
12 12 -0.014169423472604853 0.9759476543066468 Penicillium-polonicum
12 12 -0.3360940238153998 0.46110105694852443 Penicillium-verrucosum
12 12 -0.22414079951003113 0.6289726141353632 Penicillium-cvjetkovicii
12 12 -0.5336322508498251 0.21735048856435446 Penicillium-solitum
12 12 -0.33377168612125846 0.4643991379061455 Penicillium-brevicompactum
12 12 -0.33956563980051685 0.4561870516330516 Penicillium-commune
12 12 -0.30486901767402896 0.50615155024469 Penicillium-mb
12 12 -0.43457972724279126 0.32988094572114346 Penicillium-chrysogenum
12 12 -0.26350582160212904 0.5680261476599886 Penicillium-polonicum
12 12 0.20791853256509435 0.6546063464811906 Penicillium-verrucosum
12 12 -0.31192672799457233 0.49583809389850764 Penicillium-cvjetkovicii
12 12 0.17102962969054444 0.713878902688402 Penicillium-solitum
12 10 -0.3588157199417866 0.4292994346718931 Penicillium-brevicompactum
12 10 0.684745977327833 0.08964443467643374 Penicillium-commune
12 10 0.9691057983018253 0.0003168986300404771 Penicillium-mb
12 10 0.6660196295309831 0.10239485970342349 Penicillium-chrysogenum
12 10 0.5973450909439674 0.15669350256173087 Penicillium-polonicum
12 10 0.5718139388507327 0.17984058940219136 Penicillium-verrucosum
12 10 0.5715356117019864 0.1801015704222232 Penicillium-cvjetkovicii
12 10 0.640455352693299 0.12123211511128061 Penicillium-solitum
12 12 -0.20792098640951365 0.6546024478982639 Penicillium-brevicompactum
12 12 -0.18934265724026406 0.6842926837253699 Penicillium-commune
12 12 0.3251819235097426 0.4766726237675767 Penicillium-mb
12 12 0.32470315668810046 0.4773601346344718 Penicillium-chrysogenum
12 12 -0.3623590708394288 0.42441826610170785 Penicillium-polonicum
12 12 0.37937560075732446 0.40128105382668405 Penicillium-verrucosum
12 12 -0.5941645517457195 0.15949097454592742 Penicillium-cvjetkovicii
12 12 -0.5831449487131308 0.16937341223710292 Penicillium-solitum
10 10 0.7573393916740123 0.048643794043684234 Penicillium-brevicompactum
10 10 0.22483291421980922 0.6278853330211132 Penicillium-commune
10 10 -0.141286431582672 0.7625314972675548 Penicillium-mb
10 10 -0.11346685505804861 0.8086102978286621 Penicillium-chrysogenum
10 10 -0.13617858149996542 0.7709536913102082 Penicillium-polonicum
10 10 0.07806589809254774 0.8678746798964659 Penicillium-verrucosum
10 10 0.07806600830628378 0.8678744944996137 Penicillium-cvjetkovicii
10 10 0.0248904770155316 0.9577577019820579 Penicillium-solitum
12 10 -0.45779793844241046 0.3016301799277569 Penicillium-brevicompactum
12 10 -0.5959659673019437 0.15790349593791228 Penicillium-commune
12 10 0.5901938818562352 0.16301796260227094 Penicillium-mb
12 10 0.5901938818825758 0.16301796257874665 Penicillium-chrysogenum
12 10 0.5679726077755073 0.18345884734539653 Penicillium-polonicum
12 10 0.6999441991757711 0.07995119630936855 Penicillium-verrucosum
12 10 0.6953877763034384 0.08279553722153883 Penicillium-cvjetkovicii
12 10 -0.9442814618946865 0.0013657305281682198 Penicillium-solitum
12 12 0.317731878703338 0.48741129208579326 Penicillium-brevicompactum
12 12 0.20844773000731284 0.6537657204147154 Penicillium-commune
12 12 -0.17647267530319657 0.705053804017598 Penicillium-mb
12 12 0.09282954152823489 0.8430858091912077 Penicillium-chrysogenum
12 12 -0.3393716376109322 0.4564611424421836 Penicillium-polonicum
12 12 -0.07624517212437115 0.8709380795257312 Penicillium-verrucosum
12 12 -0.11541893576673316 0.8053612357798563 Penicillium-cvjetkovicii
12 12 -0.36311332992454354 0.4233820127759729 Penicillium-solitum
10 12 -0.24379712252366653 0.598306684462383 Penicillium-brevicompactum
10 12 -0.3563060888840455 0.4327695613391495 Penicillium-commune
10 12 0.21771401900735088 0.6390940409613682 Penicillium-mb
10 12 -0.32008168188414426 0.4840149530759707 Penicillium-chrysogenum
10 12 0.21340912973899576 0.6458988128301015 Penicillium-polonicum
10 12 -0.348616372462943 0.4434685304644901 Penicillium-verrucosum
10 12 -0.4935608529994382 0.2603157582413183 Penicillium-cvjetkovicii
10 12 -0.41388583995838424 0.35596713696390897 Penicillium-solitum
10 12 0.32393068854408896 0.4784701573285443 Penicillium-brevicompactum
10 12 0.5898792002291309 0.16329911942003225 Penicillium-commune
10 12 0.43342327330014363 0.3313165159927755 Penicillium-mb
10 12 0.4333636301712876 0.331390626499302 Penicillium-chrysogenum
10 12 0.4575152135716639 0.3019675505465279 Penicillium-polonicum
10 12 0.41841503059992696 0.35018639055355033 Penicillium-verrucosum
10 12 -0.882174075219947 0.008581777852787052 Penicillium-cvjetkovicii
10 12 0.4827747900711481 0.27248813401970673 Penicillium-solitum
10 12 -0.34823498291835475 0.44400174759477096 Penicillium-brevicompactum
10 12 0.22312679056489054 0.6305665385171463 Penicillium-commune
10 12 0.11128160438588637 0.8122500439416851 Penicillium-mb
10 12 0.20099979993212652 0.6656231256843144 Penicillium-chrysogenum
10 12 0.13009479376435062 0.7810084183610699 Penicillium-polonicum
10 12 0.24499008626304736 0.5964601555376413 Penicillium-verrucosum
10 12 -0.012160856541949885 0.9793566152545179 Penicillium-cvjetkovicii
10 12 0.13556061945879583 0.7719738606657361 Penicillium-solitum
10 10 0.5752646655136229 0.17662030791309621 Penicillium-brevicompactum
10 10 0.2248328695706827 0.6278854031456632 Penicillium-commune
10 10 -0.2317889524255858 0.6169876494794191 Penicillium-mb
10 10 -0.23178895372382277 0.6169876474506713 Penicillium-chrysogenum
10 10 0.1864156961725014 0.6890008816317849 Penicillium-polonicum
10 10 0.3389862934315552 0.45700574711989844 Penicillium-verrucosum
10 10 0.3400162744634895 0.4555506208093229 Penicillium-cvjetkovicii
10 10 0.02489040231220806 0.9577578286845227 Penicillium-solitum
12 12 -0.3708294605987961 0.41283767237094726 Penicillium-brevicompactum
12 12 -0.22756787297504352 0.6235940795752125 Penicillium-commune
12 12 0.2009999828131325 0.665622833839375 Penicillium-mb
12 12 -0.32061911504267865 0.48323935861475276 Penicillium-chrysogenum
12 12 -0.3317374169096608 0.46729521922200545 Penicillium-polonicum
12 12 -0.39130700155938825 0.3853656003144544 Penicillium-verrucosum
12 12 0.24499035284266946 0.5964597431044782 Penicillium-cvjetkovicii
12 12 -0.3038635337207657 0.5076268974216016 Penicillium-solitum
12 12 0.03611807783944874 0.9387240326667401 Penicillium-brevicompactum
12 12 0.07899130309193805 0.8663181733923426 Penicillium-commune
12 12 -0.13495892442702248 0.7729674264539567 Penicillium-mb
12 12 -0.11657363545118607 0.8034403873875628 Penicillium-chrysogenum
12 12 -0.027430497906917213 0.9534500578950594 Penicillium-polonicum
12 12 -0.10650083140211387 0.8202221898359752 Penicillium-verrucosum
12 12 -0.19827084264925565 0.6699817649530689 Penicillium-cvjetkovicii
12 12 -0.18585825899697792 0.6898984633739846 Penicillium-solitum
12 12 0.13311354356525665 0.7760161964380335 Penicillium-brevicompactum
12 12 0.26502334516689846 0.5657150216444006 Penicillium-commune
12 12 0.22508603838782304 0.6274878197215635 Penicillium-mb
12 12 -0.40545448553372027 0.36683291582227223 Penicillium-chrysogenum
12 12 -0.371256583136897 0.4122570291392253 Penicillium-polonicum
12 12 0.1391180752401016 0.7661046086224361 Penicillium-verrucosum
12 12 0.06539025772794509 0.889227231328214 Penicillium-cvjetkovicii
12 12 -0.38475637478481645 0.3940716657769314 Penicillium-solitum
12 12 0.5074844610557689 0.24497916774009662 Penicillium-brevicompactum
12 12 0.41643796877467926 0.3527049129289459 Penicillium-commune
12 12 0.2521900932461202 0.5853524547084102 Penicillium-mb
12 12 0.23705022066216747 0.6087819004746446 Penicillium-chrysogenum
12 12 -0.449685476799775 0.31137617346088603 Penicillium-polonicum
12 12 -0.34250497790365436 0.45204179450181664 Penicillium-verrucosum
12 12 -0.27031570235866886 0.5576785349918548 Penicillium-cvjetkovicii
12 12 0.31214694063920173 0.4955174980265019 Penicillium-solitum
10 10 -0.5260449469914853 0.22520777458513544 Penicillium-brevicompactum
10 10 -0.37111712286209875 0.41244658043232313 Penicillium-commune
10 10 -0.32507844375999445 0.47682119066402556 Penicillium-mb
10 10 0.20099999311986813 0.665622817391694 Penicillium-chrysogenum
10 10 -0.3100310962993152 0.49860086531170644 Penicillium-polonicum
10 10 -0.3968706422419414 0.3780330437798508 Penicillium-verrucosum
10 10 0.24499036094001925 0.5964597305768318 Penicillium-cvjetkovicii
10 10 -0.3738440952033783 0.4087463459437489 Penicillium-solitum
12 10 0.017043726010733874 0.9710698744343642 Penicillium-brevicompactum
12 10 0.08243691783708094 0.8605257933041353 Penicillium-commune
12 10 -0.45633256615704026 0.30338057740312935 Penicillium-mb
12 10 0.2177139420149988 0.639094162485558 Penicillium-chrysogenum
12 10 0.21340906061361314 0.6458989222561339 Penicillium-polonicum
12 10 -0.10483403426738785 0.8230045720923874 Penicillium-verrucosum
12 10 -0.10483377106797281 0.823005011567921 Penicillium-cvjetkovicii
12 10 -0.46653633515084303 0.2912848748139235 Penicillium-solitum
