#SPECIES: Penicillium-commune Penicillium-polonicum Penicillium-cvjetkovicii Penicillium-brevicompactum Penicillium-verrucosum Penicillium-solitum Penicillium-mb Penicillium-chrysogenum 
#GENE_TREEs p: 0.06900982835252838 0.2965916829430349 0.09343789258537315 0.09343788710032462 0.12043583952530147 0.12620018810553463 0.2998589107157439 0.04092994518854074 
#GENE_TREEs r: 0.7183318482613525 0.46203700663047403 0.6790361074229755 0.6790361155898768 0.6414925780497671 0.6340614152217621 -0.45928459175430164 0.7744324977534359 
8 10 -0.8881973799397274 0.00755202604381642 Penicillium-commune
8 10 0.4583759600854697 0.30094095260144343 Penicillium-polonicum
8 10 -0.05451040377206187 0.9075976886742062 Penicillium-cvjetkovicii
8 10 -0.05451070640345283 0.907597177199392 Penicillium-brevicompactum
8 10 0.330329339224794 0.46930368972717096 Penicillium-verrucosum
8 10 -0.4493182767283653 0.3118205115494277 Penicillium-solitum
8 10 0.5042541733936462 0.24849909115263139 Penicillium-mb
8 10 -0.630441947967442 0.12905777760707196 Penicillium-chrysogenum
12 12 0.13392420044822542 0.7746766194172284 Penicillium-commune
12 12 -0.23246300773267078 0.6159345679473178 Penicillium-polonicum
12 12 -0.32915864189986205 0.47097596026022126 Penicillium-cvjetkovicii
12 12 -0.31793838449021067 0.4871124741062487 Penicillium-brevicompactum
12 12 -0.2928424052040933 0.5238949509074387 Penicillium-verrucosum
12 12 0.25970404555673715 0.5738291514229086 Penicillium-solitum
12 12 -0.13278655542780748 0.7765566559537067 Penicillium-mb
12 12 0.2966839541880253 0.5182045558903665 Penicillium-chrysogenum
10 12 -0.24338763553276216 0.5989409043800247 Penicillium-commune
10 12 0.03760730423832414 0.9362009955342913 Penicillium-polonicum
10 12 -0.009117851677279987 0.9845216976566937 Penicillium-cvjetkovicii
10 12 -0.013569016568627731 0.9769666425957999 Penicillium-brevicompactum
10 12 0.005503259915572949 0.9906575172748224 Penicillium-verrucosum
10 12 -0.7636945643216819 0.04569020163218409 Penicillium-solitum
10 12 -0.09813990351616003 0.8341936997600525 Penicillium-mb
10 12 -0.005415376727072431 0.9908067057393304 Penicillium-chrysogenum
12 12 -0.9064118489644972 0.0048907681970403296 Penicillium-commune
12 12 0.4491362383402212 0.3120408930999189 Penicillium-polonicum
12 12 0.32567663895722115 0.4759625877437548 Penicillium-cvjetkovicii
12 12 0.5361549824487649 0.21476724424957205 Penicillium-brevicompactum
12 12 0.37192026495969016 0.4113554357127718 Penicillium-verrucosum
12 12 0.24409745723753049 0.5978416496534459 Penicillium-solitum
12 12 0.8245020456423221 0.02249219739457315 Penicillium-mb
12 12 -0.6334029486271671 0.12671761860888206 Penicillium-chrysogenum
12 12 0.1339239752683946 0.7746769914560457 Penicillium-commune
12 12 0.009050939908654472 0.9846352765417505 Penicillium-polonicum
12 12 -0.48824550964928926 0.26628272387392843 Penicillium-cvjetkovicii
12 12 -0.5505173190820859 0.2003410934675299 Penicillium-brevicompactum
12 12 -0.05899530460650693 0.9000206587581562 Penicillium-verrucosum
12 12 0.24355825074406354 0.5986766283286477 Penicillium-solitum
12 12 -0.13278666033546407 0.7765564825464915 Penicillium-mb
12 12 -0.09542117444261636 0.8387444596219679 Penicillium-chrysogenum
12 12 0.8556384587907856 0.014048879455726655 Penicillium-commune
12 12 0.8347615537946097 0.019460918488210074 Penicillium-polonicum
12 12 0.8457605784980036 0.01648466660460907 Penicillium-cvjetkovicii
12 12 0.8620857101554084 0.012578005891460882 Penicillium-brevicompactum
12 12 0.9448893197572127 0.0013292274751768624 Penicillium-verrucosum
12 12 -0.41437448945241395 0.35534155807738643 Penicillium-solitum
12 12 0.8645369398292307 0.012043118619648447 Penicillium-mb
12 12 0.2828659543476553 0.5387704996717637 Penicillium-chrysogenum
10 12 -0.24338749482513244 0.5989411223448904 Penicillium-commune
10 12 -0.13019312419367735 0.7808457105067844 Penicillium-polonicum
10 12 0.01999080923400972 0.9660693290497179 Penicillium-cvjetkovicii
10 12 0.013908434926041248 0.9763905912395374 Penicillium-brevicompactum
10 12 -0.013289977130817008 0.9774402265073769 Penicillium-verrucosum
10 12 -0.7636947571200456 0.045690113568347686 Penicillium-solitum
10 12 0.06418563288133268 0.8912594031542491 Penicillium-mb
10 12 -0.017736696954561343 0.9698939841128178 Penicillium-chrysogenum
10 12 -0.2505618970529118 0.5878587532407783 Penicillium-commune
10 12 -0.23417284023299234 0.6132656341888351 Penicillium-polonicum
10 12 0.051599620728789146 0.9125183326707162 Penicillium-cvjetkovicii
10 12 -0.27039547213231924 0.5575576862705578 Penicillium-brevicompactum
10 12 -0.6923809685794489 0.08470147333397257 Penicillium-verrucosum
10 12 -0.6805480078972688 0.092425372933762 Penicillium-solitum
10 12 -0.027799453401383623 0.9528244159469585 Penicillium-mb
10 12 -0.2173154442610192 0.6397232344464272 Penicillium-chrysogenum
12 10 0.5439423113588442 0.20688583008735598 Penicillium-commune
12 10 0.274153652426437 0.5518737617189992 Penicillium-polonicum
12 10 0.49855688135211806 0.2547635560315494 Penicillium-cvjetkovicii
12 10 0.4738046029262484 0.2828021979972341 Penicillium-brevicompactum
12 10 0.45042691866598644 0.3104798172100893 Penicillium-verrucosum
12 10 -0.5070014613236862 0.24550399923090335 Penicillium-solitum
12 10 -0.19786786623872002 0.67062601821346 Penicillium-mb
12 10 -0.2953362057050437 0.5201985314897086 Penicillium-chrysogenum
12 12 -0.6409411570345914 0.12085882859375824 Penicillium-commune
12 12 0.47087875178531646 0.2862034808765127 Penicillium-polonicum
12 12 -0.6310188228981283 0.12860014272912154 Penicillium-cvjetkovicii
12 12 0.3941722314133518 0.3815822617248102 Penicillium-brevicompactum
12 12 0.46223220235784473 0.2963605772732702 Penicillium-verrucosum
12 12 -0.4266386526934941 0.3397920507458279 Penicillium-solitum
12 12 0.5630851834487925 0.18811321697574504 Penicillium-mb
12 12 -0.14889328428216886 0.7500234135848585 Penicillium-chrysogenum
12 12 -0.4729029048614414 0.2838484805725881 Penicillium-commune
12 12 -0.4120600538577711 0.3583085957775127 Penicillium-polonicum
12 12 0.2588247659803588 0.5751739152299584 Penicillium-cvjetkovicii
12 12 -0.3728805729904044 0.4100522551383282 Penicillium-brevicompactum
12 12 0.2506391915091209 0.5877396989146744 Penicillium-verrucosum
12 12 0.1426183554949808 0.7603383527530383 Penicillium-solitum
12 12 -0.30827175548715197 0.5011698279572283 Penicillium-mb
12 12 0.26125515470185057 0.5714593058126626 Penicillium-chrysogenum
12 10 -0.08478985651311678 0.8565731392096871 Penicillium-commune
12 10 -0.3072322696729454 0.5026898434426756 Penicillium-polonicum
12 10 -0.25067405490699785 0.5876860022874051 Penicillium-cvjetkovicii
12 10 -0.07996885280620541 0.8646743339674092 Penicillium-brevicompactum
12 10 -0.08977548215796102 0.8482058396891743 Penicillium-verrucosum
12 10 -0.21614669317869556 0.6415692232156612 Penicillium-solitum
12 10 -0.03127853553771045 0.9469258802086913 Penicillium-mb
12 10 -0.22944399105744584 0.6206552553745062 Penicillium-chrysogenum
12 10 0.5335647917779369 0.2174197667677477 Penicillium-commune
12 10 -0.7031936547142271 0.0779550158521001 Penicillium-polonicum
12 10 0.4709530927813531 0.2861168353705152 Penicillium-cvjetkovicii
12 10 0.4709531119373582 0.2861168130454211 Penicillium-brevicompactum
12 10 0.41302582186704184 0.35706926195238886 Penicillium-verrucosum
12 10 -0.7830877200728419 0.03730247459177098 Penicillium-solitum
12 10 -0.19786786621977073 0.6706260182437588 Penicillium-mb
12 10 -0.13887459575422065 0.7665060315908316 Penicillium-chrysogenum
12 12 -0.4150516819147646 0.3544753609793339 Penicillium-commune
12 12 -0.19709281271305432 0.6718655755715871 Penicillium-polonicum
12 12 -0.33443744585044716 0.4634527695405129 Penicillium-cvjetkovicii
12 12 -0.2771878184238284 0.5472986718112528 Penicillium-brevicompactum
12 12 -0.4318402618038802 0.3332859080597709 Penicillium-verrucosum
12 12 -0.11620194028602501 0.804058618617522 Penicillium-solitum
12 12 -0.5505514327430509 0.20030740013210585 Penicillium-mb
12 12 -0.08644085988729518 0.8538010703095618 Penicillium-chrysogenum
12 12 0.00956521522502466 0.9837623291386377 Penicillium-commune
12 12 -0.23417284028091773 0.6132656341140741 Penicillium-polonicum
12 12 -0.02630759367024469 0.9553542950373705 Penicillium-cvjetkovicii
12 12 -0.19824507371007719 0.6700229579002831 Penicillium-brevicompactum
12 12 -0.9516543411286407 0.0009616250845001772 Penicillium-verrucosum
12 12 -0.1082975939199523 0.817224535355356 Penicillium-solitum
12 12 0.08185597780837162 0.8615020618240862 Penicillium-mb
12 12 -0.07550616006708061 0.8721818466874963 Penicillium-chrysogenum
12 12 0.3320515821795307 0.4668475272237058 Penicillium-commune
12 12 -0.5364402678362534 0.21447603819658695 Penicillium-polonicum
12 12 0.2772808188347422 0.5471586370434097 Penicillium-cvjetkovicii
12 12 0.30711039138251384 0.5028681686573113 Penicillium-brevicompactum
12 12 -0.5572055360369732 0.1937874872313472 Penicillium-verrucosum
12 12 -0.5960362845762863 0.1578416898997923 Penicillium-solitum
12 12 0.20217286097874107 0.6637518239995532 Penicillium-mb
12 12 0.11129789381222699 0.812222902313783 Penicillium-chrysogenum
12 10 -0.90641182571825 0.004890771171158223 Penicillium-commune
12 10 0.6689551886574462 0.1003373328644153 Penicillium-polonicum
12 10 0.48230135541323077 0.27302818564438025 Penicillium-cvjetkovicii
12 10 0.5010728360075116 0.25198829385680965 Penicillium-brevicompactum
12 10 0.5323954197676978 0.21862233392025374 Penicillium-verrucosum
12 10 0.3947806815887439 0.38078079188047964 Penicillium-solitum
12 10 0.6565447450494607 0.10918444136055243 Penicillium-mb
12 10 -0.6334030067198428 0.12671757291125493 Penicillium-chrysogenum
12 12 -0.17047245703359534 0.7147837240907846 Penicillium-commune
12 12 -0.23417284040111142 0.6132656339265787 Penicillium-polonicum
12 12 -0.2986339736152724 0.5153241710842281 Penicillium-cvjetkovicii
12 12 -0.2912815347082306 0.5262130578939838 Penicillium-brevicompactum
12 12 -0.2954084262086478 0.5200916159487716 Penicillium-verrucosum
12 12 -0.1303743890158366 0.780545787359844 Penicillium-solitum
12 12 -0.3286519717115414 0.47170038113067586 Penicillium-mb
12 12 0.016755790695594613 0.9715584792076662 Penicillium-chrysogenum
12 10 -0.08478991223840228 0.8565730456258571 Penicillium-commune
12 10 -0.41421296175914374 0.35554829834858515 Penicillium-polonicum
12 10 -0.14524547260268195 0.7560162942792708 Penicillium-cvjetkovicii
12 10 -0.071266140346798 0.8793218418505119 Penicillium-brevicompactum
12 10 -0.08057455256006048 0.8636559886856214 Penicillium-verrucosum
12 10 -0.19403251201718832 0.6767657246613905 Penicillium-solitum
12 10 -0.027299421646894126 0.9536723299611944 Penicillium-mb
12 10 -0.1734455859714502 0.7099585998053086 Penicillium-chrysogenum
10 10 -0.9064116367075025 0.0048907953531755555 Penicillium-commune
10 10 0.7593596065447534 0.047693876396811906 Penicillium-polonicum
10 10 0.5429939968104839 0.20783808748369234 Penicillium-cvjetkovicii
10 10 0.5429939775540255 0.20783810684142515 Penicillium-brevicompactum
10 10 0.5786019397995349 0.17353304546038084 Penicillium-verrucosum
10 10 0.3405446809183406 0.45480477424084836 Penicillium-solitum
10 10 0.8325594437369147 0.02009065730776377 Penicillium-mb
10 10 -0.6334034790581792 0.12671720135455283 Penicillium-chrysogenum
10 10 0.04428869746361348 0.924886889362817 Penicillium-commune
10 10 -0.39683813111733446 0.3780757253917155 Penicillium-polonicum
10 10 -0.4819848471427677 0.27338949879407465 Penicillium-cvjetkovicii
10 10 -0.4819851906456224 0.27338910654818077 Penicillium-brevicompactum
10 10 0.20207973324390407 0.6639003335105356 Penicillium-verrucosum
10 10 -0.34788474533273045 0.4444916244768446 Penicillium-solitum
10 10 0.24130790501060917 0.6021651292437752 Penicillium-mb
10 10 -0.36423053279602846 0.4218489239957566 Penicillium-chrysogenum
12 12 -0.07128485109155505 0.8792903192496597 Penicillium-commune
12 12 -0.047199045236757345 0.9199616344535317 Penicillium-polonicum
12 12 -0.3675694631513822 0.4172799297258041 Penicillium-cvjetkovicii
12 12 -0.00397559608454141 0.9932508718048665 Penicillium-brevicompactum
12 12 -0.3830098476216705 0.39640602572672756 Penicillium-verrucosum
12 12 -0.2435576266535027 0.5986775949558438 Penicillium-solitum
12 12 -0.04392542754085023 0.9255017967622137 Penicillium-mb
12 12 -0.2922741646182954 0.5247384648939798 Penicillium-chrysogenum
12 12 -0.16634611149676748 0.7214929199649796 Penicillium-commune
12 12 -0.39610130632665325 0.3790435773610328 Penicillium-polonicum
12 12 -0.3197092924053367 0.4845526270944625 Penicillium-cvjetkovicii
12 12 -0.2424371217944007 0.6004138516263353 Penicillium-brevicompactum
12 12 -0.36184494899237324 0.4251251632044112 Penicillium-verrucosum
12 12 -0.41995595573680194 0.34822869479739 Penicillium-solitum
12 12 -0.19786786622622457 0.6706260182334395 Penicillium-mb
12 12 -0.48855514798144367 0.2659334399551074 Penicillium-chrysogenum
12 10 -0.3409751948095423 0.4541974397592055 Penicillium-commune
12 10 -0.27214285314148656 0.5549125789824458 Penicillium-polonicum
12 10 -0.1145981162748968 0.8067271467472616 Penicillium-cvjetkovicii
12 10 -0.14070595505599823 0.7634877053829006 Penicillium-brevicompactum
12 10 -0.0658117902819495 0.8885162299543371 Penicillium-verrucosum
12 10 0.7636952880925938 0.04568987103835062 Penicillium-solitum
12 10 0.0849131466912688 0.8563660916417873 Penicillium-mb
12 10 0.6011214094315372 0.15340406097478892 Penicillium-chrysogenum
10 12 0.24956516451825378 0.5893946508859893 Penicillium-commune
10 12 0.3721092461514546 0.41109885159594467 Penicillium-polonicum
10 12 0.2778921280827337 0.5462384543470313 Penicillium-cvjetkovicii
10 12 -0.47220886583873667 0.28465498187973254 Penicillium-brevicompactum
10 12 -0.4900507119958716 0.264249318658164 Penicillium-verrucosum
10 12 -0.0589456455118627 0.9001045232857272 Penicillium-solitum
10 12 0.3888221141937656 0.38865891703737315 Penicillium-mb
10 12 -0.2551993722425164 0.5807289289455593 Penicillium-chrysogenum
12 12 0.4134554152120269 0.3565185549224033 Penicillium-commune
12 12 0.3450951018214535 0.44840075564402615 Penicillium-polonicum
12 12 0.4269832638242649 0.339359362973183 Penicillium-cvjetkovicii
12 12 -0.0077629067029560605 0.986821677360771 Penicillium-brevicompactum
12 12 -0.010136167017848634 0.9827931923894633 Penicillium-verrucosum
12 12 0.34613354194593826 0.4469440834227833 Penicillium-solitum
12 12 0.27730160952476784 0.5471273332010713 Penicillium-mb
12 12 0.64923190304372 0.11457958294954931 Penicillium-chrysogenum
12 12 -0.20949702292342146 0.6520997872347705 Penicillium-commune
12 12 -0.2637077752610354 0.5677184082156159 Penicillium-polonicum
12 12 -0.24422585815538878 0.5976428683284583 Penicillium-cvjetkovicii
12 12 -0.2992014038887606 0.5144870518866554 Penicillium-brevicompactum
12 12 -0.27364127069416944 0.5526475838025862 Penicillium-verrucosum
12 12 -0.02331575489192147 0.960428703150225 Penicillium-solitum
12 12 -0.28294894286318295 0.5386461849225668 Penicillium-mb
12 12 0.0405709281428947 0.9311813236486527 Penicillium-chrysogenum
12 10 -0.6087254446880342 0.1468863623478399 Penicillium-commune
12 10 -0.632435692479536 0.12747966201150143 Penicillium-polonicum
12 10 0.3419899770532769 0.4527670640871214 Penicillium-cvjetkovicii
12 10 0.3419899964394836 0.4527670367775827 Penicillium-brevicompactum
12 10 -0.49652473018989374 0.2570153251525257 Penicillium-verrucosum
12 10 0.04902673687732401 0.9168696175373865 Penicillium-solitum
12 10 0.25768816853608434 0.5769136773478714 Penicillium-mb
12 10 0.2839727786101188 0.5371132881561368 Penicillium-chrysogenum
10 12 -0.2779932766680599 0.5460862478350362 Penicillium-commune
10 12 -0.01906559341971559 0.9676391256385566 Penicillium-polonicum
10 12 -0.42294365005971685 0.3444460686928672 Penicillium-cvjetkovicii
10 12 -0.2771878181742387 0.5472986721870867 Penicillium-brevicompactum
10 12 -0.6282726345331788 0.13078611569107185 Penicillium-verrucosum
10 12 0.2919438364648661 0.525229025593261 Penicillium-solitum
10 12 0.02773596492075089 0.952932072706608 Penicillium-mb
10 12 0.4155302154219619 0.353863800355396 Penicillium-chrysogenum
12 12 0.13392418255935304 0.77467664897296 Penicillium-commune
12 12 -0.22782659087574367 0.6231885769853178 Penicillium-polonicum
12 12 -0.36650141987913154 0.4187393366238956 Penicillium-cvjetkovicii
12 12 -0.5136586585770727 0.23831611392286453 Penicillium-brevicompactum
12 12 -0.38401216945051136 0.3950656766839613 Penicillium-verrucosum
12 12 0.1720685700292964 0.7121924261305995 Penicillium-solitum
12 12 -0.13278656376194786 0.7765566421777808 Penicillium-mb
12 12 0.18347844253663925 0.693733668903298 Penicillium-chrysogenum
12 12 0.5736815887458178 0.1780941267208023 Penicillium-commune
12 12 0.4131556104508617 0.3569028452616153 Penicillium-polonicum
12 12 0.4511311977879463 0.30962943102958185 Penicillium-cvjetkovicii
12 12 0.45397821412770123 0.30620216164934316 Penicillium-brevicompactum
12 12 0.5825954658873069 0.16987388187823954 Penicillium-verrucosum
12 12 -0.627148053990974 0.1316867044456112 Penicillium-solitum
12 12 -0.9334984871223487 0.0021129169348381017 Penicillium-mb
12 12 0.29533778549332074 0.5201961926842278 Penicillium-chrysogenum
12 12 0.4959596757984749 0.2576430576554571 Penicillium-commune
12 12 -0.6680134796521608 0.10099499803987898 Penicillium-polonicum
12 12 0.47371351151255175 0.2829078172228548 Penicillium-cvjetkovicii
12 12 -0.623140684414884 0.13492146187060639 Penicillium-brevicompactum
12 12 0.4414287085006354 0.32143375589029344 Penicillium-verrucosum
12 12 0.27899030846226136 0.5445866781940564 Penicillium-solitum
12 12 0.21663554951424072 0.6407969179877526 Penicillium-mb
12 12 0.46387078881740634 0.29442368058624935 Penicillium-chrysogenum
8 12 -0.5461759046539465 0.20465121441672318 Penicillium-commune
8 12 0.4052868946179221 0.3670502635649181 Penicillium-polonicum
8 12 -0.6130556985056541 0.143238249683534 Penicillium-cvjetkovicii
8 12 0.28379348686193173 0.5373816206394741 Penicillium-brevicompactum
8 12 -0.47877774827779807 0.27706272979438945 Penicillium-verrucosum
8 12 -0.5240578671324083 0.22728728273317597 Penicillium-solitum
8 12 0.42813502975731815 0.3379149209571738 Penicillium-mb
8 12 -0.17630604444533615 0.7053235865571185 Penicillium-chrysogenum
12 12 -0.18869203610720472 0.6853385511376135 Penicillium-commune
12 12 -0.33354845723913673 0.4647166137726853 Penicillium-polonicum
12 12 -0.21211251560409206 0.647952254177451 Penicillium-cvjetkovicii
12 12 -0.3232382762335001 0.47946593286783634 Penicillium-brevicompactum
12 12 -0.2736412707178431 0.552647583766825 Penicillium-verrucosum
12 12 -0.2224639177036995 0.6316091267580308 Penicillium-solitum
12 12 -0.37108346928587466 0.41249232673500574 Penicillium-mb
12 12 -0.2715216497678323 0.5558524636177342 Penicillium-chrysogenum
12 12 0.2933202187572489 0.5231860259688781 Penicillium-commune
12 12 -0.5873804016263702 0.1655402293714636 Penicillium-polonicum
12 12 -0.6916731240324686 0.08515350260703605 Penicillium-cvjetkovicii
12 12 0.3419813548571698 0.4527792103198641 Penicillium-brevicompactum
12 12 0.34412773340034714 0.44975933249513944 Penicillium-verrucosum
12 12 -0.37385526322145296 0.4087312189823207 Penicillium-solitum
12 12 0.25219314310064045 0.5853477631226378 Penicillium-mb
12 12 -0.08436904856978653 0.8572798729375777 Penicillium-chrysogenum
10 12 -0.4558506968051014 0.30395714445206523 Penicillium-commune
10 12 0.40354441243181505 0.369313216116513 Penicillium-polonicum
10 12 -0.48612138817723977 0.2686844188445924 Penicillium-cvjetkovicii
10 12 0.2837940075206755 0.5373808413441543 Penicillium-brevicompactum
10 12 -0.47877720372411386 0.2770633553682 Penicillium-verrucosum
10 12 -0.4212824663991692 0.3465470968425034 Penicillium-solitum
10 12 0.4247007671945608 0.34222956823483075 Penicillium-mb
10 12 -0.14997341589968358 0.7482508015767498 Penicillium-chrysogenum
12 10 0.5151103639504737 0.236761866077845 Penicillium-commune
12 10 0.3251727693201222 0.476685765851737 Penicillium-polonicum
12 10 0.48895078178707574 0.26548745274546204 Penicillium-cvjetkovicii
12 10 -0.6913028970695002 0.08539043713476542 Penicillium-brevicompactum
12 10 0.4604502596906811 0.29847329015546076 Penicillium-verrucosum
12 10 0.4447370551624513 0.31738723235953314 Penicillium-solitum
12 10 -0.46222120694366853 0.29637359338786434 Penicillium-mb
12 10 0.517820748379951 0.23387272098621 Penicillium-chrysogenum
12 12 0.2227096063320974 0.6312226429187525 Penicillium-commune
12 12 0.3980445999237555 0.37649315061456634 Penicillium-polonicum
12 12 0.18002418794281727 0.6993096291319387 Penicillium-cvjetkovicii
12 12 -0.9117542931700487 0.00423488454673936 Penicillium-brevicompactum
12 12 0.13091674275050977 0.7796485310719264 Penicillium-verrucosum
12 12 0.41778729925957603 0.35098522116544867 Penicillium-solitum
12 12 0.46211427897058327 0.2965001853863369 Penicillium-mb
12 12 -0.31206904314682227 0.4956308964714964 Penicillium-chrysogenum
12 12 -0.9034389709092998 0.00527976759944814 Penicillium-commune
12 12 0.19709158413661607 0.6718675409263466 Penicillium-polonicum
12 12 0.1982160754399591 0.6700693138814864 Penicillium-cvjetkovicii
12 12 -0.03604487332317637 0.9388480659052577 Penicillium-brevicompactum
12 12 0.08161784071213277 0.8619022913005145 Penicillium-verrucosum
12 12 0.02919831759705983 0.9504525234772087 Penicillium-solitum
12 12 0.20008767252276077 0.6670791323400538 Penicillium-mb
12 12 -0.5451438183237386 0.20568233008572603 Penicillium-chrysogenum
12 10 0.8684037579530046 0.011226334343125593 Penicillium-commune
12 10 0.8429069607659972 0.017229909465087477 Penicillium-polonicum
12 10 0.8698604623561581 0.010927155472231553 Penicillium-cvjetkovicii
12 10 0.8698604516873916 0.010927157646387936 Penicillium-brevicompactum
12 10 0.85183203434481 0.014961209659605216 Penicillium-verrucosum
12 10 -0.5083393361426306 0.24405152717998618 Penicillium-solitum
12 10 0.9334984237349822 0.0021129218963599405 Penicillium-mb
12 10 0.2828659544370604 0.538770499537832 Penicillium-chrysogenum
10 12 -0.23438256524656526 0.6129385004406049 Penicillium-commune
10 12 -0.2687808995928003 0.5600053529104352 Penicillium-polonicum
10 12 -0.3196987941445723 0.4845677880951261 Penicillium-cvjetkovicii
10 12 -0.3915568801114254 0.3850350523269946 Penicillium-brevicompactum
10 12 -0.3327882036291719 0.4657984440304649 Penicillium-verrucosum
10 12 0.3314852558624265 0.46765466773385317 Penicillium-solitum
10 12 -0.18817076551944376 0.686176777068063 Penicillium-mb
10 12 0.2847329432099056 0.5359761024020564 Penicillium-chrysogenum
12 10 -0.49951361515077247 0.2537065719432571 Penicillium-commune
12 10 0.46480929594546144 0.29331684511703 Penicillium-polonicum
12 10 0.3064240555190975 0.5038727879280225 Penicillium-cvjetkovicii
12 10 0.2275404643248921 0.6236370430651045 Penicillium-brevicompactum
12 10 -0.8586654871687962 0.013346695016408517 Penicillium-verrucosum
12 10 0.40447589094923336 0.36810279826917724 Penicillium-solitum
12 10 0.5040635060034369 0.2487075784928636 Penicillium-mb
12 10 -0.33019176865332306 0.469500088279965 Penicillium-chrysogenum
12 12 0.1123321031817338 0.8104999977934145 Penicillium-commune
12 12 -0.07588610218199435 0.871542372749224 Penicillium-polonicum
12 12 -0.5271212826859967 0.22408512856316548 Penicillium-cvjetkovicii
12 12 -0.4917922297915648 0.26229436733418543 Penicillium-brevicompactum
12 12 -0.2736412706820646 0.5526475838208716 Penicillium-verrucosum
12 12 0.2183396144391212 0.6381068175006335 Penicillium-solitum
12 12 -0.41835001355973395 0.3502690937470743 Penicillium-mb
12 12 0.3131678722831433 0.49403213557794745 Penicillium-chrysogenum
10 12 -0.5804344022164625 0.17184924127623616 Penicillium-commune
10 12 -0.5946225457713038 0.15908662288294773 Penicillium-polonicum
10 12 0.33230910884881515 0.46648066382056474 Penicillium-cvjetkovicii
10 12 0.33722413776886473 0.4594992610165956 Penicillium-brevicompactum
10 12 -0.4965247093288723 0.2570153483146024 Penicillium-verrucosum
10 12 -0.017771650462771432 0.9698346732485004 Penicillium-solitum
10 12 0.25714561116428786 0.577744734790103 Penicillium-mb
10 12 0.1748681348234317 0.7076526414331744 Penicillium-chrysogenum
12 12 0.39895947585366 0.3752948744827958 Penicillium-commune
12 12 -0.4867058971882813 0.26802255327190155 Penicillium-polonicum
12 12 0.3756634127409326 0.406285008281686 Penicillium-cvjetkovicii
12 12 0.47575785066448334 0.28054168109794114 Penicillium-brevicompactum
12 12 -0.8901012966750875 0.007242279631372317 Penicillium-verrucosum
12 12 0.42369434551651447 0.343498371815419 Penicillium-solitum
12 12 0.05903130597882133 0.8999598599228624 Penicillium-mb
12 12 0.48555350449599705 0.26932816677103744 Penicillium-chrysogenum
12 12 0.2615424795682664 0.5710206582792405 Penicillium-commune
12 12 -0.6215644689155913 0.13620471408135942 Penicillium-polonicum
12 12 0.026986631276650262 0.9542027526606949 Penicillium-cvjetkovicii
12 12 -0.6411073995158624 0.12073122556221594 Penicillium-brevicompactum
12 12 0.17714383874295533 0.7039674104369151 Penicillium-verrucosum
12 12 0.3875016785184789 0.39041352854069455 Penicillium-solitum
12 12 0.11141588176299094 0.812026313908578 Penicillium-mb
12 12 0.510120439999486 0.2421240546235206 Penicillium-chrysogenum
10 12 -0.24075064825361264 0.603029927404986 Penicillium-commune
10 12 -0.26755452174361505 0.5618668204159505 Penicillium-polonicum
10 12 0.05187668600660501 0.9120498594042565 Penicillium-cvjetkovicii
10 12 -0.027586141143061734 0.9531861295901485 Penicillium-brevicompactum
10 12 -0.352567675036815 0.43795853793230327 Penicillium-verrucosum
10 12 -0.3357589733247776 0.4615763453106235 Penicillium-solitum
10 12 -0.23558154113523286 0.6110692924366724 Penicillium-mb
10 12 0.15711978327460505 0.7365453352844693 Penicillium-chrysogenum
8 10 -0.2978327042920935 0.5165070643835745 Penicillium-commune
8 10 -0.18044686905671645 0.6986267429058739 Penicillium-polonicum
8 10 0.26719393937567826 0.5624145093030957 Penicillium-cvjetkovicii
8 10 0.2671939393752525 0.5624145093037423 Penicillium-brevicompactum
8 10 -0.38194223828814 0.3978356710060723 Penicillium-verrucosum
8 10 -0.18924374757709436 0.6844516542854295 Penicillium-solitum
8 10 -0.6965992484744381 0.08203411973635011 Penicillium-mb
8 10 0.4399323234152707 0.32327128216711537 Penicillium-chrysogenum
12 12 0.31696731242019716 0.4885182039882557 Penicillium-commune
12 12 -0.4702943450152627 0.28688502255274634 Penicillium-polonicum
12 12 -0.46984019743687216 0.28741515303251647 Penicillium-cvjetkovicii
12 12 -0.5760172062789105 0.17592181022927045 Penicillium-brevicompactum
12 12 0.2833572934177874 0.5380346245701807 Penicillium-verrucosum
12 12 0.3186793696499885 0.486040793038425 Penicillium-solitum
12 12 0.10846809482789704 0.8169401692260185 Penicillium-mb
12 12 0.42075766897843986 0.34721196589170095 Penicillium-chrysogenum
12 10 -0.4088731126717265 0.36241091279293725 Penicillium-commune
12 10 0.2799979989789236 0.5430724556967224 Penicillium-polonicum
12 10 0.2143669310168694 0.6443830935502699 Penicillium-cvjetkovicii
12 10 0.2143667135260808 0.644383437618273 Penicillium-brevicompactum
12 10 -0.4466195089900028 0.31509465851131196 Penicillium-verrucosum
12 10 -0.05834401862838479 0.9011206123080595 Penicillium-solitum
12 10 -0.5610655300366548 0.19005310908938866 Penicillium-mb
12 10 -0.3519999631249303 0.43874859005063027 Penicillium-chrysogenum
12 12 -0.2615436858974419 0.5710188168477697 Penicillium-commune
12 12 -0.15402714130465042 0.7416061114751258 Penicillium-polonicum
12 12 -0.2611748607814226 0.5715819063320282 Penicillium-cvjetkovicii
12 12 -0.346883631678201 0.4458930039250855 Penicillium-brevicompactum
12 12 -0.27364127072086164 0.5526475837622652 Penicillium-verrucosum
12 12 0.28678073831946455 0.5329166582443556 Penicillium-solitum
12 12 -0.12776878193590252 0.7848591236485329 Penicillium-mb
12 12 0.28562501061802215 0.5346426181869601 Penicillium-chrysogenum
12 12 0.4746327126413017 0.2818428253945316 Penicillium-commune
12 12 0.5758415757471845 0.17608470654571257 Penicillium-polonicum
12 12 0.5018068179920533 0.25118129577806353 Penicillium-cvjetkovicii
12 12 -0.9296430145220074 0.0024274664706654247 Penicillium-brevicompactum
12 12 0.5267364784587613 0.22448618597817815 Penicillium-verrucosum
12 12 -0.13818215847565132 0.7676478749326385 Penicillium-solitum
12 12 0.5942406787313463 0.15942372851900583 Penicillium-mb
12 12 -0.2541100363767521 0.5824013021288681 Penicillium-chrysogenum
12 12 0.8805963312081985 0.008864143453783082 Penicillium-commune
12 12 0.8826312535088014 0.008500942823747923 Penicillium-polonicum
12 12 0.9453047404425873 0.0013046156805897285 Penicillium-cvjetkovicii
12 12 0.9439830258592912 0.0013838660888063218 Penicillium-brevicompactum
12 12 0.9593671460210094 0.0006253562328733868 Penicillium-verrucosum
12 12 -0.31550537439092224 0.4906372361175637 Penicillium-solitum
12 12 0.9364554625759646 0.00188887285480122 Penicillium-mb
12 12 0.28286595439350415 0.5387704996030805 Penicillium-chrysogenum
12 12 0.08143100196587999 0.8622163217157323 Penicillium-commune
12 12 0.06914465879819646 0.8828967847232512 Penicillium-polonicum
12 12 -0.35543289694563673 0.43397945212382005 Penicillium-cvjetkovicii
12 12 0.16649741482072253 0.7212466563243778 Penicillium-brevicompactum
12 12 -0.5539924551725173 0.19692278714911246 Penicillium-verrucosum
12 12 -0.397732319502273 0.3769025223113704 Penicillium-solitum
12 12 -0.5498126144968841 0.20103772434505296 Penicillium-mb
12 12 0.15266463381166387 0.7438380696102703 Penicillium-chrysogenum
12 12 -0.40960020998313296 0.36147326967567056 Penicillium-commune
12 12 -0.5243743508100109 0.2269554764630898 Penicillium-polonicum
12 12 0.0518767122025775 0.9120498151119942 Penicillium-cvjetkovicii
12 12 -0.016684972860395518 0.9716786528853281 Penicillium-brevicompactum
12 12 -0.11402736200406856 0.8076771590903686 Penicillium-verrucosum
12 12 -0.33865685208204505 0.4574715358997549 Penicillium-solitum
12 12 -0.12968811389110002 0.7816814209934293 Penicillium-mb
12 12 -0.22858228673487013 0.6220045672440697 Penicillium-chrysogenum
12 10 0.5746608343200095 0.17718175690254537 Penicillium-commune
12 10 -0.49229915669591306 0.2617265556310247 Penicillium-polonicum
12 10 0.52328672916048 0.2280967085150203 Penicillium-cvjetkovicii
12 10 0.5232867230303114 0.22809671495492784 Penicillium-brevicompactum
12 10 0.4687066752721932 0.28874022353399403 Penicillium-verrucosum
12 10 -0.8476124494171161 0.016011056587901137 Penicillium-solitum
12 10 -0.4367119864543958 0.32724104751580263 Penicillium-mb
12 10 0.39723019176877256 0.3775611468110734 Penicillium-chrysogenum
12 10 -0.5700565230837034 0.1814915813232116 Penicillium-commune
12 10 -0.849666991926996 0.015494804790353813 Penicillium-polonicum
12 10 0.3684570985785302 0.4160685484984336 Penicillium-cvjetkovicii
12 10 0.3684570679581534 0.41606859026323884 Penicillium-brevicompactum
12 10 0.332383198795138 0.46637513750459947 Penicillium-verrucosum
12 10 0.081311920711555 0.8624164758250062 Penicillium-solitum
12 10 0.4838520058569182 0.27126114214531866 Penicillium-mb
12 10 -0.2264889487325137 0.6252859494943661 Penicillium-chrysogenum
12 12 0.1699189367353092 0.7156828772185255 Penicillium-commune
12 12 0.11730973114805174 0.8022162985701341 Penicillium-polonicum
12 12 0.17732547727189973 0.7036734659140282 Penicillium-cvjetkovicii
12 12 -0.3718635612245594 0.41143243592885176 Penicillium-brevicompactum
12 12 -0.3815275508767945 0.3983915354432258 Penicillium-verrucosum
12 12 -0.4266729841678838 0.3397489342713666 Penicillium-solitum
12 12 -0.34955331526464606 0.4421596277803966 Penicillium-mb
12 12 -0.04051190770718137 0.9312812729290294 Penicillium-chrysogenum
12 12 -0.9058705538128502 0.004960307190644454 Penicillium-commune
12 12 0.3972560042171014 0.37752727805061737 Penicillium-polonicum
12 12 -0.025614717831448745 0.9565293685549815 Penicillium-cvjetkovicii
12 12 0.2725807274162151 0.5542503816168773 Penicillium-brevicompactum
12 12 0.07021857916433846 0.8810869035041431 Penicillium-verrucosum
12 12 -0.19497462500397209 0.675256241036806 Penicillium-solitum
12 12 0.3813231693939348 0.39866561061944455 Penicillium-mb
12 12 -0.6336116504923901 0.12655350114494227 Penicillium-chrysogenum
10 10 -0.22646969915127335 0.6253161468127868 Penicillium-commune
10 10 0.31983936943412744 0.48436479123636167 Penicillium-polonicum
10 10 0.17257447458971453 0.7113715454468703 Penicillium-cvjetkovicii
10 10 0.17257437846013773 0.7113717014056837 Penicillium-brevicompactum
10 10 -0.3072921877066872 0.5026021829756744 Penicillium-verrucosum
10 10 -0.134617971948865 0.773530543304773 Penicillium-solitum
10 10 0.3747634892732704 0.40750177427565076 Penicillium-mb
10 10 0.20888152073867858 0.6530768640093669 Penicillium-chrysogenum
12 12 0.13392370164390366 0.774677443534467 Penicillium-commune
12 12 -0.35079625101365275 0.4404255152289311 Penicillium-polonicum
12 12 -0.3141995063297616 0.4925328058338456 Penicillium-cvjetkovicii
12 12 -0.4286286518848481 0.3372966640625231 Penicillium-brevicompactum
12 12 -0.41185594785092555 0.3585707457553621 Penicillium-verrucosum
12 12 0.34829812762260476 0.4439134488676258 Penicillium-solitum
12 12 -0.13278678781260808 0.7765562718330293 Penicillium-mb
12 12 0.24340554301611608 0.5989131647693757 Penicillium-chrysogenum
12 12 0.3456509600152316 0.44762080383987113 Penicillium-commune
12 12 -0.3175012738563491 0.4877450592134197 Penicillium-polonicum
12 12 0.3142148753264233 0.49251048144796417 Penicillium-cvjetkovicii
12 12 -0.4757581296255352 0.2805413588331406 Penicillium-brevicompactum
12 12 -0.461752854151905 0.29692825275904405 Penicillium-verrucosum
12 12 0.4433104309658584 0.3191294572189024 Penicillium-solitum
12 12 0.025987909759500688 0.9558964508056571 Penicillium-mb
12 12 0.43766496126184645 0.3260641319917028 Penicillium-chrysogenum
12 12 -0.33544952161636593 0.4620154809581899 Penicillium-commune
12 12 -0.5745476823322642 0.1772870640580515 Penicillium-polonicum
12 12 0.08764651126373905 0.8517775106442457 Penicillium-cvjetkovicii
12 12 -0.04009791783047554 0.9319823720925187 Penicillium-brevicompactum
12 12 -0.44061415764643314 0.32243344605455543 Penicillium-verrucosum
12 12 -0.2748186135919099 0.5508700329725084 Penicillium-solitum
12 12 0.2960667007430594 0.51911744932137 Penicillium-mb
12 12 -0.23973294859690097 0.6046102329660628 Penicillium-chrysogenum
12 12 -0.05127540193884624 0.9130665605914232 Penicillium-commune
12 12 -0.2827341418954363 0.5389679710343602 Penicillium-polonicum
12 12 0.20022130605899727 0.6668657643758233 Penicillium-cvjetkovicii
12 12 -0.37347004078166507 0.4092531258652248 Penicillium-brevicompactum
12 12 0.13000454699090774 0.7811577557395913 Penicillium-verrucosum
12 12 0.23559423660270598 0.6110495091084961 Penicillium-solitum
12 12 0.037175584287935465 0.9369323695599387 Penicillium-mb
12 12 -0.5716312263707573 0.18001189386159427 Penicillium-chrysogenum
12 12 -0.6526079912866821 0.1120720945508348 Penicillium-commune
12 12 -0.1577703375797148 0.7354817304325424 Penicillium-polonicum
12 12 -0.24676460859151256 0.5937166485708233 Penicillium-cvjetkovicii
12 12 -0.277187818166961 0.5472986721980455 Penicillium-brevicompactum
12 12 -0.16184008594521834 0.7288356885624573 Penicillium-verrucosum
12 12 0.019431803396187258 0.9670177737718708 Penicillium-solitum
12 12 -0.03606338015773285 0.9388167089679436 Penicillium-mb
12 12 -0.2506626098025178 0.5877036298788836 Penicillium-chrysogenum
12 12 0.5105326304674614 0.241679000400695 Penicillium-commune
12 12 -0.5381634844988286 0.21272105101175048 Penicillium-polonicum
12 12 0.47638785772874026 0.27981429952280557 Penicillium-cvjetkovicii
12 12 0.4705956302014697 0.2865335702235856 Penicillium-brevicompactum
12 12 -0.6217846467469735 0.13602508927175389 Penicillium-verrucosum
12 12 0.5720347398507539 0.17963368098882912 Penicillium-solitum
12 12 0.14134169788936415 0.7624404706142096 Penicillium-mb
12 12 0.6824534643858543 0.0911575573538453 Penicillium-chrysogenum
10 10 -0.27668458888802894 0.5480566098271756 Penicillium-commune
10 10 -0.10355095308839943 0.8251474238716114 Penicillium-polonicum
10 10 -0.31969879479341734 0.48456778715809484 Penicillium-cvjetkovicii
10 10 -0.21034300223197233 0.6507574855362972 Penicillium-brevicompactum
10 10 -0.4071769198896192 0.36460217578421655 Penicillium-verrucosum
10 10 0.28037489596774595 0.542506462277041 Penicillium-solitum
10 10 -0.060701608447552693 0.8971394978195533 Penicillium-mb
10 10 0.22927639528870236 0.6209176215115493 Penicillium-chrysogenum
12 10 -0.21780212484467648 0.638954979528886 Penicillium-commune
12 10 0.2705996781464857 0.5572483589696897 Penicillium-polonicum
12 10 -0.2501632832503196 0.5884728432243957 Penicillium-cvjetkovicii
12 10 -0.4666317703946357 0.2911727718558363 Penicillium-brevicompactum
12 10 0.22554007075297827 0.6267749739080899 Penicillium-verrucosum
12 10 -0.07222697039341917 0.8777032647953373 Penicillium-solitum
12 10 -0.5977507863900782 0.15633844312080286 Penicillium-mb
12 10 0.11713486897658208 0.8025070562168336 Penicillium-chrysogenum
12 12 0.3265870836841068 0.4746568834139831 Penicillium-commune
12 12 -0.2499718023153878 0.5887679015250431 Penicillium-polonicum
12 12 0.31419923544822675 0.4925331993086772 Penicillium-cvjetkovicii
12 12 -0.39993295158490255 0.3740215587183442 Penicillium-brevicompactum
12 12 -0.3598287779872375 0.4279016951915636 Penicillium-verrucosum
12 12 0.37042266950041813 0.4133909739333478 Penicillium-solitum
12 12 0.02005575707272409 0.965959136477113 Penicillium-mb
12 12 0.4187318014793945 0.3497835676525061 Penicillium-chrysogenum
12 12 0.46552254643600877 0.292476902281805 Penicillium-commune
12 12 -0.4892251783158428 0.2651783326905032 Penicillium-polonicum
12 12 -0.6157471092752969 0.14099411432555056 Penicillium-cvjetkovicii
12 12 0.4698400441400239 0.2874153320508525 Penicillium-brevicompactum
12 12 0.4290136975865672 0.33681473169844794 Penicillium-verrucosum
12 12 0.3575524639775393 0.4310448299748321 Penicillium-solitum
12 12 0.20049859931486866 0.6664230769268713 Penicillium-mb
12 12 0.4720130767690851 0.284882681378265 Penicillium-chrysogenum
12 12 -0.1509751411570936 0.7466076501271958 Penicillium-commune
12 12 -0.2038099342165815 0.6611426375466063 Penicillium-polonicum
12 12 -0.1941200677053255 0.676625403803224 Penicillium-cvjetkovicii
12 12 -0.1535527461072858 0.742383067652564 Penicillium-brevicompactum
12 12 -0.2736412706188517 0.5526475839163604 Penicillium-verrucosum
12 12 -0.013165350284126298 0.9776517440866871 Penicillium-solitum
12 12 -0.1999538299425333 0.667292851949226 Penicillium-mb
12 12 0.04207045082325993 0.9286421725220199 Penicillium-chrysogenum
12 12 0.8580292293707045 0.013492579627817934 Penicillium-commune
12 12 0.9331413904387184 0.0021409767341812216 Penicillium-polonicum
12 12 0.9296429475094621 0.002427472161573366 Penicillium-cvjetkovicii
12 12 0.8766278030318664 0.009597822644365504 Penicillium-brevicompactum
12 12 0.8995085065730772 0.005820859656857055 Penicillium-verrucosum
12 12 -0.3106989604204573 0.4976268757554958 Penicillium-solitum
12 12 0.9230907592164999 0.0030218145916583506 Penicillium-mb
12 12 0.2828659545913987 0.5387704993066282 Penicillium-chrysogenum
12 12 -0.1333798722544742 0.7755760504455437 Penicillium-commune
12 12 0.17213770868629497 0.7120802287051122 Penicillium-polonicum
12 12 -0.19984780120811113 0.6674621711448447 Penicillium-cvjetkovicii
12 12 -0.2406924259396931 0.6031203030520833 Penicillium-brevicompactum
12 12 0.05077718128051664 0.9139090650613235 Penicillium-verrucosum
12 12 0.32942215324457114 0.4705993607453631 Penicillium-solitum
12 12 -0.5371355204936621 0.21376714266574226 Penicillium-mb
12 12 -0.5510183439156623 0.19984651575295598 Penicillium-chrysogenum
12 12 0.5636921748834217 0.18753208558536713 Penicillium-commune
12 12 0.42304988824896994 0.3443118840690482 Penicillium-polonicum
12 12 -0.8751892008620978 0.009872119729828488 Penicillium-cvjetkovicii
12 12 0.5478557386065575 0.20297826901304125 Penicillium-brevicompactum
12 12 0.516744496241398 0.235017975347354 Penicillium-verrucosum
12 12 0.12663719400671825 0.7867337303492297 Penicillium-solitum
12 12 0.4720968213733783 0.2847852778234988 Penicillium-mb
12 12 0.35346708559890155 0.4367079887407596 Penicillium-chrysogenum
12 12 -0.15096397474147202 0.7466259624439859 Penicillium-commune
12 12 -0.3755517733177471 0.40643587543810034 Penicillium-polonicum
12 12 -0.18162829733700128 0.6967188777473585 Penicillium-cvjetkovicii
12 12 -0.22493790435775918 0.6277204448802693 Penicillium-brevicompactum
12 12 -0.21465333438246853 0.6439300504064716 Penicillium-verrucosum
12 12 -0.45995490360254804 0.29906177085058505 Penicillium-solitum
12 12 -0.1978678661456588 0.670626018362259 Penicillium-mb
12 12 -0.35843848871703343 0.4298203567891935 Penicillium-chrysogenum
12 12 0.33656090428959856 0.4604390620157928 Penicillium-commune
12 12 0.3682841855705007 0.41630442007129453 Penicillium-polonicum
12 12 0.36274682902437455 0.42388541474353714 Penicillium-cvjetkovicii
12 12 -0.4673930699354909 0.29027919746567565 Penicillium-brevicompactum
12 12 -0.4852006809971325 0.26972847554168106 Penicillium-verrucosum
12 12 -0.12222705823041023 0.7940473834195098 Penicillium-solitum
12 12 0.33073490564256836 0.4687248697730151 Penicillium-mb
12 12 -0.2551994488309729 0.5807288114175773 Penicillium-chrysogenum
12 12 0.05726102757237431 0.9029499482394717 Penicillium-commune
12 12 0.149947418016996 0.74829345657189 Penicillium-polonicum
12 12 -0.02038926238819201 0.9653933075479808 Penicillium-cvjetkovicii
12 12 -0.022298252985036154 0.9621547202306866 Penicillium-brevicompactum
12 12 -0.03416793718637109 0.9420285614318336 Penicillium-verrucosum
12 12 0.08149223677223642 0.8621133993329326 Penicillium-solitum
12 12 -0.6760220858706013 0.09547369659132669 Penicillium-mb
12 12 -0.29839047557570575 0.5156835425124302 Penicillium-chrysogenum
12 12 -0.09916892701634389 0.8324722167043069 Penicillium-commune
12 12 -0.558151286684876 0.19286926168679844 Penicillium-polonicum
12 12 -0.006560178863596116 0.9888633341092011 Penicillium-cvjetkovicii
12 12 -0.14247009267625113 0.7605824192852402 Penicillium-brevicompactum
12 12 -0.20616827589292921 0.6573886780661236 Penicillium-verrucosum
12 12 0.17442043975097282 0.708378166559521 Penicillium-solitum
12 12 0.1988919700366834 0.6689890605708779 Penicillium-mb
12 12 -0.4322911723113945 0.33272443263722395 Penicillium-chrysogenum
12 12 0.4958338853482682 0.25778289661171255 Penicillium-commune
12 12 -0.5084519854385753 0.24392941083156344 Penicillium-polonicum
12 12 0.4502579708512718 0.3106839654174471 Penicillium-cvjetkovicii
12 12 0.4489586156317779 0.312255994167158 Penicillium-brevicompactum
12 12 -0.6217846123636822 0.13602511731284003 Penicillium-verrucosum
12 12 0.540954971396847 0.20989266058035258 Penicillium-solitum
12 12 0.16328686261951933 0.7264762802790397 Penicillium-mb
12 12 0.5990894017761785 0.15516975411914335 Penicillium-chrysogenum
12 12 -0.26154331961455896 0.5710193759692791 Penicillium-commune
12 12 -0.2302139053460058 0.6194503885227542 Penicillium-polonicum
12 12 -0.37782029524331323 0.4033745872821175 Penicillium-cvjetkovicii
12 12 -0.3160015686270903 0.489917652532017 Penicillium-brevicompactum
12 12 -0.27364127080667433 0.5526475836326374 Penicillium-verrucosum
12 12 0.24145189385667973 0.6019417353554628 Penicillium-solitum
12 12 -0.31552670527002674 0.49060629423421886 Penicillium-mb
12 12 0.2890947536608074 0.5294665394023516 Penicillium-chrysogenum
12 12 0.2975580795039373 0.5169126999308995 Penicillium-commune
12 12 0.20688643675374152 0.6562466566254743 Penicillium-polonicum
12 12 0.2760170247409036 0.5490625891273136 Penicillium-cvjetkovicii
12 12 -0.9100619098946389 0.004436706377209643 Penicillium-brevicompactum
12 12 -0.0008548057061193125 0.9985488372927154 Penicillium-verrucosum
12 12 0.24121655539592454 0.6023068679424473 Penicillium-solitum
12 12 -0.0077897816495719405 0.9867760571727797 Penicillium-mb
12 12 -0.3055353489505927 0.5051746653703251 Penicillium-chrysogenum
8 12 -0.15239323913830666 0.7442828188817232 Penicillium-commune
8 12 0.3168464228646623 0.4886933055855095 Penicillium-polonicum
8 12 -0.17417138482455186 0.708781855604643 Penicillium-cvjetkovicii
8 12 -0.42032570169546574 0.3477596296122831 Penicillium-brevicompactum
8 12 -0.20032300107963277 0.6667034034695494 Penicillium-verrucosum
8 12 -0.5227709523867239 0.22863884794473494 Penicillium-solitum
8 12 0.36710540412948156 0.41791379042842186 Penicillium-mb
8 12 -0.41812764239823885 0.3505520168888185 Penicillium-chrysogenum
12 12 0.4287181419853921 0.3371846300326145 Penicillium-commune
12 12 -0.5809692114237615 0.17135934162504324 Penicillium-polonicum
12 12 0.3846518658531904 0.39421119454177833 Penicillium-cvjetkovicii
12 12 -0.6594564430976346 0.1070738213617789 Penicillium-brevicompactum
12 12 0.33331155252922207 0.4650536266713324 Penicillium-verrucosum
12 12 0.44282204721182356 0.31972682909081407 Penicillium-solitum
12 12 -0.2166521540172137 0.6407706903716186 Penicillium-mb
12 12 0.5976693466352975 0.15640968592699162 Penicillium-chrysogenum
12 10 0.428718024853815 0.33718477666110874 Penicillium-commune
12 10 -0.3216542297901832 0.48174679641430873 Penicillium-polonicum
12 10 -0.5837695517802215 0.16880540765915933 Penicillium-cvjetkovicii
12 10 0.3667826991228186 0.418354795722647 Penicillium-brevicompactum
12 10 0.3282655067395065 0.4722532092714987 Penicillium-verrucosum
12 10 0.6987760709793549 0.08067536100215815 Penicillium-solitum
12 10 -0.20817782543067512 0.6541944254707601 Penicillium-mb
12 10 0.6446983353006555 0.11799183776175669 Penicillium-chrysogenum
12 12 0.1678409928584683 0.7190606694617911 Penicillium-commune
12 12 0.11432078150285754 0.8071887429864405 Penicillium-polonicum
12 12 -0.28899413257724904 0.5296164054867882 Penicillium-cvjetkovicii
12 12 0.17584344350930414 0.7060726859752939 Penicillium-brevicompactum
12 12 -0.4241167644230647 0.34296558373293684 Penicillium-verrucosum
12 12 -0.39906218465871385 0.3751604469850481 Penicillium-solitum
12 12 -0.2840377956159608 0.5370159931025468 Penicillium-mb
12 12 -0.030316211248316658 0.9485572487420179 Penicillium-chrysogenum
12 12 0.037600052560726994 0.9362132802618199 Penicillium-commune
12 12 -0.11869793096783493 0.7999086709944867 Penicillium-polonicum
12 12 -0.1397269169697769 0.765100997618535 Penicillium-cvjetkovicii
12 12 -0.3462690138738346 0.44675418154272817 Penicillium-brevicompactum
12 12 -0.22405376009737668 0.6291093868974578 Penicillium-verrucosum
12 12 -0.4270017420243969 0.339336168660094 Penicillium-solitum
12 12 -0.20991802316849195 0.6514316994393345 Penicillium-mb
12 12 0.08870822718114772 0.8499960665109748 Penicillium-chrysogenum
10 12 -0.6088095687566301 0.1468150505429033 Penicillium-commune
10 12 0.25112383153610784 0.5869933908122853 Penicillium-polonicum
10 12 -0.3196987958885642 0.48456778557653635 Penicillium-cvjetkovicii
10 12 0.08844333896384436 0.8504404729476535 Penicillium-brevicompactum
10 12 0.14736677062150821 0.7525300768823353 Penicillium-verrucosum
10 12 0.15660375677447502 0.7373892357426701 Penicillium-solitum
10 12 -0.7882962183979153 0.03520917576391183 Penicillium-mb
10 12 -0.09097871315037202 0.8461881473384718 Penicillium-chrysogenum
10 10 -0.21351071126091736 0.645738013953097 Penicillium-commune
10 10 -0.23417284039434644 0.6132656339371317 Penicillium-polonicum
10 10 -0.18391888906850526 0.6930234707543748 Penicillium-cvjetkovicii
10 10 -0.1839190152201602 0.6930232673666654 Penicillium-brevicompactum
10 10 -0.2255404281303428 0.6267744129046251 Penicillium-verrucosum
10 10 -0.38078718042581644 0.39938472693078314 Penicillium-solitum
10 10 -0.40432723887640126 0.3682958559579411 Penicillium-mb
10 10 -0.20328776160452663 0.6619745875527386 Penicillium-chrysogenum
12 10 -0.34097519458527864 0.4541974400755 Penicillium-commune
12 10 0.21641357268589967 0.6411475696453793 Penicillium-polonicum
12 10 -0.3124842455123761 0.49502657583531817 Penicillium-cvjetkovicii
12 10 -0.5337885907633824 0.21718997293019474 Penicillium-brevicompactum
12 10 -0.499852932736933 0.2533321838113051 Penicillium-verrucosum
12 10 0.8026835978850924 0.029774179336454567 Penicillium-solitum
12 10 0.33867633886744697 0.45744397912496093 Penicillium-mb
12 10 -0.10364399835568514 0.8249920014052157 Penicillium-chrysogenum
12 12 0.4210323473939935 0.34686390732259054 Penicillium-commune
12 12 -0.23757518527031818 0.6079649084017154 Penicillium-polonicum
12 12 0.3699251033258298 0.41406813848404034 Penicillium-cvjetkovicii
12 12 -0.43774814123636063 0.3259614917772394 Penicillium-brevicompactum
12 12 0.33135953121156814 0.46783392254366135 Penicillium-verrucosum
12 12 0.689158245873744 0.08676981179011199 Penicillium-solitum
12 12 -0.1628147157192281 0.7272460709839277 Penicillium-mb
12 12 0.5917034768724523 0.16167253549054816 Penicillium-chrysogenum
12 12 -0.3788680333007737 0.401963795092454 Penicillium-commune
12 12 -0.5529527402543392 0.19794252996015538 Penicillium-polonicum
12 12 -0.33074139852302264 0.46871560533080275 Penicillium-cvjetkovicii
12 12 -0.3638010013363921 0.4224380964479111 Penicillium-brevicompactum
12 12 0.20091332481864183 0.6657611280491138 Penicillium-verrucosum
12 12 -0.3650079303766126 0.42078340710782725 Penicillium-solitum
12 12 0.2728182827815677 0.5538912337152153 Penicillium-mb
12 12 -0.19781494144534376 0.6707106429578538 Penicillium-chrysogenum
12 12 -0.3548450174114674 0.43479474216191144 Penicillium-commune
12 12 0.19709153163553786 0.6718676249123985 Penicillium-polonicum
12 12 -0.35871775838329173 0.42943468737806323 Penicillium-cvjetkovicii
12 12 0.19821600488982363 0.6700694266623579 Penicillium-brevicompactum
12 12 -0.37112754493282457 0.412432413806081 Penicillium-verrucosum
12 12 -0.1079537639091542 0.8177980330124837 Penicillium-solitum
12 12 -0.45018056054525857 0.31077752373862355 Penicillium-mb
12 12 0.026788706428231845 0.9545383960099775 Penicillium-chrysogenum
10 12 -0.31666845817736866 0.48895111794133195 Penicillium-commune
10 12 0.31983708004085554 0.4843680969759768 Penicillium-polonicum
10 12 -0.3522258668721473 0.4384341479323943 Penicillium-cvjetkovicii
10 12 -0.2837947665456691 0.537379705275123 Penicillium-brevicompactum
10 12 -0.5258300067522856 0.2254322791239173 Penicillium-verrucosum
10 12 -0.6312411166834769 0.12842401850900642 Penicillium-solitum
10 12 0.3747613764765223 0.40750463262729275 Penicillium-mb
10 12 -0.28302255241779817 0.538535927591538 Penicillium-chrysogenum
12 12 0.2919298398523835 0.5252498149818388 Penicillium-commune
12 12 -0.22765621314370812 0.6234556107429214 Penicillium-polonicum
12 12 0.23746895236162133 0.6081302104646096 Penicillium-cvjetkovicii
12 12 -0.3396485227584821 0.45606997132394067 Penicillium-brevicompactum
12 12 -0.42986009216716603 0.33575639294057374 Penicillium-verrucosum
12 12 0.7611552997493813 0.046858151947995634 Penicillium-solitum
12 12 0.0038935406617428303 0.9933901701822281 Penicillium-mb
12 12 0.729046249088927 0.0630311721619663 Penicillium-chrysogenum
12 10 -0.1376819626218285 0.7684729161970544 Penicillium-commune
12 10 -0.36214555728515146 0.4247117835827145 Penicillium-polonicum
12 10 -0.2090808944210208 0.6527603257495409 Penicillium-cvjetkovicii
12 10 -0.20908103499029854 0.6527601025874681 Penicillium-brevicompactum
12 10 -0.21949691488548395 0.6362816551394349 Penicillium-verrucosum
12 10 -0.4280787768414229 0.33798540766931984 Penicillium-solitum
12 10 -0.1978678661456588 0.670626018362259 Penicillium-mb
12 10 -0.36281631573919587 0.42378995450766305 Penicillium-chrysogenum
10 12 -0.2919299271479015 0.5252496853195703 Penicillium-commune
10 12 -0.1971948974657187 0.6717022756974027 Penicillium-polonicum
10 12 -0.31969879735262846 0.4845677834622048 Penicillium-cvjetkovicii
10 12 -0.36318950736877753 0.42327740940480724 Penicillium-brevicompactum
10 12 -0.33560894087868726 0.46178923357405843 Penicillium-verrucosum
10 12 0.32842753306170563 0.47202140608301213 Penicillium-solitum
10 12 -0.20530288140578112 0.6587655346851391 Penicillium-mb
10 12 0.36338597547125884 0.42300767458337585 Penicillium-chrysogenum
12 12 0.12942001995211758 0.7821251410739222 Penicillium-commune
12 12 -0.23417284049173914 0.6132656337852047 Penicillium-polonicum
12 12 -0.601980141377513 0.1526609100977141 Penicillium-cvjetkovicii
12 12 0.03641383375141789 0.9382229320556892 Penicillium-brevicompactum
12 12 0.031928469533277375 0.9458241706609916 Penicillium-verrucosum
12 12 0.0061549840410752826 0.9895511724856715 Penicillium-solitum
12 12 -0.5059625416234472 0.24663465707515356 Penicillium-mb
12 12 0.19722961120295565 0.6716467482053099 Penicillium-chrysogenum
12 12 -0.4345411707926699 0.32992876504719226 Penicillium-commune
12 12 0.19709134956817317 0.6718679161658504 Penicillium-polonicum
12 12 -0.3605051278035694 0.4269694963973112 Penicillium-cvjetkovicii
12 12 0.19821577338058763 0.6700697967511703 Penicillium-brevicompactum
12 12 -0.4500645247716449 0.3109177878892255 Penicillium-verrucosum
12 12 -0.07088646093547084 0.8799615274505092 Penicillium-solitum
12 12 -0.4987231508492368 0.25457971945412033 Penicillium-mb
12 12 0.001138519428638121 0.9980671906406915 Penicillium-chrysogenum
12 12 0.29192988348265897 0.525249750176672 Penicillium-commune
12 12 -0.040396486878906054 0.9314767366022605 Penicillium-polonicum
12 12 0.23746899219131926 0.6081301484857435 Penicillium-cvjetkovicii
12 12 -0.39507663372616714 0.38039120152004924 Penicillium-brevicompactum
12 12 -0.4157968740425974 0.35352320476171745 Penicillium-verrucosum
12 12 0.5402784290322956 0.21057649119192168 Penicillium-solitum
12 12 -0.3414519235001215 0.4535252621935593 Penicillium-mb
12 12 0.15340381711537998 0.7426270168500635 Penicillium-chrysogenum
12 10 -0.29193006847401576 0.525249475404296 Penicillium-commune
12 10 -0.30171069425119135 0.5107907667804052 Penicillium-polonicum
12 10 -0.40864156462442336 0.36270972126531975 Penicillium-cvjetkovicii
12 10 -0.277187818537847 0.5472986716395628 Penicillium-brevicompactum
12 10 -0.24251127964062147 0.6002988952210395 Penicillium-verrucosum
12 10 0.3966781834896415 0.3782857381449242 Penicillium-solitum
12 10 -0.06429959650359235 0.8910671289769403 Penicillium-mb
12 10 0.30063036046974956 0.5123810149137518 Penicillium-chrysogenum
