#SPECIES: Penicillium-solitum Penicillium-chrysogenum Penicillium-brevicompactum Penicillium-cvjetkovicii Penicillium-verrucosum Penicillium-polonicum Penicillium-commune Penicillium-mb 
#GENE_TREEs p: 0.025058279896325527 0.025551389975264724 0.08575744288936392 0.054551833815281975 0.008674751799328938 0.009836545271920004 0.034081465292298864 0.04862979603678338 
#GENE_TREEs r: 0.8164131569801336 0.8149130461450474 0.6907304970223239 0.7452332998226395 0.8816513081746364 0.8753744665624272 0.7911737115511238 0.7573690037748476 
11 10 -0.6804922090591488 0.09246263825537311 Penicillium-solitum
11 10 -0.08102166776304784 0.8629043631793921 Penicillium-chrysogenum
11 10 0.12143288200685098 0.7953657135446505 Penicillium-brevicompactum
11 10 -0.06019764567441202 0.8979903663627157 Penicillium-cvjetkovicii
11 10 -0.046189201403592596 0.9216703945815407 Penicillium-verrucosum
11 10 0.1431863529185935 0.7594034760275492 Penicillium-polonicum
11 10 0.24371984613260161 0.5984263559098392 Penicillium-commune
11 10 0.2205180508647452 0.6346724486566703 Penicillium-mb
9 12 -0.3069671755575638 0.5030777419650749 Penicillium-solitum
9 12 -0.06423550131272981 0.8911752669106288 Penicillium-chrysogenum
9 12 -0.2635173954415599 0.5680085098759168 Penicillium-brevicompactum
9 12 0.2206956202560761 0.6343927337928799 Penicillium-cvjetkovicii
9 12 0.267347932182042 0.5621805886179552 Penicillium-verrucosum
9 12 0.23506865058294107 0.6118686860839282 Penicillium-polonicum
9 12 -0.5513111080866583 0.19955779092655798 Penicillium-commune
9 12 -0.4046051700353702 0.3679349345461062 Penicillium-mb
11 12 0.2654299926382117 0.5650962227825713 Penicillium-solitum
11 12 -0.41875841733253 0.3497497303493078 Penicillium-chrysogenum
11 12 -0.3967989442699789 0.37812717370536275 Penicillium-brevicompactum
11 12 -0.46890925063015865 0.28850321699423304 Penicillium-cvjetkovicii
11 12 -0.4445039117642297 0.31767167022748377 Penicillium-verrucosum
11 12 0.2737319527805718 0.5525106059641078 Penicillium-polonicum
11 12 0.3032900652036648 0.5084690159014986 Penicillium-commune
11 12 0.27833412915143385 0.545573441824573 Penicillium-mb
11 12 0.09519884287834735 0.8391167700829291 Penicillium-solitum
11 12 0.06580250660148072 0.8885318881527609 Penicillium-chrysogenum
11 12 0.23467529787722233 0.6124819749143524 Penicillium-brevicompactum
11 12 0.5315545406862885 0.21948902332189102 Penicillium-cvjetkovicii
11 12 0.47732166201139425 0.27873772333094793 Penicillium-verrucosum
11 12 0.09748203729325317 0.8352945394590898 Penicillium-polonicum
11 12 -0.4080445323115181 0.3634806501405421 Penicillium-commune
11 12 0.20703754998873275 0.6560064235776824 Penicillium-mb
11 12 0.4255769331301871 0.3411265939486563 Penicillium-solitum
11 12 -0.7501606392462138 0.052102516594012306 Penicillium-chrysogenum
11 12 0.4523719321567048 0.30813377355759797 Penicillium-brevicompactum
11 12 0.07572283872459588 0.8718171518229223 Penicillium-cvjetkovicii
11 12 0.08110608284252856 0.8627624659524122 Penicillium-verrucosum
11 12 0.405627572893998 0.366608495424588 Penicillium-polonicum
11 12 -0.07823542601193242 0.867589512947756 Penicillium-commune
11 12 -0.6593237885893986 0.10716951421129065 Penicillium-mb
11 10 0.3691817690191398 0.4150805892163346 Penicillium-solitum
11 10 -0.038091092652951505 0.9353814550596827 Penicillium-chrysogenum
11 10 -0.0806882217577632 0.8634648966772398 Penicillium-brevicompactum
11 10 0.42405942609787495 0.3430378828887423 Penicillium-cvjetkovicii
11 10 0.41247400339212625 0.35777717129631764 Penicillium-verrucosum
11 10 -0.0596763329427467 0.8988706095879844 Penicillium-polonicum
11 10 0.7661583147792916 0.04457245983695508 Penicillium-commune
11 10 0.753266402165764 0.05059020338814945 Penicillium-mb
11 12 -0.17073737341478135 0.7143534795521885 Penicillium-solitum
11 12 -0.3270001194784262 0.4740649621505534 Penicillium-chrysogenum
11 12 -0.3202740639655395 0.4837372663688708 Penicillium-brevicompactum
11 12 -0.17074372022115725 0.7143431725886269 Penicillium-cvjetkovicii
11 12 -0.12107703585253618 0.7959565428401496 Penicillium-verrucosum
11 12 -0.23103851680188478 0.6181606742570261 Penicillium-polonicum
11 12 0.07301994662540894 0.8763677026943093 Penicillium-commune
11 12 -0.33102920441815564 0.4683050134715314 Penicillium-mb
11 12 -0.520629164696908 0.2308965630397756 Penicillium-solitum
11 12 0.03493914262172835 0.9407216665623155 Penicillium-chrysogenum
11 12 -0.09202712424148016 0.8444306160758559 Penicillium-brevicompactum
11 12 0.18811762893300635 0.6862622374013372 Penicillium-cvjetkovicii
11 12 0.21038616170627533 0.6506890251664301 Penicillium-verrucosum
11 12 0.20291008698745547 0.6625764888403438 Penicillium-polonicum
11 12 -0.5505549345429555 0.20030394163318077 Penicillium-commune
11 12 -0.03070387185894332 0.9479000543673002 Penicillium-mb
11 12 -0.40886194808866333 0.3624253181433494 Penicillium-solitum
11 12 0.0736952674634696 0.8752304842721722 Penicillium-chrysogenum
11 12 0.07485536865139071 0.8732773108092194 Penicillium-brevicompactum
11 12 -0.2024136979742292 0.6633678051357299 Penicillium-cvjetkovicii
11 12 0.14460274613214755 0.7570732263172839 Penicillium-verrucosum
11 12 0.08398231010393689 0.8579294549152621 Penicillium-polonicum
11 12 -0.7171922987551125 0.06966288316693255 Penicillium-commune
11 12 0.15712145207923514 0.7365426064923937 Penicillium-mb
11 12 -0.9663321426966833 0.00039229621265811365 Penicillium-solitum
11 12 0.6566110842217711 0.10913611556235092 Penicillium-chrysogenum
11 12 0.4718185011430762 0.28510905014769156 Penicillium-brevicompactum
11 12 0.6633022705992643 0.10431888419108748 Penicillium-cvjetkovicii
11 12 0.6530892770999508 0.11171697069119675 Penicillium-verrucosum
11 12 0.7053013526065103 0.07667460650120814 Penicillium-polonicum
11 12 0.5772297076705712 0.1747992408148594 Penicillium-commune
11 12 0.5089342420867489 0.2434069452249239 Penicillium-mb
11 12 -0.1788758693786197 0.7011656721573336 Penicillium-solitum
11 12 -0.29037807826076334 0.5275563956503272 Penicillium-chrysogenum
11 12 -0.354911474119497 0.43470254859570273 Penicillium-brevicompactum
11 12 -0.12524874908488515 0.7890349689622571 Penicillium-cvjetkovicii
11 12 -0.13685725060183268 0.7698336054017532 Penicillium-verrucosum
11 12 -0.10169212177124094 0.8282533549794644 Penicillium-polonicum
11 12 -0.7284412503062476 0.06336098604072972 Penicillium-commune
11 12 -0.0774908856136879 0.8688420067765921 Penicillium-mb
11 12 0.40446917495568774 0.36811151957861865 Penicillium-solitum
11 12 0.40887232167578236 0.36241193338516514 Penicillium-chrysogenum
11 12 -0.40333181498193504 0.36958970651768364 Penicillium-brevicompactum
11 12 -0.7766757737881499 0.039971868640905545 Penicillium-cvjetkovicii
11 12 0.42338025689304437 0.343894751282627 Penicillium-verrucosum
11 12 -0.5128966733698718 0.2391338162132845 Penicillium-polonicum
11 12 0.2171287445379323 0.6400180192597309 Penicillium-commune
11 12 0.29429671595206164 0.5217382260546909 Penicillium-mb
11 10 0.19774546148577457 0.6708217429866181 Penicillium-solitum
11 10 0.13589546556245355 0.7714210438365986 Penicillium-chrysogenum
11 10 -0.3400536767215919 0.45549781250055316 Penicillium-brevicompactum
11 10 0.2867361941613025 0.5329831457591869 Penicillium-cvjetkovicii
11 10 0.25334957518242357 0.5835696601703164 Penicillium-verrucosum
11 10 0.23470954076168637 0.6124285785864849 Penicillium-polonicum
11 10 -0.880262946051917 0.0089244849569294 Penicillium-commune
11 10 0.4046062775775842 0.3679334965828881 Penicillium-mb
11 12 -0.36162464243888764 0.425428214974455 Penicillium-solitum
11 12 -0.2950181577735261 0.5206694601645547 Penicillium-chrysogenum
11 12 -0.40643026324082837 0.3655684885897524 Penicillium-brevicompactum
11 12 -0.33561803839911114 0.46177632363183607 Penicillium-cvjetkovicii
11 12 -0.3824075020755787 0.3972123798881082 Penicillium-verrucosum
11 12 -0.2894422625243905 0.5289490658770755 Penicillium-polonicum
11 12 0.1742489265493175 0.7086561636828734 Penicillium-commune
11 12 0.21259667923813197 0.6471852784538907 Penicillium-mb
9 12 -0.27339524503880214 0.5530192679760557 Penicillium-solitum
9 12 0.37059485289015354 0.413156741318644 Penicillium-chrysogenum
9 12 0.5110724286039319 0.24109673889199384 Penicillium-brevicompactum
9 12 0.3447482814273654 0.4488876545534334 Penicillium-cvjetkovicii
9 12 -0.2030672846385021 0.6623259448729799 Penicillium-verrucosum
9 12 -0.2181766392925117 0.638363960243812 Penicillium-polonicum
9 12 -0.5111121462000078 0.2410539226421548 Penicillium-commune
9 12 -0.08724652008386567 0.8524487827674647 Penicillium-mb
11 12 0.3390788737665219 0.4568748818526939 Penicillium-solitum
11 12 -0.47849027127281357 0.27739306666188557 Penicillium-chrysogenum
11 12 0.16327387819803046 0.726497447702406 Penicillium-brevicompactum
11 12 -0.4708385340234785 0.2862503601333765 Penicillium-cvjetkovicii
11 12 0.27077347085952796 0.5569851447236192 Penicillium-verrucosum
11 12 -0.49766983517636026 0.2557453503504968 Penicillium-polonicum
11 12 0.14812739173299783 0.7512808559850361 Penicillium-commune
11 12 0.10740520408113825 0.8187131472759872 Penicillium-mb
9 12 -0.7526211883892205 0.050902378401327886 Penicillium-solitum
9 12 0.35870316450648826 0.4294548381247153 Penicillium-chrysogenum
9 12 0.18776606313972116 0.6868277326099776 Penicillium-brevicompactum
9 12 0.2754063339683111 0.5499833910419578 Penicillium-cvjetkovicii
9 12 0.3333306201866051 0.46502649832040427 Penicillium-verrucosum
9 12 0.24781354649884518 0.5920967359751264 Penicillium-polonicum
9 12 -0.045973218880541074 0.9220358906165294 Penicillium-commune
9 12 -0.487637168700055 0.26696956165597174 Penicillium-mb
7 12 -0.3237197165800649 0.4787734822091735 Penicillium-solitum
7 12 -0.03320589697171679 0.9436589921543752 Penicillium-chrysogenum
7 12 -0.26351739533116947 0.5680085100441437 Penicillium-brevicompactum
7 12 -0.31053811707193907 0.49786138276057046 Penicillium-cvjetkovicii
7 12 0.0072377885344857154 0.9877130703968346 Penicillium-verrucosum
7 12 -0.009581118913706159 0.9837353339096031 Penicillium-polonicum
7 12 -0.2578722211449671 0.5766318411526059 Penicillium-commune
7 12 -0.6685517082741654 0.10061883817339497 Penicillium-mb
11 12 -0.1765379619838229 0.7049481087644077 Penicillium-solitum
11 12 -0.0660236100056066 0.8881589748234888 Penicillium-chrysogenum
11 12 -0.2926333997499996 0.5242051516068942 Penicillium-brevicompactum
11 12 -0.18678245870550528 0.688410481002232 Penicillium-cvjetkovicii
11 12 -0.01796117105624537 0.9695130871387976 Penicillium-verrucosum
11 12 -0.06645063206079513 0.8874388052701903 Penicillium-polonicum
11 12 -0.28582656248158816 0.5343414870528116 Penicillium-commune
11 12 -0.19100943255976088 0.6816151897522227 Penicillium-mb
9 8 0.6567809824539979 0.10901240117879506 Penicillium-solitum
9 8 0.6478987797332392 0.11557761678298512 Penicillium-chrysogenum
9 8 0.8963981730166938 0.006270940873489467 Penicillium-brevicompactum
9 8 0.7803493599469503 0.03842999377375315 Penicillium-cvjetkovicii
9 8 0.1152684044709491 0.805611702828534 Penicillium-verrucosum
9 8 0.10899221232065733 0.8160661316496745 Penicillium-polonicum
9 8 0.19801649591942244 0.6703883797694254 Penicillium-commune
9 8 -0.8279004385608141 0.02146058233921837 Penicillium-mb
11 12 -0.06706910531806143 0.8863958639525098 Penicillium-solitum
11 12 -0.24236460223495193 0.6005262747986579 Penicillium-chrysogenum
11 12 0.008889987465521039 0.9849084849141442 Penicillium-brevicompactum
11 12 -0.08672755668342992 0.8533198216337865 Penicillium-cvjetkovicii
11 12 -0.20427763822983155 0.6603977046947924 Penicillium-verrucosum
11 12 -0.020598119546135354 0.9650389639754366 Penicillium-polonicum
11 12 -0.07477944223523499 0.8734051267357956 Penicillium-commune
11 12 -0.4351315407475044 0.3291968882679421 Penicillium-mb
7 12 -0.7526213476455581 0.05090230121840269 Penicillium-solitum
7 12 0.40368890071981567 0.36912535256535495 Penicillium-chrysogenum
7 12 -0.1675312260493687 0.7195645221930478 Penicillium-brevicompactum
7 12 0.42776199867732784 0.3383824572898332 Penicillium-cvjetkovicii
7 12 0.4422051642788198 0.3204820654274198 Penicillium-verrucosum
7 12 -0.3329529284511688 0.46556396445433196 Penicillium-polonicum
7 12 -0.0459730271126126 0.9220362151403161 Penicillium-commune
7 12 0.015832526709855226 0.9731252364958471 Penicillium-mb
11 12 0.08262800237124344 0.8602047069532756 Penicillium-solitum
11 12 0.2814051175698538 0.5409603529777502 Penicillium-chrysogenum
11 12 -0.041678120602426275 0.9293064619376175 Penicillium-brevicompactum
11 12 0.2807356275668658 0.5419649270863645 Penicillium-cvjetkovicii
11 12 0.07884940526233444 0.8665568195598414 Penicillium-verrucosum
11 12 0.07205815767200235 0.8779876157629787 Penicillium-polonicum
11 12 0.22920537584129522 0.621028809952979 Penicillium-commune
11 12 -0.003088566115680345 0.9947567123218906 Penicillium-mb
9 12 0.037516643893491936 0.9363545797032219 Penicillium-solitum
9 12 0.19496919222406667 0.6752649431366788 Penicillium-chrysogenum
9 12 0.4052792009313073 0.36706024273755045 Penicillium-brevicompactum
9 12 -0.3605593246690666 0.4268948318787981 Penicillium-cvjetkovicii
9 12 0.09494735740878119 0.8395379296424306 Penicillium-verrucosum
9 12 -0.166539244393987 0.7211785772377824 Penicillium-polonicum
9 12 -0.2298894599856612 0.619958042529172 Penicillium-commune
9 12 -0.546563892305431 0.20426423342724312 Penicillium-mb
11 10 -0.15747963988293948 0.7359569567613831 Penicillium-solitum
11 10 0.2692380748089276 0.559311932793433 Penicillium-chrysogenum
11 10 -0.1841342494834173 0.6926762777783297 Penicillium-brevicompactum
11 10 -0.16300787237513803 0.7269311253172175 Penicillium-cvjetkovicii
11 10 -0.17636460235016685 0.7052287759878564 Penicillium-verrucosum
11 10 0.2779251778990948 0.546188720067232 Penicillium-polonicum
11 10 0.32156599859367646 0.4818739548277363 Penicillium-commune
11 10 0.3172924026577398 0.48804744040937065 Penicillium-mb
11 12 0.43390923486774136 0.33071294060437595 Penicillium-solitum
11 12 0.8252747965347369 0.02225521545242931 Penicillium-chrysogenum
11 12 0.7147418199298715 0.07107840420741944 Penicillium-brevicompactum
11 12 0.8192799520861718 0.02413094030504427 Penicillium-cvjetkovicii
11 12 0.7936952248563199 0.033110041933425795 Penicillium-verrucosum
11 12 0.8056838915533857 0.028704612251250556 Penicillium-polonicum
11 12 0.1980164959138942 0.6703883797782639 Penicillium-commune
11 12 -0.6580767361897194 0.10807127080054453 Penicillium-mb
11 10 0.11405738726075895 0.8076271777872079 Penicillium-solitum
11 10 -0.866876054326021 0.011545094719105238 Penicillium-chrysogenum
11 10 -0.2635173954809477 0.5680085098158925 Penicillium-brevicompactum
11 10 0.1356360848545671 0.7718492637710427 Penicillium-cvjetkovicii
11 10 -0.12393370369900894 0.7912156787963386 Penicillium-verrucosum
11 10 -0.06099892716728036 0.8966375547080407 Penicillium-polonicum
11 10 0.3261847303368885 0.4752337535551043 Penicillium-commune
11 10 0.2978272868427143 0.5165150651913812 Penicillium-mb
11 12 -0.33126096513402226 0.4679744729943468 Penicillium-solitum
11 12 -0.32700011951450764 0.47406496209885735 Penicillium-chrysogenum
11 12 -0.38381319950451215 0.39533160389025224 Penicillium-brevicompactum
11 12 -0.3159832451070227 0.48994421871886173 Penicillium-cvjetkovicii
11 12 -0.1834637965966301 0.6937572878174617 Penicillium-verrucosum
11 12 -0.32389373200903615 0.47852328655852805 Penicillium-polonicum
11 12 -0.10229985292796465 0.8272376963265691 Penicillium-commune
11 12 0.09187052824361085 0.8446930974115545 Penicillium-mb
11 12 0.2803687390697097 0.5425157066449355 Penicillium-solitum
11 12 -0.7418516381898342 0.05626836348476754 Penicillium-chrysogenum
11 12 -0.6072373039220865 0.148150732875107 Penicillium-brevicompactum
11 12 0.2779360968896543 0.5461722891939479 Penicillium-cvjetkovicii
11 12 -0.4378827083429118 0.3257954716032619 Penicillium-verrucosum
11 12 -0.5696147028948493 0.18190780554382713 Penicillium-polonicum
11 12 0.7430616319540224 0.05565084417270631 Penicillium-commune
11 12 0.7487943632910459 0.052775524227817845 Penicillium-mb
11 12 0.011407538890217684 0.9806352205480766 Penicillium-solitum
11 12 -0.32700011945896457 0.4740649621784376 Penicillium-chrysogenum
11 12 -0.7366518856128962 0.05896428937507618 Penicillium-brevicompactum
11 12 0.003356881549323615 0.9943012129948345 Penicillium-cvjetkovicii
11 12 0.023127759452577945 0.9607475960005136 Penicillium-verrucosum
11 12 0.025962121647120154 0.9559401857655232 Penicillium-polonicum
11 12 0.5457440974759348 0.20508231365456422 Penicillium-commune
11 12 0.562055845232615 0.18910069724226275 Penicillium-mb
11 12 -0.1948300540800994 0.6754878211567783 Penicillium-solitum
11 12 0.2692381164205314 0.5593118696916245 Penicillium-chrysogenum
11 12 -0.8206660930671283 0.023689613400233595 Penicillium-brevicompactum
11 12 -0.20113237159595393 0.6654115741385962 Penicillium-cvjetkovicii
11 12 -0.7512182225995856 0.05158480462938353 Penicillium-verrucosum
11 12 0.2779252201344672 0.5461886565112231 Penicillium-polonicum
11 12 0.41771866664867885 0.35107260702016807 Penicillium-commune
11 12 0.45389515061656904 0.30630191830605513 Penicillium-mb
11 12 0.440805533424873 0.3221984522724472 Penicillium-solitum
11 12 0.22860712737005512 0.6219656583906039 Penicillium-chrysogenum
11 12 0.21817978309063957 0.6383589996758761 Penicillium-brevicompactum
11 12 0.35802936810239616 0.43038558938905713 Penicillium-cvjetkovicii
11 12 0.48679232745831436 0.2679247471992751 Penicillium-verrucosum
11 12 0.4657703123856643 0.2921853762316265 Penicillium-polonicum
11 12 -0.7370352887142455 0.058763164178792224 Penicillium-commune
11 12 0.20703755009673783 0.6560064234059891 Penicillium-mb
11 12 -0.04266336191990736 0.9276383242967488 Penicillium-solitum
11 12 0.2692381188119107 0.5593118660652237 Penicillium-chrysogenum
11 12 0.036419352435652634 0.9382135818770985 Penicillium-brevicompactum
11 12 0.015448018555780136 0.9737777582986147 Penicillium-cvjetkovicii
11 12 -0.03977107364741577 0.9325359132078814 Penicillium-verrucosum
11 12 0.2779252225616939 0.5461886528587196 Penicillium-polonicum
11 12 0.3139507654898141 0.49289416665477026 Penicillium-commune
11 12 -0.13555330314335717 0.7719859404515735 Penicillium-mb
11 12 0.11760077933447213 0.801732389166862 Penicillium-solitum
11 12 0.14107906529980108 0.7628730603560812 Penicillium-chrysogenum
11 12 0.2552413427746474 0.5806645246272402 Penicillium-brevicompactum
11 12 0.1519806022403105 0.744959137721847 Penicillium-cvjetkovicii
11 12 0.053871049002422365 0.9086783133529992 Penicillium-verrucosum
11 12 0.15945178629964252 0.7327342536464347 Penicillium-polonicum
11 12 -0.42195259344500163 0.3456988879607255 Penicillium-commune
11 12 -0.1424241185668571 0.7606581039180447 Penicillium-mb
11 10 0.3857379509301343 0.3927621385978813 Penicillium-solitum
11 10 -0.7001766049010961 0.07980753397697801 Penicillium-chrysogenum
11 10 -0.32472291899129446 0.4773317487993122 Penicillium-brevicompactum
11 10 -0.7313931261349534 0.06176057892998712 Penicillium-cvjetkovicii
11 10 0.4446074444460896 0.31754534544928253 Penicillium-verrucosum
11 10 0.4342955032326069 0.3302335218354973 Penicillium-polonicum
11 10 0.37092829592800813 0.4127032841839941 Penicillium-commune
11 10 0.26698914288613773 0.5627256508092613 Penicillium-mb
9 12 0.16157136873758735 0.7292741014109507 Penicillium-solitum
9 12 0.36767041422462643 0.41714208975154 Penicillium-chrysogenum
9 12 0.30996027053495634 0.4987041944085724 Penicillium-brevicompactum
9 12 0.5627541562383078 0.18843050919621995 Penicillium-cvjetkovicii
9 12 0.5764772734583463 0.17549545124622348 Penicillium-verrucosum
9 12 0.5440921903423157 0.206735519201434 Penicillium-polonicum
9 12 -0.5463171814819168 0.2045102635267733 Penicillium-commune
9 12 0.2070375500953696 0.6560064234081642 Penicillium-mb
11 12 -0.005447694562237741 0.990751843706225 Penicillium-solitum
11 12 -0.1832434187556865 0.6941127060125029 Penicillium-chrysogenum
11 12 -0.1496600581557531 0.7487649648448171 Penicillium-brevicompactum
11 12 0.006291694856373995 0.9893190984808813 Penicillium-cvjetkovicii
11 12 0.01795483282279535 0.9695238420534701 Penicillium-verrucosum
11 12 -0.1935184898390588 0.6775896705253425 Penicillium-polonicum
11 12 -0.02540245387729406 0.9568893673770686 Penicillium-commune
11 12 -0.5382619024199939 0.2126210255384603 Penicillium-mb
7 12 0.17729859928712344 0.7037169605449147 Penicillium-solitum
7 12 0.3616118836395592 0.42544576842075527 Penicillium-chrysogenum
7 12 0.5110724906234497 0.24109667203113846 Penicillium-brevicompactum
7 12 0.3456582386466456 0.44761059422019844 Penicillium-cvjetkovicii
7 12 0.21877797826788445 0.6374153086385475 Penicillium-verrucosum
7 12 -0.9174973387280326 0.003590489880303186 Penicillium-polonicum
7 12 0.33956876342685255 0.45618263900177486 Penicillium-commune
7 12 0.12248775346460142 0.793614714950402 Penicillium-mb
9 12 -0.3719296499635917 0.4113426919947779 Penicillium-solitum
9 12 -0.3060284087569636 0.5044522311361912 Penicillium-chrysogenum
9 12 0.04455690529185952 0.9244329127446935 Penicillium-brevicompactum
9 12 0.13760278917565677 0.7686035237088249 Penicillium-cvjetkovicii
9 12 -0.1884248731652702 0.6857681288554196 Penicillium-verrucosum
9 12 0.15024900191821222 0.7477986761434636 Penicillium-polonicum
9 12 0.015220281959635673 0.9741642395957634 Penicillium-commune
9 12 -0.7686666556539262 0.04345012551249986 Penicillium-mb
11 10 -0.2944806712674639 0.5214656381649423 Penicillium-solitum
11 10 -0.29692448132036375 0.5178489745743737 Penicillium-chrysogenum
11 10 0.06445510432456218 0.8908047701886804 Penicillium-brevicompactum
11 10 -0.5275186317085204 0.22367135100138208 Penicillium-cvjetkovicii
11 10 -0.3224900173950084 0.4805428623443566 Penicillium-verrucosum
11 10 -0.25364809626440227 0.5831109319121854 Penicillium-polonicum
11 10 0.03108966780781273 0.9472460444408104 Penicillium-commune
11 10 0.1469178813048258 0.7532675206548991 Penicillium-mb
11 10 0.4704428170640159 0.2867118043662389 Penicillium-solitum
11 10 0.4246654465237315 0.34227406371525665 Penicillium-chrysogenum
11 10 0.3067513587278026 0.5033936127982889 Penicillium-brevicompactum
11 10 0.5673835796557563 0.1840167790831997 Penicillium-cvjetkovicii
11 10 0.5887103976296247 0.16434550553499608 Penicillium-verrucosum
11 10 0.5814311747637262 0.17093672521505 Penicillium-polonicum
11 10 -0.7006824075308893 0.0794953458093563 Penicillium-commune
11 10 0.20703755000225915 0.6560064235561798 Penicillium-mb
11 10 0.018196235867482747 0.9691142243500002 Penicillium-solitum
11 10 -0.40508907065561645 0.3673068885820515 Penicillium-chrysogenum
11 10 0.05052397510435643 0.9143372680928221 Penicillium-brevicompactum
11 10 -0.3542373219298608 0.43563812736454915 Penicillium-cvjetkovicii
11 10 0.19309790843424984 0.678264026662328 Penicillium-verrucosum
11 10 0.1721707170132711 0.7120266646236777 Penicillium-polonicum
11 10 -0.6413206718070786 0.12056762518903871 Penicillium-commune
11 10 0.13603544752117655 0.7711899622895101 Penicillium-mb
11 12 0.061217976746247085 0.8962677656295326 Penicillium-solitum
11 12 -0.5551128652527745 0.19582674180907111 Penicillium-chrysogenum
11 12 0.18270824985638037 0.6949759943411404 Penicillium-brevicompactum
11 12 -0.33561803839911114 0.46177632363183607 Penicillium-cvjetkovicii
11 12 -0.3288104068913189 0.4714738119301181 Penicillium-verrucosum
11 12 -0.3300361204441754 0.4697223310584995 Penicillium-polonicum
11 12 -0.5051044645232599 0.24757031279076938 Penicillium-commune
11 12 0.048258774006943304 0.918168727257439 Penicillium-mb
11 10 -0.5545945126821041 0.19633345540914485 Penicillium-solitum
11 10 -0.5545992534896121 0.19632881818867878 Penicillium-chrysogenum
11 10 0.11024599275535671 0.8139758977052587 Penicillium-brevicompactum
11 10 0.3337751557614869 0.46439420401776677 Penicillium-cvjetkovicii
11 10 0.3191872497401477 0.485306737796023 Penicillium-verrucosum
11 10 -0.5087782870153349 0.24357584655708342 Penicillium-polonicum
11 10 0.28451922196476725 0.5362957425362511 Penicillium-commune
11 10 0.2953887559311399 0.5201207351685067 Penicillium-mb
11 12 -0.12407526939016152 0.7909808714082182 Penicillium-solitum
11 12 -0.16354821672468345 0.7260502458270413 Penicillium-chrysogenum
11 12 0.10183670451898857 0.8280117066345414 Penicillium-brevicompactum
11 12 -0.35907703765956683 0.42893872089819474 Penicillium-cvjetkovicii
11 12 -0.3224900173919488 0.4805428623487621 Penicillium-verrucosum
11 12 -0.17140718822052567 0.7132659173136686 Penicillium-polonicum
11 12 0.20248117112097005 0.6632602285034399 Penicillium-commune
11 12 0.4469732986918712 0.31466459493805615 Penicillium-mb
11 6 0.9356365282204263 0.0019494452649962463 Penicillium-solitum
11 6 0.9186959013482948 0.0034637917493537005 Penicillium-chrysogenum
11 6 0.8823217947600118 0.008555610797165394 Penicillium-brevicompactum
11 6 0.946800848572289 0.00121821723990674 Penicillium-cvjetkovicii
11 6 0.9559372831503581 0.0007643682967828651 Penicillium-verrucosum
11 6 0.9517234453514528 0.00095822852026631 Penicillium-polonicum
11 6 0.7911737135752154 0.034081464506225054 Penicillium-commune
11 6 0.7573690058775012 0.04862979504291142 Penicillium-mb
11 10 -0.5857131055713352 0.16704399581747278 Penicillium-solitum
11 10 -0.5071022768334152 0.24539440937867063 Penicillium-chrysogenum
11 10 0.12053208408932559 0.7968615038653255 Penicillium-brevicompactum
11 10 0.33704718822454016 0.4597499287830724 Penicillium-cvjetkovicii
11 10 0.3298763681164628 0.4699504738884928 Penicillium-verrucosum
11 10 -0.5904602097942881 0.16278019581649325 Penicillium-polonicum
11 10 0.2912985484824203 0.5261877714345027 Penicillium-commune
11 10 0.2777545472203729 0.5464455057986566 Penicillium-mb
11 10 0.1111048940853762 0.812544490259232 Penicillium-solitum
11 10 -0.5707062136605147 0.1808803750998158 Penicillium-chrysogenum
11 10 -0.2234658778929535 0.6300333989034155 Penicillium-brevicompactum
11 10 -0.5549492176102759 0.19598664670992574 Penicillium-cvjetkovicii
11 10 -0.32249001747475636 0.48054286222953313 Penicillium-verrucosum
11 10 0.09314664157892384 0.8425544504980129 Penicillium-polonicum
11 10 0.6599896832228784 0.10668960674214456 Penicillium-commune
11 10 0.664007425530875 0.10381780542918527 Penicillium-mb
9 12 -0.7275203619109961 0.06386479230485935 Penicillium-solitum
9 12 0.3229737456040634 0.47984655826817846 Penicillium-chrysogenum
9 12 0.25810240517654254 0.576279425302497 Penicillium-brevicompactum
9 12 -0.37756363420361205 0.403720482933514 Penicillium-cvjetkovicii
9 12 0.2981591283657822 0.5160250605672845 Penicillium-verrucosum
9 12 -0.190742747082282 0.6820434133875806 Penicillium-polonicum
9 12 -0.06007113941284284 0.8982039661908343 Penicillium-commune
9 12 -0.3667584721053436 0.4183879114168629 Penicillium-mb
11 12 -0.33476340555828393 0.4629896816378054 Penicillium-solitum
11 12 -0.3224280740269219 0.4806320532031066 Penicillium-chrysogenum
11 12 -0.4018215268231732 0.3715563323356106 Penicillium-brevicompactum
11 12 -0.5230133838968174 0.22838394992146413 Penicillium-cvjetkovicii
11 12 -0.32711483873007 0.4739006057139369 Penicillium-verrucosum
11 12 -0.2479029290601033 0.5919587613951941 Penicillium-polonicum
11 12 -0.07541129394180685 0.872341522852956 Penicillium-commune
11 12 -0.2563108096544755 0.5790241619451018 Penicillium-mb
11 8 0.9053836010807577 0.005023354113755707 Penicillium-solitum
11 8 0.8936331012864963 0.006687491405603576 Penicillium-chrysogenum
11 8 0.9149171859875267 0.003872313299882652 Penicillium-brevicompactum
11 8 0.9161412305801665 0.003737062073683704 Penicillium-cvjetkovicii
11 8 0.9179309808054226 0.00354434282146047 Penicillium-verrucosum
11 8 0.9846508348652024 5.560133889986309e-05 Penicillium-polonicum
11 8 0.7911737598888748 0.03408144651990992 Penicillium-commune
11 8 0.7573690539887914 0.04862977230190587 Penicillium-mb
11 12 -0.5206296756108347 0.2308960232324868 Penicillium-solitum
11 12 0.4793099841916925 0.2764516100248112 Penicillium-chrysogenum
11 12 -0.07485681135549743 0.8732748821557796 Penicillium-brevicompactum
11 12 0.5105064570732176 0.24170724929537474 Penicillium-cvjetkovicii
11 12 0.5374382963109381 0.2134587740934233 Penicillium-verrucosum
11 12 0.5248687121478087 0.22643763636449724 Penicillium-polonicum
11 12 -0.6366298083606373 0.12419226695940376 Penicillium-commune
11 12 -0.03070340512732784 0.9479008455953278 Penicillium-mb
7 12 -0.44009909553957877 0.32306626655931475 Penicillium-solitum
7 12 0.1754382358355299 0.7067290022996294 Penicillium-chrysogenum
7 12 0.16568996091957686 0.7225611019199445 Penicillium-brevicompactum
7 12 -0.19246515100669792 0.679278905225885 Penicillium-cvjetkovicii
7 12 0.1296732144579511 0.7817060796886427 Penicillium-verrucosum
7 12 -0.20799554337364204 0.6544839973528337 Penicillium-polonicum
7 12 -0.1385668077618167 0.7670135389686179 Penicillium-commune
7 12 -0.42893176293953156 0.3369172585513353 Penicillium-mb
11 10 0.01163683151155093 0.9802460388218561 Penicillium-solitum
11 10 0.013743820939369154 0.9766699684933138 Penicillium-chrysogenum
11 10 0.003916393031957602 0.9933513756810022 Penicillium-brevicompactum
11 10 -0.5315548845095941 0.2194886686136717 Penicillium-cvjetkovicii
11 10 0.20423244460781848 0.660469676858231 Penicillium-verrucosum
11 10 -0.06403931271601933 0.8915062740124862 Penicillium-polonicum
11 10 -0.43283277602776987 0.3320505593230493 Penicillium-commune
11 10 -0.2158881762031979 0.6419777374817026 Penicillium-mb
11 12 -0.3347634055718928 0.462989681618475 Penicillium-solitum
11 12 -0.3014940419823527 0.511109541392856 Penicillium-chrysogenum
11 12 -0.45810459710499535 0.30126443686356286 Penicillium-brevicompactum
11 12 -0.27648402500344293 0.5483587842673558 Penicillium-cvjetkovicii
11 12 -0.25934866575049337 0.5743725479919157 Penicillium-verrucosum
11 12 -0.26107837530972755 0.5717292406270612 Penicillium-polonicum
11 12 -0.006727644247729789 0.9885790548680928 Penicillium-commune
11 12 0.028534500120361277 0.9515780467011377 Penicillium-mb
7 12 -0.7493973567478095 0.052477916896105856 Penicillium-solitum
7 12 0.1693457172158537 0.7166143056763588 Penicillium-chrysogenum
7 12 -0.265120626019997 0.5655669689598266 Penicillium-brevicompactum
7 12 0.21339516053602245 0.645920926293002 Penicillium-cvjetkovicii
7 12 0.13498820805974804 0.7729190653178033 Penicillium-verrucosum
7 12 0.18374065366182668 0.6933108450003563 Penicillium-polonicum
7 12 -0.033340714046746635 0.9434304995563549 Penicillium-commune
7 12 -0.8290703095688794 0.021111782647744794 Penicillium-mb
11 12 -0.6328139313062962 0.12718139221390898 Penicillium-solitum
11 12 0.3605335963387902 0.42693027598392963 Penicillium-chrysogenum
11 12 0.407989295530515 0.36355200983338076 Penicillium-brevicompactum
11 12 -0.5201214100147162 0.23143332448162432 Penicillium-cvjetkovicii
11 12 -0.6835213375707849 0.09045106965710882 Penicillium-verrucosum
11 12 0.3280083849392516 0.4726211460305682 Penicillium-polonicum
11 12 -0.23439647618197976 0.6129168036582475 Penicillium-commune
11 12 -0.015171592275470555 0.9742468691417527 Penicillium-mb
11 6 0.969863258186313 0.0002979523011525107 Penicillium-solitum
11 6 0.9864224026584821 4.095857882083118e-05 Penicillium-chrysogenum
11 6 0.7868911466767702 0.03576726274087091 Penicillium-brevicompactum
11 6 0.97010528624246 0.0002920444053724858 Penicillium-cvjetkovicii
11 6 0.9535341983045305 0.000871746498267633 Penicillium-verrucosum
11 6 0.9551525007642456 0.0007985179224471222 Penicillium-polonicum
11 6 0.7911737058276446 0.03408146751506251 Penicillium-commune
11 6 0.7573689978292205 0.04862979884713329 Penicillium-mb
11 12 0.1856420448501977 0.6902466878324541 Penicillium-solitum
11 12 0.18183962627959635 0.6963777404553537 Penicillium-chrysogenum
11 12 -0.45737917961845814 0.3021299364907407 Penicillium-brevicompactum
11 12 -0.23966575927296802 0.6047146092252429 Penicillium-cvjetkovicii
11 12 -0.21929574970761326 0.6365988052495353 Penicillium-verrucosum
11 12 0.17594862997169425 0.7059023387366679 Penicillium-polonicum
11 12 -0.2095999960551548 0.6519363614625138 Penicillium-commune
11 12 -0.3047261956352073 0.5063610221088154 Penicillium-mb
11 10 -0.389988300667259 0.3871119188276779 Penicillium-solitum
11 10 -0.38760860199702707 0.39027132912863305 Penicillium-chrysogenum
11 10 0.29120537029778343 0.5263262611097749 Penicillium-brevicompactum
11 10 0.3208929316187723 0.48284437308951506 Penicillium-cvjetkovicii
11 10 -0.6320977342317232 0.12774646949266255 Penicillium-verrucosum
11 10 0.32349774900105094 0.4790926909840716 Penicillium-polonicum
11 10 0.10436016664438215 0.8237958690073254 Penicillium-commune
11 10 -0.19038795015822588 0.682613224927404 Penicillium-mb
11 10 0.30422963879766846 0.5070895384384047 Penicillium-solitum
11 10 0.31868451295396094 0.48603335726777286 Penicillium-chrysogenum
11 10 0.36016479247360167 0.4274384756137951 Penicillium-brevicompactum
11 10 0.2122804754587079 0.6476861567091943 Penicillium-cvjetkovicii
11 10 -0.5399028350918904 0.21095658888035249 Penicillium-verrucosum
11 10 0.2976004794510455 0.5168500658088722 Penicillium-polonicum
11 10 -0.22316935980706018 0.6304996008307572 Penicillium-commune
11 10 -0.5151381867709655 0.23673212422255338 Penicillium-mb
11 10 0.38566415881366123 0.39286052448307957 Penicillium-solitum
11 10 -0.6123739504684382 0.14380953809253785 Penicillium-chrysogenum
11 10 -0.3930241952939687 0.3830963507716431 Penicillium-brevicompactum
11 10 -0.5872818076843419 0.1656289660112233 Penicillium-cvjetkovicii
11 10 0.44450369276352353 0.3176719374629162 Penicillium-verrucosum
11 10 0.43041177153304655 0.33506733067322364 Penicillium-polonicum
11 10 0.6856445899585514 0.08905496894524276 Penicillium-commune
11 10 0.6963908174110343 0.08216485383964035 Penicillium-mb
11 10 -0.2380968795468446 0.607153326763048 Penicillium-solitum
11 10 -0.24963056233698788 0.5892938397236722 Penicillium-chrysogenum
11 10 -0.29120589643444716 0.5263254790842546 Penicillium-brevicompactum
11 10 0.28308340106499286 0.5384447900594604 Penicillium-cvjetkovicii
11 10 -0.23454560459512994 0.6126842232937755 Penicillium-verrucosum
11 10 0.2894421813881731 0.5289491866766873 Penicillium-polonicum
11 10 0.5335585013237278 0.21742622738627856 Penicillium-commune
11 10 0.511498121122146 0.240638018890342 Penicillium-mb
9 12 -0.43435904443640916 0.3301546858432619 Penicillium-solitum
9 12 -0.36355145501212993 0.42278053618574774 Penicillium-chrysogenum
9 12 -0.18348151815786437 0.693728708998571 Penicillium-brevicompactum
9 12 -0.33561803839911114 0.46177632363183607 Penicillium-cvjetkovicii
9 12 -0.2948929817048637 0.52085484627521 Penicillium-verrucosum
9 12 -0.4270896137260964 0.33922587902408213 Penicillium-polonicum
9 12 0.07030861855018206 0.8809351784632656 Penicillium-commune
9 12 0.36869934207049637 0.41573819056262923 Penicillium-mb
9 12 -0.2299222447253363 0.6199067393673889 Penicillium-solitum
9 12 -0.18458317429174012 0.6919526818050152 Penicillium-chrysogenum
9 12 0.05901621914256847 0.8999853384063017 Penicillium-brevicompactum
9 12 -0.20919346924812418 0.65258161312019 Penicillium-cvjetkovicii
9 12 -0.3224900174812976 0.4805428622201151 Penicillium-verrucosum
9 12 -0.24523977743902445 0.5960738886669936 Penicillium-polonicum
9 12 0.3833529499093965 0.3959470102110232 Penicillium-commune
9 12 0.5472241340447987 0.2036065114543706 Penicillium-mb
11 12 -0.60744184199712 0.1479766283031297 Penicillium-solitum
11 12 -0.32700011952573066 0.4740649620827772 Penicillium-chrysogenum
11 12 -0.5128126046244877 0.2392241119155154 Penicillium-brevicompactum
11 12 -0.13011304118281322 0.7809782237861409 Penicillium-cvjetkovicii
11 12 -0.11629182979268425 0.8039091002047837 Penicillium-verrucosum
11 12 -0.2779260363964363 0.5461874281964247 Penicillium-polonicum
11 12 0.5019665219839732 0.25100586224249005 Penicillium-commune
11 12 0.5028524470902623 0.2500337051649693 Penicillium-mb
9 12 0.4415747797994717 0.32125462551525497 Penicillium-solitum
9 12 0.43456522615022175 0.3298989302364936 Penicillium-chrysogenum
9 12 -0.840734578070249 0.01780984762560355 Penicillium-brevicompactum
9 12 0.42790709690813566 0.338200566693439 Penicillium-cvjetkovicii
9 12 -0.6021429792146433 0.15252019301630818 Penicillium-verrucosum
9 12 -0.6838970332323694 0.09020320447520604 Penicillium-polonicum
9 12 0.09453522060765959 0.8402281957630158 Penicillium-commune
9 12 -0.09215298451615726 0.8442196612970612 Penicillium-mb
11 12 -0.2153178845874856 0.6428791785629496 Penicillium-solitum
11 12 0.24241859947123245 0.6004425651886965 Penicillium-chrysogenum
11 12 -0.2151726430885402 0.6431088126737254 Penicillium-brevicompactum
11 12 0.2452497970753057 0.5960583900804665 Penicillium-cvjetkovicii
11 12 -0.478178120676224 0.27775195595952673 Penicillium-verrucosum
11 12 -0.22526476309301427 0.6272071885263468 Penicillium-polonicum
11 12 0.0383716527890651 0.9349062052560304 Penicillium-commune
11 12 -0.5697506962928652 0.18177964105858574 Penicillium-mb
11 12 -0.14505891090834613 0.7563230547160291 Penicillium-solitum
11 12 -0.4195705134858166 0.3487179550331308 Penicillium-chrysogenum
11 12 -0.29994177515946907 0.5133955001454702 Penicillium-brevicompactum
11 12 -0.33561803754959657 0.4617763248373436 Penicillium-cvjetkovicii
11 12 -0.12940919915180502 0.7821430514787393 Penicillium-verrucosum
11 12 -0.12636984022331496 0.7871767528197744 Penicillium-polonicum
11 12 0.2794438792072817 0.5439049410165308 Penicillium-commune
11 12 -0.3028609361292561 0.5090994936336395 Penicillium-mb
11 12 0.453382130919005 0.3069183536561164 Penicillium-solitum
11 12 0.40630848030927297 0.3657261984432807 Penicillium-chrysogenum
11 12 0.522999282970979 0.22839877230226993 Penicillium-brevicompactum
11 12 0.4013864416599181 0.3721236733018942 Penicillium-cvjetkovicii
11 12 -0.9884326632424776 2.746886610269727e-05 Penicillium-verrucosum
11 12 0.4023566677683786 0.3708590074743917 Penicillium-polonicum
11 12 0.18222824403421242 0.6957505212727555 Penicillium-commune
11 12 0.18763103054477262 0.6870449640348364 Penicillium-mb
9 12 -0.11857108891005813 0.8001194748335188 Penicillium-solitum
9 12 0.023338405985217525 0.9603902808426872 Penicillium-chrysogenum
9 12 -0.6409701784916582 0.12083654755398399 Penicillium-brevicompactum
9 12 -0.21935043644062835 0.6365125836585601 Penicillium-cvjetkovicii
9 12 -0.41957895076150487 0.3487072421109153 Penicillium-verrucosum
9 12 -0.24819144484090794 0.5915134633235581 Penicillium-polonicum
9 12 -0.09954691280074458 0.8318400067493857 Penicillium-commune
9 12 -0.34360546256291763 0.45049345253099654 Penicillium-mb
11 10 0.004128069554567865 0.9929920311778841 Penicillium-solitum
11 10 0.028478042743786004 0.951673774917526 Penicillium-chrysogenum
11 10 0.39668671740340083 0.37827453183686627 Penicillium-brevicompactum
11 10 0.004734889510115027 0.9919618920189563 Penicillium-cvjetkovicii
11 10 0.3034411170278242 0.5082471545837497 Penicillium-verrucosum
11 10 0.28689191226466343 0.5327507298689413 Penicillium-polonicum
11 10 0.6341483957494044 0.12613191877029745 Penicillium-commune
11 10 0.24719823490266685 0.5930468210571964 Penicillium-mb
11 10 -0.33476340551709993 0.46298968169630395 Penicillium-solitum
11 10 -0.41684597724224115 0.3521845444904082 Penicillium-chrysogenum
11 10 0.10593031245479773 0.8211743888711699 Penicillium-brevicompactum
11 10 0.1223010857178382 0.7939245178304966 Penicillium-cvjetkovicii
11 10 -0.5806075692395289 0.17169054022511557 Penicillium-verrucosum
11 10 0.10028875912334714 0.8305994221827292 Penicillium-polonicum
11 10 -0.3504818486618953 0.44086391754664317 Penicillium-commune
11 10 -0.06427902581253855 0.8911018345862445 Penicillium-mb
9 10 -0.3151873916127721 0.49109857388735 Penicillium-solitum
9 10 -0.2522783155954826 0.5852167470957308 Penicillium-chrysogenum
9 10 -0.27029723104732656 0.5577065196556319 Penicillium-brevicompactum
9 10 -0.33561803660259404 0.4617763261811915 Penicillium-cvjetkovicii
9 10 -0.23331171943894918 0.6146093637098621 Penicillium-verrucosum
9 10 -0.23102265028552302 0.6181854825741057 Penicillium-polonicum
9 10 0.1243834680397529 0.7904697223830821 Penicillium-commune
9 10 0.235580808974228 0.6110704333678147 Penicillium-mb
11 12 0.4406098361780868 0.3224387533156575 Penicillium-solitum
11 12 0.4403439323558308 0.3227653862120521 Penicillium-chrysogenum
11 12 -0.7750973275679064 0.04064469581906263 Penicillium-brevicompactum
11 12 0.4320229267095577 0.3330584044293199 Penicillium-cvjetkovicii
11 12 -0.5975134829312346 0.15654607930350078 Penicillium-verrucosum
11 12 -0.5967177676833901 0.15724331832691754 Penicillium-polonicum
11 12 0.24019106760639752 0.6038987038474423 Penicillium-commune
11 12 0.2154455311925725 0.642677381514497 Penicillium-mb
7 12 -0.16830450034129105 0.7183069001403197 Penicillium-solitum
7 12 -0.009398188952873995 0.9840458435065846 Penicillium-chrysogenum
7 12 -0.029965618849787008 0.9491516219936554 Penicillium-brevicompactum
7 12 -0.2664771288637443 0.5635037795970652 Penicillium-cvjetkovicii
7 12 -0.0007714073230303204 0.9986904186446053 Penicillium-verrucosum
7 12 -0.03987823128760989 0.9323544293565398 Penicillium-polonicum
7 12 0.05337563577926192 0.9095157279780177 Penicillium-commune
7 12 -0.669134425549452 0.100212412842198 Penicillium-mb
11 10 -0.2522168625117058 0.5853112759894725 Penicillium-solitum
11 10 -0.6714260044551548 0.09862245688996371 Penicillium-chrysogenum
11 10 0.0032492152162133365 0.9944839900472839 Penicillium-brevicompactum
11 10 -0.31940647992930793 0.4849900001876368 Penicillium-cvjetkovicii
11 10 0.3034407938154068 0.5082476292745779 Penicillium-verrucosum
11 10 0.2868915943159259 0.5327512043863774 Penicillium-polonicum
11 10 0.43235636413731754 0.3326432889264031 Penicillium-commune
11 10 0.44913672832306756 0.3120402998199541 Penicillium-mb
9 12 -0.43211359545668565 0.33294550382703203 Penicillium-solitum
9 12 0.046135112573843194 0.9217619252792503 Penicillium-chrysogenum
9 12 -0.26511856287717245 0.5655701087492632 Penicillium-brevicompactum
9 12 0.3181966628960857 0.4867388322691986 Penicillium-cvjetkovicii
9 12 0.3262037944097055 0.4752064148892073 Penicillium-verrucosum
9 12 0.33285231980414287 0.46570717191576627 Penicillium-polonicum
9 12 0.24697250857089628 0.5933954744988427 Penicillium-commune
9 12 -0.7292024025890093 0.06294619642935906 Penicillium-mb
11 12 -0.1416088321401812 0.7620005164809189 Penicillium-solitum
11 12 0.36513894091258886 0.42060394434589343 Penicillium-chrysogenum
11 12 0.25861002761951957 0.5755024842030361 Penicillium-brevicompactum
11 12 0.35301805925655716 0.4373321492394055 Penicillium-cvjetkovicii
11 12 0.3296005577480548 0.4703444548477111 Penicillium-verrucosum
11 12 -0.735491093744045 0.05957549044939003 Penicillium-polonicum
11 12 -0.3270704846407287 0.4739641486518109 Penicillium-commune
11 12 0.12467894036091844 0.7899797360939163 Penicillium-mb
11 12 -0.22875101775843854 0.6217402910380525 Penicillium-solitum
11 12 0.24077555530271813 0.602991266644179 Penicillium-chrysogenum
11 12 -0.014139791438597562 0.9759979440926165 Penicillium-brevicompactum
11 12 -0.16909743683240547 0.7170178249694195 Penicillium-cvjetkovicii
11 12 0.2761810752911274 0.5488153188914972 Penicillium-verrucosum
11 12 -0.1812449502954554 0.6973377985388038 Penicillium-polonicum
11 12 0.4413999525848054 0.3214690249593719 Penicillium-commune
11 12 0.4221350864485908 0.3454680501769028 Penicillium-mb
11 12 0.39810377419914766 0.3764155988682828 Penicillium-solitum
11 12 -0.6654878732550231 0.10276989961398905 Penicillium-chrysogenum
11 12 -0.45537643695317187 0.3045250750762017 Penicillium-brevicompactum
11 12 0.42141534105004635 0.34637884214061704 Penicillium-cvjetkovicii
11 12 0.43788207300710086 0.3257962553541101 Penicillium-verrucosum
11 12 -0.6010878976264784 0.1534330988417165 Penicillium-polonicum
11 12 0.6384030821604113 0.12281557895100453 Penicillium-commune
11 12 0.6279052142541379 0.13108000773172818 Penicillium-mb
9 10 0.5105298677330624 0.24168198214238282 Penicillium-solitum
9 10 0.5089056190643275 0.243437940257794 Penicillium-chrysogenum
9 10 0.525426009130614 0.22585453839608263 Penicillium-brevicompactum
9 10 -0.5111249287510566 0.24104014358359485 Penicillium-cvjetkovicii
9 10 0.486923355303531 0.2677765045492489 Penicillium-verrucosum
9 10 -0.5219275340501557 0.22952667629630177 Penicillium-polonicum
9 10 0.17425706951012906 0.7086429645857414 Penicillium-commune
9 10 -0.13200750206523013 0.7778445960279241 Penicillium-mb
11 12 0.12968406800048532 0.7816881169642291 Penicillium-solitum
11 12 0.12164357813212905 0.7950159207784523 Penicillium-chrysogenum
11 12 0.4407753742476871 0.32223548037367383 Penicillium-brevicompactum
11 12 -0.36528477332596515 0.42040421301151876 Penicillium-cvjetkovicii
11 12 -0.39086175690795316 0.38595486910447363 Penicillium-verrucosum
11 12 0.09366409560692317 0.8416874644073326 Penicillium-polonicum
11 12 -0.562426505654628 0.1887448205462888 Penicillium-commune
11 12 -0.08881352892946906 0.849819409152359 Penicillium-mb
11 10 -0.05085232089037817 0.9137819978489952 Penicillium-solitum
11 10 -0.05483892954970023 0.907042464946419 Penicillium-chrysogenum
11 10 -0.38577736508668026 0.392709592357376 Penicillium-brevicompactum
11 10 -0.058111633903559355 0.9015131162087212 Penicillium-cvjetkovicii
11 10 -0.05823736209367902 0.901300756009989 Penicillium-verrucosum
11 10 -0.011292361038325998 0.9808307147601967 Penicillium-polonicum
11 10 -0.451374210101216 0.30933624026597656 Penicillium-commune
11 10 -0.07438835347759325 0.8740635273834926 Penicillium-mb
11 12 -0.21230040600938216 0.6476545828732343 Penicillium-solitum
11 12 -0.20817975167777614 0.6541913656332747 Penicillium-chrysogenum
11 12 -0.054233968604975084 0.9080649000521657 Penicillium-brevicompactum
11 12 -0.2204169177555697 0.6348317732749436 Penicillium-cvjetkovicii
11 12 -0.2860072970555857 0.5340715064457585 Penicillium-verrucosum
11 12 -0.3375194543145807 0.45908102662100025 Penicillium-polonicum
11 12 0.30155695223720463 0.5110169703500409 Penicillium-commune
11 12 0.2722044509574482 0.5548194091264975 Penicillium-mb
11 10 0.5266141473643624 0.2246137547794539 Penicillium-solitum
11 10 -0.7109485979564998 0.07329971047212679 Penicillium-chrysogenum
11 10 0.4472780806957045 0.3142943090453806 Penicillium-brevicompactum
11 10 0.34441615150821175 0.44935411543102166 Penicillium-cvjetkovicii
11 10 -0.7051401178381024 0.07677215573393001 Penicillium-verrucosum
11 10 0.4994699197376561 0.25375480198873557 Penicillium-polonicum
11 10 0.051811781741632264 0.912159600368686 Penicillium-commune
11 10 0.12508742491223898 0.7893024304986392 Penicillium-mb
11 10 0.2325556770665736 0.6157898308453871 Penicillium-solitum
11 10 -0.3386022686189692 0.4575487270882857 Penicillium-chrysogenum
11 10 -0.5455082056638468 0.20531800215680912 Penicillium-brevicompactum
11 10 -0.35304303703357537 0.43729742044518577 Penicillium-cvjetkovicii
11 10 0.270410198748608 0.5575353768282323 Penicillium-verrucosum
11 10 -0.7113468645423074 0.0730647646861382 Penicillium-polonicum
11 10 0.5706569188506618 0.18092671462457677 Penicillium-commune
11 10 0.5708573450846942 0.1807383403415986 Penicillium-mb
11 12 -0.5406001443429468 0.21025117790490747 Penicillium-solitum
11 12 0.4265268279173166 0.33993250615899745 Penicillium-chrysogenum
11 12 -0.4777700071026248 0.2782214912364309 Penicillium-brevicompactum
11 12 0.436726528067017 0.32722307509197096 Penicillium-cvjetkovicii
11 12 -0.6548377039685475 0.11043177868472899 Penicillium-verrucosum
11 12 0.4395340616165265 0.3237610980512658 Penicillium-polonicum
11 12 0.44008084262400726 0.3230887024290752 Penicillium-commune
11 12 0.3939037326815144 0.38193615401813374 Penicillium-mb
11 10 0.5897959550860655 0.16337353617011968 Penicillium-solitum
11 10 0.7100958774504041 0.07380410627127457 Penicillium-chrysogenum
11 10 0.42776720953538033 0.3383759244036573 Penicillium-brevicompactum
11 10 0.5447081219129235 0.20611836113657628 Penicillium-cvjetkovicii
11 10 0.526831216576772 0.22438741501626894 Penicillium-verrucosum
11 10 -0.9846509175947148 5.56005921745354e-05 Penicillium-polonicum
11 10 0.6426537896738564 0.1195475791032418 Penicillium-commune
11 10 0.6062115957205201 0.14902537455717776 Penicillium-mb
11 12 -0.2870417335966574 0.5325271471972068 Penicillium-solitum
11 12 -0.16612756911316 0.7218486567002524 Penicillium-chrysogenum
11 12 0.07485549353907568 0.8732771005727965 Penicillium-brevicompactum
11 12 0.17931574783035512 0.7004545505324786 Penicillium-cvjetkovicii
11 12 -0.11435917207233515 0.8071248430333795 Penicillium-verrucosum
11 12 0.1960929697508178 0.6734655156882852 Penicillium-polonicum
11 12 -0.7316388934699594 0.06162833054590749 Penicillium-commune
11 12 0.2621581550717965 0.5700810883106388 Penicillium-mb
11 12 -0.5433156693768417 0.2075148433278294 Penicillium-solitum
11 12 0.4044797622647097 0.36809777106349456 Penicillium-chrysogenum
11 12 -0.43249494614604256 0.33247082511596604 Penicillium-brevicompactum
11 12 0.4218741431743372 0.34579814067602527 Penicillium-cvjetkovicii
11 12 0.4403476015525249 0.3227608780483373 Penicillium-verrucosum
11 12 -0.5892053945644531 0.1639019485687776 Penicillium-polonicum
11 12 0.49439946015066755 0.2593799735243744 Penicillium-commune
11 12 0.5631099187715586 0.18808951839818616 Penicillium-mb
11 12 -0.3922170467951522 0.3841623123756033 Penicillium-solitum
11 12 -0.46613333978168026 0.29175846414662315 Penicillium-chrysogenum
11 12 -0.2667806945494542 0.5630423969023719 Penicillium-brevicompactum
11 12 0.28308335696577147 0.5384448561082815 Penicillium-cvjetkovicii
11 12 -0.5091308516656043 0.24319409187422766 Penicillium-verrucosum
11 12 0.28944213838719296 0.5289492506986762 Penicillium-polonicum
11 12 0.37021223204056186 0.41367731667100893 Penicillium-commune
11 12 0.3517259408157717 0.439130124750731 Penicillium-mb
11 12 0.7516703440730345 0.05136434243768562 Penicillium-solitum
11 12 0.7613816381792599 0.046753388406341446 Penicillium-chrysogenum
11 12 -0.8814109415153728 0.008717695219024945 Penicillium-brevicompactum
11 12 0.7803626827886396 0.03842446301185757 Penicillium-cvjetkovicii
11 12 0.8089232468805093 0.027574384323337184 Penicillium-verrucosum
11 12 0.7976022843461329 0.03163569892977418 Penicillium-polonicum
11 12 0.8822271876381387 0.008572364198431428 Penicillium-commune
11 12 0.9000618317998882 0.005742825571234503 Penicillium-mb
7 12 -0.3347634054691115 0.46298968176446853 Penicillium-solitum
7 12 -0.11982820098243585 0.7980306581208438 Penicillium-chrysogenum
7 12 -0.1256553687893188 0.7883609017557597 Penicillium-brevicompactum
7 12 -0.6397249170663307 0.121794486203933 Penicillium-cvjetkovicii
7 12 -0.40321297639693776 0.36974429726354757 Penicillium-verrucosum
7 12 -0.49618983371326714 0.25738728513537396 Penicillium-polonicum
7 12 -0.12380932141810065 0.7914219953468802 Penicillium-commune
7 12 -0.23444098318229567 0.6128473879300771 Penicillium-mb
11 12 0.2164313384322502 0.6411195035544458 Penicillium-solitum
11 12 -0.4300493917382473 0.3355198848903819 Penicillium-chrysogenum
11 12 -0.39964190122143806 0.3744020701971273 Penicillium-brevicompactum
11 12 0.2773794615439378 0.547010119246133 Penicillium-cvjetkovicii
11 12 0.3054261122669268 0.5053347683850807 Penicillium-verrucosum
11 12 0.2548195966781353 0.5813118000055855 Penicillium-polonicum
11 12 0.26592494522989496 0.5643433401154723 Penicillium-commune
11 12 -0.7875742575144696 0.03549532527657291 Penicillium-mb
11 10 -0.5006446179795405 0.25245966038423534 Penicillium-solitum
11 10 -0.32700011951450764 0.47406496209885735 Penicillium-chrysogenum
11 10 -0.27820570803992895 0.5457666303565838 Penicillium-brevicompactum
11 10 -0.6728284242086395 0.09765598579476087 Penicillium-cvjetkovicii
11 10 0.2909704273508213 0.526675508817916 Penicillium-verrucosum
11 10 0.2744706106240456 0.5513952535468435 Penicillium-polonicum
11 10 0.4489664990335982 0.3122464460018823 Penicillium-commune
11 10 0.17864961158870632 0.7015315153347936 Penicillium-mb
11 12 0.43305393553082494 0.33177555617970345 Penicillium-solitum
11 12 0.4257724686484938 0.3408806466279866 Penicillium-chrysogenum
11 12 0.3766257658936538 0.404985421458636 Penicillium-brevicompactum
11 12 -0.5315548947909331 0.2194886580068457 Penicillium-cvjetkovicii
11 12 0.40666012494418174 0.36527089231763155 Penicillium-verrucosum
11 12 -0.3317769965141715 0.46723880880443264 Penicillium-polonicum
11 12 -0.4876346142508669 0.26697244740889686 Penicillium-commune
11 12 -0.21588817859910997 0.6419777336952965 Penicillium-mb
11 10 0.2897013788755249 0.5285633280391022 Penicillium-solitum
11 10 0.28707620074342544 0.5324757153322772 Penicillium-chrysogenum
11 10 -0.6520445792876246 0.11248855757045621 Penicillium-brevicompactum
11 10 -0.4451243546885958 0.3169149658497493 Penicillium-cvjetkovicii
11 10 -0.4757050463577017 0.2806026853223404 Penicillium-verrucosum
11 10 -0.43386354081857226 0.3307696736383057 Penicillium-polonicum
11 10 0.019316704357606 0.9672130619610129 Penicillium-commune
11 10 0.09016571081505581 0.8475513944433332 Penicillium-mb
11 10 0.2803690062655896 0.5425153054585525 Penicillium-solitum
11 10 -0.3222425771476562 0.4808991816455032 Penicillium-chrysogenum
11 10 -0.7043959169661783 0.07722326533164041 Penicillium-brevicompactum
11 10 0.27793634524188937 0.5461719154759295 Penicillium-cvjetkovicii
11 10 -0.30996236814875366 0.498701134050465 Penicillium-verrucosum
11 10 -0.44098305808818833 0.32198053250884656 Penicillium-polonicum
11 10 0.4563451243010148 0.30336555773217355 Penicillium-commune
11 10 0.4442724983622886 0.31795410648250894 Penicillium-mb
11 12 0.4401094239848069 0.32305357147897695 Penicillium-solitum
11 12 -0.9376984579777569 0.0017990767491775576 Penicillium-chrysogenum
11 12 -0.2635173953148063 0.5680085100690802 Penicillium-brevicompactum
11 12 0.483047460576389 0.2721773150686816 Penicillium-cvjetkovicii
11 12 0.5139634733943819 0.237989375624034 Penicillium-verrucosum
11 12 0.49925689282571 0.25398999671101435 Penicillium-polonicum
11 12 0.330080966057335 0.46965829416774507 Penicillium-commune
11 12 0.33969819091847275 0.4559998155309324 Penicillium-mb
