#SPECIES: Penicillium-solitum Penicillium-verrucosum Penicillium-polonicum Penicillium-cvjetkovicii Penicillium-commune Penicillium-chrysogenum Penicillium-mb Penicillium-brevicompactum 
#GENE_TREEs p: 0.6969115311010978 0.6944886403333652 0.5803075773456816 0.17203263000298474 0.9890917092948955 0.979383238365469 0.5546453786971333 0.3938576477872706 
#GENE_TREEs r: 0.1815089628721031 0.18301034990481976 -0.25547398172108265 -0.5802343951996367 -0.006425646267403615 0.012145170760159255 0.27231951746134875 0.38491670591679533 
11 12 -0.2284181337844874 0.6222617039745093 Penicillium-solitum
11 12 -0.543517057389947 0.207312593744562 Penicillium-verrucosum
11 12 0.01892436923401245 0.9678787455176979 Penicillium-polonicum
11 12 0.5246557851663817 0.22666060775647717 Penicillium-cvjetkovicii
11 12 0.45923620040070595 0.2999164942195862 Penicillium-commune
11 12 0.2212194093778456 0.6335678403388113 Penicillium-chrysogenum
11 12 0.20639132649298983 0.6570339255529272 Penicillium-mb
11 12 0.38733167326377993 0.3906396643394447 Penicillium-brevicompactum
11 12 0.6999381642830037 0.07995492862915474 Penicillium-solitum
11 12 0.6961503114369877 0.08231584368374016 Penicillium-verrucosum
11 12 0.6195021075628467 0.13789305807571253 Penicillium-polonicum
11 12 -0.21820010045989915 0.6383269413585642 Penicillium-cvjetkovicii
11 12 -0.392371831543016 0.3839578028852248 Penicillium-commune
11 12 -0.3497051613841523 0.4419476375815482 Penicillium-chrysogenum
11 12 -0.24849942320977608 0.5910382389791324 Penicillium-mb
11 12 0.38952059985243676 0.38773204635763525 Penicillium-brevicompactum
11 12 0.7738759786302275 0.041169571192486494 Penicillium-solitum
11 12 0.7897019814612027 0.03465569464197809 Penicillium-verrucosum
11 12 0.743817974954918 0.055266728507887074 Penicillium-polonicum
11 12 -0.4667063477642391 0.29108518291366053 Penicillium-cvjetkovicii
11 12 -0.36787040866728826 0.4168690670161618 Penicillium-commune
11 12 0.07267307338301245 0.8769518918540482 Penicillium-chrysogenum
11 12 0.05587963023050357 0.905283832308383 Penicillium-mb
11 12 0.13674978818528655 0.7700109418731587 Penicillium-brevicompactum
11 12 0.04772967430268238 0.9190638530420331 Penicillium-solitum
11 12 -0.1199334092688266 0.7978558873740035 Penicillium-verrucosum
11 12 -0.22032742206540598 0.63497277369922 Penicillium-polonicum
11 12 -0.24078126060265173 0.6029824109725779 Penicillium-cvjetkovicii
11 12 -0.4279977667215196 0.33808692690857733 Penicillium-commune
11 12 -0.05038620080308214 0.9145702684417222 Penicillium-chrysogenum
11 12 -0.243392602855857 0.5989332097030081 Penicillium-mb
11 12 0.08388706886595232 0.8580894358449107 Penicillium-brevicompactum
11 12 -0.6436964201377068 0.11875290744260097 Penicillium-solitum
11 12 -0.08533291828653157 0.8556611966785714 Penicillium-verrucosum
11 12 -0.055998981151805065 0.9050821661901534 Penicillium-polonicum
11 12 -0.32886959545838806 0.4713891798885645 Penicillium-cvjetkovicii
11 12 -0.20807307675538994 0.6543608242062003 Penicillium-commune
11 12 -0.23240223471245655 0.6160294926436147 Penicillium-chrysogenum
11 12 -0.22727029750307812 0.6240605791503477 Penicillium-mb
11 12 -0.07671092593315616 0.8701543181454094 Penicillium-brevicompactum
11 12 -0.6248876028936504 0.13350643929484607 Penicillium-solitum
11 12 -0.4895674110903176 0.2647930213474292 Penicillium-verrucosum
11 12 0.1289751768872147 0.782861500778311 Penicillium-polonicum
11 12 -0.2721573071178053 0.554890716147489 Penicillium-cvjetkovicii
11 12 0.2892378976873584 0.5292533637979571 Penicillium-commune
11 12 0.32974844198069364 0.4701331948125981 Penicillium-chrysogenum
11 12 0.2510545506751636 0.5871000601716989 Penicillium-mb
11 12 -0.09420501800482171 0.8407812933916671 Penicillium-brevicompactum
11 10 -0.4280622490802089 0.33800611867057057 Penicillium-solitum
11 10 -0.04248234092663738 0.9279447999798451 Penicillium-verrucosum
11 10 -0.3527006814273017 0.43777351883932475 Penicillium-polonicum
11 10 0.07893640729509725 0.866410497114145 Penicillium-cvjetkovicii
11 10 0.2326951200146849 0.6155720582586036 Penicillium-commune
11 10 0.1427425524308114 0.7601339150364911 Penicillium-chrysogenum
11 10 0.024532136812872467 0.9583654820588786 Penicillium-mb
11 10 -0.2073768039324331 0.6554671786957573 Penicillium-brevicompactum
9 10 0.09056150862451612 0.8468876804176857 Penicillium-solitum
9 10 -0.5293128694722188 0.22180741973301416 Penicillium-verrucosum
9 10 0.11070586472727026 0.8132094437568288 Penicillium-polonicum
9 10 -0.4040772435787842 0.3686206241459801 Penicillium-cvjetkovicii
9 10 -0.3823732546873044 0.3972582461605163 Penicillium-commune
9 10 0.13031091891693428 0.7806508033566674 Penicillium-chrysogenum
9 10 0.10300546599509997 0.8260586946925391 Penicillium-mb
9 10 -0.19741091437525288 0.6713567580832466 Penicillium-brevicompactum
11 10 0.7864950038422436 0.0359254906309776 Penicillium-solitum
11 10 0.7910299549848048 0.034137319887518856 Penicillium-verrucosum
11 10 0.7838777253331936 0.03698064862270033 Penicillium-polonicum
11 10 -0.559851471907044 0.19122386520787896 Penicillium-cvjetkovicii
11 10 0.5746274307743434 0.1772128413888009 Penicillium-commune
11 10 0.5890579468116173 0.1640340114707333 Penicillium-chrysogenum
11 10 0.4258001100276329 0.3408458849644688 Penicillium-mb
11 10 -0.1777717232745761 0.7029514333078868 Penicillium-brevicompactum
11 12 0.7701671115057309 0.042786292694016986 Penicillium-solitum
11 12 0.7704957459736121 0.04264165010215399 Penicillium-verrucosum
11 12 0.8224178409646052 0.023138445474490895 Penicillium-polonicum
11 12 0.3492683692769083 0.44255754059173136 Penicillium-cvjetkovicii
11 12 -0.7624228397432256 0.04627311404925252 Penicillium-commune
11 12 0.4477915861808559 0.3136708688279247 Penicillium-chrysogenum
11 12 0.4829725719871721 0.27226266512739294 Penicillium-mb
11 12 -0.2895417729289145 0.528800916859566 Penicillium-brevicompactum
7 12 0.5634816295112726 0.1877335620184158 Penicillium-solitum
7 12 0.6039036385847601 0.15100285845064582 Penicillium-verrucosum
7 12 0.5510287234635747 0.19983627598204404 Penicillium-polonicum
7 12 -0.13178747955159523 0.7782084131529294 Penicillium-cvjetkovicii
7 12 -0.36787040866728826 0.4168690670161618 Penicillium-commune
7 12 -0.197993138471691 0.6704257236742032 Penicillium-chrysogenum
7 12 -0.5447589764078936 0.20606744481264827 Penicillium-mb
7 12 0.08981436669810748 0.8481406240322678 Penicillium-brevicompactum
9 10 0.27030729649091906 0.5576912701108008 Penicillium-solitum
9 10 0.2710995677344026 0.5564913695029565 Penicillium-verrucosum
9 10 0.26052275137620673 0.5725779164211919 Penicillium-polonicum
9 10 -0.38820876067950055 0.38947355380652465 Penicillium-cvjetkovicii
9 10 -0.42563456065655547 0.34105410144177783 Penicillium-commune
9 10 0.17088281195253918 0.7141173017641382 Penicillium-chrysogenum
9 10 -0.41894966188922 0.349506637405601 Penicillium-mb
9 10 -0.3234587503985034 0.47914878231674807 Penicillium-brevicompactum
9 12 -0.36855677412106447 0.4159326042480391 Penicillium-solitum
9 12 -0.0038004370099750905 0.9935482243416034 Penicillium-verrucosum
9 12 -0.1032947688927472 0.8255753764462423 Penicillium-polonicum
9 12 0.16831138033411364 0.7182957130623295 Penicillium-cvjetkovicii
9 12 0.34885533190106877 0.44313456685208424 Penicillium-commune
9 12 0.15257008716505968 0.7439930019440621 Penicillium-chrysogenum
9 12 -0.8670909112558183 0.011499954120533826 Penicillium-mb
9 12 0.38051149084232294 0.3997548099875458 Penicillium-brevicompactum
11 10 0.35377246570344323 0.4362836949101684 Penicillium-solitum
11 10 0.3552812791798188 0.4341896645387761 Penicillium-verrucosum
11 10 0.357484247760953 0.43113915917158413 Penicillium-polonicum
11 10 -0.6164854679786916 0.14038158811994245 Penicillium-cvjetkovicii
11 10 0.3486127662561524 0.4434735711350412 Penicillium-commune
11 10 -0.6943539488452134 0.08344825787194744 Penicillium-chrysogenum
11 10 0.29528036451451095 0.5202812041641661 Penicillium-mb
11 10 -0.18546355807160875 0.6905341830715032 Penicillium-brevicompactum
11 10 0.4340921944489814 0.33048582243082664 Penicillium-solitum
11 10 0.43211919440536617 0.3329385325584849 Penicillium-verrucosum
11 10 -0.21433504744808976 0.6444335335389388 Penicillium-polonicum
11 10 -0.03362407094576671 0.9429502666446948 Penicillium-cvjetkovicii
11 10 -0.36787040866728804 0.4168690670161619 Penicillium-commune
11 10 -0.48663459227326433 0.2681032553938269 Penicillium-chrysogenum
11 10 -0.011317885823991583 0.9807873908451261 Penicillium-mb
11 10 -0.8021896033023023 0.02995238471337507 Penicillium-brevicompactum
9 12 -0.07301147084183397 0.876381976717429 Penicillium-solitum
9 12 -0.6141823030035832 0.142296695249373 Penicillium-verrucosum
9 12 -0.5214853931500114 0.22999274252294874 Penicillium-polonicum
9 12 0.15640094491107234 0.7377209680756343 Penicillium-cvjetkovicii
9 12 0.1539280040928673 0.7417684622708822 Penicillium-commune
9 12 0.14600206334611637 0.7547725055762889 Penicillium-chrysogenum
9 12 -0.044133987880062224 0.9251487628244465 Penicillium-mb
9 12 -0.37641179879532055 0.40527422607093827 Penicillium-brevicompactum
11 12 -0.5902138895860326 0.1630000945325471 Penicillium-solitum
11 12 -0.34337719697006813 0.4508144505169335 Penicillium-verrucosum
11 12 0.018924369204010676 0.9678787455686032 Penicillium-polonicum
11 12 0.6004600876674244 0.15397760188223497 Penicillium-cvjetkovicii
11 12 0.6078584142529952 0.14762235634883178 Penicillium-commune
11 12 0.20869843986704195 0.6533675711969951 Penicillium-chrysogenum
11 12 0.2955521707816277 0.5198788381832606 Penicillium-mb
11 12 0.7005258246340097 0.07959192126272202 Penicillium-brevicompactum
11 10 0.6267398826011321 0.13201435537469536 Penicillium-solitum
11 10 0.6284160849523909 0.13067146381918715 Penicillium-verrucosum
11 10 0.6909563604396348 0.08561252648041422 Penicillium-polonicum
11 10 -0.8277139501909403 0.021516483225316616 Penicillium-cvjetkovicii
11 10 0.6487893829202002 0.11491037722450993 Penicillium-commune
11 10 0.6558328814283684 0.10970370799561188 Penicillium-chrysogenum
11 10 0.5812599078912939 0.17109334476434812 Penicillium-mb
11 10 -0.0756637447981436 0.8719166118447632 Penicillium-brevicompactum
11 12 0.1423302535549967 0.7608126334055343 Penicillium-solitum
11 12 0.10163906948337643 0.8283420266114727 Penicillium-verrucosum
11 12 0.2985472732868391 0.5154521196265551 Penicillium-polonicum
11 12 0.666436989515942 0.10210100295361678 Penicillium-cvjetkovicii
11 12 0.6225552135538829 0.13539739461592068 Penicillium-commune
11 12 -0.8797601022656766 0.009015945160424352 Penicillium-chrysogenum
11 12 0.6592999474548397 0.10718671717648914 Penicillium-mb
11 12 0.4701051993839381 0.2871057609607726 Penicillium-brevicompactum
11 10 0.6558984295148017 0.10965584073803546 Penicillium-solitum
11 10 0.5072742635382878 0.24520750626245752 Penicillium-verrucosum
11 10 0.7989183176651925 0.03114751686042184 Penicillium-polonicum
11 10 -0.2363264838885067 0.6099087675939867 Penicillium-cvjetkovicii
11 10 0.39236840359236724 0.38396233159138443 Penicillium-commune
11 10 0.4112027155348297 0.35941028033047495 Penicillium-chrysogenum
11 10 -0.36169111669338644 0.425336764789393 Penicillium-mb
11 10 0.40359901328809994 0.36924221951366915 Penicillium-brevicompactum
7 12 -0.5902297603139971 0.16298592173761725 Penicillium-solitum
7 12 -0.04248234095686873 0.9279447999286616 Penicillium-verrucosum
7 12 -0.5070305426110218 0.24547238457114667 Penicillium-polonicum
7 12 0.15102789454289692 0.7465211387134989 Penicillium-cvjetkovicii
7 12 0.24908995357066332 0.5901273496664017 Penicillium-commune
7 12 0.27484166039797125 0.5508352555248486 Penicillium-chrysogenum
7 12 0.0797395931810413 0.8650598203870585 Penicillium-mb
7 12 -0.24724015992196255 0.5929820711560772 Penicillium-brevicompactum
7 10 -0.08091200797910048 0.8630886997784251 Penicillium-solitum
7 10 -0.11651623717561083 0.8035358511849888 Penicillium-verrucosum
7 10 0.04785123709790538 0.9188581882339015 Penicillium-polonicum
7 10 0.2913611403172167 0.526094748821353 Penicillium-cvjetkovicii
7 10 -0.3004143829976633 0.5126991377096197 Penicillium-commune
7 10 -0.2875430756077018 0.5317792087964461 Penicillium-chrysogenum
7 10 -0.6643187676331074 0.10359696775593386 Penicillium-mb
7 10 0.42539724531676015 0.3413526739250031 Penicillium-brevicompactum
11 10 -0.38595267841389863 0.39247590192268295 Penicillium-solitum
11 10 -0.0005226671105309634 0.9991126928760503 Penicillium-verrucosum
11 10 0.0321786749452381 0.945400063217013 Penicillium-polonicum
11 10 0.11751747242095066 0.8018708937317993 Penicillium-cvjetkovicii
11 10 0.10474121590343408 0.8231595572398689 Penicillium-commune
11 10 -0.35915558448684387 0.42883032040279845 Penicillium-chrysogenum
11 10 -0.344023194800148 0.44990623927184015 Penicillium-mb
11 10 -0.34130679061899144 0.4537298572362371 Penicillium-brevicompactum
11 10 -0.614637041763989 0.14191753688166714 Penicillium-solitum
11 10 0.22358857324519898 0.6298405190925582 Penicillium-verrucosum
11 10 -0.4259970557022487 0.34059825044445147 Penicillium-polonicum
11 10 -0.161255923049599 0.7297888267143053 Penicillium-cvjetkovicii
11 10 -0.06467197338911734 0.8904389014688805 Penicillium-commune
11 10 -0.2239552481994917 0.6292641975586175 Penicillium-chrysogenum
11 10 0.0908834934364608 0.8463477965990248 Penicillium-mb
11 10 0.4733722938200369 0.2833036110768312 Penicillium-brevicompactum
11 12 0.5045658987289322 0.24815840534751696 Penicillium-solitum
11 12 0.5534885648968244 0.1974166811512228 Penicillium-verrucosum
11 12 0.5821610262254445 0.17027008549881253 Penicillium-polonicum
11 12 -0.4655776193216456 0.29241209135896573 Penicillium-cvjetkovicii
11 12 -0.5536605504291182 0.1972480404785871 Penicillium-commune
11 12 0.3478134611457338 0.44459135454377774 Penicillium-chrysogenum
11 12 0.2544254860863956 0.5819168635191969 Penicillium-mb
11 12 -0.057535925076652346 0.902485572123572 Penicillium-brevicompactum
9 12 -0.12066375249969638 0.7966428352787815 Penicillium-solitum
9 12 -0.3753182037481556 0.40675158787553645 Penicillium-verrucosum
9 12 -0.13921131710501022 0.7659508924059872 Penicillium-polonicum
9 12 0.3658956112229694 0.41956801289288337 Penicillium-cvjetkovicii
9 12 0.28588463449782225 0.5342547343301064 Penicillium-commune
9 12 -0.4705282830692897 0.2866121147036486 Penicillium-chrysogenum
9 12 -0.6892630199222588 0.08670215248727561 Penicillium-mb
9 12 0.29254176036171314 0.5243411801431628 Penicillium-brevicompactum
9 10 -0.18849524532498219 0.6856549692382823 Penicillium-solitum
9 10 -0.248094831862072 0.5916625653922982 Penicillium-verrucosum
9 10 -0.17049449982941156 0.7147479226070708 Penicillium-polonicum
9 10 -0.4024165013002225 0.37078107371539387 Penicillium-cvjetkovicii
9 10 -0.05903412960196252 0.8999550914266878 Penicillium-commune
9 10 -0.3064385793018283 0.503851521591361 Penicillium-chrysogenum
9 10 -0.288728963770827 0.5300114189781655 Penicillium-mb
9 10 0.061177290549093294 0.8963364490044576 Penicillium-brevicompactum
11 12 0.11353887461730558 0.8084903886779451 Penicillium-solitum
11 12 -0.5293128581186236 0.22180743150433696 Penicillium-verrucosum
11 12 0.10535195069546147 0.8221398558267861 Penicillium-polonicum
11 12 -0.2551943645095466 0.5807366135236727 Penicillium-cvjetkovicii
11 12 -0.4299470771138579 0.3356477064529047 Penicillium-commune
11 12 0.08874226682770754 0.8499389600369732 Penicillium-chrysogenum
11 12 0.07346600203243882 0.875616540772294 Penicillium-mb
11 12 -0.11925793433512168 0.7989780947982669 Penicillium-brevicompactum
11 10 0.5541200550473079 0.19679781324957613 Penicillium-solitum
11 10 0.12089023648407189 0.7962667262789199 Penicillium-verrucosum
11 10 0.6382917609943173 0.12290177214085928 Penicillium-polonicum
11 10 -0.2643237207820988 0.5667801494164302 Penicillium-cvjetkovicii
11 10 0.28492104242861765 0.5356948349397301 Penicillium-commune
11 10 0.30301041077679325 0.5088798542882051 Penicillium-chrysogenum
11 10 -0.343928175313524 0.45003978455597643 Penicillium-mb
11 10 -0.4094597459362051 0.36165432958003374 Penicillium-brevicompactum
11 12 0.04053170748380213 0.9312477425403026 Penicillium-solitum
11 12 0.10943598480925239 0.8153261988260885 Penicillium-verrucosum
11 12 0.1935314996345361 0.6775688134711237 Penicillium-polonicum
11 12 -0.29460598660971904 0.5212799716854907 Penicillium-cvjetkovicii
11 12 -0.256668240679424 0.5784762509186017 Penicillium-commune
11 12 -0.4414542148421385 0.3214024738131444 Penicillium-chrysogenum
11 12 -0.40486169238361913 0.36760194379205596 Penicillium-mb
11 12 -0.4232133656903703 0.3441054461915635 Penicillium-brevicompactum
9 12 0.41140593296612177 0.35914901782491687 Penicillium-solitum
9 12 0.4942188223595223 0.2595814135658024 Penicillium-verrucosum
9 12 0.36853101765394974 0.41596773100004114 Penicillium-polonicum
9 12 0.2278706226699791 0.6231195710956219 Penicillium-cvjetkovicii
9 12 -0.5257774993078548 0.22548713901276987 Penicillium-commune
9 12 0.33499473897322446 0.4626611319738442 Penicillium-chrysogenum
9 12 -0.5398979380755183 0.210961546773422 Penicillium-mb
9 12 -0.20405344401985123 0.6607547609511161 Penicillium-brevicompactum
11 10 0.9543197078140275 0.0008357270896266145 Penicillium-solitum
11 10 0.727737791516583 0.06374564494987195 Penicillium-verrucosum
11 10 0.9617045163244586 0.0005399509233191684 Penicillium-polonicum
11 10 0.2532413655442355 0.5837359701013172 Penicillium-cvjetkovicii
11 10 0.392370512167554 0.38395954592520104 Penicillium-commune
11 10 0.4112048230007363 0.359407570503659 Penicillium-chrysogenum
11 10 0.23960018358532703 0.6048164839155703 Penicillium-mb
11 10 0.09650226173412459 0.8369344417520221 Penicillium-brevicompactum
11 10 0.6238518226933847 0.13434451770721362 Penicillium-solitum
11 10 0.6405768640409579 0.1211386917275908 Penicillium-verrucosum
11 10 -0.8297813003500276 0.020901378097556288 Penicillium-polonicum
11 10 -0.22020774352386874 0.6351613408934604 Penicillium-cvjetkovicii
11 10 0.25355329693479545 0.5832565950953148 Penicillium-commune
11 10 0.02176910521072733 0.963052375269591 Penicillium-chrysogenum
11 10 0.09673793930093637 0.836539932642615 Penicillium-mb
11 10 0.340564304354445 0.4547770844936806 Penicillium-brevicompactum
11 12 0.4004990620120965 0.3732818940797388 Penicillium-solitum
11 12 0.3492081639888615 0.4426416315844606 Penicillium-verrucosum
11 12 -0.43689908507490705 0.3270098389105699 Penicillium-polonicum
11 12 -0.127133310109886 0.7859117551872142 Penicillium-cvjetkovicii
11 12 -0.28635419573580184 0.5335534383007065 Penicillium-commune
11 12 -0.1459296734209982 0.7548914919826101 Penicillium-chrysogenum
11 12 0.03186344112258065 0.9459343978956345 Penicillium-mb
11 12 -0.8168159264531548 0.024926803754748 Penicillium-brevicompactum
11 10 0.8780524070018386 0.009330575885985664 Penicillium-solitum
11 10 0.879034719595618 0.009148831157128138 Penicillium-verrucosum
11 10 0.8633834291621475 0.012293167562192677 Penicillium-polonicum
11 10 -0.6216907465110902 0.1361016799737573 Penicillium-cvjetkovicii
11 10 0.4291885494869707 0.3365959794961554 Penicillium-commune
11 10 0.5879320418459362 0.16504417573299468 Penicillium-chrysogenum
11 10 0.3484898062488227 0.44364545467229144 Penicillium-mb
11 10 -0.3079409849031836 0.5016533311190102 Penicillium-brevicompactum
9 12 -0.5071784049303296 0.24531167056711267 Penicillium-solitum
9 12 -0.2133378440287053 0.6460116613735705 Penicillium-verrucosum
9 12 -0.17782289917313476 0.7028686412821812 Penicillium-polonicum
9 12 -0.22368827096896202 0.6296838043669499 Penicillium-cvjetkovicii
9 12 -0.2260176043557008 0.6260254792946761 Penicillium-commune
9 12 -0.22805198793562406 0.6228353615932469 Penicillium-chrysogenum
9 12 -0.21670061658467044 0.6406941430990889 Penicillium-mb
9 12 0.06116006565759489 0.8963655269246161 Penicillium-brevicompactum
9 12 -0.4025453888326121 0.37061321926639607 Penicillium-solitum
9 12 -0.37677041780179216 0.4047902219269541 Penicillium-verrucosum
9 12 0.018924369198016936 0.967878745578773 Penicillium-polonicum
9 12 0.8051336525821796 0.02889912517042651 Penicillium-cvjetkovicii
9 12 0.7354096617822574 0.0596184958276517 Penicillium-commune
9 12 0.7479107524686258 0.053213290409485456 Penicillium-chrysogenum
9 12 0.8670903886883129 0.011500063786700515 Penicillium-mb
9 12 0.7630545944697665 0.045983032836688226 Penicillium-brevicompactum
9 12 -0.569421927825538 0.18208955843232222 Penicillium-solitum
9 12 -0.3248224527331469 0.477188791532385 Penicillium-verrucosum
9 12 -0.23995884376680499 0.6042593519859848 Penicillium-polonicum
9 12 -0.2847823270314806 0.5359022533021088 Penicillium-cvjetkovicii
9 12 -0.1057923750445022 0.8214046333606053 Penicillium-commune
9 12 -0.09754318168153843 0.8351922145302048 Penicillium-chrysogenum
9 12 -0.45641726465715976 0.30327928343328736 Penicillium-mb
9 12 -0.4387254001518893 0.3247566389739212 Penicillium-brevicompactum
11 12 -0.3607605650319538 0.42661763635275557 Penicillium-solitum
11 12 -0.10437600813580593 0.82376941386916 Penicillium-verrucosum
11 12 -0.15225080530624635 0.7445162555932082 Penicillium-polonicum
11 12 -0.23599270935432023 0.6104286651846722 Penicillium-cvjetkovicii
11 12 -0.19818312999761062 0.6701219807329135 Penicillium-commune
11 12 -0.16383714592370757 0.7255793264239334 Penicillium-chrysogenum
11 12 -0.11208307794150923 0.8109147972157827 Penicillium-mb
11 12 -0.2858489184360662 0.5343080893444209 Penicillium-brevicompactum
11 10 0.32761697553503644 0.4731814462519929 Penicillium-solitum
11 10 -0.45585196524476373 0.3039556261067033 Penicillium-verrucosum
11 10 -0.35574405223282024 0.4335481686811415 Penicillium-polonicum
11 10 -0.17800457281941742 0.7025747497295483 Penicillium-cvjetkovicii
11 10 0.16070820106963069 0.7306827580102042 Penicillium-commune
11 10 0.17778049412246902 0.7029372437232431 Penicillium-chrysogenum
11 10 -0.021952697841869227 0.9627409221382792 Penicillium-mb
11 10 0.2244582134247553 0.6284739048843611 Penicillium-brevicompactum
11 12 -0.033118046370201965 0.9438078860178114 Penicillium-solitum
11 12 -0.3133457625340717 0.4937734828682795 Penicillium-verrucosum
11 12 -0.2495602998033067 0.5894021500860402 Penicillium-polonicum
11 12 -0.036302236036939384 0.9384120106827103 Penicillium-cvjetkovicii
11 12 0.06496301338717286 0.8899479270587305 Penicillium-commune
11 12 0.06330166936665485 0.8927509290158013 Penicillium-chrysogenum
11 12 -0.159277557715707 0.7330188372080286 Penicillium-mb
11 12 -0.4175308109983956 0.3513118391011936 Penicillium-brevicompactum
11 12 0.012307633611626057 0.9791074947044915 Penicillium-solitum
11 12 -0.39438979303563976 0.3812956041695094 Penicillium-verrucosum
11 12 -0.4449361550803026 0.3171444152570744 Penicillium-polonicum
11 12 -0.143763035394196 0.7584545426426976 Penicillium-cvjetkovicii
11 12 -0.07111854890421658 0.879570498399258 Penicillium-commune
11 12 -0.16296446200589404 0.7270019041036293 Penicillium-chrysogenum
11 12 -0.27414803012768435 0.5518822508573 Penicillium-mb
11 12 -0.4811534224266223 0.2743396460301401 Penicillium-brevicompactum
11 8 0.6349320655216747 0.1255176835467172 Penicillium-solitum
11 8 0.6352196369768559 0.1252926716969428 Penicillium-verrucosum
11 8 0.2524442945355852 0.5849614570050705 Penicillium-polonicum
11 8 -0.5458970868030494 0.20492952546641818 Penicillium-cvjetkovicii
11 8 -0.4232706932642595 0.34403306579373866 Penicillium-commune
11 8 0.3478134424515322 0.44459138069898785 Penicillium-chrysogenum
11 8 0.25442546586151116 0.581916894574716 Penicillium-mb
11 8 -0.19246837396063599 0.6792737349586841 Penicillium-brevicompactum
11 8 -0.28416397690074424 0.5368271851619599 Penicillium-solitum
11 8 -0.4348083488686617 0.32959746048197336 Penicillium-verrucosum
11 8 -0.30035881166117606 0.5127810022079847 Penicillium-polonicum
11 8 -0.5734710440689108 0.17829059245299914 Penicillium-cvjetkovicii
11 8 -0.36141580517647814 0.4257155666327707 Penicillium-commune
11 8 -0.360311694777712 0.42723602115489206 Penicillium-chrysogenum
11 8 -0.2723221993116581 0.5546413227876992 Penicillium-mb
11 8 -0.4387254001518893 0.3247566389739212 Penicillium-brevicompactum
11 10 -0.6496659541849161 0.11425559786954198 Penicillium-solitum
11 10 0.13577268508125231 0.7716237403283184 Penicillium-verrucosum
11 10 0.12602254617181688 0.7877523096001741 Penicillium-polonicum
11 10 -0.06514959486189655 0.8896331852674859 Penicillium-cvjetkovicii
11 10 -0.22780003668678173 0.6232301933239011 Penicillium-commune
11 10 -0.23593085540905914 0.6105250251084604 Penicillium-chrysogenum
11 10 -0.05909056318622663 0.8998597876627681 Penicillium-mb
11 10 0.09894900002860302 0.8328400943687201 Penicillium-brevicompactum
11 10 0.4571399072347389 0.3024156528347225 Penicillium-solitum
11 10 -0.8033861308053157 0.029521769763161874 Penicillium-verrucosum
11 10 0.4204766578153063 0.34756820077828887 Penicillium-polonicum
11 10 0.2440644241497755 0.5978927923855348 Penicillium-cvjetkovicii
11 10 0.3513756047403393 0.4396180982337045 Penicillium-commune
11 10 0.35412734480978847 0.4357908248181208 Penicillium-chrysogenum
11 10 -0.5172499627462731 0.23447977640558412 Penicillium-mb
11 10 -0.12909708756090368 0.782659686190808 Penicillium-brevicompactum
11 12 -0.26694632936895724 0.5627907031204504 Penicillium-solitum
11 12 0.0941121790362892 0.8409368103763913 Penicillium-verrucosum
11 12 0.2068072135064579 0.6563726115997432 Penicillium-polonicum
11 12 -0.2643237181022521 0.5667801534975221 Penicillium-cvjetkovicii
11 12 -0.0370921312227691 0.9370737509473984 Penicillium-commune
11 12 -0.0311481286592266 0.9471469423451151 Penicillium-chrysogenum
11 12 -0.0668787320999032 0.8867168795142651 Penicillium-mb
11 12 -0.26905428486585914 0.5595906628795604 Penicillium-brevicompactum
11 10 0.6496660288686125 0.11425554216480358 Penicillium-solitum
11 10 0.46969106933319127 0.2875893266175333 Penicillium-verrucosum
11 10 0.4690288244771001 0.2883633601305109 Penicillium-polonicum
11 10 -0.17171904679545402 0.7127596915840151 Penicillium-cvjetkovicii
11 10 -0.31250127673773703 0.49500179271193656 Penicillium-commune
11 10 -0.3497051613872665 0.4419476375772008 Penicillium-chrysogenum
11 10 -0.24865569468320234 0.5907971495937083 Penicillium-mb
11 10 0.2394729786558341 0.6050141168457741 Penicillium-brevicompactum
11 12 -0.07301147077697592 0.8763819768266563 Penicillium-solitum
11 12 -0.66157335536829 0.10555275955567552 Penicillium-verrucosum
11 12 -0.45283486376788 0.3075765372429764 Penicillium-polonicum
11 12 -0.03519318021295742 0.9402911941649302 Penicillium-cvjetkovicii
11 12 0.00952164699276442 0.9838362827625272 Penicillium-commune
11 12 -0.07026614318346798 0.8810067531882937 Penicillium-chrysogenum
11 12 0.14435758274362273 0.7574764648236199 Penicillium-mb
11 12 -0.5748559004919858 0.17700028668191817 Penicillium-brevicompactum
11 10 -0.24962617399730258 0.58930060421301 Penicillium-solitum
11 10 -0.3341965122964421 0.4637951712131317 Penicillium-verrucosum
11 10 -0.064538517238239 0.8906640466971132 Penicillium-polonicum
11 10 -0.8774193676000964 0.009448792926066926 Penicillium-cvjetkovicii
11 10 0.35718649688605 0.4315509808864889 Penicillium-commune
11 10 0.3204622566740243 0.48346568199039186 Penicillium-chrysogenum
11 10 0.387214925872857 0.3907949885976797 Penicillium-mb
11 10 0.32640611369884936 0.47491631586910554 Penicillium-brevicompactum
11 10 0.19983486012187554 0.6674828377663513 Penicillium-solitum
11 10 -0.020706895370360807 0.9648544185342989 Penicillium-verrucosum
11 10 0.3683466609577802 0.41621919103942995 Penicillium-polonicum
11 10 0.6661565824502589 0.10229838467205583 Penicillium-cvjetkovicii
11 10 0.6137720062409848 0.14263923622136482 Penicillium-commune
11 10 -0.8342606428858068 0.019603165525172165 Penicillium-chrysogenum
11 10 0.6620798456675858 0.10519051012964953 Penicillium-mb
11 10 0.471124192571164 0.28591746052160644 Penicillium-brevicompactum
11 12 0.0028127558904339637 0.9952249361833898 Penicillium-solitum
11 12 -0.35933387017118434 0.4285843119133361 Penicillium-verrucosum
11 12 0.03813672823258457 0.9353041504470709 Penicillium-polonicum
11 12 0.07637146088111656 0.8707255549604827 Penicillium-cvjetkovicii
11 12 0.08098284879358299 0.8629696167716909 Penicillium-commune
11 12 -0.3471726558463102 0.4454882512667597 Penicillium-chrysogenum
11 12 -0.3449454385892279 0.44861084256112727 Penicillium-mb
11 12 -0.36250145330265987 0.4242225762422703 Penicillium-brevicompactum
11 12 -0.012308191272147797 0.9791065482056973 Penicillium-solitum
11 12 -0.35144011075547676 0.43952823412873804 Penicillium-verrucosum
11 12 -0.09716657297049969 0.8358224972723476 Penicillium-polonicum
11 12 -0.2643237202539808 0.566780150220692 Penicillium-cvjetkovicii
11 12 -0.3153344862015854 0.4908851460376443 Penicillium-commune
11 12 -0.22899716191005887 0.6213548238654323 Penicillium-chrysogenum
11 12 -0.31579615512800663 0.4902154987363385 Penicillium-mb
11 12 -0.6068006172012623 0.1485227883767759 Penicillium-brevicompactum
11 12 -0.2717834714720297 0.5554562630453159 Penicillium-solitum
11 12 -0.5870414597033285 0.16584538289666365 Penicillium-verrucosum
11 12 0.018924369210004448 0.9678787455584332 Penicillium-polonicum
11 12 0.8340167640142788 0.01967263418051766 Penicillium-cvjetkovicii
11 12 0.7294468422513734 0.06281330148921356 Penicillium-commune
11 12 0.5340319487616058 0.2169402268328991 Penicillium-chrysogenum
11 12 0.8103767872115621 0.027075502830911657 Penicillium-mb
11 12 0.8343358893555065 0.019581759772740272 Penicillium-brevicompactum
9 12 -0.39688606319567604 0.3780127993595649 Penicillium-solitum
9 12 0.06720568224976456 0.8861655696250642 Penicillium-verrucosum
9 12 -0.0024636879503783637 0.9958175261275841 Penicillium-polonicum
9 12 0.39213811807944915 0.3842666139624537 Penicillium-cvjetkovicii
9 12 0.29835811924036326 0.5157313027284682 Penicillium-commune
9 12 -0.6831620814220948 0.0906884243289823 Penicillium-chrysogenum
9 12 0.3894544931117277 0.38781972995910524 Penicillium-mb
9 12 -0.5518030031314759 0.19907313479531646 Penicillium-brevicompactum
11 12 -0.519714646143823 0.23186374658445352 Penicillium-solitum
11 12 0.36264640121436537 0.4240233962716795 Penicillium-verrucosum
11 12 0.4859352656467349 0.26889532886334033 Penicillium-polonicum
11 12 0.11272433148526825 0.809846737654373 Penicillium-cvjetkovicii
11 12 0.2445333041394332 0.5971669827796875 Penicillium-commune
11 12 0.1661030180120903 0.721888622736638 Penicillium-chrysogenum
11 12 0.1051840228545031 0.8224202134759024 Penicillium-mb
11 12 -0.15331521148591226 0.7427721630841525 Penicillium-brevicompactum
11 12 0.09957540010926882 0.8317923624778996 Penicillium-solitum
11 12 -0.6487946611674923 0.11490642870794898 Penicillium-verrucosum
11 12 0.023886460573359237 0.9594606525213182 Penicillium-polonicum
11 12 -0.029205604539319637 0.9504401686001933 Penicillium-cvjetkovicii
11 12 -0.24666907142591202 0.5938642567196951 Penicillium-commune
11 12 -0.24050329481939617 0.6034139098554777 Penicillium-chrysogenum
11 12 -0.038361902849793614 0.934922720733389 Penicillium-mb
11 12 0.0934527243514539 0.8420415982997758 Penicillium-brevicompactum
11 8 -0.282186208832595 0.5397890996606578 Penicillium-solitum
11 8 -0.35222417060187144 0.43843650870204387 Penicillium-verrucosum
11 8 -0.0645385375303994 0.8906640124630794 Penicillium-polonicum
11 8 -0.8774193700678292 0.009448792463556307 Penicillium-cvjetkovicii
11 8 0.43241710175795744 0.3325676969202628 Penicillium-commune
11 8 0.42853208711804647 0.33741757269298817 Penicillium-chrysogenum
11 8 0.39930659921085976 0.37484063101307497 Penicillium-mb
11 8 0.19948770738428961 0.6680372951195377 Penicillium-brevicompactum
11 12 0.1268461707645812 0.7863874742138357 Penicillium-solitum
11 12 0.12817084709529206 0.7841932546708991 Penicillium-verrucosum
11 12 -0.46775323537689434 0.28985687863656656 Penicillium-polonicum
11 12 -0.14997928686126946 0.7482411690999692 Penicillium-cvjetkovicii
11 12 -0.09681720881008415 0.8364072466937035 Penicillium-commune
11 12 -0.2159384174005763 0.6418983396062717 Penicillium-chrysogenum
11 12 -0.13376141042560993 0.7749455876478377 Penicillium-mb
11 12 0.08550526723427113 0.8553718044454831 Penicillium-brevicompactum
11 12 0.09444841224337774 0.8403735968908485 Penicillium-solitum
11 12 -0.2063678682195395 0.6570712325344131 Penicillium-verrucosum
11 12 0.1889073803472852 0.6849923429816775 Penicillium-polonicum
11 12 -0.16149924212367092 0.7293917861617503 Penicillium-cvjetkovicii
11 12 -0.15532423242052526 0.739482650318422 Penicillium-commune
11 12 -0.10898560193660861 0.8160771544265509 Penicillium-chrysogenum
11 12 -0.40486169237508746 0.36760194380312916 Penicillium-mb
11 12 -0.3253955834564981 0.47636592314230325 Penicillium-brevicompactum
9 12 -0.16519960125016306 0.723359618161455 Penicillium-solitum
9 12 0.19893351769879813 0.6689226715069113 Penicillium-verrucosum
9 12 0.28334393675804054 0.5380546243309715 Penicillium-polonicum
9 12 -0.2527171328790732 0.5845418823113546 Penicillium-cvjetkovicii
9 12 0.18146862221083399 0.6969766599231078 Penicillium-commune
9 12 -0.2523654429283071 0.5850827333843553 Penicillium-chrysogenum
9 12 -0.6558757529519326 0.10967239933789201 Penicillium-mb
9 12 -0.14548651613639874 0.7556199879404595 Penicillium-brevicompactum
11 12 0.07196898655891153 0.8781378212871069 Penicillium-solitum
11 12 -0.13866210418252528 0.7668563989311318 Penicillium-verrucosum
11 12 -0.025049646328684703 0.957487740444557 Penicillium-polonicum
11 12 -0.2643237205824454 0.566780149720479 Penicillium-cvjetkovicii
11 12 -0.36288901394131057 0.4236900912581803 Penicillium-commune
11 12 -0.2872227304453405 0.5322570823340316 Penicillium-chrysogenum
11 12 -0.35416326655310654 0.4357409471209567 Penicillium-mb
11 12 -0.33663681038819415 0.46033146716781637 Penicillium-brevicompactum
11 12 -0.49380467333619577 0.260043525471448 Penicillium-solitum
11 12 -0.04248234095279102 0.9279447999355654 Penicillium-verrucosum
11 12 -0.5423162974019682 0.20851988421328274 Penicillium-polonicum
11 12 0.14938186494009498 0.7492214915101609 Penicillium-cvjetkovicii
11 12 -0.08782335004255179 0.8514807594039698 Penicillium-commune
11 12 0.07157395560916602 0.8788032715898132 Penicillium-chrysogenum
11 12 -0.18863611774737948 0.6854284580419739 Penicillium-mb
11 12 -0.39891963763299026 0.3753470208951851 Penicillium-brevicompactum
11 12 0.12378632223444361 0.7914601458305395 Penicillium-solitum
11 12 -0.3812020317240911 0.3988280914015052 Penicillium-verrucosum
11 12 0.16777967471045815 0.7191604003836065 Penicillium-polonicum
11 12 0.09360934153036599 0.8417791979980246 Penicillium-cvjetkovicii
11 12 0.08098278600806891 0.8629697223128703 Penicillium-commune
11 12 -0.3575823470591479 0.43100351022435446 Penicillium-chrysogenum
11 12 -0.44940361785214294 0.31171721815269815 Penicillium-mb
11 12 -0.32563497287123616 0.47602237383523177 Penicillium-brevicompactum
9 12 0.5415482613190991 0.20929385209065754 Penicillium-solitum
9 12 0.5275729585973226 0.22361480594700053 Penicillium-verrucosum
9 12 0.32155423432551195 0.4818909103516051 Penicillium-polonicum
9 12 -0.20239770847904662 0.6633932988555669 Penicillium-cvjetkovicii
9 12 -0.3678704086746459 0.4168690670061185 Penicillium-commune
9 12 -0.4496298282235072 0.3114434944501861 Penicillium-chrysogenum
9 12 -0.45595287130367285 0.30383485037046704 Penicillium-mb
9 12 0.3013772981577136 0.5112813426902758 Penicillium-brevicompactum
9 10 0.26016150070965516 0.5731299131591916 Penicillium-solitum
9 10 -0.563909203282746 0.18732451539503162 Penicillium-verrucosum
9 10 -0.3037731508198077 0.5077595893867867 Penicillium-polonicum
9 10 -0.26432372058244546 0.5667801497204789 Penicillium-cvjetkovicii
9 10 -0.2035529343217149 0.6615520673021329 Penicillium-commune
9 10 -0.19103835524529567 0.6815687519428982 Penicillium-chrysogenum
9 10 -0.44484657229054275 0.3172536581536173 Penicillium-mb
9 10 -0.015422717423703368 0.9738206954851742 Penicillium-brevicompactum
11 10 0.501434772915152 0.2515902029149777 Penicillium-solitum
11 10 0.5012804547227752 0.2517599006305265 Penicillium-verrucosum
11 10 -0.7849141927110518 0.03656076708910727 Penicillium-polonicum
11 10 0.7320927207913471 0.061384527485666945 Penicillium-cvjetkovicii
11 10 0.8270118403648825 0.021727682501179398 Penicillium-commune
11 10 0.8335758610434639 0.01979857878007051 Penicillium-chrysogenum
11 10 0.7544162951006708 0.050036452511886154 Penicillium-mb
11 10 0.12436656565081408 0.7904977535348903 Penicillium-brevicompactum
11 12 -0.5659649551026408 0.18536389828892963 Penicillium-solitum
11 12 -0.042482340948713275 0.9279447999424693 Penicillium-verrucosum
11 12 -0.5120146060874647 0.24008200694518464 Penicillium-polonicum
11 12 0.20339970077311953 0.661796217496949 Penicillium-cvjetkovicii
11 12 0.1693914067930351 0.7165400541028442 Penicillium-commune
11 12 0.28813521848470985 0.5308962612073339 Penicillium-chrysogenum
11 12 0.22601154425815428 0.6260349890883347 Penicillium-mb
11 12 -0.320467355705029 0.48345832424618956 Penicillium-brevicompactum
11 10 0.02862604403533309 0.9514228273010884 Penicillium-solitum
11 10 0.002780718071998546 0.9952793246350703 Penicillium-verrucosum
11 10 -0.5911052979039103 0.16220500084614142 Penicillium-polonicum
11 10 0.5696809011452414 0.18184541270749177 Penicillium-cvjetkovicii
11 10 -0.2857595259366474 0.5344416375706131 Penicillium-commune
11 10 -0.7884678939958853 0.035141321582176574 Penicillium-chrysogenum
11 10 0.5103550273656278 0.24187071715285485 Penicillium-mb
11 10 0.700244228551548 0.07976575803195476 Penicillium-brevicompactum
11 12 -0.014916175155816587 0.9746803315153143 Penicillium-solitum
11 12 -0.015769319153162813 0.9732325007933141 Penicillium-verrucosum
11 12 -0.30130134363809724 0.5113931287781293 Penicillium-polonicum
11 12 0.25327681453003287 0.5836814861142032 Penicillium-cvjetkovicii
11 12 0.07100654183939295 0.879759208971131 Penicillium-commune
11 12 -0.504375348972674 0.24836663229265474 Penicillium-chrysogenum
11 12 0.13036013783348013 0.7805693667696075 Penicillium-mb
11 12 -0.8574912580849788 0.013616637421555054 Penicillium-brevicompactum
9 12 -0.6149451100706507 0.141660961552891 Penicillium-solitum
9 12 -0.4319570010969439 0.3331405051566294 Penicillium-verrucosum
9 12 0.2310445491817131 0.6181512423194578 Penicillium-polonicum
9 12 0.4239346317006591 0.34319526111715554 Penicillium-cvjetkovicii
9 12 0.35516025542254775 0.4343574873996011 Penicillium-commune
9 12 0.48211162361725257 0.27324474998200365 Penicillium-chrysogenum
9 12 0.39917489846996895 0.37501294734437507 Penicillium-mb
9 12 -0.7835578391108571 0.03711077484835846 Penicillium-brevicompactum
9 12 -0.13050508833286825 0.7803295439788162 Penicillium-solitum
9 12 -0.006981682784897132 0.9881478160516932 Penicillium-verrucosum
9 12 -0.3732796615717315 0.40951115202592536 Penicillium-polonicum
9 12 0.21917571017614448 0.6367880764618619 Penicillium-cvjetkovicii
9 12 -0.3500348455025255 0.4414875027574481 Penicillium-commune
9 12 0.242055905543916 0.6010049011171034 Penicillium-chrysogenum
9 12 0.21887578696089502 0.6372610461684103 Penicillium-mb
9 12 -0.04967013246774406 0.9157813428124697 Penicillium-brevicompactum
11 10 -0.6877432866127631 0.08768627577806748 Penicillium-solitum
11 10 -0.28353890319144387 0.5377627134204345 Penicillium-verrucosum
11 10 0.018924369210004482 0.9678787455584332 Penicillium-polonicum
11 10 0.7912085703708547 0.034067929059550875 Penicillium-cvjetkovicii
11 10 0.7528289536655951 0.0508017402501118 Penicillium-commune
11 10 0.7521788338219677 0.05111701075127372 Penicillium-chrysogenum
11 10 0.7350302203940556 0.059819106145196345 Penicillium-mb
11 10 0.8370502510174853 0.01881844751617642 Penicillium-brevicompactum
11 12 0.25113996858064835 0.5869685460128236 Penicillium-solitum
11 12 0.0446809132351627 0.9242230186859817 Penicillium-verrucosum
11 12 0.15030764801029095 0.7477024689861964 Penicillium-polonicum
11 12 -0.633397916125034 0.12672157737409045 Penicillium-cvjetkovicii
11 12 -0.7586690537725279 0.0480174228503112 Penicillium-commune
11 12 0.4085087764951697 0.3628811278414027 Penicillium-chrysogenum
11 12 0.40636984510854296 0.36564672704037804 Penicillium-mb
11 12 0.04760580619443284 0.9192734217618739 Penicillium-brevicompactum
11 12 -0.33327957380771506 0.46509912543763 Penicillium-solitum
11 12 0.3558925838138822 0.4333423511044902 Penicillium-verrucosum
11 12 0.50746193446449 0.2450036337719455 Penicillium-polonicum
11 12 0.4211694891198168 0.346690183196434 Penicillium-cvjetkovicii
11 12 0.47843990573757283 0.27745095938759595 Penicillium-commune
11 12 0.276288303729822 0.5486537151912935 Penicillium-chrysogenum
11 12 0.30918758948839475 0.4998319627173652 Penicillium-mb
11 12 0.24299313433637793 0.5995521047336063 Penicillium-brevicompactum
9 12 -0.3645066494279476 0.42147035328391713 Penicillium-solitum
9 12 -0.32651936846096286 0.4747539516426062 Penicillium-verrucosum
9 12 0.018924369210004448 0.9678787455584332 Penicillium-polonicum
9 12 0.6996760943183354 0.08011709699322486 Penicillium-cvjetkovicii
9 12 0.6052940786756934 0.14980994849552115 Penicillium-commune
9 12 0.764881655576049 0.04514974664166535 Penicillium-chrysogenum
9 12 0.6907779931552027 0.08572695808193538 Penicillium-mb
9 12 0.7835573002696553 0.03711099425711291 Penicillium-brevicompactum
9 12 -0.5768269513178038 0.1751717332105738 Penicillium-solitum
9 12 -0.32570061423083513 0.47592818718867996 Penicillium-verrucosum
9 12 -0.3540854329241986 0.43584902263838154 Penicillium-polonicum
9 12 -0.3127328938012883 0.4946647968385257 Penicillium-cvjetkovicii
9 12 -0.12349733340849707 0.7919395416130193 Penicillium-commune
9 12 -0.17493347066152937 0.7075467742472696 Penicillium-chrysogenum
9 12 -0.3366939708742108 0.46025044985982866 Penicillium-mb
9 12 -0.438725400052971 0.3247566390957796 Penicillium-brevicompactum
9 10 0.5014350771374065 0.251589868425558 Penicillium-solitum
9 10 0.5012807550240416 0.2517595703498106 Penicillium-verrucosum
9 10 -0.5233001564443766 0.22808260299589114 Penicillium-polonicum
9 10 0.22706902522707184 0.6243761638719414 Penicillium-cvjetkovicii
9 10 0.18548519731940497 0.6904993263610757 Penicillium-commune
9 10 0.2523038497800461 0.585177471062327 Penicillium-chrysogenum
9 10 -0.10813765442101773 0.8174913013643963 Penicillium-mb
9 10 -0.49948176960852825 0.25374172194349076 Penicillium-brevicompactum
11 12 0.0730421922054406 0.876330239155203 Penicillium-solitum
11 12 0.11259939068105024 0.810054818295356 Penicillium-verrucosum
11 12 -0.4854208132604677 0.26947868488667603 Penicillium-polonicum
11 12 0.46567121720406607 0.29230195801562686 Penicillium-cvjetkovicii
11 12 -0.7989849383059966 0.03112291671178009 Penicillium-commune
11 12 0.2610613680503797 0.5717552121236507 Penicillium-chrysogenum
11 12 0.40389321253425997 0.36885977354161253 Penicillium-mb
11 12 0.7124131363871963 0.0724377367567801 Penicillium-brevicompactum
9 12 -0.5566556116905529 0.194322375821772 Penicillium-solitum
9 12 -0.48546232431219166 0.26943159279296214 Penicillium-verrucosum
9 12 0.018924369198016933 0.967878745578773 Penicillium-polonicum
9 12 0.8745980498462178 0.009986126747770765 Penicillium-cvjetkovicii
9 12 0.41904729744743135 0.349382559153529 Penicillium-commune
9 12 0.5867815611565455 0.1660795610677384 Penicillium-chrysogenum
9 12 0.8626864400370303 0.012445685620374985 Penicillium-mb
9 12 0.7200440172574855 0.06803482931155048 Penicillium-brevicompactum
9 12 0.5949326397945677 0.1588131384485683 Penicillium-solitum
9 12 0.5371083386799497 0.21379483691990378 Penicillium-verrucosum
9 12 -0.5046209316688349 0.24809828202584777 Penicillium-polonicum
9 12 0.06580307934973807 0.888530922133558 Penicillium-cvjetkovicii
9 12 -0.22230607361342328 0.6318574607350864 Penicillium-commune
9 12 -0.020820921838683806 0.9646609663646741 Penicillium-chrysogenum
9 12 -0.6219611513341737 0.13588118065989263 Penicillium-mb
9 12 0.6249293240073703 0.13347273742501253 Penicillium-brevicompactum
11 12 -0.07301147084972 0.8763819767041482 Penicillium-solitum
11 12 -0.4846701075631617 0.2703309633197446 Penicillium-verrucosum
11 12 -0.4773065969521598 0.2787550769522762 Penicillium-polonicum
11 12 0.21360268641844252 0.6455924309649399 Penicillium-cvjetkovicii
11 12 0.14955139642789808 0.7489432763348919 Penicillium-commune
11 12 0.2359300423568823 0.6105262917614702 Penicillium-chrysogenum
11 12 0.22485640160298065 0.6278484447651069 Penicillium-mb
11 12 -0.16968529288292006 0.716062492990662 Penicillium-brevicompactum
11 12 0.20535262725659945 0.6586863674420123 Penicillium-solitum
11 12 0.2418730428445818 0.6012884788192046 Penicillium-verrucosum
11 12 -0.562910611860834 0.18828051287534386 Penicillium-polonicum
11 12 0.126467700868526 0.7870145861162401 Penicillium-cvjetkovicii
11 12 0.0336294326231247 0.9429411798128418 Penicillium-commune
11 12 -0.4028769135946007 0.37018160697323094 Penicillium-chrysogenum
11 12 -0.4745685408029416 0.2819171169211494 Penicillium-mb
11 12 0.47953988325796293 0.27618782477609016 Penicillium-brevicompactum
11 10 0.18706401780432727 0.6879573229620766 Penicillium-solitum
11 10 -0.6911418810520413 0.08549359152560462 Penicillium-verrucosum
11 10 -0.41365583272162704 0.35626175546171895 Penicillium-polonicum
11 10 -0.5408069222670495 0.21004221398868936 Penicillium-cvjetkovicii
11 10 -0.15740394082484488 0.7360807189385934 Penicillium-commune
11 10 -0.1400842940828727 0.7645120209456173 Penicillium-chrysogenum
11 10 0.04086793866122874 0.9306783564696055 Penicillium-mb
11 10 0.47202680432037497 0.28486671381112777 Penicillium-brevicompactum
11 12 -0.40027310503828767 0.3735770515894369 Penicillium-solitum
11 12 -0.04248234097748481 0.9279447998937574 Penicillium-verrucosum
11 12 -0.5545702231644323 0.19635721502746517 Penicillium-polonicum
11 12 0.14938096301294085 0.7492229717049619 Penicillium-cvjetkovicii
11 12 -0.5891915565254158 0.16391434049120698 Penicillium-commune
11 12 0.11573743338865097 0.8048313353975338 Penicillium-chrysogenum
11 12 0.05595718715086386 0.90515278465556 Penicillium-mb
11 12 -0.26772411191624385 0.5616092887610069 Penicillium-brevicompactum
11 12 0.3276184150316371 0.4731793851785827 Penicillium-solitum
11 12 -0.6405770429367001 0.12113855421177465 Penicillium-verrucosum
11 12 -0.6411378941049223 0.1207078262938587 Penicillium-polonicum
11 12 -0.08542065551248967 0.8555138749260127 Penicillium-cvjetkovicii
11 12 0.03319752383853843 0.9436731833288295 Penicillium-commune
11 12 0.030306812640733073 0.9485731823291812 Penicillium-chrysogenum
11 12 -0.05827616677333663 0.9012352142194651 Penicillium-mb
11 12 0.22446584892736487 0.6284619096409092 Penicillium-brevicompactum
11 12 0.5156916130444889 0.23614088800752023 Penicillium-solitum
11 12 -0.10160634296476732 0.8283967264610216 Penicillium-verrucosum
11 12 0.5925223567939396 0.16094502413019066 Penicillium-polonicum
11 12 -0.04942355912053096 0.9161983982604742 Penicillium-cvjetkovicii
11 12 -0.3737091232966482 0.40892918136715234 Penicillium-commune
11 12 -0.34970516144747066 0.44194763749315846 Penicillium-chrysogenum
11 12 -0.08609085029528396 0.8543886445784427 Penicillium-mb
11 12 0.4844010588066247 0.27063671143927764 Penicillium-brevicompactum
11 12 0.03311791332068872 0.9438081115181776 Penicillium-solitum
11 12 0.02742225837187448 0.9534640299845133 Penicillium-verrucosum
11 12 -0.08644431005961695 0.8537952786425715 Penicillium-polonicum
11 12 -0.3180421086900889 0.4869624078248528 Penicillium-cvjetkovicii
11 12 -0.35484254287070643 0.4347981751684685 Penicillium-commune
11 12 -0.3598070719885881 0.42793162507559807 Penicillium-chrysogenum
11 12 -0.40486169238361913 0.36760194379205596 Penicillium-mb
11 12 -0.2947003083133547 0.521140240051549 Penicillium-brevicompactum
11 12 -0.07301147092246409 0.8763819765816402 Penicillium-solitum
11 12 -0.4294680270542865 0.3362464584700415 Penicillium-verrucosum
11 12 -0.49865500280796915 0.254655060266223 Penicillium-polonicum
11 12 -0.19425166964780738 0.6764145063359168 Penicillium-cvjetkovicii
11 12 0.3249147990235275 0.4770561712438405 Penicillium-commune
11 12 -0.21539577590670766 0.6427560377769583 Penicillium-chrysogenum
11 12 0.24062105420603036 0.6032310954019382 Penicillium-mb
11 12 -0.2244669032480141 0.6284602533263817 Penicillium-brevicompactum
11 10 -0.34984553623464765 0.44175169648016616 Penicillium-solitum
11 10 0.02170701557701549 0.9631577072005195 Penicillium-verrucosum
11 10 0.17443125627786793 0.7083606354573011 Penicillium-polonicum
11 10 0.45290422911022377 0.30749307930452585 Penicillium-cvjetkovicii
11 10 -0.7991361141175007 0.031067134244503664 Penicillium-commune
11 10 0.3679251321601399 0.4167943732925465 Penicillium-chrysogenum
11 10 0.5271502787486321 0.2240549214624817 Penicillium-mb
11 10 0.5437279756898592 0.207100874133941 Penicillium-brevicompactum
11 10 -0.610068989016122 0.14574952414242556 Penicillium-solitum
11 10 -0.2332182910415668 0.6147552049318699 Penicillium-verrucosum
11 10 -0.06453867652660232 0.8906637779685478 Penicillium-polonicum
11 10 -0.8774193869710473 0.009448789295499789 Penicillium-cvjetkovicii
11 10 0.32319651864478494 0.4795260093992525 Penicillium-commune
11 10 0.23891237048992878 0.6058853382611488 Penicillium-chrysogenum
11 10 0.21540598298299227 0.6427399015772333 Penicillium-mb
11 10 -0.021934443588744607 0.9627718891405315 Penicillium-brevicompactum
11 12 0.13094475650660875 0.7796021910971564 Penicillium-solitum
11 12 -0.8193170273719237 0.02411907628219528 Penicillium-verrucosum
11 12 0.16960023060094143 0.7162007105450368 Penicillium-polonicum
11 12 -0.500523102742782 0.25259349358309646 Penicillium-cvjetkovicii
11 12 -0.041774900819813277 0.9291425916435049 Penicillium-commune
11 12 -0.13906652014162704 0.7661896036929923 Penicillium-chrysogenum
11 12 -0.47874218891296 0.2771035811075609 Penicillium-mb
11 12 -0.43872540015188954 0.3247566389739209 Penicillium-brevicompactum
11 12 0.17390184240848075 0.7092188135332844 Penicillium-solitum
11 12 0.17348763790002136 0.7098904081109022 Penicillium-verrucosum
11 12 -0.48542040760251653 0.2694791451025532 Penicillium-polonicum
11 12 0.39633532187353415 0.3787360785348556 Penicillium-cvjetkovicii
11 12 -0.7989856074420494 0.0311226696835922 Penicillium-commune
11 12 0.2241693980435749 0.6289276765581795 Penicillium-chrysogenum
11 12 0.44292138232018646 0.3196052871921465 Penicillium-mb
11 12 0.6970347217849758 0.08176133491427534 Penicillium-brevicompactum
11 12 -0.07301147090669197 0.8763819766082019 Penicillium-solitum
11 12 -0.6973987778820697 0.08153365700386064 Penicillium-verrucosum
11 12 -0.4591122385295567 0.3000640253867118 Penicillium-polonicum
11 12 -0.08066053033599867 0.8635114489017119 Penicillium-cvjetkovicii
11 12 0.1933791524399915 0.6778130638280577 Penicillium-commune
11 12 0.10189469739520972 0.8279147832829601 Penicillium-chrysogenum
11 12 -0.06751155409107434 0.8856498354493199 Penicillium-mb
11 12 -0.22446684666500494 0.6284603422170119 Penicillium-brevicompactum
9 12 0.4371238172440022 0.3267322169724668 Penicillium-solitum
9 12 0.4475064943354063 0.3140169287024137 Penicillium-verrucosum
9 12 0.4995206775777246 0.2536987769851908 Penicillium-polonicum
9 12 0.22787065538269535 0.6231195198296156 Penicillium-cvjetkovicii
9 12 -0.6622512955646054 0.10506803346029372 Penicillium-commune
9 12 0.33499475497549935 0.4626611092497003 Penicillium-chrysogenum
9 12 -0.49062104502221754 0.26360836048690117 Penicillium-mb
9 12 -0.07896144414651177 0.8663683900009591 Penicillium-brevicompactum
11 10 0.7186824150046047 0.0688095898111322 Penicillium-solitum
11 10 0.6012117591301466 0.15332578695333354 Penicillium-verrucosum
11 10 0.8338762468772963 0.019712723637810285 Penicillium-polonicum
11 10 0.09592402726652162 0.8379024840899749 Penicillium-cvjetkovicii
11 10 0.39237133544506486 0.38395845828476094 Penicillium-commune
11 10 0.41120564584518743 0.35940651247415467 Penicillium-chrysogenum
11 10 0.05851823554606133 0.900826365863618 Penicillium-mb
11 10 0.7467121782084479 0.053810253725639516 Penicillium-brevicompactum
11 12 -0.4450398011655002 0.31701804301403597 Penicillium-solitum
11 12 0.29707922516758806 0.5176202544338679 Penicillium-verrucosum
11 12 -0.6271978863886254 0.13164673093353021 Penicillium-polonicum
11 12 0.10997655711214796 0.8144250123589694 Penicillium-cvjetkovicii
11 12 -0.11905293053444552 0.7993187345258681 Penicillium-commune
11 12 -0.5095904964368546 0.24269680814755654 Penicillium-chrysogenum
11 12 -0.22300980406034532 0.6307505034082945 Penicillium-mb
11 12 0.4601380682548009 0.2988441126160114 Penicillium-brevicompactum
11 12 -0.5029242609619168 0.24995497735305983 Penicillium-solitum
11 12 -0.042482340948713254 0.9279447999424694 Penicillium-verrucosum
11 12 -0.4166739420928271 0.35240391661998455 Penicillium-polonicum
11 12 0.12759574291476944 0.7851457295195428 Penicillium-cvjetkovicii
11 12 0.22406491007591134 0.6290918654750002 Penicillium-commune
11 12 -0.19600435566044716 0.6736073624926922 Penicillium-chrysogenum
11 12 0.16474840833569634 0.7240945303675475 Penicillium-mb
11 12 -0.2654951028852892 0.5649971639832863 Penicillium-brevicompactum
11 12 -0.587837663678328 0.1651289915345348 Penicillium-solitum
11 12 0.3188803556451903 0.48575025411263234 Penicillium-verrucosum
11 12 -0.4678962238853871 0.28968929047955144 Penicillium-polonicum
11 12 -0.2643237205824454 0.566780149720479 Penicillium-cvjetkovicii
11 12 -0.17324130568278254 0.710289883997776 Penicillium-commune
11 12 -0.2244831599210964 0.6284347146076398 Penicillium-chrysogenum
11 12 -0.28718022252638714 0.5323205041510135 Penicillium-mb
11 12 0.17695529190679068 0.7042725656179589 Penicillium-brevicompactum
9 12 0.48185817270101816 0.27353416563510025 Penicillium-solitum
9 12 0.3965011761750591 0.37851820573325595 Penicillium-verrucosum
9 12 0.4380608383475245 0.32557576218917667 Penicillium-polonicum
9 12 0.2278705929187922 0.6231196177204436 Penicillium-cvjetkovicii
9 12 -0.5317542687266629 0.21928301786202908 Penicillium-commune
9 12 0.3349947244196304 0.4626611526407787 Penicillium-chrysogenum
9 12 -0.6474428973998805 0.11591993513337788 Penicillium-mb
9 12 -0.006698968284126674 0.9886277334048913 Penicillium-brevicompactum
