#SPECIES: Penicillium-chrysogenum Penicillium-commune Penicillium-polonicum Penicillium-verrucosum Penicillium-brevicompactum Penicillium-mb Penicillium-cvjetkovicii Penicillium-solitum 
#GENE_TREEs p: 0.5329897284180936 0.9422440703420283 0.9777463695337423 0.7506083926268468 0.4164194123283169 0.8215652440785546 0.8215678488580181 0.8179804763535846 
#GENE_TREEs r: 0.2867317841262303 -0.03404077016066749 0.013109596861488148 -0.14853694756733943 -0.36819990076949194 -0.10569615821888685 -0.10569459780197077 -0.10784439147479866 
11 8 0.26860545435287836 0.5602715325224426 Penicillium-chrysogenum
11 8 0.08140633332574099 0.8622577847691392 Penicillium-commune
11 8 0.2431179993286404 0.5993586312897239 Penicillium-polonicum
11 8 -0.1219817863237505 0.7944544925681569 Penicillium-verrucosum
11 8 -0.38221656574712054 0.39746812083239536 Penicillium-brevicompactum
11 8 -0.4464784800686914 0.31526616301583704 Penicillium-mb
11 8 -0.47248500561623913 0.2843339739548779 Penicillium-cvjetkovicii
11 8 -0.4503413814617647 0.3105831688439203 Penicillium-solitum
11 8 0.1455003377910518 0.7555972646663912 Penicillium-chrysogenum
11 8 -0.6012631327239059 0.1532812885977112 Penicillium-commune
11 8 0.2923740801095185 0.5245901139045576 Penicillium-polonicum
11 8 0.49578306336171934 0.25783940433227326 Penicillium-verrucosum
11 8 0.43260577076816176 0.3323329325195026 Penicillium-brevicompactum
11 8 0.17307711817028415 0.7105561754634515 Penicillium-mb
11 8 0.17307720123827566 0.7105560407317126 Penicillium-cvjetkovicii
11 8 0.1306063496685314 0.7801620137831209 Penicillium-solitum
11 12 0.5502767824982123 0.20057874363183467 Penicillium-chrysogenum
11 12 -0.08966931837259731 0.8483838970167685 Penicillium-commune
11 12 0.6259498821654752 0.13264968855879583 Penicillium-polonicum
11 12 0.23371419793046155 0.6139812123232601 Penicillium-verrucosum
11 12 0.6320222653558023 0.12780608873108207 Penicillium-brevicompactum
11 12 0.10717280712566025 0.8191008841400044 Penicillium-mb
11 12 0.21871488717664195 0.6375148205230046 Penicillium-cvjetkovicii
11 12 -0.5285765608404231 0.2225714388334737 Penicillium-solitum
11 10 0.08316980990051961 0.8592943712732484 Penicillium-chrysogenum
11 10 0.12649167187243276 0.7869748642505952 Penicillium-commune
11 10 -0.37413108022544717 0.4083576976971797 Penicillium-polonicum
11 10 -0.3045813890304465 0.5065734354460001 Penicillium-verrucosum
11 10 -0.12469700054547624 0.7899497883948836 Penicillium-brevicompactum
11 10 -0.3824643265818173 0.3971362815652928 Penicillium-mb
11 10 -0.37894983550364764 0.4018537298599828 Penicillium-cvjetkovicii
11 10 -0.40659608297834976 0.36535379582496386 Penicillium-solitum
11 12 0.433520899840985 0.33119522387295847 Penicillium-chrysogenum
11 12 0.2732954775452969 0.5531700151944903 Penicillium-commune
11 12 0.35341872050187984 0.436775201411362 Penicillium-polonicum
11 12 -0.31379699190574184 0.4931176098014384 Penicillium-verrucosum
11 12 -0.2454869960649785 0.5956915211516725 Penicillium-brevicompactum
11 12 0.4399195419623453 0.3232869969182062 Penicillium-mb
11 12 -0.5646476817872645 0.18661905708768345 Penicillium-cvjetkovicii
11 12 -0.5657573867076696 0.18556140547831282 Penicillium-solitum
11 12 0.4043259082449875 0.3682975842659307 Penicillium-chrysogenum
11 12 0.19055260622965473 0.6823487687985669 Penicillium-commune
11 12 0.5537951608188412 0.19711609651274778 Penicillium-polonicum
11 12 0.4777340500064889 0.2782628769983742 Penicillium-verrucosum
11 12 0.6479680575175173 0.1155256423762828 Penicillium-brevicompactum
11 12 -0.08579454992874291 0.8548860969855177 Penicillium-mb
11 12 -0.041059098535579944 0.930354649875867 Penicillium-cvjetkovicii
11 12 -0.20320996720705037 0.6620985569254982 Penicillium-solitum
9 12 -0.4393373053461247 0.32400320318855935 Penicillium-chrysogenum
9 12 -0.26831027972861315 0.5607194530391529 Penicillium-commune
9 12 -0.3395140463590871 0.45625993807352755 Penicillium-polonicum
9 12 0.10566369508074781 0.8216194345539382 Penicillium-verrucosum
9 12 0.08752811092933706 0.8519762047372188 Penicillium-brevicompactum
9 12 -0.17475227756568681 0.707840380405991 Penicillium-mb
9 12 -0.10472843950162919 0.8231808912265718 Penicillium-cvjetkovicii
9 12 -0.12823384219162295 0.7840889365774043 Penicillium-solitum
11 12 -0.6109679221840475 0.14499137418344546 Penicillium-chrysogenum
11 12 0.393941013382496 0.381887008582753 Penicillium-commune
11 12 0.28822864235530576 0.5307570013236328 Penicillium-polonicum
11 12 -0.48518975257905883 0.26974087907247024 Penicillium-verrucosum
11 12 -0.3669544178239584 0.4181201042008536 Penicillium-brevicompactum
11 12 -0.7233464294170662 0.06617533163578085 Penicillium-mb
11 12 0.4809829135407505 0.27453468612970905 Penicillium-cvjetkovicii
11 12 0.48421154574446207 0.2708521686511623 Penicillium-solitum
11 12 -0.6461590505785659 0.11688677141832178 Penicillium-chrysogenum
11 12 0.3049482706917314 0.5060353257528003 Penicillium-commune
11 12 -0.15979215943377764 0.7321783611531567 Penicillium-polonicum
11 12 -0.338176203741933 0.4581514283157436 Penicillium-verrucosum
11 12 -0.5147502582930251 0.2371469664887982 Penicillium-brevicompactum
11 12 0.20625105572446076 0.6572570142892484 Penicillium-mb
11 12 -0.5242950140055566 0.2270386329790706 Penicillium-cvjetkovicii
11 12 0.09280505720148925 0.843126839095471 Penicillium-solitum
11 12 0.7858069255702836 0.03620124660362169 Penicillium-chrysogenum
11 12 -0.39626121753696697 0.3788334414142464 Penicillium-commune
11 12 0.7133813943650761 0.07187085443931446 Penicillium-polonicum
11 12 -0.12159607732481774 0.7950947781230593 Penicillium-verrucosum
11 12 0.36040302734497787 0.4271101691477662 Penicillium-brevicompactum
11 12 -0.16856466154927743 0.7178838979405128 Penicillium-mb
11 12 0.6088548077368217 0.14677670874733867 Penicillium-cvjetkovicii
11 12 0.5012925639347693 0.2517465826987648 Penicillium-solitum
11 12 -0.5393435715254209 0.21152316358441758 Penicillium-chrysogenum
11 12 -0.3455838140597643 0.44771499252313135 Penicillium-commune
11 12 0.29077647916935595 0.5269638759015789 Penicillium-polonicum
11 12 -0.13500198079621348 0.7728963202138992 Penicillium-verrucosum
11 12 -0.3746630259152275 0.40763769746543344 Penicillium-brevicompactum
11 12 0.36112643047775317 0.42611385826668186 Penicillium-mb
11 12 -0.5315023358350913 0.21954288404306704 Penicillium-cvjetkovicii
11 12 0.36112643036549574 0.4261138584212191 Penicillium-solitum
9 12 0.5464543259285364 0.20437347997728017 Penicillium-chrysogenum
9 12 -0.48335851843302857 0.27182293368218435 Penicillium-commune
9 12 0.473263428791701 0.2834299405866852 Penicillium-polonicum
9 12 -0.21081922939753625 0.6500021931313202 Penicillium-verrucosum
9 12 -0.642386163914884 0.11975199770898462 Penicillium-brevicompactum
9 12 0.4573217980301055 0.30219844532241963 Penicillium-mb
9 12 -0.7103415859123533 0.07365857647531941 Penicillium-cvjetkovicii
9 12 0.4784173750567758 0.2774768590631695 Penicillium-solitum
9 12 -0.19752328232509028 0.671177044474318 Penicillium-chrysogenum
9 12 -0.23638206796668754 0.6098222007564871 Penicillium-commune
9 12 -0.2809648459582085 0.5416209140861847 Penicillium-polonicum
9 12 -0.37365156643896336 0.40900715872550036 Penicillium-verrucosum
9 12 -0.1942105603340739 0.6764803838791813 Penicillium-brevicompactum
9 12 -0.4804016819778361 0.2752000089203316 Penicillium-mb
9 12 -0.2901822861462144 0.5278476688246586 Penicillium-cvjetkovicii
9 12 -0.21296425975014616 0.6466031505621537 Penicillium-solitum
9 12 -0.16430516535083037 0.7248166576193367 Penicillium-chrysogenum
9 12 0.6308848387517119 0.12870635838938763 Penicillium-commune
9 12 -0.2977858020711013 0.5165763337501827 Penicillium-polonicum
9 12 0.7119890831888857 0.07268675721768682 Penicillium-verrucosum
9 12 0.3035705262456348 0.5080571081320933 Penicillium-brevicompactum
9 12 0.3832670990144539 0.39606184495361213 Penicillium-mb
9 12 0.3989122859290845 0.37535664426319254 Penicillium-cvjetkovicii
9 12 0.3989122132688523 0.37535673937581604 Penicillium-solitum
11 10 -0.16430526165651257 0.724816500701407 Penicillium-chrysogenum
11 10 0.6186081567109202 0.13862816094557553 Penicillium-commune
11 10 -0.3316966397078297 0.4673533391139413 Penicillium-polonicum
11 10 0.7053832104952211 0.07662510669863087 Penicillium-verrucosum
11 10 0.3035704579331679 0.5080572084472027 Penicillium-brevicompactum
11 10 0.3829526937417692 0.3964825090132417 Penicillium-mb
11 10 0.3364332635345155 0.460620010311175 Penicillium-cvjetkovicii
11 10 0.3258677396755721 0.4756884148452263 Penicillium-solitum
11 12 0.06284477217602717 0.8935219577744541 Penicillium-chrysogenum
11 12 -0.9393763768656788 0.001681923184336312 Penicillium-commune
11 12 0.08503385577608148 0.8561633849828536 Penicillium-polonicum
11 12 0.4548099613882207 0.30520404350245134 Penicillium-verrucosum
11 12 -0.0916638361302114 0.8450395657855689 Penicillium-brevicompactum
11 12 0.32552084625668426 0.4761861464778043 Penicillium-mb
11 12 0.21504757289465928 0.6433065730283232 Penicillium-cvjetkovicii
11 12 0.32552084455419095 0.47618614892104855 Penicillium-solitum
11 12 -0.542960008946129 0.20787225543916302 Penicillium-chrysogenum
11 12 -0.5097555944354505 0.24251830590924306 Penicillium-commune
11 12 -0.14454352012105656 0.757170635744391 Penicillium-polonicum
11 12 -0.33516813763047465 0.46241492014968805 Penicillium-verrucosum
11 12 -0.010300786255110217 0.9825137698639859 Penicillium-brevicompactum
11 12 0.32040915987405855 0.4835423014208016 Penicillium-mb
11 12 -0.5025395634304554 0.25037684516981396 Penicillium-cvjetkovicii
11 12 0.32040915987405805 0.4835423014208028 Penicillium-solitum
11 12 -0.18544323095970186 0.6905669265765928 Penicillium-chrysogenum
11 12 -0.046532639092527195 0.9210892353664497 Penicillium-commune
11 12 -0.2676500717575697 0.5617217180157811 Penicillium-polonicum
11 12 0.04442929293267567 0.9246489112253816 Penicillium-verrucosum
11 12 -0.11190987895249495 0.8112033141815378 Penicillium-brevicompactum
11 12 -0.20868595836322942 0.6533873913735326 Penicillium-mb
11 12 -0.1279931310808655 0.784487561195129 Penicillium-cvjetkovicii
11 12 -0.12799342053255816 0.7844870818321774 Penicillium-solitum
11 12 -0.19097932134083337 0.6816635367007805 Penicillium-chrysogenum
11 12 -0.38142653633532286 0.3985269863743604 Penicillium-commune
11 12 -0.1024472285319191 0.8269914265640123 Penicillium-polonicum
11 12 -0.2979448706104151 0.5163414201188339 Penicillium-verrucosum
11 12 0.015078190305213245 0.9744053788438978 Penicillium-brevicompactum
11 12 -0.32040917452416107 0.4835422802798962 Penicillium-mb
11 12 0.9194043111872636 0.0033901561012401804 Penicillium-cvjetkovicii
11 12 -0.38761473454235745 0.3902631739796798 Penicillium-solitum
9 10 0.5098622560752177 0.2424030168242039 Penicillium-chrysogenum
9 10 0.6437942479320689 0.11867848502768949 Penicillium-commune
9 10 -0.6792831847325581 0.09327202818572561 Penicillium-polonicum
9 10 -0.9342396836998937 0.002055368831143526 Penicillium-verrucosum
9 10 -0.6345671162443871 0.12580353755206203 Penicillium-brevicompactum
9 10 0.764783261947912 0.04519440853422327 Penicillium-mb
9 10 0.7647830146373743 0.0451945208216611 Penicillium-cvjetkovicii
9 10 0.7339361979272223 0.06039956074305113 Penicillium-solitum
11 12 -0.5980571040594261 0.15607062397397548 Penicillium-chrysogenum
11 12 -0.27029824317839857 0.557704986230986 Penicillium-commune
11 12 0.3431073156571834 0.4511940809209691 Penicillium-polonicum
11 12 0.16779271464565976 0.7191391913115514 Penicillium-verrucosum
11 12 0.3745162744146752 0.40783627888239704 Penicillium-brevicompactum
11 12 -0.023166201922800264 0.9606823864784693 Penicillium-mb
11 12 -0.032235144405068146 0.9453043468057528 Penicillium-cvjetkovicii
11 12 -0.22325051560144168 0.6303719935716617 Penicillium-solitum
11 12 -0.1783711677491548 0.7019818026375633 Penicillium-chrysogenum
11 12 -0.22684529213393728 0.6247270195601179 Penicillium-commune
11 12 -0.32778554511955466 0.4729401102760276 Penicillium-polonicum
11 12 -0.003319782675391413 0.9943641929464667 Penicillium-verrucosum
11 12 -0.23057703271538346 0.618882351895419 Penicillium-brevicompactum
11 12 -0.37043968387469844 0.41336782582521436 Penicillium-mb
11 12 -0.5170327547501203 0.23471097955501108 Penicillium-cvjetkovicii
11 12 -0.24036196805193402 0.603633333033977 Penicillium-solitum
11 10 0.7466953676491347 0.053818652250022296 Penicillium-chrysogenum
11 10 0.667295692816442 0.10149778965067748 Penicillium-commune
11 10 0.6726379631566977 0.09778694860433408 Penicillium-polonicum
11 10 -0.9112045489409608 0.004299842259141016 Penicillium-verrucosum
11 10 -0.9366095991685831 0.001877597800561984 Penicillium-brevicompactum
11 10 0.9785693455294214 0.00012765507922573444 Penicillium-mb
11 10 0.9695114671439308 0.00030666528331272356 Penicillium-cvjetkovicii
11 10 0.9737635904250813 0.000211146194032375 Penicillium-solitum
9 12 -0.5650804722374718 0.18620621985761887 Penicillium-chrysogenum
9 12 0.20127309328573526 0.6651870364649708 Penicillium-commune
9 12 0.17981095100349284 0.6996541972227599 Penicillium-polonicum
9 12 -0.45763186247976534 0.3018283353811943 Penicillium-verrucosum
9 12 -0.3895195559435328 0.3877334309303683 Penicillium-brevicompactum
9 12 0.24768836754790655 0.5922899837470367 Penicillium-mb
9 12 -0.4967827785013296 0.2567288861628443 Penicillium-cvjetkovicii
9 12 -0.5604913330302197 0.19060639184571515 Penicillium-solitum
11 12 -0.4031960066248663 0.36976637449611016 Penicillium-chrysogenum
11 12 0.20347599612864967 0.6616746515448246 Penicillium-commune
11 12 0.17908271300174014 0.7008312604895287 Penicillium-polonicum
11 12 0.3692656096859728 0.4149663465719272 Penicillium-verrucosum
11 12 0.335886746757562 0.46139507002015756 Penicillium-brevicompactum
11 12 -0.544181363444682 0.206646113911408 Penicillium-mb
11 12 -0.14091081460151905 0.7631502167421618 Penicillium-cvjetkovicii
11 12 -0.21296425975014616 0.6466031505621537 Penicillium-solitum
11 12 -0.1899641174869451 0.6832940664212912 Penicillium-chrysogenum
11 12 0.4943277697908587 0.25945991120051826 Penicillium-commune
11 12 0.19005450286005393 0.683148857737383 Penicillium-polonicum
11 12 0.5979948893825323 0.15612500087031975 Penicillium-verrucosum
11 12 0.42663576007798115 0.3397956836517095 Penicillium-brevicompactum
11 12 0.27188584820854667 0.5553013667164041 Penicillium-mb
11 12 -0.47934897012867156 0.27640686974610523 Penicillium-cvjetkovicii
11 12 0.14280547272032426 0.7600303476317403 Penicillium-solitum
11 12 0.44989626406970906 0.31112123053756346 Penicillium-chrysogenum
11 12 0.2972732403672295 0.5173335378974383 Penicillium-commune
11 12 0.5582724892673527 0.19275173904750048 Penicillium-polonicum
11 12 -0.47514276967811014 0.28125264569040653 Penicillium-verrucosum
11 12 0.6471386509663161 0.11614868190716685 Penicillium-brevicompactum
11 12 0.2662329009470443 0.5638750636520402 Penicillium-mb
11 12 0.03365038112695845 0.9429056768785473 Penicillium-cvjetkovicii
11 12 0.03364976778347892 0.942906716354734 Penicillium-solitum
11 12 -0.6052649642925447 0.14983487818875332 Penicillium-chrysogenum
11 12 0.41375451117146006 0.35613534484850473 Penicillium-commune
11 12 0.2771369931882658 0.547375206539126 Penicillium-polonicum
11 12 -0.5225592745049783 0.22886151998834256 Penicillium-verrucosum
11 12 -0.45677516081849007 0.3028514264299437 Penicillium-brevicompactum
11 12 0.484314272283573 0.2707353693314735 Penicillium-mb
11 12 0.4570590737363237 0.3025122033094345 Penicillium-cvjetkovicii
11 12 -0.8133702171799847 0.026064188744322203 Penicillium-solitum
7 12 -0.22668030936313674 0.6249857797451555 Penicillium-chrysogenum
7 12 -0.27453519494259765 0.551297767895286 Penicillium-commune
7 12 -0.25302089393163135 0.5840748632951265 Penicillium-polonicum
7 12 -0.20452165504197178 0.6600091367401284 Penicillium-verrucosum
7 12 -0.11452575906019646 0.80684757386387 Penicillium-brevicompactum
7 12 -0.3326302388949525 0.466023341611448 Penicillium-mb
7 12 0.9194043128123601 0.0033901559333808775 Penicillium-cvjetkovicii
7 12 -0.3212431077902785 0.48233940654357044 Penicillium-solitum
11 12 -0.17837116766076877 0.7019818027805083 Penicillium-chrysogenum
11 12 -0.2905257227367823 0.5273367859339759 Penicillium-commune
11 12 -0.24481313018087886 0.5967339484540646 Penicillium-polonicum
11 12 -0.4241567976077464 0.3429151088220785 Penicillium-verrucosum
11 12 -0.6405380108056772 0.1211685598179149 Penicillium-brevicompactum
11 12 -0.098658704569749 0.8333257163569591 Penicillium-mb
11 12 -0.24036067397736136 0.6036353423168678 Penicillium-cvjetkovicii
11 12 -0.09865871401789321 0.8333257005509047 Penicillium-solitum
9 12 0.0886371632585009 0.8501152882908449 Penicillium-chrysogenum
9 12 0.36459038550895284 0.4213555726669222 Penicillium-commune
9 12 -0.34081705822449815 0.4544204910342361 Penicillium-polonicum
9 12 0.4569680169905643 0.30262098100587015 Penicillium-verrucosum
9 12 0.3218299588054266 0.481493572505752 Penicillium-brevicompactum
9 12 -0.040623148079154334 0.9310928914031449 Penicillium-mb
9 12 -0.3134989086266262 0.4935508466188946 Penicillium-cvjetkovicii
9 12 0.11476613051939177 0.806447525375436 Penicillium-solitum
11 12 -0.2958222766279782 0.5194790946468443 Penicillium-chrysogenum
11 12 0.27468969914934205 0.5510645770245157 Penicillium-commune
11 12 0.3288402157233525 0.47143118843999515 Penicillium-polonicum
11 12 0.43353475782938566 0.3311780081165092 Penicillium-verrucosum
11 12 0.45045737461902663 0.3104430219570911 Penicillium-brevicompactum
11 12 -0.2110204481051226 0.6496831334060946 Penicillium-mb
11 12 -0.2267376959485942 0.6248957707320919 Penicillium-cvjetkovicii
11 12 0.03017608397446135 0.9487948098249328 Penicillium-solitum
7 12 -0.6175651866362952 0.13948830374838794 Penicillium-chrysogenum
7 12 0.40898947589580936 0.36226078666867834 Penicillium-commune
7 12 0.2773411313708906 0.5470678281045536 Penicillium-polonicum
7 12 -0.4745773977701868 0.2819068627180821 Penicillium-verrucosum
7 12 -0.35786402797295436 0.4306141007716056 Penicillium-brevicompactum
7 12 0.44901841766716255 0.3121835667144938 Penicillium-mb
7 12 -0.7373616887528506 0.05859223547039557 Penicillium-cvjetkovicii
7 12 0.49627786274802754 0.25728948994798595 Penicillium-solitum
7 12 -0.11671884859011028 0.8031988801380792 Penicillium-chrysogenum
7 12 -0.18938969788053767 0.6842170818557353 Penicillium-commune
7 12 -0.04419495008241145 0.925045572821444 Penicillium-polonicum
7 12 -0.40756296963228383 0.3641029695130365 Penicillium-verrucosum
7 12 0.08748865565256672 0.8520424181837614 Penicillium-brevicompactum
7 12 -0.3118315854756123 0.49597662947540133 Penicillium-mb
7 12 -0.26623348068771346 0.5638741822171096 Penicillium-cvjetkovicii
7 12 -0.3776636524585428 0.4035856768857308 Penicillium-solitum
9 12 0.22389457514177666 0.6293595501529428 Penicillium-chrysogenum
9 12 0.41434707188088143 0.35537664646223277 Penicillium-commune
9 12 0.3795609602633993 0.40103183705025286 Penicillium-polonicum
9 12 0.5986931314593293 0.1555152651872138 Penicillium-verrucosum
9 12 0.5965289726991714 0.15740897507376683 Penicillium-brevicompactum
9 12 -0.2676227661396645 0.5617631831461489 Penicillium-mb
9 12 0.10165529903321023 0.8283149003763242 Penicillium-cvjetkovicii
9 12 0.1019234483722682 0.8278667324893112 Penicillium-solitum
11 12 0.37627189444197456 0.4054631075874781 Penicillium-chrysogenum
11 12 -0.542406267378066 0.20842930891520667 Penicillium-commune
11 12 -0.48426479670931477 0.2707916198530841 Penicillium-polonicum
11 12 -0.26585565812687323 0.5644487149266999 Penicillium-verrucosum
11 12 -0.56443319244988 0.1868238224517608 Penicillium-brevicompactum
11 12 0.43613062096215816 0.3279599213832999 Penicillium-mb
11 12 -0.7225802648608031 0.06660426598290514 Penicillium-cvjetkovicii
11 12 0.4361306207574729 0.32795992163651777 Penicillium-solitum
11 10 -0.21240766104745495 0.6474846774159018 Penicillium-chrysogenum
11 10 0.23403393642511375 0.6134823275196039 Penicillium-commune
11 10 -0.31570860834633424 0.49034245970556345 Penicillium-polonicum
11 10 0.30798785612309704 0.501584807286843 Penicillium-verrucosum
11 10 0.1733069465439846 0.7101834293419358 Penicillium-brevicompactum
11 10 -0.32094823024442387 0.4827646178716197 Penicillium-mb
11 10 -0.3394455371624558 0.4563567282189717 Penicillium-cvjetkovicii
11 10 0.06642032285679562 0.8874899194941497 Penicillium-solitum
11 12 -0.17532198833661902 0.7069173154662405 Penicillium-chrysogenum
11 12 0.2831970500156838 0.538274583308455 Penicillium-commune
11 12 -0.15979215941120553 0.7321783611900181 Penicillium-polonicum
11 12 0.2997604366719264 0.5136627791624822 Penicillium-verrucosum
11 12 -0.4217529045508373 0.345951551395399 Penicillium-brevicompactum
11 12 -0.1159145681411091 0.8045366531638518 Penicillium-mb
11 12 0.13480510165462561 0.7732214702363784 Penicillium-cvjetkovicii
11 12 0.13194876462764182 0.777941717869049 Penicillium-solitum
11 12 -0.284064864926883 0.5369754868129747 Penicillium-chrysogenum
11 12 0.4331872288099333 0.3316098581898796 Penicillium-commune
11 12 -0.159792159429001 0.7321783611609572 Penicillium-polonicum
11 12 0.588876481064076 0.16419661524337809 Penicillium-verrucosum
11 12 0.012495556753688556 0.9787885400682144 Penicillium-brevicompactum
11 12 0.14779647948836522 0.7518242832376012 Penicillium-mb
11 12 -0.7129778148988383 0.07210684645291525 Penicillium-cvjetkovicii
11 12 0.17245059585939768 0.7115725305998957 Penicillium-solitum
11 10 -0.5687338920927377 0.18273897703955924 Penicillium-chrysogenum
11 10 -0.630613011233073 0.12892198659933243 Penicillium-commune
11 10 -0.40457550267125186 0.36797345364775813 Penicillium-polonicum
11 10 -0.5549862216175064 0.19595048350192226 Penicillium-verrucosum
11 10 -0.2442221064159505 0.5976486762272012 Penicillium-brevicompactum
11 10 0.49637594901193427 0.2571805417872684 Penicillium-mb
11 10 0.49540986130854164 0.2582545320219237 Penicillium-cvjetkovicii
11 10 0.4954098708699396 0.2582545213824843 Penicillium-solitum
9 12 0.24288289066718838 0.599722938564493 Penicillium-chrysogenum
9 12 -0.3029070094345691 0.5090317896163311 Penicillium-commune
9 12 -0.39877576207304866 0.37553537205566356 Penicillium-polonicum
9 12 -0.09209186623241655 0.8443221009093003 Penicillium-verrucosum
9 12 -0.3218294168155563 0.48149435343455027 Penicillium-brevicompactum
9 12 -0.41662664639612 0.3524642361489491 Penicillium-mb
9 12 0.2403619055037372 0.6036334301512261 Penicillium-cvjetkovicii
9 12 -0.41662665704293905 0.3524642225698263 Penicillium-solitum
11 12 -0.37871332667375074 0.4021719862234298 Penicillium-chrysogenum
11 12 -0.4973708415115098 0.2560766703587122 Penicillium-commune
11 12 -0.04551642334865984 0.9228089379087461 Penicillium-polonicum
11 12 0.22125307659199622 0.6335148295629169 Penicillium-verrucosum
11 12 0.04861879247518326 0.9175596907250758 Penicillium-brevicompactum
11 12 -0.067720900911175 0.8852968717598866 Penicillium-mb
11 12 -0.5157199472733341 0.2361106365334728 Penicillium-cvjetkovicii
11 12 0.13249498521002617 0.7770386357166399 Penicillium-solitum
11 10 -0.8019373006059033 0.030043630928927836 Penicillium-chrysogenum
11 10 -0.6035726939906242 0.15128748650709328 Penicillium-commune
11 10 0.17347664362380752 0.7099082363557072 Penicillium-polonicum
11 10 0.1491743198192504 0.7495621196308999 Penicillium-verrucosum
11 10 0.3429771948967039 0.4513771589033287 Penicillium-brevicompactum
11 10 0.2738429742067127 0.5523429199952329 Penicillium-mb
11 10 0.27384307656078155 0.5523427654080059 Penicillium-cvjetkovicii
11 10 -0.24932859498376805 0.5897593683126012 Penicillium-solitum
11 12 -0.6142616892127158 0.1422304667365883 Penicillium-chrysogenum
11 12 0.22645909361018945 0.6253327841785989 Penicillium-commune
11 12 0.14879807653147573 0.7501797017759111 Penicillium-polonicum
11 12 -0.31526188352373885 0.4909904852445449 Penicillium-verrucosum
11 12 -0.36901111786230156 0.4153131591758429 Penicillium-brevicompactum
11 12 -0.6148864929400959 0.14170976289695691 Penicillium-mb
11 12 0.30579124782277545 0.5047996757891773 Penicillium-cvjetkovicii
11 12 -0.496782948233309 0.25672869780493224 Penicillium-solitum
11 12 -0.1035535952628768 0.825143010330583 Penicillium-chrysogenum
11 12 -0.21504236516910002 0.6433148078203982 Penicillium-commune
11 12 -0.027148062898025627 0.9539289989500992 Penicillium-polonicum
11 12 -0.06244448364622897 0.8941975124091187 Penicillium-verrucosum
11 12 0.015282531458350424 0.9740585984343877 Penicillium-brevicompactum
11 12 -0.20868595833358372 0.6533873914206092 Penicillium-mb
11 12 -0.3762638980706323 0.40547390434692193 Penicillium-cvjetkovicii
11 12 -0.288709931459988 0.5300397746115464 Penicillium-solitum
11 12 -0.11437320048914548 0.8071014933664886 Penicillium-chrysogenum
11 12 -0.4545103829915286 0.3055633809596435 Penicillium-commune
11 12 -0.28543376949735993 0.5349283967848917 Penicillium-polonicum
11 12 0.22048040494069263 0.6347317545572204 Penicillium-verrucosum
11 12 0.015682538090101453 0.9733797702539074 Penicillium-brevicompactum
11 12 0.0610592918885872 0.896535648369809 Penicillium-mb
11 12 -0.328273836658369 0.4722412910501606 Penicillium-cvjetkovicii
11 12 0.05548274427010723 0.9059544758074725 Penicillium-solitum
11 12 0.08317022057160045 0.8592936813176659 Penicillium-chrysogenum
11 12 0.12649211452499784 0.7869741307434373 Penicillium-commune
11 12 0.08150834793281482 0.8620863202360011 Penicillium-polonicum
11 12 -0.31186141148370056 0.49593319880800535 Penicillium-verrucosum
11 12 -0.4113081831800484 0.3592746780782917 Penicillium-brevicompactum
11 12 -0.6705900338801848 0.0992009332332698 Penicillium-mb
11 12 -0.7115621780995299 0.07293791491547039 Penicillium-cvjetkovicii
11 12 -0.029728466918353843 0.9495536857495606 Penicillium-solitum
11 12 0.258529333207235 0.5756259690671719 Penicillium-chrysogenum
11 12 0.3717892737760404 0.41153332230972106 Penicillium-commune
11 12 0.41278244677037246 0.35738140780303046 Penicillium-polonicum
11 12 0.5856788626052494 0.16707495067681047 Penicillium-verrucosum
11 12 0.5689387380018172 0.1825455105008818 Penicillium-brevicompactum
11 12 0.04105897443528813 0.9303548600225318 Penicillium-mb
11 12 -0.28804968639148587 0.5310237681712044 Penicillium-cvjetkovicii
11 12 -0.07458433518268971 0.8737335835757345 Penicillium-solitum
9 12 -0.2228916820705711 0.6309362692589711 Penicillium-chrysogenum
9 12 0.5034512312454771 0.24937762192079618 Penicillium-commune
9 12 -0.2231208466987682 0.6305758850646821 Penicillium-polonicum
9 12 0.6019414935541093 0.15269431732776997 Penicillium-verrucosum
9 12 0.11191001038676278 0.8112030952303037 Penicillium-brevicompactum
9 12 0.28549007212400196 0.5348442564177729 Penicillium-mb
9 12 -0.7347510755022102 0.059966923107502054 Penicillium-cvjetkovicii
9 12 0.2638291115097748 0.5675335399694222 Penicillium-solitum
9 12 -0.046485129433853634 0.9211696287155064 Penicillium-chrysogenum
9 12 0.2972736426745891 0.5173329434223305 Penicillium-commune
9 12 0.04236402566311351 0.9281451162184099 Penicillium-polonicum
9 12 -0.45471318685639767 0.3053201021080557 Penicillium-verrucosum
9 12 -0.20437213535638318 0.660247221982324 Penicillium-brevicompactum
9 12 -0.61047244237202 0.14540901005477821 Penicillium-mb
9 12 -0.6324199522516383 0.1274920821031429 Penicillium-cvjetkovicii
9 12 0.26623333465345056 0.5638744042468606 Penicillium-solitum
11 12 0.3831886776645077 0.396166753499134 Penicillium-chrysogenum
11 12 0.1981160816287844 0.6702291681155084 Penicillium-commune
11 12 0.5554317090357078 0.19551537110850337 Penicillium-polonicum
11 12 0.47145333149216906 0.28553410406693497 Penicillium-verrucosum
11 12 0.6586065282993062 0.10768769302785663 Penicillium-brevicompactum
11 12 0.027213240378122953 0.9538184728196244 Penicillium-mb
11 12 -0.22001548822548977 0.6354642938471833 Penicillium-cvjetkovicii
11 12 0.027213238614257486 0.9538184758107296 Penicillium-solitum
11 12 0.29644860035093645 0.5185525701145912 Penicillium-chrysogenum
11 12 -0.4682223874751617 0.2893071750694874 Penicillium-commune
11 12 0.09302437851670584 0.8427593188342822 Penicillium-polonicum
11 12 0.049866214343193146 0.9154496998647903 Penicillium-verrucosum
11 12 0.0930388322303603 0.8427350993098242 Penicillium-brevicompactum
11 12 -0.4830944258156926 0.27212379524167185 Penicillium-mb
11 12 0.06488043797472454 0.8900872260871624 Penicillium-cvjetkovicii
11 12 0.08208026681266549 0.8611251279427574 Penicillium-solitum
11 10 0.24288239480998672 0.5997237069788471 Penicillium-chrysogenum
11 10 -0.3895550099860982 0.3876864081135976 Penicillium-commune
11 10 -0.34675949625769675 0.44606688704496333 Penicillium-polonicum
11 10 -0.24686785314932233 0.5935571447382221 Penicillium-verrucosum
11 10 -0.41847331364778895 0.35011226010993235 Penicillium-brevicompactum
11 10 -0.35934905232269343 0.4285633652453083 Penicillium-mb
11 10 -0.3593488479514034 0.42856364721179263 Penicillium-cvjetkovicii
11 10 0.240361144036149 0.6036346124660559 Penicillium-solitum
11 10 0.22416023277434674 0.6289420780714305 Penicillium-chrysogenum
11 10 0.5960356619856454 0.15784223707888592 Penicillium-commune
11 10 0.3443467185650022 0.44945165370231177 Penicillium-polonicum
11 10 0.7598365329928517 0.04747112142105597 Penicillium-verrucosum
11 10 0.5364418935669639 0.21447437926397994 Penicillium-brevicompactum
11 10 0.24376937427818376 0.5983496550090213 Penicillium-mb
11 10 0.24376951408327083 0.5983494385064861 Penicillium-cvjetkovicii
11 10 0.26762261302424883 0.5617634156633576 Penicillium-solitum
11 10 -0.17837116765818103 0.7019818027846935 Penicillium-chrysogenum
11 10 -0.02151649909369874 0.9634809114565133 Penicillium-commune
11 10 -0.2617541688570624 0.5706975484968652 Penicillium-polonicum
11 10 0.07460163746339399 0.87370445512466 Penicillium-verrucosum
11 10 -0.3035706681499693 0.5080568997492312 Penicillium-brevicompactum
11 10 -0.12171612096032262 0.7948954931913333 Penicillium-mb
11 10 -0.12171593993620401 0.794895793703542 Penicillium-cvjetkovicii
11 10 -0.262784101456216 0.5691263448533959 Penicillium-solitum
11 12 0.282806487236358 0.5388595857906289 Penicillium-chrysogenum
11 12 0.3678259583780907 0.41692974237848096 Penicillium-commune
11 12 0.43610962762400984 0.32798589284551233 Penicillium-polonicum
11 12 0.5994468066745038 0.15485845912934104 Penicillium-verrucosum
11 12 0.5184432206070733 0.23321153253024768 Penicillium-brevicompactum
11 12 -0.005974690689205896 0.9898572310977011 Penicillium-mb
11 12 0.04105923171585749 0.9303544243535069 Penicillium-cvjetkovicii
11 12 -0.4076330662072682 0.3640123569577863 Penicillium-solitum
7 12 0.06494249881426847 0.889982533518982 Penicillium-chrysogenum
7 12 -0.4973702861372891 0.2560772859612303 Penicillium-commune
7 12 -0.28869823632902286 0.5300571990674126 Penicillium-polonicum
7 12 0.17239426617531406 0.711663926226605 Penicillium-verrucosum
7 12 0.03229236902650429 0.945207350920306 Penicillium-brevicompactum
7 12 -0.01576795590142829 0.9732348142582052 Penicillium-mb
7 12 0.2045854681216853 0.659907531958589 Penicillium-cvjetkovicii
7 12 -0.4423224728688398 0.32033838786184593 Penicillium-solitum
11 4 -0.286920328800957 0.5327083206417484 Penicillium-chrysogenum
11 4 -0.03743119881241203 0.9364993303329983 Penicillium-commune
11 4 0.004401833311109854 0.9925272880752507 Penicillium-polonicum
11 4 -0.16534336493050902 0.7231254884177236 Penicillium-verrucosum
11 4 -0.43998289799719453 0.3232091041214554 Penicillium-brevicompactum
11 4 -0.28999084119230484 0.5281325273023929 Penicillium-mb
11 4 -0.28999038419526096 0.5281332073482623 Penicillium-cvjetkovicii
11 4 -0.3111734753179717 0.49693526749242767 Penicillium-solitum
11 12 0.6767067217670422 0.09500923951508101 Penicillium-chrysogenum
11 12 -0.041507273112173844 0.9295957493374251 Penicillium-commune
11 12 0.757077870251809 0.04876751434960182 Penicillium-polonicum
11 12 0.3792509238732183 0.4014487170693089 Penicillium-verrucosum
11 12 0.7850973111226196 0.03648686094202448 Penicillium-brevicompactum
11 12 0.1318586977182097 0.7780906471823464 Penicillium-mb
11 12 0.24194882776153478 0.6011709491107596 Penicillium-cvjetkovicii
11 12 0.23865869756016034 0.6062796845097702 Penicillium-solitum
11 12 0.16430433954918525 0.7248180031589957 Penicillium-chrysogenum
11 12 0.863206902665932 0.012331693841008165 Penicillium-commune
11 12 -0.688166278498668 0.08741177195412905 Penicillium-polonicum
11 12 0.5376966565536946 0.2131958088391812 Penicillium-verrucosum
11 12 -0.07127608449709531 0.879305088600975 Penicillium-brevicompactum
11 12 0.715168744765433 0.0708306911086329 Penicillium-mb
11 12 0.6847407877864982 0.08964784483667519 Penicillium-cvjetkovicii
11 12 0.7151687500161455 0.07083068806488389 Penicillium-solitum
11 12 0.2585293358183415 0.5756259650713198 Penicillium-chrysogenum
11 12 0.3910586594046095 0.3856942293620511 Penicillium-commune
11 12 0.397507792196136 0.37719696953277976 Penicillium-polonicum
11 12 0.5962669460207143 0.15763903243827895 Penicillium-verrucosum
11 12 0.5558684697779348 0.1950892353632013 Penicillium-brevicompactum
11 12 0.04200581856855573 0.9287516049190666 Penicillium-mb
11 12 -0.32113026815800266 0.48250210458554665 Penicillium-cvjetkovicii
11 12 0.042005817303415544 0.9287516070611532 Penicillium-solitum
9 12 0.4049061278148139 0.36754427492090486 Penicillium-chrysogenum
9 12 0.5139149759001982 0.23804134729492707 Penicillium-commune
9 12 -0.5032702064604057 0.24957588565962008 Penicillium-polonicum
9 12 -0.6092383810170467 0.14645181778669356 Penicillium-verrucosum
9 12 -0.31386376852632003 0.4930205745646087 Penicillium-brevicompactum
9 12 0.5818836151002293 0.17052331906533988 Penicillium-mb
9 12 -0.8113438264473832 0.026746428102973206 Penicillium-cvjetkovicii
9 12 0.579240950078455 0.17294495768217996 Penicillium-solitum
11 12 0.11141921900893265 0.8120207535917129 Penicillium-chrysogenum
11 12 0.1585348053511257 0.7342323153256859 Penicillium-commune
11 12 -0.6085852541790778 0.1470052402358378 Penicillium-polonicum
11 12 -0.6199837430995709 0.13749782574580646 Penicillium-verrucosum
11 12 -0.3209569310817894 0.4827520693979914 Penicillium-brevicompactum
11 12 0.19068257027274974 0.6821400501987405 Penicillium-mb
11 12 0.17112358439189052 0.7137263510333234 Penicillium-cvjetkovicii
11 12 -0.2129642596770327 0.6466031506779275 Penicillium-solitum
11 12 0.5445537861822926 0.20627292134536607 Penicillium-chrysogenum
11 12 -0.4291751706564225 0.3366127152353891 Penicillium-commune
11 12 0.4833716998873275 0.2718079209453369 Penicillium-polonicum
11 12 -0.1460727239883748 0.7546563652881774 Penicillium-verrucosum
11 12 -0.6479669950855086 0.1155264393556297 Penicillium-brevicompactum
11 12 0.4784883294202544 0.2773952986260662 Penicillium-mb
11 12 -0.6749561335982721 0.09619920579235479 Penicillium-cvjetkovicii
11 12 0.45697468792130225 0.30261301123349205 Penicillium-solitum
11 12 -0.12353582051388243 0.7918756933787725 Penicillium-chrysogenum
11 12 -0.18685632965349627 0.6882915815106161 Penicillium-commune
11 12 -0.18769542126292635 0.6869413744102926 Penicillium-polonicum
11 12 0.10444648673610467 0.8236517168936314 Penicillium-verrucosum
11 12 0.05203978196463311 0.9117740995735049 Penicillium-brevicompactum
11 12 -0.35547566416793513 0.43392016398705435 Penicillium-mb
11 12 0.9194043112470802 0.0033901560950616127 Penicillium-cvjetkovicii
11 12 -0.3765488713342609 0.40508920143392196 Penicillium-solitum
11 10 0.18044758897957036 0.6986255799317127 Penicillium-chrysogenum
11 10 -0.41663093408666674 0.35245876757772404 Penicillium-commune
11 10 0.35815852689455135 0.430207115471793 Penicillium-polonicum
11 10 0.2337145127483347 0.6139807210578376 Penicillium-verrucosum
11 10 0.5480440422292144 0.2027911479207909 Penicillium-brevicompactum
11 10 0.3297671435074259 0.47010648121414217 Penicillium-mb
11 10 -0.5285762899524643 0.2225717201441642 Penicillium-cvjetkovicii
11 10 0.3297671433845439 0.4701064813896675 Penicillium-solitum
11 10 0.5134726511536475 0.23851560219731174 Penicillium-chrysogenum
11 10 -0.8266491674009839 0.021837234053284246 Penicillium-commune
11 10 -0.616985031515797 0.13996792552043094 Penicillium-polonicum
11 10 -0.4827177176444975 0.27255321152765766 Penicillium-verrucosum
11 10 -0.6673409033798033 0.1014660823025937 Penicillium-brevicompactum
11 10 0.6178914790922805 0.13921891935097574 Penicillium-mb
11 10 0.617891469682434 0.13921892711587028 Penicillium-cvjetkovicii
11 10 0.623088317440578 0.1349639966530138 Penicillium-solitum
7 12 -0.5464540312529783 0.20437377383040253 Penicillium-chrysogenum
7 12 -0.4386305875765302 0.32487344851081174 Penicillium-commune
7 12 0.28074369123790033 0.5419528238332463 Penicillium-polonicum
7 12 -0.3662860168186134 0.41903391015378605 Penicillium-verrucosum
7 12 -0.7526177083149167 0.05090406502092602 Penicillium-brevicompactum
7 12 0.29145036085791587 0.525962160822803 Penicillium-mb
7 12 0.3379748572531524 0.4584363506612315 Penicillium-cvjetkovicii
7 12 -0.650427596207702 0.11368823733679786 Penicillium-solitum
11 12 -0.21328717749881299 0.6460918720899169 Penicillium-chrysogenum
11 12 -0.36155342705312227 0.42552619606314585 Penicillium-commune
11 12 -0.1571477614232427 0.736499586331288 Penicillium-polonicum
11 12 -0.23901300588353597 0.6057289169686003 Penicillium-verrucosum
11 12 -0.1364841723555783 0.7704493002090109 Penicillium-brevicompactum
11 12 -0.20868595844452037 0.653387391244445 Penicillium-mb
11 12 -0.3216976217339833 0.4816842645645429 Penicillium-cvjetkovicii
11 12 -0.37019383433128694 0.4137023541640077 Penicillium-solitum
11 10 -0.38263968791190034 0.39690147757409144 Penicillium-chrysogenum
11 10 -0.03743129796985115 0.936499162351758 Penicillium-commune
11 10 0.004401745399280222 0.9925274373146704 Penicillium-polonicum
11 10 -0.08433335927247916 0.8573398154848402 Penicillium-verrucosum
11 10 -0.2359041615709088 0.610566611810181 Penicillium-brevicompactum
11 10 -0.5244062042287093 0.2269220934719904 Penicillium-mb
11 10 -0.2960100734434925 0.5192012263534184 Penicillium-cvjetkovicii
11 10 -0.41166850215439793 0.35881156768316536 Penicillium-solitum
11 12 -0.28941370563656743 0.5289915833572245 Penicillium-chrysogenum
11 12 0.2972738881766641 0.5173325806528639 Penicillium-commune
11 12 -0.13491575805609743 0.7730387156258303 Penicillium-polonicum
11 12 -0.5199987459458738 0.23156308353407226 Penicillium-verrucosum
11 12 -0.09909212154851832 0.8326006884735493 Penicillium-brevicompactum
11 12 -0.5477204390078595 0.20311277004276992 Penicillium-mb
11 12 0.2662335949453336 0.5638740085004242 Penicillium-cvjetkovicii
11 12 -0.43958085749735687 0.32370352799850477 Penicillium-solitum
11 12 -0.28199523648727354 0.5400753867873587 Penicillium-chrysogenum
11 12 -0.64574602302017 0.11719869346554779 Penicillium-commune
11 12 -0.12466799842046762 0.7899978803019035 Penicillium-polonicum
11 12 0.008344384277492638 0.9858346264525446 Penicillium-verrucosum
11 12 -0.018616983020884395 0.9684003047848866 Penicillium-brevicompactum
11 12 -0.18784673284410824 0.6866979647457847 Penicillium-mb
11 12 -0.2798364089081525 0.543315178172084 Penicillium-cvjetkovicii
11 12 -0.21296425975014616 0.6466031505621537 Penicillium-solitum
11 12 -0.47271819244773455 0.28406302405895517 Penicillium-chrysogenum
11 12 -0.28477106245886596 0.535919098167131 Penicillium-commune
11 12 0.0880574396880485 0.8510879575384804 Penicillium-polonicum
11 12 -0.21506901996390743 0.6432726598426765 Penicillium-verrucosum
11 12 0.16729112583453995 0.719955113916254 Penicillium-brevicompactum
11 12 -0.16210572382047772 0.7284023573801741 Penicillium-mb
11 12 0.9194043110248235 0.003390156118018935 Penicillium-cvjetkovicii
11 12 -0.1654115645081529 0.7230144263834969 Penicillium-solitum
7 12 0.5357639705894638 0.21516667571777426 Penicillium-chrysogenum
7 12 -0.1885724296796617 0.6855308608657953 Penicillium-commune
7 12 0.5660732315754483 0.1852609108002868 Penicillium-polonicum
7 12 0.23371446747707317 0.6139807917025026 Penicillium-verrucosum
7 12 0.6040580014555987 0.1508701908765764 Penicillium-brevicompactum
7 12 0.1030414920534105 0.8259985060773792 Penicillium-mb
7 12 -0.5285763308499184 0.2225716776731221 Penicillium-cvjetkovicii
7 12 0.1433990899968234 0.7590533883005328 Penicillium-solitum
9 12 -0.33670084179458404 0.4602407116086505 Penicillium-chrysogenum
9 12 0.4846124376492907 0.2703964864904337 Penicillium-commune
9 12 0.2159367472266747 0.6419009789954226 Penicillium-polonicum
9 12 0.5169882232694426 0.2347583934261806 Penicillium-verrucosum
9 12 0.40478992869373703 0.3676950874878934 Penicillium-brevicompactum
9 12 -0.4793491614604082 0.2764066501817487 Penicillium-mb
9 12 -0.10583712145393054 0.821329941742537 Penicillium-cvjetkovicii
9 12 0.2849440950485846 0.5356603674108087 Penicillium-solitum
9 12 -0.19211428778515044 0.6798418202110986 Penicillium-chrysogenum
9 12 -0.1571315647792651 0.7365260704781451 Penicillium-commune
9 12 -0.205500278625698 0.658451404937544 Penicillium-polonicum
9 12 0.045625650412256004 0.9226240856146655 Penicillium-verrucosum
9 12 0.09344829614457982 0.8420490175963402 Penicillium-brevicompactum
9 12 -0.048839419635232445 0.9171864756972242 Penicillium-mb
9 12 -0.033891458979826414 0.9424971103449786 Penicillium-cvjetkovicii
9 12 -0.04242486968570771 0.9280421025409104 Penicillium-solitum
11 12 -0.43110514432426583 0.33420214366672635 Penicillium-chrysogenum
11 12 -0.2183815595011647 0.6380406411013134 Penicillium-commune
11 12 0.18769551389877673 0.686941225383652 Penicillium-polonicum
11 12 -0.038748702444002456 0.9342675329953503 Penicillium-verrucosum
11 12 -0.3739229407419817 0.4086395552140709 Penicillium-brevicompactum
11 12 -0.31047444913253575 0.4979542203338959 Penicillium-mb
11 12 0.11591431275890728 0.804537078005685 Penicillium-cvjetkovicii
11 12 -0.3104744506605176 0.4979542181057921 Penicillium-solitum
11 12 0.8532765702381678 0.014611117439905627 Penicillium-chrysogenum
11 12 -0.42088400844831336 0.34705185669692556 Penicillium-commune
11 12 0.9020131612891548 0.005472507462557752 Penicillium-polonicum
11 12 -0.12159607740664498 0.7950947779872145 Penicillium-verrucosum
11 12 0.6642182863312306 0.10366821323198633 Penicillium-brevicompactum
11 12 0.44243620000849776 0.32019912333840145 Penicillium-mb
11 12 0.5285767098991067 0.22257128403965407 Penicillium-cvjetkovicii
11 12 0.4424361945505222 0.32019913002133626 Penicillium-solitum
11 10 0.9090127965245723 0.004564576405254216 Penicillium-chrysogenum
11 10 -0.32117937352066644 0.48243129949932406 Penicillium-commune
11 10 0.8936104066974538 0.0066909747006940285 Penicillium-polonicum
11 10 -0.12159607739196919 0.7950947780115784 Penicillium-verrucosum
11 10 0.6861739195158952 0.08870870362344756 Penicillium-brevicompactum
11 10 0.6136809107118159 0.14271534473485178 Penicillium-mb
11 10 0.613681001910651 0.1427152685297876 Penicillium-cvjetkovicii
11 10 0.27855180827109915 0.5452460305291735 Penicillium-solitum
11 12 0.45202213765707816 0.30855511745836356 Penicillium-chrysogenum
11 12 0.27317993170747745 0.5533446199141883 Penicillium-commune
11 12 0.3944533189160901 0.3812119194256249 Penicillium-polonicum
11 12 -0.31379755592407066 0.49311679018008214 Penicillium-verrucosum
11 12 0.01729895119012443 0.9706367823358704 Penicillium-brevicompactum
11 12 -0.4448058964556231 0.3173032662043867 Penicillium-mb
11 12 -0.42458295976914207 0.34237798653770735 Penicillium-cvjetkovicii
11 12 0.3668439904994392 0.41827102164088253 Penicillium-solitum
11 12 0.5082112223358918 0.24419044206167842 Penicillium-chrysogenum
11 12 -0.02168249109021024 0.9631993118724852 Penicillium-commune
11 12 0.5774358372668149 0.17460875086872504 Penicillium-polonicum
11 12 0.2337142651820104 0.6139811073788893 Penicillium-verrucosum
11 12 0.6982959663963207 0.0809740023882786 Penicillium-brevicompactum
11 12 0.26873608954763467 0.5600733333443493 Penicillium-mb
11 12 0.2410134330803379 0.6026220695934132 Penicillium-cvjetkovicii
11 12 -0.5285765058206657 0.22257149597016718 Penicillium-solitum
11 12 0.5357643463444501 0.21516629170258694 Penicillium-chrysogenum
11 12 -0.24497102414344987 0.596489647325605 Penicillium-commune
11 12 0.5943848916732007 0.15929637810366407 Penicillium-polonicum
11 12 0.23371422686074206 0.6139811671782757 Penicillium-verrucosum
11 12 0.5959228802191394 0.15794137369451827 Penicillium-brevicompactum
11 12 -0.5285765370866633 0.2225714635011806 Penicillium-mb
11 12 0.06365552233742038 0.8921538368319695 Penicillium-cvjetkovicii
11 12 0.14361525534111133 0.7586976924025656 Penicillium-solitum
11 12 -0.16159094359745046 0.7292421629929906 Penicillium-chrysogenum
11 12 0.03743068064936892 0.936500208145842 Penicillium-commune
11 12 -0.1597921594150185 0.7321783611837914 Penicillium-polonicum
11 12 0.16843550530049092 0.7180938889560242 Penicillium-verrucosum
11 12 -0.20039849084313702 0.6665828871792469 Penicillium-brevicompactum
11 12 -0.1038992513310624 0.8245656511399442 Penicillium-mb
11 12 -0.0878503877539925 0.8514353889404387 Penicillium-cvjetkovicii
11 12 -0.08375614826784265 0.8583093552793346 Penicillium-solitum
9 12 -0.2050804254827728 0.6591195896002482 Penicillium-chrysogenum
9 12 0.49135662591245616 0.2627827374232934 Penicillium-commune
9 12 0.2231208549802821 0.6305758720422276 Penicillium-polonicum
9 12 0.5987955349411713 0.1554259420693859 Penicillium-verrucosum
9 12 0.36947001281171865 0.41468787506839405 Penicillium-brevicompactum
9 12 0.23568219273957597 0.6109124523527731 Penicillium-mb
9 12 -0.5289748973348979 0.22215795732636404 Penicillium-cvjetkovicii
9 12 0.2486940042452924 0.5907380517030852 Penicillium-solitum
11 10 -0.42293446524072226 0.3444576706546005 Penicillium-chrysogenum
11 10 -0.5463514801485969 0.2044760510068606 Penicillium-commune
11 10 0.20827749329062895 0.6540361084393759 Penicillium-polonicum
11 10 0.30677323673356804 0.5033615888598195 Penicillium-verrucosum
11 10 0.26674547685675376 0.5630959173004884 Penicillium-brevicompactum
11 10 0.07099074752311214 0.8797858197501779 Penicillium-mb
11 10 0.0709908475864323 0.8797856511599503 Penicillium-cvjetkovicii
11 10 -0.24540219582938955 0.595822671435025 Penicillium-solitum
11 10 0.01367330212502748 0.9767896512057367 Penicillium-chrysogenum
11 10 0.03450792525780312 0.9414524002895683 Penicillium-commune
11 10 -0.024016208987186788 0.9592405742864483 Penicillium-polonicum
11 10 0.03054961793555975 0.9481615555969765 Penicillium-verrucosum
11 10 0.2557483746153443 0.579886652815153 Penicillium-brevicompactum
11 10 -0.2086859584245155 0.653387391276212 Penicillium-mb
11 10 0.12103449221557977 0.7960271853753585 Penicillium-cvjetkovicii
11 10 -0.5412090723820153 0.2096360961540589 Penicillium-solitum
11 10 0.5404223041660268 0.21043097737049082 Penicillium-chrysogenum
11 10 0.23784580409636272 0.6075438761369472 Penicillium-commune
11 10 0.26798961707194713 0.5612061810163476 Penicillium-polonicum
11 10 -0.6732443933801036 0.09737028123083218 Penicillium-verrucosum
11 10 -0.7710949551422138 0.042378614205077214 Penicillium-brevicompactum
11 10 0.6538077058496088 0.11118795294373317 Penicillium-mb
11 10 0.5926219954495889 0.1608566141228848 Penicillium-cvjetkovicii
11 10 -0.9785694854754924 0.0001276530048495071 Penicillium-solitum
11 12 0.056826582636363476 0.9036838878707875 Penicillium-chrysogenum
11 12 0.39725386797094125 0.3775300809926926 Penicillium-commune
11 12 -0.3477809062448007 0.44463690325096206 Penicillium-polonicum
11 12 0.5267446142392619 0.22447770306768577 Penicillium-verrucosum
11 12 0.11190974633311755 0.8112035351070098 Penicillium-brevicompactum
11 12 -0.73475131462541 0.05996679639877859 Penicillium-mb
11 12 0.19844726046359426 0.6696997698469285 Penicillium-cvjetkovicii
11 12 0.35971870987623555 0.42805347379961045 Penicillium-solitum
11 12 0.28703809936939345 0.5325325702868771 Penicillium-chrysogenum
11 12 -0.0369182839703854 0.937368277191132 Penicillium-commune
11 12 0.3094620554015309 0.49943126290329 Penicillium-polonicum
11 12 0.16427524801372181 0.724865404507185 Penicillium-verrucosum
11 12 -0.536442331774638 0.2144739321079414 Penicillium-brevicompactum
11 12 -0.2504345754808212 0.5880548789200717 Penicillium-mb
11 12 -0.2577476000357682 0.5768226663461562 Penicillium-cvjetkovicii
11 12 -0.27015516694421626 0.5579217667061549 Penicillium-solitum
11 12 -0.41047483892039505 0.3603467072892463 Penicillium-chrysogenum
11 12 -0.18991819362745266 0.6833678484028564 Penicillium-commune
11 12 0.1876955076761227 0.6869412353942603 Penicillium-polonicum
11 12 0.019142626255481982 0.96750842222131 Penicillium-verrucosum
11 12 -0.4318179665969609 0.3333136806003324 Penicillium-brevicompactum
11 12 -0.46338401218306935 0.2949984904866265 Penicillium-mb
11 12 0.11591428626830334 0.8045371220742112 Penicillium-cvjetkovicii
11 12 -0.4010681814588916 0.3725389016995165 Penicillium-solitum
11 12 0.4139184230082292 0.3559254092276542 Penicillium-chrysogenum
11 12 0.5292154405672593 0.22190844414801325 Penicillium-commune
11 12 0.3614282360896089 0.4256984601016964 Penicillium-polonicum
11 12 0.7851913255845062 0.036448949196323105 Penicillium-verrucosum
11 12 -0.07127608451500596 0.8793050885708003 Penicillium-brevicompactum
11 12 0.41887485052503304 0.3496017224716308 Penicillium-mb
11 12 0.3170371999655172 0.4884169860879587 Penicillium-cvjetkovicii
11 12 0.42280861054635194 0.344616662756648 Penicillium-solitum
11 12 -0.43449385933533435 0.3299874467490403 Penicillium-chrysogenum
11 12 -0.40651294496780904 0.36546143108939183 Penicillium-commune
11 12 -0.26213896312840795 0.5701103693789273 Penicillium-polonicum
11 12 -0.2937347683771062 0.5225712289386377 Penicillium-verrucosum
11 12 -0.14098745698133514 0.7630239626159181 Penicillium-brevicompactum
11 12 -0.4073318076852325 0.3644018543102818 Penicillium-mb
11 12 -0.3204091166682405 0.48354236376918075 Penicillium-cvjetkovicii
11 12 -0.21296425977678504 0.6466031505199716 Penicillium-solitum
11 12 0.18026919893035875 0.6989137682093574 Penicillium-chrysogenum
11 12 -0.48516917299193485 0.269764237183077 Penicillium-commune
11 12 0.17804544637166847 0.7025086330689851 Penicillium-polonicum
11 12 -0.22742721894183326 0.6238145659691081 Penicillium-verrucosum
11 12 -0.5099064440143647 0.24235526213935915 Penicillium-brevicompactum
11 12 -0.6762511278036273 0.09531818213583747 Penicillium-mb
11 12 0.919404311272269 0.003390156092459818 Penicillium-cvjetkovicii
11 12 0.049242066511297394 0.9165053855783507 Penicillium-solitum
9 12 0.2597661600944624 0.5737341912070336 Penicillium-chrysogenum
9 12 -0.2046731268898596 0.6597679662468099 Penicillium-commune
9 12 -0.6116273219190235 0.14443650953769496 Penicillium-polonicum
9 12 0.19120253246079888 0.6813051667279408 Penicillium-verrucosum
9 12 0.3037681599387152 0.5077669168958957 Penicillium-brevicompactum
9 12 -0.5029809218629526 0.24989286943450867 Penicillium-mb
9 12 0.06523273534061295 0.8894929404177158 Penicillium-cvjetkovicii
9 12 0.019277444064120613 0.9672796750801471 Penicillium-solitum
11 12 -0.3235413619192013 0.4790299657319883 Penicillium-chrysogenum
11 12 0.7566305852770472 0.048979514832135376 Penicillium-commune
11 12 0.10035203901954266 0.8304936125589608 Penicillium-polonicum
11 12 0.49479517182243293 0.25893894130187894 Penicillium-verrucosum
11 12 0.38897318613681936 0.3884583733646227 Penicillium-brevicompactum
11 12 0.22764816441121627 0.6234682263670914 Penicillium-mb
11 12 0.36852513281406873 0.4159757569258883 Penicillium-cvjetkovicii
11 12 0.36852512500733325 0.41597576757299465 Penicillium-solitum
11 12 0.420607334467973 0.3474025242746092 Penicillium-chrysogenum
11 12 -0.3615950197788577 0.4254689700040358 Penicillium-commune
11 12 0.5722871583062363 0.17939728718017328 Penicillium-polonicum
11 12 0.23371425590602554 0.6139811218538329 Penicillium-verrucosum
11 12 0.5958930101224488 0.15796763508433037 Penicillium-brevicompactum
11 12 0.06480209018485361 0.8902193954864431 Penicillium-mb
11 12 0.1612457023110666 0.7298055056505459 Penicillium-cvjetkovicii
11 12 -0.5285765134095299 0.22257148808931398 Penicillium-solitum
9 12 0.8417342354098137 0.017541623099587008 Penicillium-chrysogenum
9 12 0.16202659743366474 0.7285314290908012 Penicillium-commune
9 12 0.9259783590595783 0.0027504758338151216 Penicillium-polonicum
9 12 -0.1215960776022774 0.7950947776624371 Penicillium-verrucosum
9 12 0.9454034644981869 0.001298806615764637 Penicillium-brevicompactum
9 12 0.49941383509177867 0.25381671316576165 Penicillium-mb
9 12 0.6042792428858325 0.15068014621977596 Penicillium-cvjetkovicii
9 12 0.6044279148219625 0.1505525056173686 Penicillium-solitum
11 12 -0.4216226990487856 0.346116340341354 Penicillium-chrysogenum
11 12 -0.16543799368890957 0.7229713878804738 Penicillium-commune
11 12 0.18769543792378487 0.6869413476073667 Penicillium-polonicum
11 12 -0.008760362376102292 0.9851285175921869 Penicillium-verrucosum
11 12 -0.38798248023522697 0.38977426548422445 Penicillium-brevicompactum
11 12 -0.3166993330735141 0.48890638688743 Penicillium-mb
11 12 -0.3151009578040479 0.4912240009596769 Penicillium-cvjetkovicii
11 12 0.11591416907738772 0.8045373170275276 Penicillium-solitum
11 12 -0.297654775699724 0.5167698620105686 Penicillium-chrysogenum
11 12 0.6750535656814719 0.09613277181300073 Penicillium-commune
11 12 0.10035211315793673 0.8304934885941553 Penicillium-polonicum
11 12 0.7024971027434865 0.07838065242227048 Penicillium-verrucosum
11 12 0.3889732502179508 0.3884582883075946 Penicillium-brevicompactum
11 12 0.4793489484639589 0.27640689460763473 Penicillium-mb
11 12 0.34794298843212373 0.44441014579545934 Penicillium-cvjetkovicii
11 12 0.3479428870254018 0.4444102876526207 Penicillium-solitum
9 12 0.6082844162374008 0.14726050609804422 Penicillium-chrysogenum
9 12 0.4997704364740842 0.2534231832141549 Penicillium-commune
9 12 0.4937749617029226 0.26007669245218007 Penicillium-polonicum
9 12 -0.897852241022084 0.00605810596347572 Penicillium-verrucosum
9 12 -0.9362572449828214 0.0019034308531659073 Penicillium-brevicompactum
9 12 -0.9785703270805288 0.00012764053042883775 Penicillium-mb
9 12 0.6713241038115664 0.098692875499794 Penicillium-cvjetkovicii
9 12 0.6711099460307742 0.09884095535140085 Penicillium-solitum
