#SPECIES: Penicillium-commune Penicillium-brevicompactum Penicillium-chrysogenum Penicillium-polonicum Penicillium-cvjetkovicii Penicillium-mb Penicillium-solitum Penicillium-verrucosum 
#GENE_TREEs p: 0.004839697023508944 0.017589900429090893 0.13175189787279767 0.11713475052773992 0.8624101666237577 0.6149055798219034 0.2955489576411827 0.6670465716569529 
#GENE_TREEs r: 0.9068122517076502 0.841553670278036 0.6270667980704696 0.6458306460306065 0.08131567430401151 -0.23312196506064523 0.4629182430342719 -0.20010806473650705 
10 8 0.0667220094751974 0.8869811612336298 Penicillium-commune
10 8 -0.2853691414860812 0.5350249843057562 Penicillium-brevicompactum
10 8 -0.7425840822739485 0.05589411825419404 Penicillium-chrysogenum
10 8 0.26647590058398485 0.5635056466769348 Penicillium-polonicum
10 8 0.2408552257287367 0.6028676070420711 Penicillium-cvjetkovicii
10 8 -0.5446844042591503 0.20614210968373037 Penicillium-mb
10 8 -0.0738417266348278 0.8749838742420886 Penicillium-solitum
10 8 -0.33920894856419537 0.45669104048872694 Penicillium-verrucosum
12 12 -0.4489966047407553 0.31220998394357347 Penicillium-commune
12 12 -0.38097259166672093 0.39913590930605064 Penicillium-brevicompactum
12 12 -0.6309607648777219 0.12864616261221132 Penicillium-chrysogenum
12 12 0.47728589525397047 0.278778924276039 Penicillium-polonicum
12 12 0.4029462326038253 0.37009138659803964 Penicillium-cvjetkovicii
12 12 -0.4944719474303897 0.2592991586870912 Penicillium-mb
12 12 0.48268492374173233 0.2725906083349037 Penicillium-solitum
12 12 -0.42202071903786226 0.34561270741735495 Penicillium-verrucosum
12 12 0.4689181583419939 0.28849279724947713 Penicillium-commune
12 12 0.503681672212523 0.2491253411399939 Penicillium-brevicompactum
12 12 0.1933248571168582 0.6779001181256983 Penicillium-chrysogenum
12 12 -0.6576285522597191 0.10839631603459214 Penicillium-polonicum
12 12 -0.1255565026855576 0.7885247857865718 Penicillium-cvjetkovicii
12 12 -0.3317519664903871 0.4672744822939381 Penicillium-mb
12 12 0.044442020291856996 0.9246273685521171 Penicillium-solitum
12 12 0.10620717930776385 0.820712274814951 Penicillium-verrucosum
12 12 -0.24352239649008997 0.5987321622100239 Penicillium-commune
12 12 0.1105460675463821 0.8134757592115873 Penicillium-brevicompactum
12 12 -0.09441493227412169 0.8404296756921483 Penicillium-chrysogenum
12 12 -0.04050538330782979 0.9312923218414098 Penicillium-polonicum
12 12 0.11204725387959305 0.810974471975459 Penicillium-cvjetkovicii
12 12 -0.2025529169695453 0.663145844680511 Penicillium-mb
12 12 -0.27458533713876326 0.551222085515708 Penicillium-solitum
12 12 0.19260324774979712 0.679057379198092 Penicillium-verrucosum
12 12 0.34540246129111496 0.4479694215054932 Penicillium-commune
12 12 -0.505814521963469 0.2467959424159078 Penicillium-brevicompactum
12 12 -0.6227053764282893 0.1352752452136428 Penicillium-chrysogenum
12 12 0.40581031503401604 0.36637161829270853 Penicillium-polonicum
12 12 0.20058180018210603 0.6662902651110734 Penicillium-cvjetkovicii
12 12 -0.25673235230588237 0.578377990374328 Penicillium-mb
12 12 -0.5924008680922629 0.16105285447350945 Penicillium-solitum
12 12 -0.1720182506012824 0.712274086520202 Penicillium-verrucosum
10 10 -0.23937887498583327 0.6051603340770992 Penicillium-commune
10 10 -0.005701054999698543 0.9903217457201339 Penicillium-brevicompactum
10 10 -0.4147169394269183 0.3549034200461635 Penicillium-chrysogenum
10 10 0.2181648613599127 0.6383825446223227 Penicillium-polonicum
10 10 0.3803244090709889 0.40000602434950794 Penicillium-cvjetkovicii
10 10 0.34505599513943 0.4484556473400624 Penicillium-mb
10 10 -0.48218101594439167 0.2731655349635566 Penicillium-solitum
10 10 -0.5991766510074088 0.15509373238554558 Penicillium-verrucosum
12 10 -0.1918651882905091 0.6802415401274522 Penicillium-commune
12 10 -0.27106859884310286 0.5565382564638899 Penicillium-brevicompactum
12 10 -0.5374651703991339 0.21343141382109904 Penicillium-chrysogenum
12 10 0.21643940921730073 0.6411067535472479 Penicillium-polonicum
12 10 -0.35998187849666363 0.42769061143186327 Penicillium-cvjetkovicii
12 10 -0.08957386246375162 0.848543999528756 Penicillium-mb
12 10 -0.5136182069635495 0.23835949065173787 Penicillium-solitum
12 10 -0.3174116324550191 0.48787482417512584 Penicillium-verrucosum
12 12 -0.07315985716654083 0.8761320839306181 Penicillium-commune
12 12 -0.49353486214382364 0.260344785482783 Penicillium-brevicompactum
12 12 -0.5980623259458827 0.15606606036853418 Penicillium-chrysogenum
12 12 -0.4189583510259238 0.3494955942363211 Penicillium-polonicum
12 12 -0.018094641905203438 0.9692866104427845 Penicillium-cvjetkovicii
12 12 0.004629571735780857 0.9921406791458737 Penicillium-mb
12 12 -0.249360944734014 0.5897094908887629 Penicillium-solitum
12 12 -0.2082129177945152 0.6541386819642488 Penicillium-verrucosum
12 12 0.21406921775006885 0.6448541198224923 Penicillium-commune
12 12 0.5176919640091171 0.23400962458789273 Penicillium-brevicompactum
12 12 -0.14923070758642526 0.7494695714469757 Penicillium-chrysogenum
12 12 -0.14923071012479266 0.7494695672808547 Penicillium-polonicum
12 12 -0.12737315406658553 0.7855144335286144 Penicillium-cvjetkovicii
12 12 0.3864743530060616 0.3917808460759172 Penicillium-mb
12 12 0.03262347698365689 0.9446461326504947 Penicillium-solitum
12 12 0.4328099180062969 0.3320789879164301 Penicillium-verrucosum
12 12 -0.19838097783874206 0.6698057157134761 Penicillium-commune
12 12 0.1740164857997239 0.7090329562260518 Penicillium-brevicompactum
12 12 -0.2664926305609037 0.5634802159926505 Penicillium-chrysogenum
12 12 -0.05093249844443747 0.9136464126724415 Penicillium-polonicum
12 12 0.1473083835777461 0.7526259877575574 Penicillium-cvjetkovicii
12 12 -0.09270641569930198 0.8432921416332003 Penicillium-mb
12 12 -0.7783688136207148 0.03925709492928932 Penicillium-solitum
12 12 0.3208288180714993 0.4829368476767998 Penicillium-verrucosum
12 10 -0.8628352647880174 0.012413028589255259 Penicillium-commune
12 10 0.050923392791787946 0.9136618108074874 Penicillium-brevicompactum
12 10 0.6776293131460522 0.0943852347269067 Penicillium-chrysogenum
12 10 0.7352218667270548 0.05971773722963988 Penicillium-polonicum
12 10 0.8156094000181926 0.025321814908331592 Penicillium-cvjetkovicii
12 10 0.6706941440637926 0.09912879436173191 Penicillium-mb
12 10 0.8039221811089828 0.029329983760254193 Penicillium-solitum
12 10 0.08209448577186929 0.8611012326600473 Penicillium-verrucosum
10 12 0.34081948618891855 0.4544170660877217 Penicillium-commune
10 12 0.2500728689577468 0.5886121594895437 Penicillium-brevicompactum
10 12 -0.17061060761114477 0.7145593494512901 Penicillium-chrysogenum
10 12 -0.1706106098721171 0.7145593457793085 Penicillium-polonicum
10 12 -0.8145348437245461 0.025676565084449633 Penicillium-cvjetkovicii
10 12 -0.3873167053769871 0.39065957668334267 Penicillium-mb
10 12 -0.06257480056469715 0.8939775749565066 Penicillium-solitum
10 12 0.1645354884623969 0.7244413971318726 Penicillium-verrucosum
12 12 -0.4629088965358152 0.29556000839912494 Penicillium-commune
12 12 -0.24588290263594922 0.595079335646819 Penicillium-brevicompactum
12 12 0.47477972462987295 0.2816726631274889 Penicillium-chrysogenum
12 12 -0.6908474249364631 0.0856824044750272 Penicillium-polonicum
12 12 0.40158248998846546 0.3718679869363389 Penicillium-cvjetkovicii
12 12 -0.4232660788695003 0.3440388915785942 Penicillium-mb
12 12 0.47534894769748054 0.2810142372456273 Penicillium-solitum
12 12 -0.3426782023220539 0.45179794227129655 Penicillium-verrucosum
12 12 0.6136604555581353 0.14273243742675376 Penicillium-commune
12 12 0.502059392249118 0.2509038709434132 Penicillium-brevicompactum
12 12 0.04064436953687815 0.9310569539263139 Penicillium-chrysogenum
12 12 -0.22541587058192278 0.6269699493770127 Penicillium-polonicum
12 12 -0.07876203757721931 0.8667037600192017 Penicillium-cvjetkovicii
12 12 -0.22881928322055692 0.6216333789292671 Penicillium-mb
12 12 0.12053371006219721 0.7968588034630454 Penicillium-solitum
12 12 0.28770494473481556 0.5315377959436187 Penicillium-verrucosum
10 12 0.2704663569163859 0.557450305110798 Penicillium-commune
10 12 -0.5075866115900692 0.24486823667558036 Penicillium-brevicompactum
10 12 -0.5349169937693878 0.2160330980845434 Penicillium-chrysogenum
10 12 -0.4681651310053294 0.2893742373978514 Penicillium-polonicum
10 12 -0.2608137173981137 0.5721334372736213 Penicillium-cvjetkovicii
10 12 -0.094327302961874 0.8405764569445683 Penicillium-mb
10 12 0.17247389118567027 0.7115347344399309 Penicillium-solitum
10 12 -0.06799981720433967 0.8848266357327279 Penicillium-verrucosum
12 12 -0.3799588801916046 0.40049703930871533 Penicillium-commune
12 12 -0.1318263881815169 0.7781440736370959 Penicillium-brevicompactum
12 12 -0.16691688728984116 0.7205640165641489 Penicillium-chrysogenum
12 12 -0.4759349138078381 0.2803371654051688 Penicillium-polonicum
12 12 -0.3047789231541057 0.5062836850724506 Penicillium-cvjetkovicii
12 12 -0.15544895898070618 0.7392785302332054 Penicillium-mb
12 12 -0.4182971089309498 0.35033639570702396 Penicillium-solitum
12 12 -0.3267854411035168 0.474372584065737 Penicillium-verrucosum
12 12 0.32420427210267805 0.4780769161073055 Penicillium-commune
12 12 -0.5035479598156858 0.2492717116675635 Penicillium-brevicompactum
12 12 -0.49842562895058573 0.25490871878506716 Penicillium-chrysogenum
12 12 0.25793606424148763 0.5765340894951543 Penicillium-polonicum
12 12 -0.3622254235790081 0.42460198206231137 Penicillium-cvjetkovicii
12 12 -0.04860045958198843 0.9175907033661739 Penicillium-mb
12 12 -0.5142055632090613 0.23773002239884955 Penicillium-solitum
12 12 -0.13137114914686118 0.7788969222991677 Penicillium-verrucosum
12 12 -0.3062972083556344 0.5040585362253738 Penicillium-commune
12 12 0.05092339259102229 0.913661811146993 Penicillium-brevicompactum
12 12 0.12051479656941763 0.7968902149348478 Penicillium-chrysogenum
12 12 0.45535252278102367 0.30455372482417586 Penicillium-polonicum
12 12 0.417643171450982 0.3511687411178283 Penicillium-cvjetkovicii
12 12 0.5890973397421597 0.16399872367935459 Penicillium-mb
12 12 0.5712181501281259 0.1803994727819962 Penicillium-solitum
12 12 0.4406151086360668 0.3224322781347508 Penicillium-verrucosum
12 12 -0.38553938528297155 0.39302690554644404 Penicillium-commune
12 12 -0.02799702969188073 0.9524893915314752 Penicillium-brevicompactum
12 12 -0.0661114365682572 0.8880108509613672 Penicillium-chrysogenum
12 12 -0.15769239001188137 0.7356091508622404 Penicillium-polonicum
12 12 0.14317913546198516 0.7594153539048282 Penicillium-cvjetkovicii
12 12 -0.6678310536434996 0.1011226592493525 Penicillium-mb
12 12 -0.2966148599288016 0.518306716259985 Penicillium-solitum
12 12 0.15386203262962772 0.7418765038187449 Penicillium-verrucosum
12 8 0.3066994535097982 0.5034695919262449 Penicillium-commune
12 8 0.5402086902587163 0.21064704151312816 Penicillium-brevicompactum
12 8 -0.2658969646879771 0.5643858933746521 Penicillium-chrysogenum
12 8 0.056577334101700696 0.9041049863115146 Penicillium-polonicum
12 8 0.4917132118899984 0.262382926231158 Penicillium-cvjetkovicii
12 8 0.6241332128094593 0.13411657355348622 Penicillium-mb
12 8 0.049062872358779465 0.9168084932456676 Penicillium-solitum
12 8 0.6673588244822862 0.10145351519757345 Penicillium-verrucosum
12 12 0.20422179485588618 0.6604866372021221 Penicillium-commune
12 12 0.4338282218403408 0.3308135279907535 Penicillium-brevicompactum
12 12 -0.44329082383379464 0.31915343059659784 Penicillium-chrysogenum
12 12 -0.3296879873096043 0.4702195531497102 Penicillium-polonicum
12 12 0.25014164025502966 0.5885061912514996 Penicillium-cvjetkovicii
12 12 0.2937195463873101 0.5225937995376246 Penicillium-mb
12 12 -0.300386062851191 0.5127408567583283 Penicillium-solitum
12 12 -0.26833592786268123 0.5606805280501581 Penicillium-verrucosum
10 12 -0.3621544872668587 0.42469950594952005 Penicillium-commune
10 12 0.2009228298096321 0.6657459590265606 Penicillium-brevicompactum
10 12 -0.20408641900204708 0.6607022411153658 Penicillium-chrysogenum
10 12 -0.008846899655472217 0.9849816244229233 Penicillium-polonicum
10 12 -0.48334342460319873 0.27184012493831206 Penicillium-cvjetkovicii
10 12 0.36990521606338306 0.414095213137951 Penicillium-mb
10 12 0.1469316572965012 0.7532448869774093 Penicillium-solitum
10 12 0.44796868197403356 0.31345598384150214 Penicillium-verrucosum
12 12 -0.24159028127142643 0.6017270552165952 Penicillium-commune
12 12 0.04589257035108496 0.9221723707454302 Penicillium-brevicompactum
12 12 -0.16691688706991054 0.7205640169220203 Penicillium-chrysogenum
12 12 -0.3365351484093748 0.4604755723947692 Penicillium-polonicum
12 12 -0.7256186908712329 0.06491199506046601 Penicillium-cvjetkovicii
12 12 -0.15531709458354157 0.739494332046617 Penicillium-mb
12 12 -0.5201188459932641 0.23143603645970767 Penicillium-solitum
12 12 0.11989907730499409 0.7979129184841296 Penicillium-verrucosum
12 12 -0.03578727988956744 0.9392845242090531 Penicillium-commune
12 12 -0.12295718949308568 0.7928357114814386 Penicillium-brevicompactum
12 12 0.22306972822661145 0.6306562689128555 Penicillium-chrysogenum
12 12 -0.2949515831593987 0.5207680545558685 Penicillium-polonicum
12 12 0.3619981983510228 0.4249144038980313 Penicillium-cvjetkovicii
12 12 0.35853474315985406 0.42968741507708774 Penicillium-mb
12 12 -0.6984759143110467 0.08086199991174883 Penicillium-solitum
12 12 -0.5941316719081525 0.15952002299022003 Penicillium-verrucosum
12 12 -0.47122582496623133 0.28579906221810636 Penicillium-commune
12 12 0.336463501194757 0.46057714189967247 Penicillium-brevicompactum
12 12 0.15577388689957816 0.7387468296436414 Penicillium-chrysogenum
12 12 -0.13040784574000916 0.7804904317899652 Penicillium-polonicum
12 12 0.3050048543746658 0.5059523515078053 Penicillium-cvjetkovicii
12 12 0.4351442493152091 0.32918114120473696 Penicillium-mb
12 12 0.0767498485031866 0.870088823826288 Penicillium-solitum
12 12 0.4738241629039754 0.2827795207750049 Penicillium-verrucosum
8 12 0.09975557535886655 0.8314910336197325 Penicillium-commune
8 12 0.22770873522365848 0.6233732891641146 Penicillium-brevicompactum
8 12 -0.20061237404162416 0.666241462434825 Penicillium-chrysogenum
8 12 -0.2006123761771534 0.6662414590260781 Penicillium-polonicum
8 12 0.9028543899251598 0.005358304551446892 Penicillium-cvjetkovicii
8 12 -0.4113145426887531 0.35926650218606054 Penicillium-mb
8 12 -0.17080336082158276 0.714246320288898 Penicillium-solitum
8 12 0.13895082632382055 0.7663803463020402 Penicillium-verrucosum
10 12 0.3242040625024632 0.47807721733595054 Penicillium-commune
10 12 -0.46404302947045845 0.29422040907699354 Penicillium-brevicompactum
10 12 0.25793571884611105 0.5765346183241722 Penicillium-chrysogenum
10 12 -0.6575008510226339 0.10848902409225711 Penicillium-polonicum
10 12 -0.2005760012757388 0.6662995215602603 Penicillium-cvjetkovicii
10 12 -0.36131918906192245 0.4258485318404483 Penicillium-mb
10 12 -0.5638808910987188 0.18735158738388424 Penicillium-solitum
10 12 -0.19676599775231104 0.6723884340678395 Penicillium-verrucosum
12 12 -0.0921294029425182 0.8442591858791353 Penicillium-commune
12 12 0.3364635430744646 0.46057708252716806 Penicillium-brevicompactum
12 12 0.1660149308528905 0.7220320214457769 Penicillium-chrysogenum
12 12 -0.15501339577470008 0.7399914000030763 Penicillium-polonicum
12 12 0.2946557657707142 0.5212062254193582 Penicillium-cvjetkovicii
12 12 0.42538868783852146 0.3413634423697084 Penicillium-mb
12 12 -0.3078397436160219 0.5018013529821979 Penicillium-solitum
12 12 0.5156280925921648 0.23620871315734251 Penicillium-verrucosum
10 12 -0.40711154649122644 0.364686738984976 Penicillium-commune
10 12 -0.22944821617752956 0.6206486414888011 Penicillium-brevicompactum
10 12 -0.16691688695949589 0.7205640171016872 Penicillium-chrysogenum
10 12 -0.3243933111279549 0.47780526508722776 Penicillium-polonicum
10 12 -0.3108216988693439 0.4974479512533567 Penicillium-cvjetkovicii
10 12 -0.10451047745795858 0.8235448567406378 Penicillium-mb
10 12 -0.4791886422063105 0.2765908829805651 Penicillium-solitum
10 12 -0.15017299236135181 0.7479233714159861 Penicillium-verrucosum
12 12 -0.7696849188615826 0.042999010277688085 Penicillium-commune
12 12 0.179626714652317 0.6999519364500651 Penicillium-brevicompactum
12 12 -0.04513632122186311 0.923452231754029 Penicillium-chrysogenum
12 12 0.18939834779848613 0.6842031802754167 Penicillium-polonicum
12 12 0.2742023075116028 0.5518002989244668 Penicillium-cvjetkovicii
12 12 0.421486826965494 0.34628833614651755 Penicillium-mb
12 12 -0.7780680686361076 0.03938354325048942 Penicillium-solitum
12 12 0.3478334759403882 0.44456335201416586 Penicillium-verrucosum
12 12 0.5480024760521529 0.20283244594649655 Penicillium-commune
12 12 -0.8505618761526871 0.015272957787862513 Penicillium-brevicompactum
12 12 0.5550905481759812 0.19584854476965435 Penicillium-chrysogenum
12 12 0.5550905482635086 0.19584854468414112 Penicillium-polonicum
12 12 0.4693944798420398 0.28793586672956956 Penicillium-cvjetkovicii
12 12 0.429995604082686 0.3355870791767541 Penicillium-mb
12 12 0.40015810637867166 0.37372730583285246 Penicillium-solitum
12 12 -0.9212150013358845 0.0032061366560641844 Penicillium-verrucosum
12 12 0.029887352716144552 0.9492843122539347 Penicillium-commune
12 12 -0.042339064016721 0.9281873784642595 Penicillium-brevicompactum
12 12 -0.2816321518215067 0.5406198265000564 Penicillium-chrysogenum
12 12 -0.13549811603018266 0.7720770596964505 Penicillium-polonicum
12 12 0.25014172675270907 0.5885060579727271 Penicillium-cvjetkovicii
12 12 0.2937196157444777 0.5225936966966507 Penicillium-mb
12 12 -0.22867979094630528 0.6218518466192364 Penicillium-solitum
12 12 -0.7613609048107195 0.046762979743910846 Penicillium-verrucosum
12 12 -0.2786657011777431 0.5450747498631555 Penicillium-commune
12 12 0.09367189963307351 0.8416743898558294 Penicillium-brevicompactum
12 12 -0.35000795326257383 0.4415250290274999 Penicillium-chrysogenum
12 12 -0.2850271020140103 0.5355362642146673 Penicillium-polonicum
12 12 -0.5342283281060597 0.21673879185480385 Penicillium-cvjetkovicii
12 12 0.21173344252669857 0.6485529260766938 Penicillium-mb
12 12 0.11410616770116502 0.807545976926928 Penicillium-solitum
12 12 -0.4610523285223171 0.2977587229695716 Penicillium-verrucosum
12 12 -0.5384694047381066 0.2124102072228502 Penicillium-commune
12 12 0.29617982489042133 0.5189501020830116 Penicillium-brevicompactum
12 12 0.008298464101736205 0.9859125748669533 Penicillium-chrysogenum
12 12 -0.25680060186961307 0.5782733935374453 Penicillium-polonicum
12 12 -0.38227262763533876 0.3973930244948965 Penicillium-cvjetkovicii
12 12 0.21075681742846086 0.6501011644633046 Penicillium-mb
12 12 -0.10725389376300799 0.8189655938439452 Penicillium-solitum
12 12 0.2504708666910514 0.5879989740338285 Penicillium-verrucosum
12 10 -0.07315985730651216 0.8761320836949006 Penicillium-commune
12 10 -0.34390914082555085 0.45006653839194055 Penicillium-brevicompactum
12 10 -0.24046669634436227 0.6034707301728536 Penicillium-chrysogenum
12 10 -0.2288785326524614 0.621540591317996 Penicillium-polonicum
12 10 -0.202500278839087 0.6632297647159024 Penicillium-cvjetkovicii
12 10 0.0067339659204889045 0.9885683235923901 Penicillium-mb
12 10 -0.30320765365524627 0.5085900741794336 Penicillium-solitum
12 10 0.19136818589467586 0.6810392375680443 Penicillium-verrucosum
10 12 -0.333654413844532 0.46456591245438283 Penicillium-commune
10 12 0.2009227022820061 0.6657461625473993 Penicillium-brevicompactum
10 12 -0.2338423035022338 0.6137813162551675 Penicillium-chrysogenum
10 12 -0.005994725079849374 0.9898232214870581 Penicillium-polonicum
10 12 -0.5252780295466795 0.22600930000443697 Penicillium-cvjetkovicii
10 12 0.36584855185132836 0.419632411330715 Penicillium-mb
10 12 0.09790015760859722 0.834594853447398 Penicillium-solitum
10 12 0.37961703999792185 0.400956449675074 Penicillium-verrucosum
8 10 0.3181856543016718 0.48675475590592693 Penicillium-commune
8 10 -0.2756722751358702 0.5495823420459274 Penicillium-brevicompactum
8 10 -0.6187414602073749 0.13851841889957883 Penicillium-chrysogenum
8 10 0.22065489506033617 0.6344568828009225 Penicillium-polonicum
8 10 -0.5857907436768482 0.1669738232439584 Penicillium-cvjetkovicii
8 10 0.1979437993525712 0.6705046088670195 Penicillium-mb
8 10 0.324770812832351 0.4772629584067726 Penicillium-solitum
8 10 -0.3728596973066689 0.4100805671008646 Penicillium-verrucosum
12 12 -0.4989893847045134 0.2542854836152875 Penicillium-commune
12 12 -0.0735126941524537 0.8755379150437892 Penicillium-brevicompactum
12 12 0.16412336429379093 0.7251128930932557 Penicillium-chrysogenum
12 12 0.1641233637411568 0.725112893993786 Penicillium-polonicum
12 12 -0.23349427399231334 0.61432442615185 Penicillium-cvjetkovicii
12 12 -0.24984655060231756 0.588960929827888 Penicillium-mb
12 12 -0.2015030411928991 0.6648201708765951 Penicillium-solitum
12 12 -0.028130928395188954 0.9522623465240879 Penicillium-verrucosum
12 12 -0.2704664806568657 0.5574501176660106 Penicillium-commune
12 12 -0.38693959994264215 0.39116138866444106 Penicillium-brevicompactum
12 12 -0.5194051086576101 0.23219153811837176 Penicillium-chrysogenum
12 12 -0.5132515734425608 0.23875280344848238 Penicillium-polonicum
12 12 -0.28689225430642173 0.5327502193944251 Penicillium-cvjetkovicii
12 12 -0.2649797857731167 0.565781319105588 Penicillium-mb
12 12 -0.1971610632924776 0.671756397395938 Penicillium-solitum
12 12 -0.19388605527890565 0.6770004597196972 Penicillium-verrucosum
10 12 -0.012399776230891557 0.9789511043437265 Penicillium-commune
10 12 -0.5516883931206806 0.19918600750015758 Penicillium-brevicompactum
10 12 0.01633787756702183 0.9722676591967514 Penicillium-chrysogenum
10 12 -0.1694108301781271 0.7165084890844935 Penicillium-polonicum
10 12 -0.0011960577687724378 0.9979695107203781 Penicillium-cvjetkovicii
10 12 -0.3329147929282116 0.46561824507519717 Penicillium-mb
10 12 0.007940904977812153 0.9865195260500745 Penicillium-solitum
10 12 -0.2276550155969751 0.623457487779119 Penicillium-verrucosum
12 12 0.011952446259719826 0.9797103463933536 Penicillium-commune
12 12 0.17111100203026286 0.7137467802270896 Penicillium-brevicompactum
12 12 -0.3163010856980923 0.48948347316396845 Penicillium-chrysogenum
12 12 0.3464618567905009 0.44648391051690295 Penicillium-polonicum
12 12 -0.20174104140699692 0.6644405143791494 Penicillium-cvjetkovicii
12 12 -0.6072998464076532 0.1480974852610713 Penicillium-mb
12 12 0.32801746836373696 0.4726081460322188 Penicillium-solitum
12 12 0.17589493793686703 0.7059892906259884 Penicillium-verrucosum
10 12 0.3928559384546083 0.383318460500031 Penicillium-commune
10 12 0.4817548737027634 0.2736521624081752 Penicillium-brevicompactum
10 12 0.1979158223361548 0.6705493406155099 Penicillium-chrysogenum
10 12 -0.511476001683523 0.24066184448302466 Penicillium-polonicum
10 12 -0.45987275601864874 0.2991594111423318 Penicillium-cvjetkovicii
10 12 0.3038710014844545 0.5076159344679367 Penicillium-mb
10 12 -0.2470260656198179 0.5933127454782958 Penicillium-solitum
10 12 0.3831908940863588 0.39616378831769117 Penicillium-verrucosum
12 12 0.3242038785874628 0.478077481650938 Penicillium-commune
12 12 -0.576004882277884 0.1759332382569067 Penicillium-brevicompactum
12 12 0.25793541705249473 0.5765350803953966 Penicillium-chrysogenum
12 12 -0.47572884392411147 0.2805751915247656 Penicillium-polonicum
12 12 -0.23587883224830153 0.610606073483401 Penicillium-cvjetkovicii
12 12 -0.20834121275876513 0.6539348988939544 Penicillium-mb
12 12 -0.4204478775858382 0.3476046938344883 Penicillium-solitum
12 12 0.01983782228139618 0.9663288932826096 Penicillium-verrucosum
10 12 0.4253922003922754 0.34135902227204856 Penicillium-commune
10 12 -0.8360539827595947 0.01909661042781151 Penicillium-brevicompactum
10 12 0.6296752220820429 0.1296673049787676 Penicillium-chrysogenum
10 12 0.5320984802263304 0.21892820257637616 Penicillium-polonicum
10 12 0.47671638164661695 0.2794353344513421 Penicillium-cvjetkovicii
10 12 0.3518054502173213 0.43901940694092273 Penicillium-mb
10 12 -0.9612639118235269 0.000555483185913335 Penicillium-solitum
10 12 -0.9086518349979272 0.004609062366130914 Penicillium-verrucosum
10 12 -0.5616521777775674 0.18948863450817863 Penicillium-commune
10 12 0.3339339547789017 0.464168409718534 Penicillium-brevicompactum
10 12 -0.18940137238124546 0.6841983193812708 Penicillium-chrysogenum
10 12 -0.019364115555392653 0.9671326193674716 Penicillium-polonicum
10 12 0.06593438537701242 0.8883094592434511 Penicillium-cvjetkovicii
10 12 0.30476749549839577 0.5063004460096215 Penicillium-mb
10 12 -0.38057177227659594 0.3996738771289745 Penicillium-solitum
10 12 0.2384970034508919 0.6065310850896956 Penicillium-verrucosum
12 12 0.09809326822707386 0.8342717297957147 Penicillium-commune
12 12 -0.28823336926384846 0.530749955605343 Penicillium-brevicompactum
12 12 0.4115171766374585 0.3590060329814114 Penicillium-chrysogenum
12 12 0.42499128104930395 0.3418636839203831 Penicillium-polonicum
12 12 0.5651725051772214 0.18611848730924205 Penicillium-cvjetkovicii
12 12 -0.960492053767946 0.000583325072735812 Penicillium-mb
12 12 0.5170689341863515 0.23467246162216313 Penicillium-solitum
12 12 0.4406646071163197 0.3223714910753368 Penicillium-verrucosum
12 10 -0.09746260811380957 0.8353270545125883 Penicillium-commune
12 10 -0.138170080889056 0.7676677940919461 Penicillium-brevicompactum
12 10 0.02150591023553796 0.9634988751846365 Penicillium-chrysogenum
12 10 -0.36955532597470064 0.41457166907543413 Penicillium-polonicum
12 10 -0.34226668810369604 0.4523773212022944 Penicillium-cvjetkovicii
12 10 0.15544848213003343 0.7392793105955507 Penicillium-mb
12 10 -0.3816722605730992 0.39819752538353137 Penicillium-solitum
12 10 -0.2922605107605663 0.5247587387630946 Penicillium-verrucosum
10 12 0.19231242289234102 0.6795239233322241 Penicillium-commune
10 12 0.11741755231562423 0.8020370245289856 Penicillium-brevicompactum
10 12 -0.40517751212982933 0.36719214970105724 Penicillium-chrysogenum
10 12 -0.6409174374682987 0.12087704070775308 Penicillium-polonicum
10 12 -0.03850057020945801 0.9346878330546908 Penicillium-cvjetkovicii
10 12 0.09219766641075933 0.8441447716213687 Penicillium-mb
10 12 0.21424851873906048 0.6445704279147764 Penicillium-solitum
10 12 0.13129532084168827 0.7790223362447506 Penicillium-verrucosum
12 12 0.6216939095305072 0.1360990996682489 Penicillium-commune
12 12 -0.41055019337993065 0.3602497154682273 Penicillium-brevicompactum
12 12 0.6232986770886894 0.13479317445164682 Penicillium-chrysogenum
12 12 0.6292315602683284 0.1300206736778481 Penicillium-polonicum
12 12 0.2956674147087412 0.5197082699304312 Penicillium-cvjetkovicii
12 12 -0.2133343528560548 0.6460171881983046 Penicillium-mb
12 12 0.5395207428093649 0.21134359786259566 Penicillium-solitum
12 12 -0.8833287557363184 0.008378466135184108 Penicillium-verrucosum
10 12 -0.3431904850889031 0.4510770773202388 Penicillium-commune
10 12 0.050923392741570206 0.9136618108924083 Penicillium-brevicompactum
10 12 0.5868858860445348 0.16598554085846418 Penicillium-chrysogenum
10 12 0.1786191981527533 0.7015806952499188 Penicillium-polonicum
10 12 0.838895524565923 0.018309350392816393 Penicillium-cvjetkovicii
10 12 0.8392043087801773 0.01822493317122331 Penicillium-mb
10 12 0.6264813715768457 0.1322220839581143 Penicillium-solitum
10 12 0.5753097124279047 0.17657845780772435 Penicillium-verrucosum
10 12 0.16086089488743782 0.730433523634187 Penicillium-commune
10 12 0.514494251551602 0.23742091979379407 Penicillium-brevicompactum
10 12 0.2571212270724749 0.5777820936599292 Penicillium-chrysogenum
10 12 0.2534676781392786 0.583388161647105 Penicillium-polonicum
10 12 0.15537171641412265 0.7394049393992959 Penicillium-cvjetkovicii
10 12 0.08624367007209366 0.8541320936757553 Penicillium-mb
10 12 -0.13612232577578443 0.7710465508460285 Penicillium-solitum
10 12 0.35556343241953003 0.43379850068406806 Penicillium-verrucosum
10 10 0.06637427945201235 0.8875675688736891 Penicillium-commune
10 10 0.25474590375344713 0.5814249232379534 Penicillium-brevicompactum
10 10 -0.5909782375700001 0.16231821471987323 Penicillium-chrysogenum
10 10 -0.18377035266079547 0.6932629583915781 Penicillium-polonicum
10 10 0.4224510090672739 0.34506858898600623 Penicillium-cvjetkovicii
10 10 0.5327610235056501 0.21824601429611362 Penicillium-mb
10 10 0.4247662120581364 0.3421471300332331 Penicillium-solitum
10 10 0.6170684931653716 0.13989887542707227 Penicillium-verrucosum
12 12 -0.009459883527083383 0.9839411215118156 Penicillium-commune
12 12 0.05092339270741714 0.913661810950163 Penicillium-brevicompactum
12 12 0.6279769648332579 0.1310225894941145 Penicillium-chrysogenum
12 12 0.6358647691647397 0.1247886362789656 Penicillium-polonicum
12 12 0.9020881778171683 0.0054622664912062245 Penicillium-cvjetkovicii
12 12 0.9604917686497382 0.0005833355067259425 Penicillium-mb
12 12 0.7985570158689344 0.03128111933105686 Penicillium-solitum
12 12 0.8693300633535925 0.011035551442250489 Penicillium-verrucosum
12 12 -0.3411488918070968 0.4539524876076895 Penicillium-commune
12 12 -0.2686436616284297 0.5602135622745682 Penicillium-brevicompactum
12 12 0.26647579658417936 0.5635058047647425 Penicillium-chrysogenum
12 12 -0.5067314568651007 0.24579761457681076 Penicillium-polonicum
12 12 0.24085512091782824 0.602867769718241 Penicillium-cvjetkovicii
12 12 -0.36420845963893583 0.4218791931646245 Penicillium-mb
12 12 -0.5261914132677868 0.22505485123099306 Penicillium-solitum
12 12 -0.3061372287475069 0.5042928359967108 Penicillium-verrucosum
10 12 -0.14559298025318626 0.7554449608989366 Penicillium-commune
10 12 0.0046441934631654405 0.9921158573310669 Penicillium-brevicompactum
10 12 -0.02192677287447606 0.9627849019560739 Penicillium-chrysogenum
10 12 0.16838879785156052 0.7181698325773105 Penicillium-polonicum
10 12 -0.9505305175234505 0.0010178636196869065 Penicillium-cvjetkovicii
10 12 0.5369595502291498 0.2139464605845656 Penicillium-mb
10 12 0.3125745733372002 0.4948951395858264 Penicillium-solitum
10 12 0.5764966623524724 0.17547749408673258 Penicillium-verrucosum
12 12 0.09809329460370608 0.8342716856621015 Penicillium-commune
12 12 -0.28823341750256415 0.5307498837030344 Penicillium-brevicompactum
12 12 0.3548953652450685 0.4347248953096228 Penicillium-chrysogenum
12 12 0.3723380144675728 0.4107883316405638 Penicillium-polonicum
12 12 0.5447306493312337 0.20609580558707363 Penicillium-cvjetkovicii
12 12 -0.9604919847393537 0.0005833275988486164 Penicillium-mb
12 12 0.5060030458509633 0.24659053130108566 Penicillium-solitum
12 12 0.4055267635541332 0.3667391952146596 Penicillium-verrucosum
10 12 0.6234972662395919 0.1346320112622151 Penicillium-commune
10 12 -0.902255826283246 0.005439420085050432 Penicillium-brevicompactum
10 12 0.6250251372530179 0.1333953568804427 Penicillium-chrysogenum
10 12 0.6218473045848634 0.1359739939204491 Penicillium-polonicum
10 12 0.9028543896921479 0.005358304582885978 Penicillium-cvjetkovicii
10 12 -0.5661146720227971 0.18522150196820614 Penicillium-mb
10 12 0.5601210071122191 0.19096364268132712 Penicillium-solitum
10 12 -0.4851772661796912 0.26975505119599313 Penicillium-verrucosum
10 12 0.15589464115851673 0.7385492527107518 Penicillium-commune
10 12 0.29155656930133256 0.5258043423421813 Penicillium-brevicompactum
10 12 -0.02730103907876557 0.9536695871927161 Penicillium-chrysogenum
10 12 -0.27347478092315236 0.5528990999721259 Penicillium-polonicum
10 12 -0.2501413839665276 0.5885065861502055 Penicillium-cvjetkovicii
10 12 -0.21333435288051222 0.6460171881595862 Penicillium-mb
10 12 -0.2487477935274935 0.5906550772046001 Penicillium-solitum
10 12 -0.5261113944636674 0.22513839166741112 Penicillium-verrucosum
12 10 -0.44479216786893233 0.317320010279769 Penicillium-commune
12 10 -0.12414689554666403 0.7908620737462428 Penicillium-brevicompactum
12 10 -0.4078949603494886 0.36367389363390346 Penicillium-chrysogenum
12 10 -0.16941083019893668 0.7165084890506761 Penicillium-polonicum
12 10 -0.3462766310404687 0.4467435048500955 Penicillium-cvjetkovicii
12 10 -0.4034797567309779 0.3693972941194215 Penicillium-mb
12 10 -0.4628288762983476 0.2956546271608385 Penicillium-solitum
12 10 -0.0006515577346780511 0.998893881470162 Penicillium-verrucosum
12 12 -0.2881009959711656 0.530947277184166 Penicillium-commune
12 12 0.05092339255362901 0.9136618112102268 Penicillium-brevicompactum
12 12 0.6516324114401194 0.11279373011685097 Penicillium-chrysogenum
12 12 0.6506392228323153 0.11353085204886076 Penicillium-polonicum
12 12 0.9235378778976263 0.0029788195037261677 Penicillium-cvjetkovicii
12 12 0.9384863784669448 0.0017434849778067802 Penicillium-mb
12 12 0.48291011532619244 0.272333855832984 Penicillium-solitum
12 12 0.7601502941271678 0.047324887100945116 Penicillium-verrucosum
12 12 0.4165060806614795 0.35261802162971434 Penicillium-commune
12 12 0.47113568283868995 0.28590407365236403 Penicillium-brevicompactum
12 12 0.06485766949837692 0.8901256353327685 Penicillium-chrysogenum
12 12 0.2342507958634985 0.613144031302311 Penicillium-polonicum
12 12 0.15537369842709514 0.739401695732983 Penicillium-cvjetkovicii
12 12 0.04108744688052452 0.9303066459623495 Penicillium-mb
12 12 -0.40780667494644407 0.36378797623533465 Penicillium-solitum
12 12 0.23458792764870598 0.61261822105088 Penicillium-verrucosum
12 12 -0.06538947272098652 0.8892285554591514 Penicillium-commune
12 12 -0.13069477365442228 0.7800157276656641 Penicillium-brevicompactum
12 12 0.2181371923751339 0.6384262040550204 Penicillium-chrysogenum
12 12 -0.8424044198089171 0.017363096894671606 Penicillium-polonicum
12 12 0.20777513874641318 0.654834176436772 Penicillium-cvjetkovicii
12 12 0.1535518705534194 0.7423845017803549 Penicillium-mb
12 12 0.1951800514869719 0.6749272147983094 Penicillium-solitum
12 12 -0.6202211540773931 0.13730321666145376 Penicillium-verrucosum
12 12 0.3451050746795645 0.448386757746978 Penicillium-commune
12 12 0.2791525730484966 0.544342754971527 Penicillium-brevicompactum
12 12 0.14827109772282174 0.751044886067362 Penicillium-chrysogenum
12 12 0.14555923233247345 0.7555004415913658 Penicillium-polonicum
12 12 -0.20170988416056748 0.6644902129882502 Penicillium-cvjetkovicii
12 12 -0.2133343528560548 0.6460171881983046 Penicillium-mb
12 12 -0.06928783323939351 0.8826554688632503 Penicillium-solitum
12 12 -0.4034796669865387 0.36939741082817745 Penicillium-verrucosum
12 12 0.4665313970045255 0.29129067592572216 Penicillium-commune
12 12 -0.4711394315475271 0.2858997062361751 Penicillium-brevicompactum
12 12 0.5011044647286365 0.25195349419088586 Penicillium-chrysogenum
12 12 0.5011044648065068 0.25195349410521145 Penicillium-polonicum
12 12 -0.12765437174253885 0.7850486199750386 Penicillium-cvjetkovicii
12 12 0.15428393343925548 0.7411856145308182 Penicillium-mb
12 12 -0.3714886014691633 0.4119417506653889 Penicillium-solitum
12 12 0.15280440549285723 0.7436090401972686 Penicillium-verrucosum
12 10 -0.13719817975140516 0.7692710506045176 Penicillium-commune
12 10 0.3153530982287175 0.4908581431458081 Penicillium-brevicompactum
12 10 -0.2532072583186614 0.5837883933247691 Penicillium-chrysogenum
12 10 -0.24344426851607082 0.5988531783012423 Penicillium-polonicum
12 10 0.25014160263752516 0.5885062492139226 Penicillium-cvjetkovicii
12 10 0.29371951622418585 0.5225938442627097 Penicillium-mb
12 10 -0.3366062767334517 0.4603747466818953 Penicillium-solitum
12 10 -0.4205163788489634 0.3475178375301917 Penicillium-verrucosum
12 12 -0.28214899975103647 0.5398448759458632 Penicillium-commune
12 12 -0.21334808081538179 0.6459954557398007 Penicillium-brevicompactum
12 12 -0.34854832107583417 0.44356365473252785 Penicillium-chrysogenum
12 12 -0.41071952402361833 0.3600318025389894 Penicillium-polonicum
12 12 -0.3088677876862313 0.5002989918508298 Penicillium-cvjetkovicii
12 12 -0.21574783859402327 0.6421995321401386 Penicillium-mb
12 12 -0.19716106351152055 0.6717563970455496 Penicillium-solitum
12 12 -0.18046698232813338 0.698594251802268 Penicillium-verrucosum
12 12 0.07900257662879098 0.8662992137136394 Penicillium-commune
12 12 -0.31517864377808 0.4911112676535143 Penicillium-brevicompactum
12 12 0.02150576502527072 0.9634991215302411 Penicillium-chrysogenum
12 12 -0.1019852504314336 0.8277634456883843 Penicillium-polonicum
12 12 -0.4969289145747347 0.2565667369290159 Penicillium-cvjetkovicii
12 12 0.15544827605963765 0.7392796478281746 Penicillium-mb
12 12 -0.7250698988950464 0.06521591081027288 Penicillium-solitum
12 12 -0.46484868987257466 0.29327042594505176 Penicillium-verrucosum
12 12 0.02610191053286609 0.9557031139705954 Penicillium-commune
12 12 0.4033645779203534 0.36954709163486527 Penicillium-brevicompactum
12 12 -0.36261577954827845 0.4240654719789442 Penicillium-chrysogenum
12 12 0.4747799721738956 0.2816723766409884 Penicillium-polonicum
12 12 0.39983592240623905 0.3741483945095471 Penicillium-cvjetkovicii
12 12 0.2036761072304619 0.6613558306261103 Penicillium-mb
12 12 0.47149512987816417 0.2854854368390492 Penicillium-solitum
12 12 0.29447637710856195 0.5214720007646043 Penicillium-verrucosum
8 12 0.03831356568476042 0.9350045996050256 Penicillium-commune
8 12 -0.049488106795740235 0.9160892205053067 Penicillium-brevicompactum
8 12 -0.27467084708365136 0.5510930284434683 Penicillium-chrysogenum
8 12 -0.6012394265969826 0.15330182137274026 Penicillium-polonicum
8 12 0.9028543896478226 0.005358304588866566 Penicillium-cvjetkovicii
8 12 -0.29371931315599265 0.5225941453669043 Penicillium-mb
8 12 -0.24839298774362117 0.591202460503663 Penicillium-solitum
8 12 -0.48304869559286784 0.27217590762934607 Penicillium-verrucosum
10 10 0.2995239035637124 0.5140114827901759 Penicillium-commune
10 10 -0.42415111947781886 0.3429222677694822 Penicillium-brevicompactum
10 10 -0.6137127139916018 0.14268877139667285 Penicillium-chrysogenum
10 10 -0.5923233747535657 0.16112165436982623 Penicillium-polonicum
10 10 0.28692989768098365 0.5326940401687981 Penicillium-cvjetkovicii
10 10 -0.28265572158050034 0.5390854657553408 Penicillium-mb
10 10 0.3407895814071867 0.4544592511810674 Penicillium-solitum
10 10 -0.21858708895673432 0.6377164064812015 Penicillium-verrucosum
10 10 0.622775350057594 0.13521834455068105 Penicillium-commune
10 10 0.2744649852153312 0.5514037449854932 Penicillium-brevicompactum
10 10 0.6576279446663015 0.1083967570355281 Penicillium-chrysogenum
10 10 0.3504571043615441 0.4408984279900941 Penicillium-polonicum
10 10 -0.33195509050807626 0.46698501310225393 Penicillium-cvjetkovicii
10 10 -0.46440250432888963 0.2937963713618365 Penicillium-mb
10 10 0.22942847463822377 0.6206795445206736 Penicillium-solitum
10 10 -0.20010806467019243 0.6670465717628382 Penicillium-verrucosum
12 12 0.15456025310728927 0.7407331984482906 Penicillium-commune
12 12 -0.22965735614930619 0.6203212849661333 Penicillium-brevicompactum
12 12 -0.3529002974579818 0.43749589793379556 Penicillium-chrysogenum
12 12 -0.4117722137622554 0.3586783153053448 Penicillium-polonicum
12 12 -0.040937502885363554 0.9305605568183446 Penicillium-cvjetkovicii
12 12 -0.21333435292030165 0.6460171880965963 Penicillium-mb
12 12 -0.6536996270679047 0.1112674540735322 Penicillium-solitum
12 12 -0.48455696291513833 0.2704595223261087 Penicillium-verrucosum
12 12 0.2616057944951466 0.5709240121468041 Penicillium-commune
12 12 0.4882087703274706 0.2663241810482104 Penicillium-brevicompactum
12 12 -0.0011936679882206078 0.997973567729159 Penicillium-chrysogenum
12 12 -0.0011936684479828695 0.997973566948644 Penicillium-polonicum
12 12 0.45813221340831756 0.30123150925520636 Penicillium-cvjetkovicii
12 12 0.5969983099031093 0.15699731920838167 Penicillium-mb
12 12 -0.4690910096207462 0.28829063859660164 Penicillium-solitum
12 12 0.6408233478872902 0.1209492974910328 Penicillium-verrucosum
12 12 0.17624927048546588 0.7054155116510559 Penicillium-commune
12 12 -0.3810880434024472 0.3989810068847196 Penicillium-brevicompactum
12 12 -0.6306337438109371 0.12890553391498633 Penicillium-chrysogenum
12 12 0.387556111689406 0.3903411343112337 Penicillium-polonicum
12 12 0.36040494489568103 0.42710752700562565 Penicillium-cvjetkovicii
12 12 0.2529820284648835 0.5841346107950594 Penicillium-mb
12 12 -0.6384531559888701 0.12277681815258625 Penicillium-solitum
12 12 -0.5391712643759816 0.2116978690782699 Penicillium-verrucosum
12 12 -0.0731598572915195 0.876132083720149 Penicillium-commune
12 12 -0.19535174206834302 0.6746522540335559 Penicillium-brevicompactum
12 12 -0.2276112951636313 0.6235260163477303 Penicillium-chrysogenum
12 12 -0.2843351557732004 0.5365710816191049 Penicillium-polonicum
12 12 -0.24480087680946308 0.5967529087197287 Penicillium-cvjetkovicii
12 12 0.18986040975168206 0.6834606877150216 Penicillium-mb
12 12 -0.29982834414844034 0.5135626831416311 Penicillium-solitum
12 12 0.2816514388135105 0.5405909013958179 Penicillium-verrucosum
12 10 -0.28175202725467424 0.5404400551112225 Penicillium-commune
12 10 -0.3709833246250259 0.412628468094898 Penicillium-brevicompactum
12 10 -0.3748207516470456 0.4074243084028716 Penicillium-chrysogenum
12 10 0.26647585420720066 0.5635057171732586 Penicillium-polonicum
12 10 0.24085517909124873 0.6028676794277403 Penicillium-cvjetkovicii
12 10 -0.2913129925122233 0.5261663045404152 Penicillium-mb
12 10 -0.4851980424620697 0.26973147020133065 Penicillium-solitum
12 10 -0.4824964552234205 0.2728055749071687 Penicillium-verrucosum
12 12 -0.2434307875126075 0.598874060403781 Penicillium-commune
12 12 -0.0345034483683401 0.9414599869235245 Penicillium-brevicompactum
12 12 -0.5526263286035331 0.19826319479242555 Penicillium-chrysogenum
12 12 0.2850268336972259 0.5355366653579743 Penicillium-polonicum
12 12 -0.5736940367669804 0.17808251440955394 Penicillium-cvjetkovicii
12 12 0.28547676309248615 0.5348641454428449 Penicillium-mb
12 12 0.3376726440158218 0.4588641312615214 Penicillium-solitum
12 12 -0.4539409297043486 0.306246937307663 Penicillium-verrucosum
10 12 -0.0646676699410597 0.890446161446089 Penicillium-commune
10 12 0.020218519215551536 0.9656829909350165 Penicillium-brevicompactum
10 12 -0.23205962640127142 0.6165647107780925 Penicillium-chrysogenum
10 12 0.02150583498501107 0.9634990028452823 Penicillium-polonicum
10 12 -0.33378434857204536 0.4643811317755147 Penicillium-cvjetkovicii
10 12 0.15544837816729745 0.7392794807297673 Penicillium-mb
10 12 -0.3990021537079698 0.3752390144002817 Penicillium-solitum
10 12 -0.4033964145382937 0.36950568355374375 Penicillium-verrucosum
12 10 0.9265168690774889 0.002701523265400744 Penicillium-commune
12 10 0.8381344573364321 0.018518362336391654 Penicillium-brevicompactum
12 10 0.6951619035713508 0.08293791273571541 Penicillium-chrysogenum
12 10 0.6953899779450178 0.08279415008853644 Penicillium-polonicum
12 10 0.007174359896916972 0.9878207418090692 Penicillium-cvjetkovicii
12 10 -0.19983383121769652 0.6674844809101801 Penicillium-mb
12 10 0.4873146023830914 0.26733407566370954 Penicillium-solitum
12 10 -0.20010806468437262 0.6670465717401965 Penicillium-verrucosum
12 12 0.019670767252300356 0.96661232871781 Penicillium-commune
12 12 0.1599218882106819 0.7319665144720724 Penicillium-brevicompactum
12 12 -0.16691688697436222 0.7205640170774966 Penicillium-chrysogenum
12 12 -0.02879631057043667 0.9511341311948296 Penicillium-polonicum
12 12 -0.044263280061462476 0.9249299124627985 Penicillium-cvjetkovicii
12 12 -0.08942975044378089 0.8487857178806373 Penicillium-mb
12 12 -0.013050778122024011 0.9778461977020312 Penicillium-solitum
12 12 -0.10620777961735697 0.8207112728925221 Penicillium-verrucosum
12 12 0.33094889542973577 0.4684195712474609 Penicillium-commune
12 12 0.30625968787999136 0.5041134838108502 Penicillium-brevicompactum
12 12 -0.06520365968302255 0.8895419861971263 Penicillium-chrysogenum
12 12 -0.4239897341952523 0.34312576759990543 Penicillium-polonicum
12 12 0.12555670143371217 0.7885244563282178 Penicillium-cvjetkovicii
12 12 -0.4866466896001074 0.26808956299635955 Penicillium-mb
12 12 -0.19145078462015303 0.6809066487971409 Penicillium-solitum
12 12 0.2731222415419899 0.5534318039111974 Penicillium-verrucosum
12 12 0.642251671685763 0.11985479371618411 Penicillium-commune
12 12 -0.8505618948112373 0.015272953181328939 Penicillium-brevicompactum
12 12 0.9576194307758127 0.0006941265719672044 Penicillium-chrysogenum
12 12 0.9724257961970683 0.00023892718929069848 Penicillium-polonicum
12 12 0.8019602940253642 0.03003530884075513 Penicillium-cvjetkovicii
12 12 0.5515452000347039 0.199327073260689 Penicillium-mb
12 12 0.9673192208267248 0.00036436672281461597 Penicillium-solitum
12 12 -0.9212149832296318 0.0032061384661816396 Penicillium-verrucosum
12 12 -0.42373508793899933 0.343446969053092 Penicillium-commune
12 12 0.25474590387532714 0.5814249230508544 Penicillium-brevicompactum
12 12 0.18183784223136448 0.696380620181227 Penicillium-chrysogenum
12 12 -0.590978263871426 0.16231819128060151 Penicillium-polonicum
12 12 0.5596443975204773 0.19142390157962652 Penicillium-cvjetkovicii
12 12 0.5979116975575828 0.15619772698582463 Penicillium-mb
12 12 0.3663565596336811 0.4189374307590839 Penicillium-solitum
12 12 0.6300052185263625 0.12940478672867292 Penicillium-verrucosum
12 12 -0.5268258621739574 0.22439299680137637 Penicillium-commune
12 12 -0.5114773078696847 0.24066043751546942 Penicillium-brevicompactum
12 12 0.34646202765225925 0.44648367107995107 Penicillium-chrysogenum
12 12 -0.5443004365811871 0.20652675956262362 Penicillium-polonicum
12 12 -0.6260339251341546 0.13258202586040652 Penicillium-cvjetkovicii
12 12 -0.3116711344721891 0.49621029068405564 Penicillium-mb
12 12 0.32801765479884926 0.47260787921172953 Penicillium-solitum
12 12 -0.35446170501904395 0.43532664652725717 Penicillium-verrucosum
10 10 0.2783436816420594 0.5455590725638682 Penicillium-commune
10 10 -0.3795202873384566 0.4010865167383965 Penicillium-brevicompactum
10 10 -0.7144331538339239 0.071257789475498 Penicillium-chrysogenum
10 10 0.43091238910183516 0.33444256710903586 Penicillium-polonicum
10 10 -0.5104948913091039 0.24171973269052488 Penicillium-cvjetkovicii
10 10 0.19544046144909313 0.6745101820944577 Penicillium-mb
10 10 0.43458617688914875 0.3298729468886133 Penicillium-solitum
10 10 -0.2715179067351519 0.5558581284075662 Penicillium-verrucosum
12 12 -0.3689470186630194 0.41540052917257947 Penicillium-commune
12 12 -0.5884685684894281 0.16456241978994446 Penicillium-brevicompactum
12 12 -0.3861861968361263 0.3921647114000305 Penicillium-chrysogenum
12 12 -0.34648143501206824 0.4464564749104171 Penicillium-polonicum
12 12 -0.284069415689593 0.5369686771896652 Penicillium-cvjetkovicii
12 12 -0.176844283507299 0.7044522428269911 Penicillium-mb
12 12 -0.19716106319996385 0.671756397543926 Penicillium-solitum
12 12 -0.5127967545497292 0.2392411377779996 Penicillium-verrucosum
12 10 0.7381082230748226 0.05820230733954983 Penicillium-commune
12 10 0.8878178410685974 0.007614672079718606 Penicillium-brevicompactum
12 10 0.7908813092215268 0.03419512767401442 Penicillium-chrysogenum
12 10 0.790881309644461 0.03419512750945939 Penicillium-polonicum
12 10 0.40224677040685836 0.3710021673558522 Penicillium-cvjetkovicii
12 10 0.19427624398863974 0.676375126816849 Penicillium-mb
12 10 0.6979743985388147 0.08117435666850893 Penicillium-solitum
12 10 -0.2001080644743872 0.6670465720754826 Penicillium-verrucosum
12 12 0.4307003518212383 0.334707126037248 Penicillium-commune
12 12 0.46227392473207807 0.29631118959656305 Penicillium-brevicompactum
12 12 0.22913940891640588 0.6211320932710513 Penicillium-chrysogenum
12 12 -0.6576285308149732 0.10839633159951285 Penicillium-polonicum
12 12 -0.1255565207298973 0.7885247558750554 Penicillium-cvjetkovicii
12 12 -0.31770750380054524 0.4874465673729132 Penicillium-mb
12 12 0.08944021766216571 0.8487681609514561 Penicillium-solitum
12 12 0.10620723573676732 0.8207121806343984 Penicillium-verrucosum
12 12 0.0930568511020846 0.8427049059270124 Penicillium-commune
12 12 0.045460333675180375 0.9229038633035278 Penicillium-brevicompactum
12 12 -0.36200885492529306 0.4248997497276534 Penicillium-chrysogenum
12 12 0.032328503691692226 0.9451461028439654 Penicillium-polonicum
12 12 -0.5432931625073821 0.20753745233876802 Penicillium-cvjetkovicii
12 12 -0.17138179295639608 0.7133071439668603 Penicillium-mb
12 12 -0.19716106318565002 0.6717563975668228 Penicillium-solitum
12 12 -0.21517705271598736 0.6431018404986921 Penicillium-verrucosum
12 12 -0.5401876549614726 0.21066832380787495 Penicillium-commune
12 12 -0.3766325906052943 0.40497621106222476 Penicillium-brevicompactum
12 12 0.3562258657152728 0.43288066430770966 Penicillium-chrysogenum
12 12 0.3562258657152655 0.43288066430772 Penicillium-polonicum
12 12 -0.2996841640382248 0.5137752134826511 Penicillium-cvjetkovicii
12 12 -0.42779181186292475 0.33834508102994637 Penicillium-mb
12 12 -0.4229351296934877 0.3444568313341621 Penicillium-solitum
12 12 -0.23414589471518546 0.6133076681057796 Penicillium-verrucosum
12 12 0.14547371785558988 0.7556410288777211 Penicillium-commune
12 12 0.3494861516637143 0.4422534061926905 Penicillium-brevicompactum
12 12 0.06638612959416354 0.8875475842670526 Penicillium-chrysogenum
12 12 0.06646541498323345 0.8874138750807563 Penicillium-polonicum
12 12 -0.7222615607508872 0.06678313106657033 Penicillium-cvjetkovicii
12 12 0.5317155368041736 0.219322959972121 Penicillium-mb
12 12 0.21934414337638278 0.6365225054239692 Penicillium-solitum
12 12 0.555198599692636 0.19574299331708725 Penicillium-verrucosum
8 12 -0.48265458252798077 0.27262521025937764 Penicillium-commune
8 12 -0.1698252431379893 0.7158351014752127 Penicillium-brevicompactum
8 12 -0.01728941111715935 0.9706529708013518 Penicillium-chrysogenum
8 12 -0.13693997529109087 0.769697097017549 Penicillium-polonicum
8 12 0.9028543899251598 0.005358304551446892 Penicillium-cvjetkovicii
8 12 -0.054796649124251716 0.9071139191331976 Penicillium-mb
8 12 -0.06070293536469515 0.8971372576142735 Penicillium-solitum
8 12 -0.7741878289209981 0.04103519948252371 Penicillium-verrucosum
10 12 -0.32415633636255464 0.47814580913080174 Penicillium-commune
10 12 0.14281383704298561 0.7600165800903638 Penicillium-brevicompactum
10 12 -0.11653051533563448 0.8035121038201357 Penicillium-chrysogenum
10 12 -0.06941443969731867 0.8824420838112563 Penicillium-polonicum
10 12 -0.5198971127537692 0.23167062105166855 Penicillium-cvjetkovicii
10 12 0.35992290630273144 0.4277719132234761 Penicillium-mb
10 12 -0.37205363903644256 0.41117434413496406 Penicillium-solitum
10 12 0.3726845229785391 0.41031817180065167 Penicillium-verrucosum
12 12 -0.5585431456722716 0.1924894253900568 Penicillium-commune
12 12 0.3364635424985581 0.4605770833436258 Penicillium-brevicompactum
12 12 -0.04975935735323897 0.9156304311558693 Penicillium-chrysogenum
12 12 -0.1790598994467045 0.7008681421173766 Penicillium-polonicum
12 12 0.2049368154903689 0.6593481823086165 Penicillium-cvjetkovicii
12 12 0.3844927384425114 0.3944236817870744 Penicillium-mb
12 12 -0.3363877998797595 0.4606844676337176 Penicillium-solitum
12 12 0.4116132718181279 0.3588825379785224 Penicillium-verrucosum
12 12 -0.04079077806136662 0.9308090209563513 Penicillium-commune
12 12 0.05839453022769942 0.9010352990080279 Penicillium-brevicompactum
12 12 -0.25697721292637205 0.5780027530923076 Penicillium-chrysogenum
12 12 -0.1694108301781271 0.7165084890844935 Penicillium-polonicum
12 12 -0.37167888711171476 0.41168325129807065 Penicillium-cvjetkovicii
12 12 -0.033130294358681395 0.943787127398563 Penicillium-mb
12 12 -0.2906312292179692 0.5271798721261605 Penicillium-solitum
12 12 0.07583159983959584 0.871634101278665 Penicillium-verrucosum
12 10 0.07496589504690618 0.873091252558307 Penicillium-commune
12 10 -0.4062495559608152 0.3658025160047723 Penicillium-brevicompactum
12 10 -0.9359280682898186 0.001927752533450488 Penicillium-chrysogenum
12 10 -0.05367133029624099 0.9090158969440827 Penicillium-polonicum
12 10 0.279346335509702 0.5440515298561892 Penicillium-cvjetkovicii
12 10 -0.36720081233303503 0.41778344125495454 Penicillium-mb
12 10 0.2983704461104285 0.5157131072262716 Penicillium-solitum
12 10 -0.6293935898041334 0.1298915632154413 Penicillium-verrucosum
12 12 -0.286255985020411 0.5337000918609194 Penicillium-commune
12 12 -0.3266122432901294 0.47462081952900975 Penicillium-brevicompactum
12 12 -0.16691688739744298 0.7205640163890592 Penicillium-chrysogenum
12 12 -0.5035816426429583 0.24923483646040076 Penicillium-polonicum
12 12 -0.19118826985696752 0.681328064203514 Penicillium-cvjetkovicii
12 12 -0.10981906975550988 0.8146875423012365 Penicillium-mb
12 12 -0.2497215286669605 0.5891536232910644 Penicillium-solitum
12 12 -0.21731120767239923 0.6397299232836062 Penicillium-verrucosum
12 12 0.09922347592544464 0.8323809750677342 Penicillium-commune
12 12 0.26436190203096155 0.5667220048046921 Penicillium-brevicompactum
12 12 0.26712839767095764 0.562514078976359 Penicillium-chrysogenum
12 12 0.2671283970809637 0.5625140798726915 Penicillium-polonicum
12 12 0.05524767823472205 0.906351702843221 Penicillium-cvjetkovicii
12 12 -0.6045269499401097 0.15046751022150906 Penicillium-mb
12 12 -0.34753426760446365 0.44498204121599527 Penicillium-solitum
12 12 0.35645719973518547 0.43256031397600847 Penicillium-verrucosum
12 12 0.37310569423505957 0.409746990620733 Penicillium-commune
12 12 -0.5622570870096317 0.1889074415904233 Penicillium-brevicompactum
12 12 0.5689878096402082 0.18249917968017684 Penicillium-chrysogenum
12 12 0.5689878119897844 0.18249917746196986 Penicillium-polonicum
12 12 -0.8749568497823845 0.009916840079651469 Penicillium-cvjetkovicii
12 12 0.24561218588855457 0.5954979211019739 Penicillium-mb
12 12 0.5793586906460678 0.17283670693442124 Penicillium-solitum
12 12 -0.4907155955339395 0.2635021700749371 Penicillium-verrucosum
10 10 0.31572499601304926 0.4903186933043857 Penicillium-commune
10 10 -0.40676942109121456 0.3651294243608885 Penicillium-brevicompactum
10 10 -0.7008142616894212 0.07941407068694922 Penicillium-chrysogenum
10 10 0.4613076158688637 0.2974559624077045 Penicillium-polonicum
10 10 -0.5530638588361845 0.19783342477292393 Penicillium-cvjetkovicii
10 10 0.19408390663310132 0.6766833563349697 Penicillium-mb
10 10 0.442601068503431 0.31999728009872014 Penicillium-solitum
10 10 -0.3618858123317644 0.4250689611179087 Penicillium-verrucosum
