#SPECIES: Penicillium-cvjetkovicii Penicillium-mb Penicillium-solitum Penicillium-chrysogenum Penicillium-verrucosum Penicillium-commune Penicillium-brevicompactum Penicillium-polonicum 
#GENE_TREEs p: 0.08512667843360143 0.08512667537621611 0.08516515888456357 0.08516515891111114 0.09858621778402159 1.6032451504903313e-06 0.057637161856066585 0.16986908194099903 
#GENE_TREEs r: 0.6917150730684567 0.6917150778501537 0.6916548975219518 0.6916548974804417 0.6714784598165714 0.996293503500097 0.7391950561488292 0.5826007321086656 
12 12 -0.11638355269680997 0.8037565370956273 Penicillium-cvjetkovicii
12 12 -0.3701171273074235 0.4138067513513632 Penicillium-mb
12 12 -0.3470385235989347 0.4456760743383096 Penicillium-solitum
12 12 0.18447413868779405 0.6921284128946308 Penicillium-chrysogenum
12 12 0.16957010428928415 0.7162496642137369 Penicillium-verrucosum
12 12 -0.2965324047567191 0.5184286406245284 Penicillium-commune
12 12 0.13258143216011248 0.7768957287645286 Penicillium-brevicompactum
12 12 -0.8212732791558197 0.023497740046142725 Penicillium-polonicum
10 12 0.04475969944648511 0.9240896680949423 Penicillium-cvjetkovicii
10 12 0.04464861364885996 0.924277688164236 Penicillium-mb
10 12 0.04167691070313895 0.9293085105770508 Penicillium-solitum
10 12 -0.0020888588687259144 0.9964538507831471 Penicillium-chrysogenum
10 12 -0.020430975586177413 0.965322537268228 Penicillium-verrucosum
10 12 -0.6703255808408708 0.0993842985627223 Penicillium-commune
10 12 0.13258143198123185 0.7768957290602341 Penicillium-brevicompactum
10 12 -0.8549819354523539 0.014203897002472614 Penicillium-polonicum
8 12 -0.23434809185426464 0.6129922693015905 Penicillium-cvjetkovicii
8 12 -0.2196831562003355 0.6359880728233018 Penicillium-mb
8 12 -0.3296783904713063 0.4702332625818605 Penicillium-solitum
8 12 -0.21968315651346804 0.6359880723297258 Penicillium-chrysogenum
8 12 -0.2694453418207119 0.5589976516385304 Penicillium-verrucosum
8 12 0.10298576657591428 0.8260916067327312 Penicillium-commune
8 12 -0.07178579686509284 0.8784464068360097 Penicillium-brevicompactum
8 12 0.08305373787648598 0.8594893830868606 Penicillium-polonicum
12 10 -0.34879459471636376 0.4432194425815713 Penicillium-cvjetkovicii
12 10 -0.27423390010918064 0.5517525999497571 Penicillium-mb
12 10 -0.27610270989274327 0.5489334330101596 Penicillium-solitum
12 10 -0.27610270278700016 0.5489334437204744 Penicillium-chrysogenum
12 10 -0.060565485016489694 0.8973693149248899 Penicillium-verrucosum
12 10 -0.27709316456082295 0.5474412083001083 Penicillium-commune
12 10 0.6320576169580653 0.1277781597461522 Penicillium-brevicompactum
12 10 0.4152251850775006 0.3542535749103996 Penicillium-polonicum
12 10 -0.9627011060486353 0.0005057782701461972 Penicillium-cvjetkovicii
12 10 0.5440537148515744 0.20677410058358195 Penicillium-mb
12 10 0.5522082702978434 0.19867425775953737 Penicillium-solitum
12 10 0.5326834485933301 0.21832583728912477 Penicillium-chrysogenum
12 10 0.5205924776319123 0.23093532638769837 Penicillium-verrucosum
12 10 -0.27724325419595003 0.5472151983430394 Penicillium-commune
12 10 0.9704869925028827 0.0002828696016020087 Penicillium-brevicompactum
12 10 0.9229495253626803 0.003035470767667967 Penicillium-polonicum
10 12 0.5353010990457315 0.21563996951071243 Penicillium-cvjetkovicii
10 12 0.5558635991726302 0.19509398500736216 Penicillium-mb
10 12 -0.9627011570405284 0.0005057765554991544 Penicillium-solitum
10 12 0.5528241929340415 0.19806878423392402 Penicillium-chrysogenum
10 12 0.5504705622927251 0.20038727857649966 Penicillium-verrucosum
10 12 -0.27724306089957323 0.5472154893954924 Penicillium-commune
10 12 0.4089957269865951 0.36225272254635343 Penicillium-brevicompactum
10 12 0.5504121185166662 0.2004450149742451 Penicillium-polonicum
12 12 0.4348635604399452 0.32952901510401733 Penicillium-cvjetkovicii
12 12 0.48745878452267666 0.267171115680508 Penicillium-mb
12 12 0.4874587850271297 0.26717111511043534 Penicillium-solitum
12 12 0.28464371100802655 0.53610954979689 Penicillium-chrysogenum
12 12 -0.9698162028795477 0.00029910909683603917 Penicillium-verrucosum
12 12 -0.17723001428241697 0.7038279494332735 Penicillium-commune
12 12 -0.048416690498940124 0.917901578939848 Penicillium-brevicompactum
12 12 0.14731614427921283 0.7526132393097059 Penicillium-polonicum
12 12 -0.32990372606190954 0.4699114010429408 Penicillium-cvjetkovicii
12 12 -0.34883002763500914 0.4431699269484829 Penicillium-mb
12 12 -0.33637226996806097 0.4607064863489524 Penicillium-solitum
12 12 0.1644763553994659 0.7245377371771335 Penicillium-chrysogenum
12 12 0.1810152174340932 0.6977087703799252 Penicillium-verrucosum
12 12 -0.1496442741945121 0.7487908654235681 Penicillium-commune
12 12 -0.08350043273042844 0.8587389253152882 Penicillium-brevicompactum
12 12 -0.6119797609341951 0.14414038230915913 Penicillium-polonicum
12 12 -0.34799035044936627 0.4443438932647519 Penicillium-cvjetkovicii
12 12 -0.32916512531592185 0.4709666931108814 Penicillium-mb
12 12 -0.27817431212285115 0.5458138637871551 Penicillium-solitum
12 12 -0.33752712506251187 0.45907016500314846 Penicillium-chrysogenum
12 12 -0.18866182534995715 0.6853871243643913 Penicillium-verrucosum
12 12 -0.044579193856009336 0.9243951871847756 Penicillium-commune
12 12 0.3829283479232815 0.39651509035986077 Penicillium-brevicompactum
12 12 0.32146888027693576 0.48201393527704123 Penicillium-polonicum
12 12 0.24323810495906026 0.5991725499603131 Penicillium-cvjetkovicii
12 12 0.31384293438500205 0.49305084859344706 Penicillium-mb
12 12 0.3209766569297432 0.4827236209285187 Penicillium-solitum
12 12 0.31384293443923805 0.4930508485146359 Penicillium-chrysogenum
12 12 0.2374595528286536 0.6081448371000113 Penicillium-verrucosum
12 12 0.6717312010961349 0.09841170767063885 Penicillium-commune
12 12 -0.4197363571756627 0.34850740639379496 Penicillium-brevicompactum
12 12 -0.10134061412118935 0.8288408921087035 Penicillium-polonicum
12 8 -0.13122283178426866 0.7791422309054443 Penicillium-cvjetkovicii
12 8 -0.1312235759582679 0.7791410000469585 Penicillium-mb
12 8 -0.15245988672415203 0.7441735946058932 Penicillium-solitum
12 8 -0.1524598781149668 0.7441736087146915 Penicillium-chrysogenum
12 8 -0.2544833547946028 0.581828007618908 Penicillium-verrucosum
12 8 0.3260197335663804 0.47547038956493437 Penicillium-commune
12 8 -0.08250929565166557 0.8604041724084289 Penicillium-brevicompactum
12 8 -0.2310525797092924 0.6181386862392783 Penicillium-polonicum
12 12 -0.5428655048006347 0.207967274431443 Penicillium-cvjetkovicii
12 12 0.37684836357232887 0.40468505395733667 Penicillium-mb
12 12 -0.6017242726527832 0.15288215139294997 Penicillium-solitum
12 12 0.37684836358773227 0.40468505393655513 Penicillium-chrysogenum
12 12 0.3678706279352467 0.4168687677203901 Penicillium-verrucosum
12 12 0.4018410898430039 0.3715308309428261 Penicillium-commune
12 12 0.16965709564957468 0.7161083099435428 Penicillium-brevicompactum
12 12 -0.19922458790150935 0.6684576181306063 Penicillium-polonicum
12 10 -0.9627010854032502 0.0005057789643663277 Penicillium-cvjetkovicii
12 10 0.5490596100189846 0.20178338541618224 Penicillium-mb
12 10 0.5490596115375465 0.201783383911093 Penicillium-solitum
12 10 0.5822048477874306 0.17023010013871773 Penicillium-chrysogenum
12 10 0.5479443181110856 0.20289023546948096 Penicillium-verrucosum
12 10 -0.27724332817876285 0.5472150869447975 Penicillium-commune
12 10 0.9094352994010824 0.004512825220263962 Penicillium-brevicompactum
12 10 0.9081099144469728 0.004676323101336858 Penicillium-polonicum
12 12 0.7625664697291982 0.04620707576678823 Penicillium-cvjetkovicii
12 12 0.733171471771958 0.060807105228870145 Penicillium-mb
12 12 0.7344275550490982 0.06013848593829505 Penicillium-solitum
12 12 0.7371642310014341 0.05869560757016015 Penicillium-chrysogenum
12 12 0.7202522201493771 0.06791677639351262 Penicillium-verrucosum
12 12 0.6608730963791712 0.10605466276336437 Penicillium-commune
12 12 -0.43358084608360187 0.33112075550188513 Penicillium-brevicompactum
12 12 -0.1968907756148316 0.6721887944433799 Penicillium-polonicum
10 10 -0.3158711356663652 0.49010677072139097 Penicillium-cvjetkovicii
10 10 -0.2753586877928942 0.5500552532908467 Penicillium-mb
10 10 -0.40248717425377384 0.37068903015637766 Penicillium-solitum
10 10 -0.24323831255533868 0.5991722283435055 Penicillium-chrysogenum
10 10 -0.25448335487317625 0.5818280074982634 Penicillium-verrucosum
10 10 0.15581867382319162 0.738673548385341 Penicillium-commune
10 10 0.07709109187697032 0.869514644958669 Penicillium-brevicompactum
10 10 0.024499616265992303 0.9584206408885392 Penicillium-polonicum
12 12 0.5385885986952662 0.21228915347427907 Penicillium-cvjetkovicii
12 12 -0.9627011825953987 0.0005057756961955659 Penicillium-mb
12 12 0.5735250502448758 0.1782401875096846 Penicillium-solitum
12 12 0.5495293559236454 0.20131806498598795 Penicillium-chrysogenum
12 12 0.5563123135789986 0.1946566487705443 Penicillium-verrucosum
12 12 -0.2772429620638318 0.547215638215606 Penicillium-commune
12 12 0.13736277507403638 0.7689994866287473 Penicillium-brevicompactum
12 12 0.5402838075425372 0.21057105055987924 Penicillium-polonicum
12 12 0.44409366874750084 0.31817243944911566 Penicillium-cvjetkovicii
12 12 0.5049280020185059 0.2477629319593657 Penicillium-mb
12 12 0.5049280028485007 0.24776293105321512 Penicillium-solitum
12 12 -0.14013876822954482 0.7644222525453619 Penicillium-chrysogenum
12 12 0.4416482118713667 0.32116459044759504 Penicillium-verrucosum
12 12 0.29715907620384224 0.5175022436257346 Penicillium-commune
12 12 -0.19291572890969413 0.6785561845422776 Penicillium-brevicompactum
12 12 -0.08232979832122295 0.8607057968404124 Penicillium-polonicum
12 12 -0.19112916319267925 0.681422957322108 Penicillium-cvjetkovicii
12 12 -0.17360322411408607 0.7097029806458663 Penicillium-mb
12 12 -0.1729801751662334 0.7107134157961082 Penicillium-solitum
12 12 -0.02176815814927207 0.9630539819083608 Penicillium-chrysogenum
12 12 -0.17962640700990506 0.6999524336479398 Penicillium-verrucosum
12 12 -0.23509744860637372 0.6118237932310077 Penicillium-commune
12 12 -0.13792536046181547 0.7680714251885028 Penicillium-brevicompactum
12 12 -0.5636652938379708 0.18755780291525528 Penicillium-polonicum
10 12 0.3067546825923567 0.5033887474445513 Penicillium-cvjetkovicii
10 12 0.2854371201088804 0.5349233894049639 Penicillium-mb
10 12 -0.7637362465352752 0.04567116476397616 Penicillium-solitum
10 12 0.33324074954799476 0.46515436611565464 Penicillium-chrysogenum
10 12 -0.2544833547552988 0.581828007679257 Penicillium-verrucosum
10 12 0.36165238978967057 0.4253900413730376 Penicillium-commune
10 12 -0.45758655427270517 0.3018824053162874 Penicillium-brevicompactum
10 12 -0.16912701866217414 0.7169697441628389 Penicillium-polonicum
12 10 -0.5185967980100532 0.2330485375172062 Penicillium-cvjetkovicii
12 10 0.3782525453255088 0.4027923199763108 Penicillium-mb
12 10 0.37645179761865477 0.40522023100728455 Penicillium-solitum
12 10 -0.6120042011949922 0.14411985840119365 Penicillium-chrysogenum
12 10 0.36623002043919256 0.4191105009535414 Penicillium-verrucosum
12 10 0.5080948310717176 0.24431667781023694 Penicillium-commune
12 10 0.2570956717995144 0.5778212477040345 Penicillium-brevicompactum
12 10 0.14061682235642642 0.7636345532067447 Penicillium-polonicum
12 8 0.37963429253567504 0.4009332584082695 Penicillium-cvjetkovicii
12 8 0.3796342937464833 0.4009332567806913 Penicillium-mb
12 8 -0.20969798439407417 0.6517808571921087 Penicillium-solitum
12 8 0.3796828585492045 0.4008679776901596 Penicillium-chrysogenum
12 8 -0.19017941831633767 0.6829481875039676 Penicillium-verrucosum
12 8 0.5881216387332613 0.16487385394865656 Penicillium-commune
12 8 0.5008865076588176 0.2521933474390245 Penicillium-brevicompactum
12 8 0.4377592336119568 0.3259478053503801 Penicillium-polonicum
12 10 -0.1559091567594421 0.7385255031968179 Penicillium-cvjetkovicii
12 10 -0.15590948573457541 0.7385249649502958 Penicillium-mb
12 10 -0.15752392906257887 0.735884549440353 Penicillium-solitum
12 10 -0.3489142576271864 0.4430522283726169 Penicillium-chrysogenum
12 10 0.0037437553747316195 0.993644448020423 Penicillium-verrucosum
12 10 -0.4085359233202844 0.3628460832482533 Penicillium-commune
12 10 0.13258143211801426 0.7768957288341207 Penicillium-brevicompactum
12 10 -0.7041652488122568 0.07736337493427263 Penicillium-polonicum
12 12 -0.5838259323857544 0.16875418232286904 Penicillium-cvjetkovicii
12 12 -0.5701704632239969 0.1813843175934713 Penicillium-mb
12 12 0.3083614367261545 0.5010387647584293 Penicillium-solitum
12 12 0.11891716541745487 0.7995443393573876 Penicillium-chrysogenum
12 12 0.3046709363407978 0.506442076986642 Penicillium-verrucosum
12 12 -0.11064906965871563 0.8133040958819834 Penicillium-commune
12 12 -0.5016441727803785 0.251360018169134 Penicillium-brevicompactum
12 12 -0.08722064910794504 0.8524922023290578 Penicillium-polonicum
12 12 0.005978289327681219 0.9898511221865982 Penicillium-cvjetkovicii
12 12 -0.3745904579417588 0.407735890344062 Penicillium-mb
12 12 -0.13803720304888117 0.7678869517761618 Penicillium-solitum
12 12 0.04164940641230873 0.9293550817889453 Penicillium-chrysogenum
12 12 0.03310960287997382 0.9438221965619009 Penicillium-verrucosum
12 12 -0.2880089565098753 0.5310844898527368 Penicillium-commune
12 12 -0.45163225986977606 0.309025039653095 Penicillium-brevicompactum
12 12 -0.08305393216881045 0.859489056652908 Penicillium-polonicum
10 12 0.5228240325436461 0.22858302684885096 Penicillium-cvjetkovicii
10 12 0.49684074117485744 0.2566645664986635 Penicillium-mb
10 12 -0.8836653356430647 0.00831973208697603 Penicillium-solitum
10 12 0.49684074109863774 0.25666456658323755 Penicillium-chrysogenum
10 12 0.4825387908598179 0.2727572803607934 Penicillium-verrucosum
10 12 0.14814979557035127 0.7512440671399536 Penicillium-commune
10 12 -0.44268655229418663 0.31989264664870226 Penicillium-brevicompactum
10 12 -0.10064745507165355 0.829999677565017 Penicillium-polonicum
12 12 0.3335815540637121 0.4646695384658272 Penicillium-cvjetkovicii
12 12 0.3330154057314776 0.4654750417479951 Penicillium-mb
12 12 0.33427301157947314 0.46368644449728585 Penicillium-solitum
12 12 -0.423049961588574 0.34431179144474106 Penicillium-chrysogenum
12 12 -0.4327654777780959 0.33213426133983404 Penicillium-verrucosum
12 12 -0.35203834310350046 0.43869516178177087 Penicillium-commune
12 12 0.3490360290210204 0.4428820922980361 Penicillium-brevicompactum
12 12 0.43455100378895517 0.32991656947142806 Penicillium-polonicum
12 12 -0.24403068529451322 0.5979450291640167 Penicillium-cvjetkovicii
12 12 -0.3969440797461942 0.37793663996621085 Penicillium-mb
12 12 -0.278174312043291 0.5458138639068505 Penicillium-solitum
12 12 -0.3224186419938076 0.48064563469812743 Penicillium-chrysogenum
12 12 -0.30745650158447757 0.5023618181594431 Penicillium-verrucosum
12 12 0.15226766198588493 0.744488628144196 Penicillium-commune
12 12 -0.09831758431197536 0.8338964146648479 Penicillium-brevicompactum
12 12 0.08096753244195172 0.8629953632970391 Penicillium-polonicum
12 12 -0.1280620333688213 0.784373453167633 Penicillium-cvjetkovicii
12 12 -0.2742339002260124 0.5517525997733652 Penicillium-mb
12 12 -0.12491968824311103 0.7895805408432105 Penicillium-solitum
12 12 -0.4039961324782275 0.3687260206294365 Penicillium-chrysogenum
12 12 -0.11753748438594577 0.8018376218248697 Penicillium-verrucosum
12 12 0.23490551415753855 0.6121230154864543 Penicillium-commune
12 12 0.11799285623767915 0.8010805846892906 Penicillium-brevicompactum
12 12 0.054369099250623616 0.9078365090498023 Penicillium-polonicum
12 12 -0.3341310454200477 0.4638882252715661 Penicillium-cvjetkovicii
12 12 -0.4547870005541641 0.30523157794949224 Penicillium-mb
12 12 0.18076617956862293 0.6981109699262491 Penicillium-solitum
12 12 -0.4328892112671442 0.3319803750842942 Penicillium-chrysogenum
12 12 0.19981789532077893 0.6675099304222916 Penicillium-verrucosum
12 12 -0.5697958854881646 0.18173706309179616 Penicillium-commune
12 12 0.5991720352936366 0.15509775366925468 Penicillium-brevicompactum
12 12 0.5114352958358119 0.2407056929854075 Penicillium-polonicum
10 12 -0.018270366984822574 0.9689884382097298 Penicillium-cvjetkovicii
10 12 -0.07925047872955758 0.8658823082797795 Penicillium-mb
10 12 -0.4974479658314045 0.25599118877213584 Penicillium-solitum
10 12 0.0059779031335397735 0.98985177777499 Penicillium-chrysogenum
10 12 -0.027964381736867393 0.9525447513441732 Penicillium-verrucosum
10 12 -0.1397525197741621 0.7650587998266616 Penicillium-commune
10 12 -0.6622777823927156 0.10504911899744629 Penicillium-brevicompactum
10 12 -0.08305381911605351 0.8594892465948321 Penicillium-polonicum
8 12 0.556419717166416 0.19455203894862713 Penicillium-cvjetkovicii
8 12 0.5487936653260465 0.20204705329465047 Penicillium-mb
8 12 -0.962701157128548 0.0005057765525394215 Penicillium-solitum
8 12 0.5570725262700297 0.19391679498940473 Penicillium-chrysogenum
8 12 0.5570369093280906 0.1939514276946132 Penicillium-verrucosum
8 12 -0.27724306055929915 0.5472154899078538 Penicillium-commune
8 12 0.43708405894805286 0.32678132485428074 Penicillium-brevicompactum
8 12 0.5090425872099646 0.24328963801925574 Penicillium-polonicum
10 10 0.24508419964532285 0.596314555302487 Penicillium-cvjetkovicii
10 10 -0.44563391613652165 0.3162940791137552 Penicillium-mb
10 10 -0.5529945336907418 0.19790149039353114 Penicillium-solitum
10 10 0.24508419964527592 0.5963145553025595 Penicillium-chrysogenum
10 10 -0.36787080868543076 0.4168685210005669 Penicillium-verrucosum
10 10 0.30922177023173747 0.4997820552234904 Penicillium-commune
10 10 0.35390027178600864 0.43610616832129734 Penicillium-brevicompactum
10 10 0.25724807429379853 0.5775877592431146 Penicillium-polonicum
12 12 0.25112689523583964 0.5869886738763348 Penicillium-cvjetkovicii
12 12 -0.0704997260732975 0.8806131534731108 Penicillium-mb
12 12 0.35082699755087315 0.44038265116416847 Penicillium-solitum
12 12 0.22869599281908976 0.6218264707069574 Penicillium-chrysogenum
12 12 -0.9724696173883157 0.0002379846967093026 Penicillium-verrucosum
12 12 -0.1579765264384679 0.7351446979691599 Penicillium-commune
12 12 -0.16723447467806699 0.7200472803007495 Penicillium-brevicompactum
12 12 -0.14746998311741744 0.7523605385964012 Penicillium-polonicum
12 12 -0.17941537437182614 0.7002935151981069 Penicillium-cvjetkovicii
12 12 -0.18068273871533003 0.6982457406049428 Penicillium-mb
12 12 -0.2432383366569709 0.5991721910042556 Penicillium-solitum
12 12 -0.23852053494101966 0.6064944966176535 Penicillium-chrysogenum
12 12 -0.25448335487756374 0.5818280074915266 Penicillium-verrucosum
12 12 0.19675776548333976 0.6724016059092726 Penicillium-commune
12 12 -0.06841594003678093 0.8841251277651174 Penicillium-brevicompactum
12 12 -0.06544273159997419 0.8891387201220724 Penicillium-polonicum
10 10 0.24508418433984372 0.596314578980303 Penicillium-cvjetkovicii
10 10 0.24508418433975 0.596314578980448 Penicillium-mb
10 10 -0.633972102179305 0.1262703078455504 Penicillium-solitum
10 10 -0.345350501960833 0.4480423278885501 Penicillium-chrysogenum
10 10 -0.3678708412128222 0.41686847660143556 Penicillium-verrucosum
10 10 0.3581453295444369 0.43022535050198196 Penicillium-commune
10 10 0.15858035349469976 0.734157887972551 Penicillium-brevicompactum
10 10 0.16904122300279595 0.7171091941252907 Penicillium-polonicum
12 12 -0.3221650481718737 0.4810108446197816 Penicillium-cvjetkovicii
12 12 0.2450841482874707 0.5963146347538902 Penicillium-mb
12 12 0.24508414828747024 0.596314634753891 Penicillium-solitum
12 12 -0.32216512285288473 0.48101073705416403 Penicillium-chrysogenum
12 12 -0.31709619004462525 0.4883315567728964 Penicillium-verrucosum
12 12 0.42950341053553803 0.33620221808214146 Penicillium-commune
12 12 0.23684893449361843 0.6090952439362138 Penicillium-brevicompactum
12 12 0.15497012147647776 0.7400622334920314 Penicillium-polonicum
10 12 -0.475737967941495 0.2805646506876977 Penicillium-cvjetkovicii
10 12 -0.2742339000916919 0.5517525999761614 Penicillium-mb
10 12 -0.7858959102622282 0.036165518912884824 Penicillium-solitum
10 12 -0.04236129905996458 0.92814973258897 Penicillium-chrysogenum
10 12 -0.012936142971770698 0.9780407590949654 Penicillium-verrucosum
10 12 -0.15708404242260204 0.7366037784560409 Penicillium-commune
10 12 0.35619823808267914 0.43291892899686296 Penicillium-brevicompactum
10 12 0.22987770984794087 0.6199764300166724 Penicillium-polonicum
12 10 0.2450842268487086 0.5963145132184235 Penicillium-cvjetkovicii
12 10 0.24508422684870493 0.5963145132184291 Penicillium-mb
12 10 -0.37968288001988815 0.40086794883095866 Penicillium-solitum
12 10 -0.37053496872902486 0.4132381998664342 Penicillium-chrysogenum
12 10 -0.35892624577874743 0.4291468544809351 Penicillium-verrucosum
12 10 0.45655359649363736 0.3031162704701949 Penicillium-commune
12 10 0.21750580835213135 0.6394227026446232 Penicillium-brevicompactum
12 10 0.10591984916194565 0.8211918537937656 Penicillium-polonicum
8 12 -0.23434809265067572 0.6129922680593959 Penicillium-cvjetkovicii
8 12 -0.20772550346741905 0.6549130439546027 Penicillium-mb
8 12 -0.22240172322019688 0.6317069732150227 Penicillium-solitum
8 12 -0.20957303840075434 0.6519791441312712 Penicillium-chrysogenum
8 12 -0.2153003727826987 0.642906864409218 Penicillium-verrucosum
8 12 0.35503985049934683 0.4345244767036692 Penicillium-commune
8 12 0.07728871223735335 0.8691821481680816 Penicillium-brevicompactum
8 12 0.06059034807798653 0.897327338207153 Penicillium-polonicum
12 12 0.46579886918260194 0.29215178405132586 Penicillium-cvjetkovicii
12 12 0.5213243815419486 0.23016257691504075 Penicillium-mb
12 12 0.5213243819922488 0.23016257643998372 Penicillium-solitum
12 12 -0.9627011754630186 0.0005057759360276432 Penicillium-chrysogenum
12 12 0.5672796496347652 0.1841153080559428 Penicillium-verrucosum
12 12 -0.27724298964684324 0.5472155966829888 Penicillium-commune
12 12 0.4491680832781501 0.3120023357017523 Penicillium-brevicompactum
12 12 0.261853863312035 0.5705454008522912 Penicillium-polonicum
12 12 -0.19447248020540794 0.6760606861980851 Penicillium-cvjetkovicii
12 12 -0.18481479676088938 0.691579415714376 Penicillium-mb
12 12 -0.16677611617713606 0.7207930877814226 Penicillium-solitum
12 12 0.005977835547008949 0.9898518925072981 Penicillium-chrysogenum
12 12 -0.1689716578942514 0.717222267971428 Penicillium-verrucosum
12 12 -0.10496900781911885 0.8227792057188766 Penicillium-commune
12 12 -0.4719892773675425 0.28491036523283664 Penicillium-brevicompactum
12 12 -0.08305381971340853 0.8594892455912053 Penicillium-polonicum
8 12 -0.2885183752283119 0.5303251965257731 Penicillium-cvjetkovicii
8 12 -0.2900150865475169 0.5280964488190691 Penicillium-mb
8 12 -0.5934559624069441 0.1601175765861932 Penicillium-solitum
8 12 0.24323802911120238 0.5991726674669893 Penicillium-chrysogenum
8 12 0.2374594805674395 0.6081449495462589 Penicillium-verrucosum
8 12 0.24359860128787172 0.5986141320905203 Penicillium-commune
8 12 0.15614265980618613 0.7381434829091443 Penicillium-brevicompactum
8 12 0.10447854451373703 0.823598182314615 Penicillium-polonicum
12 12 -0.522576381484695 0.22884352072669367 Penicillium-cvjetkovicii
12 12 0.3782524035864002 0.4027925108529684 Penicillium-mb
12 12 -0.5204761817608291 0.2310582240921892 Penicillium-solitum
12 12 0.3747911915222311 0.40746429730354894 Penicillium-chrysogenum
12 12 0.3646590812944084 0.4212614174770189 Penicillium-verrucosum
12 12 0.5148334081821425 0.23705801932287057 Penicillium-commune
12 12 0.15646967114578697 0.7376085513293923 Penicillium-brevicompactum
12 12 0.06268785699914022 0.8937867726086726 Penicillium-polonicum
10 12 0.24508421704956712 0.5963145283778486 Penicillium-cvjetkovicii
10 12 -0.3132198865996436 0.4939565017186891 Penicillium-mb
10 12 0.24508421704955455 0.596314528377868 Penicillium-solitum
10 12 -0.5232352789719154 0.22815076133151177 Penicillium-chrysogenum
10 12 -0.29679706039076337 0.5180373358601491 Penicillium-verrucosum
10 12 0.4017190075402137 0.3716899831692519 Penicillium-commune
10 12 0.14975182207109583 0.7486143892210738 Penicillium-brevicompactum
10 12 0.11804694560304257 0.8009906715376369 Penicillium-polonicum
12 10 0.48792024048791205 0.26664986404450125 Penicillium-cvjetkovicii
12 10 0.4879202241763673 0.2666498824615419 Penicillium-mb
12 10 0.48151186805694374 0.27392983428486883 Penicillium-solitum
12 10 0.5045098159411567 0.24821968253775534 Penicillium-chrysogenum
12 10 -0.731440688510006 0.061734973452722344 Penicillium-verrucosum
12 10 0.34709670684839 0.4455945976750153 Penicillium-commune
12 10 -0.3847662500434426 0.3940584824454629 Penicillium-brevicompactum
12 10 -0.414993745470187 0.3545494330212837 Penicillium-polonicum
12 12 0.0046452920467907255 0.9921139923779326 Penicillium-cvjetkovicii
12 12 0.048841562673168776 0.9171828505728359 Penicillium-mb
12 12 -0.0217700196303011 0.9630508240061101 Penicillium-solitum
12 12 0.048841562121725225 0.9171828515056477 Penicillium-chrysogenum
12 12 -0.34252384031699357 0.45201523903713026 Penicillium-verrucosum
12 12 0.07502457881523006 0.8729924671924837 Penicillium-commune
12 12 -0.1379242832983924 0.7680732019065764 Penicillium-brevicompactum
12 12 -0.7296083657772476 0.0627255690283912 Penicillium-polonicum
10 10 0.15461369595224922 0.7406457037360707 Penicillium-cvjetkovicii
10 10 -0.6474605447390511 0.11590667417137303 Penicillium-mb
10 10 0.0510696815998604 0.9134144313807132 Penicillium-solitum
10 10 0.05106968266457021 0.9134144295802723 Penicillium-chrysogenum
10 10 0.1810152368303385 0.6977087390569137 Penicillium-verrucosum
10 10 0.14588087236917982 0.7549717078299533 Penicillium-commune
10 10 -0.0892879023747955 0.8490236481196337 Penicillium-brevicompactum
10 10 -0.6108376265739844 0.1451011406877914 Penicillium-polonicum
12 12 0.312032897447002 0.49568351830141555 Penicillium-cvjetkovicii
12 12 0.06777854325870221 0.8851996880447213 Penicillium-mb
12 12 0.3120330599773095 0.4956832816812414 Penicillium-solitum
12 12 -0.0643661151894787 0.8909549036734087 Penicillium-chrysogenum
12 12 -0.05771162882105476 0.9021887726276177 Penicillium-verrucosum
12 12 0.12081472771181323 0.7963921158977233 Penicillium-commune
12 12 -0.1935234855996529 0.6775816613985588 Penicillium-brevicompactum
12 12 -0.1880172368154681 0.6864237067333634 Penicillium-polonicum
12 12 -0.27801594249460576 0.5460521426285095 Penicillium-cvjetkovicii
12 12 -0.16213592411371439 0.7283530957209599 Penicillium-mb
12 12 -0.010172786438497936 0.9827310349453096 Penicillium-solitum
12 12 -0.30063619307158906 0.512372424760263 Penicillium-chrysogenum
12 12 -0.25386471958381995 0.5827781231667089 Penicillium-verrucosum
12 12 -0.6812434536825273 0.09196158204664474 Penicillium-commune
12 12 0.6285368790868557 0.1305749595773349 Penicillium-brevicompactum
12 12 0.5371904599668548 0.21371117266098874 Penicillium-polonicum
10 12 -0.31078349067720384 0.4975036476031409 Penicillium-cvjetkovicii
10 12 0.002245718060369005 0.9961875602258426 Penicillium-mb
10 12 -0.16213701458148788 0.7283513170020708 Penicillium-solitum
10 12 -0.2727645587381474 0.5539724497713403 Penicillium-chrysogenum
10 12 -0.23235299428583808 0.6161064070708648 Penicillium-verrucosum
10 12 -0.6920819029736359 0.08489230100485479 Penicillium-commune
10 12 0.6285364295466129 0.13057531865441666 Penicillium-brevicompactum
10 12 0.06816304323868991 0.8845514589565125 Penicillium-polonicum
12 12 0.519901807019496 0.23166565356045057 Penicillium-cvjetkovicii
12 12 0.4238621161944093 0.3432867244201393 Penicillium-mb
12 12 0.4241679837311211 0.34290100561870285 Penicillium-solitum
12 12 0.42386211626351195 0.3432867243329757 Penicillium-chrysogenum
12 12 -0.6565857230843173 0.10915458896538936 Penicillium-verrucosum
12 12 0.806867770124296 0.02828859818230402 Penicillium-commune
12 12 0.38293197272380425 0.39651023932026463 Penicillium-brevicompactum
12 12 0.1607375723765283 0.730634815251717 Penicillium-polonicum
10 12 0.5653100382104339 0.18598741822161374 Penicillium-cvjetkovicii
10 12 0.5546049258487854 0.19632326984044393 Penicillium-mb
10 12 -0.9627011635147752 0.000505776337797185 Penicillium-solitum
10 12 0.5648823887074085 0.1863951158298203 Penicillium-chrysogenum
10 12 0.5729945916324498 0.17873557647487306 Penicillium-verrucosum
10 12 -0.27724303587080035 0.5472155270821092 Penicillium-commune
10 12 0.4407772362628154 0.32223319422092916 Penicillium-brevicompactum
10 12 0.4500350488653131 0.3109534227819518 Penicillium-polonicum
12 12 -0.30902756908555645 0.500065632665269 Penicillium-cvjetkovicii
12 12 -0.07182363930173626 0.8783826597291601 Penicillium-mb
12 12 -0.27817431212234317 0.5458138637879193 Penicillium-solitum
12 12 -0.5359459513558056 0.2149807325523475 Penicillium-chrysogenum
12 12 -0.06260585002149471 0.8939251732059881 Penicillium-verrucosum
12 12 0.27384280224674756 0.552343179709553 Penicillium-commune
12 12 0.06648543769559905 0.8873801085319253 Penicillium-brevicompactum
12 12 -0.16091912124762556 0.7303384886632304 Penicillium-polonicum
8 12 -0.7133663745217615 0.07187962982289511 Penicillium-cvjetkovicii
8 12 0.3013847607521242 0.5112703600701332 Penicillium-mb
8 12 0.3495229719470133 0.44220199426367696 Penicillium-solitum
8 12 -0.5228251466828354 0.22858185524656405 Penicillium-chrysogenum
8 12 0.31929248868973303 0.4851546822795915 Penicillium-verrucosum
8 12 0.242427489028849 0.600428784421856 Penicillium-commune
8 12 -0.4831808397581592 0.27202533356547925 Penicillium-brevicompactum
8 12 -0.048520677253005046 0.9177256672499678 Penicillium-polonicum
10 12 -0.23434809265067566 0.6129922680593959 Penicillium-cvjetkovicii
10 12 -0.23189472847607945 0.6168223602326295 Penicillium-mb
10 12 -0.20803522741069408 0.6544209526622984 Penicillium-solitum
10 12 -0.2134317200527371 0.645863052454908 Penicillium-chrysogenum
10 12 -0.22655107070149694 0.6251884999868214 Penicillium-verrucosum
10 12 0.24111720625801863 0.6024610300508197 Penicillium-commune
10 12 0.15291256776476708 0.7434318161690814 Penicillium-brevicompactum
10 12 0.13239779322258174 0.7771993114449862 Penicillium-polonicum
10 12 -0.32107811701244154 0.4825773054796122 Penicillium-cvjetkovicii
10 12 0.1794259389349558 0.7002764392682225 Penicillium-mb
10 12 -0.32107822546541154 0.48257714908825877 Penicillium-solitum
10 12 0.1944721141767224 0.6760612726721633 Penicillium-chrysogenum
10 12 -0.37233166592955935 0.4107969476218568 Penicillium-verrucosum
10 12 -0.053824965999177896 0.9087562062685922 Penicillium-commune
10 12 -0.47478267947992314 0.28166924344264194 Penicillium-brevicompactum
10 12 -0.12813290333990157 0.7842560896938701 Penicillium-polonicum
10 12 -0.23434809170218066 0.612992269538802 Penicillium-cvjetkovicii
10 12 0.4872178590097253 0.2674434438574582 Penicillium-mb
10 12 0.4872178586396924 0.26744344427581834 Penicillium-solitum
10 12 0.4860756869457213 0.2687361995483809 Penicillium-chrysogenum
10 12 0.4550550759600619 0.30491017186828384 Penicillium-verrucosum
10 12 0.6773770680603687 0.09455562889792887 Penicillium-commune
10 12 -0.4019227233818017 0.37142442520816243 Penicillium-brevicompactum
10 12 -0.094732827194805 0.8398972247650774 Penicillium-polonicum
12 12 -0.4417899285480573 0.3209908623884059 Penicillium-cvjetkovicii
12 12 0.3495232890831376 0.4422015514583307 Penicillium-mb
12 12 0.34809257688224793 0.4442009061504868 Penicillium-solitum
12 12 -0.4501165496939951 0.31085489670635863 Penicillium-chrysogenum
12 12 0.35132032492029774 0.43969511476256934 Penicillium-verrucosum
12 12 0.07522671921503826 0.872652204048123 Penicillium-commune
12 12 -0.47586708918434767 0.2804154979223216 Penicillium-brevicompactum
12 12 -0.06174327318840737 0.8953810461056746 Penicillium-polonicum
12 12 -0.3670980167496961 0.4179238839195329 Penicillium-cvjetkovicii
12 12 -0.021768241661166605 0.963053840234924 Penicillium-mb
12 12 -0.20559979775105275 0.6582930494602377 Penicillium-solitum
12 12 -0.1729801918359207 0.710713388757384 Penicillium-chrysogenum
12 12 -0.21281369382705764 0.646841580678384 Penicillium-verrucosum
12 12 -0.17236549120316935 0.7117106150428034 Penicillium-commune
12 12 -0.13792531224421342 0.7680715047206004 Penicillium-brevicompactum
12 12 -0.6607160289779127 0.10616740924345214 Penicillium-polonicum
12 12 -0.007097450768797664 0.9879512968273516 Penicillium-cvjetkovicii
12 12 -0.27423390017286886 0.551752599853601 Penicillium-mb
12 12 -0.3638533254202227 0.42236630839497624 Penicillium-solitum
12 12 -0.00709769508956897 0.9879508820868692 Penicillium-chrysogenum
12 12 -0.35268320667868475 0.43779782546458873 Penicillium-verrucosum
12 12 0.5645381149191195 0.18672364305007225 Penicillium-commune
12 12 0.23885640230698413 0.6059723368440647 Penicillium-brevicompactum
12 12 -0.015932230022809506 0.9729560389353028 Penicillium-polonicum
12 12 0.49401749455954236 0.25980601041177437 Penicillium-cvjetkovicii
12 12 0.5185967334685764 0.23304860600528207 Penicillium-mb
12 12 -0.7444023007360331 0.054970965132621924 Penicillium-solitum
12 12 0.504775179932592 0.2479298020749938 Penicillium-chrysogenum
12 12 0.4801842769405174 0.2754490539335448 Penicillium-verrucosum
12 12 0.6613273405721026 0.10572894689209156 Penicillium-commune
12 12 0.26718505597156145 0.562428004466544 Penicillium-brevicompactum
12 12 -0.12156764716457007 0.7951419764463703 Penicillium-polonicum
12 12 -0.08092612978221554 0.863064960943058 Penicillium-cvjetkovicii
12 12 -0.27423390017683147 0.5517525998476183 Penicillium-mb
12 12 -0.03480375988742003 0.9409510803358597 Penicillium-solitum
12 12 -0.03128171961920624 0.9469204826755542 Penicillium-chrysogenum
12 12 -0.2374608257450461 0.6081428563057371 Penicillium-verrucosum
12 12 0.29948710388131605 0.5140657412174903 Penicillium-commune
12 12 0.3052219616319628 0.5056340296442235 Penicillium-brevicompactum
12 12 0.24861190471248187 0.5908647039907864 Penicillium-polonicum
12 12 0.5241292143642775 0.22721246133565262 Penicillium-cvjetkovicii
12 12 0.43042572824297665 0.33504990617720143 Penicillium-mb
12 12 0.3647683622244901 0.42111165266453954 Penicillium-solitum
12 12 0.5093789551559998 0.24292561333693716 Penicillium-chrysogenum
12 12 -0.6576237748380444 0.10839978358812218 Penicillium-verrucosum
12 12 0.37462350932792604 0.4076911668327374 Penicillium-commune
12 12 -0.2617039208318086 0.5707742388396486 Penicillium-brevicompactum
12 12 -0.20056203677754778 0.6663218123959024 Penicillium-polonicum
10 12 0.2679621713826578 0.5612478466093683 Penicillium-cvjetkovicii
10 12 0.1323743400698068 0.7772380846445204 Penicillium-mb
10 12 -0.5144039979845352 0.2375175354204453 Penicillium-solitum
10 12 0.2679621373428195 0.5612478982862241 Penicillium-chrysogenum
10 12 -0.5243293013708107 0.22700269307471208 Penicillium-verrucosum
10 12 -0.3520383209761079 0.43869519258431383 Penicillium-commune
10 12 -0.018343066549586194 0.9688650816332987 Penicillium-brevicompactum
10 12 0.10032241364750666 0.8305431485667787 Penicillium-polonicum
12 10 -0.08400551660592206 0.8578904745106981 Penicillium-cvjetkovicii
12 10 0.021767751092170644 0.9630546724588482 Penicillium-mb
12 10 0.08477420509631688 0.856599423910839 Penicillium-solitum
12 10 0.08477420698866214 0.8565994207328629 Penicillium-chrysogenum
12 10 -0.3159728893652614 0.4899592331224306 Penicillium-verrucosum
12 10 -0.6461643197451342 0.11688279486506063 Penicillium-commune
12 10 0.13258143215957743 0.7768957287654131 Penicillium-brevicompactum
12 10 -0.8019962922860955 0.030022282455879512 Penicillium-polonicum
12 12 0.27344186348801436 0.5529488327532557 Penicillium-cvjetkovicii
12 12 0.251517618959865 0.5863872027744244 Penicillium-mb
12 12 -0.29736752592444976 0.5171942219210447 Penicillium-solitum
12 12 0.2719598638866786 0.5551893894577126 Penicillium-chrysogenum
12 12 0.25356322709579826 0.5832413364561237 Penicillium-verrucosum
12 12 -0.3920414327920519 0.3843943958457683 Penicillium-commune
12 12 -0.920128217178305 0.003315864467252917 Penicillium-brevicompactum
12 12 -0.018143626751277387 0.9692034921341168 Penicillium-polonicum
12 12 -0.08212473563987911 0.8610503973525978 Penicillium-cvjetkovicii
12 12 0.24508212598037055 0.5963177632972505 Penicillium-mb
12 12 -0.5283026199558988 0.2228560055662479 Penicillium-solitum
12 12 0.24508212598034668 0.5963177632972875 Penicillium-chrysogenum
12 12 -0.6838099565280549 0.09026062139234488 Penicillium-verrucosum
12 12 0.1607161737437974 0.7306697441522388 Penicillium-commune
12 12 -0.26584641522620095 0.5644627724019782 Penicillium-brevicompactum
12 12 -0.04633260838209199 0.9214277204332592 Penicillium-polonicum
12 12 0.34497663492325786 0.4485670482527542 Penicillium-cvjetkovicii
12 12 -0.5413717793069912 0.20947189041961728 Penicillium-mb
12 12 0.3508285073428705 0.440380546388309 Penicillium-solitum
12 12 0.30366997755839803 0.5079110737148825 Penicillium-chrysogenum
12 12 -0.5426054062647122 0.208228897022898 Penicillium-verrucosum
12 12 0.09544494048403243 0.8387046630615977 Penicillium-commune
12 12 -0.37871661774399157 0.40216755693383505 Penicillium-brevicompactum
12 12 -0.17192624091858272 0.7124234091806929 Penicillium-polonicum
12 12 0.5753851295219908 0.1765084036657858 Penicillium-cvjetkovicii
12 12 -0.9627011755718106 0.0005057759323694233 Penicillium-mb
12 12 0.5753850956921949 0.17650843508686995 Penicillium-solitum
12 12 0.5606191506868141 0.19048316229692352 Penicillium-chrysogenum
12 12 0.5831380841475805 0.16937965999921722 Penicillium-verrucosum
12 12 -0.277242989221204 0.5472155973238872 Penicillium-commune
12 12 0.3120941458511316 0.49559435247633765 Penicillium-brevicompactum
12 12 0.5402837547745347 0.21057110393702688 Penicillium-polonicum
12 12 -0.15075571301204668 0.7469675177587352 Penicillium-cvjetkovicii
12 12 -0.2378558865485927 0.6075281913919239 Penicillium-mb
12 12 -0.1504054312046572 0.7475420643736697 Penicillium-solitum
12 12 -0.2747367401580125 0.550993585114998 Penicillium-chrysogenum
12 12 -0.16716745974330852 0.7201563111087245 Penicillium-verrucosum
12 12 0.26579518840515154 0.5645406850054284 Penicillium-commune
12 12 0.10705826888464583 0.8192919933780402 Penicillium-brevicompactum
12 12 0.025192952403062196 0.9572446867583135 Penicillium-polonicum
12 12 0.5017668941344127 0.25122516062047145 Penicillium-cvjetkovicii
12 12 0.5037983053014569 0.24899769911737948 Penicillium-mb
12 12 0.5017669613684992 0.25122508674657673 Penicillium-solitum
12 12 -0.718533846522142 0.06889441174163358 Penicillium-chrysogenum
12 12 0.503727757752002 0.24907490200883645 Penicillium-verrucosum
12 12 0.7108767672353149 0.0733421279077262 Penicillium-commune
12 12 0.26718504682884137 0.5624280183556987 Penicillium-brevicompactum
12 12 -0.03605457399614569 0.9388316296239299 Penicillium-polonicum
12 8 -0.3407035799753742 0.4545805769828881 Penicillium-cvjetkovicii
12 8 -0.34070399078360497 0.4545799974099242 Penicillium-mb
12 8 -0.3602165771467684 0.4273671039818278 Penicillium-solitum
12 8 -0.24323904240216856 0.5991710976347852 Penicillium-chrysogenum
12 8 -0.25448335480543827 0.5818280076022708 Penicillium-verrucosum
12 8 0.3940512173208203 0.38174174678084133 Penicillium-commune
12 8 0.047333642129374895 0.919733900980674 Penicillium-brevicompactum
12 8 -0.013893653771431688 0.9764156772338111 Penicillium-polonicum
12 12 -0.5424664208151974 0.2083687612418156 Penicillium-cvjetkovicii
12 12 -0.25749127883291817 0.5772152182912844 Penicillium-mb
12 12 -0.2781743119691464 0.5458138640183987 Penicillium-solitum
12 12 -0.10396116504171007 0.8244622415372129 Penicillium-chrysogenum
12 12 -0.26941992325438296 0.5590361910251671 Penicillium-verrucosum
12 12 -0.43589505173443815 0.328251401357854 Penicillium-commune
12 12 -0.28204180969309567 0.5400055641420387 Penicillium-brevicompactum
12 12 0.08305378186666419 0.8594893091781869 Penicillium-polonicum
12 12 -0.27201155188175574 0.555111195760707 Penicillium-cvjetkovicii
12 12 -0.2767963681168252 0.5478882241512182 Penicillium-mb
12 12 -0.27817431188861985 0.5458138641395481 Penicillium-solitum
12 12 -0.2092708535611795 0.652458773117482 Penicillium-chrysogenum
12 12 -0.2025456954854841 0.6631573575984924 Penicillium-verrucosum
12 12 0.30539072226626024 0.5053866416177147 Penicillium-commune
12 12 0.14314124839727488 0.7594777058356789 Penicillium-brevicompactum
12 12 0.08183990920296463 0.8615290670797994 Penicillium-polonicum
12 10 0.37747826877760277 0.4038355537763368 Penicillium-cvjetkovicii
12 10 -0.20139564412658484 0.6649915086726981 Penicillium-mb
12 10 0.37825286385267426 0.402791891023548 Penicillium-solitum
12 10 -0.20139564435507676 0.6649915083081572 Penicillium-chrysogenum
12 10 0.3671889729291175 0.4177996156965905 Penicillium-verrucosum
12 10 0.8030969385556374 0.02962552654864185 Penicillium-commune
12 10 0.2774371654128802 0.5469232456426494 Penicillium-brevicompactum
12 10 -0.04727488245238709 0.9198333198671622 Penicillium-polonicum
10 12 0.33870455888929457 0.457404073543722 Penicillium-cvjetkovicii
10 12 -0.11971267572765876 0.7982225750170316 Penicillium-mb
10 12 0.3796827575669842 0.40086811342251166 Penicillium-solitum
10 12 0.33870465083844165 0.45740394352169117 Penicillium-chrysogenum
10 12 -0.10688970107998298 0.8195732649060147 Penicillium-verrucosum
10 12 0.7512053496436778 0.05159108926131203 Penicillium-commune
10 12 -0.0324924357527247 0.9448682415244962 Penicillium-brevicompactum
10 12 0.08844026998107361 0.8504456220049685 Penicillium-polonicum
12 12 -0.3227687546799824 0.48014158864489587 Penicillium-cvjetkovicii
12 12 -0.23259280142772681 0.6157318503349607 Penicillium-mb
12 12 -0.3039083740724848 0.5075610713600625 Penicillium-solitum
12 12 -0.2606359755094169 0.5724049425521851 Penicillium-chrysogenum
12 12 -0.25448335471778555 0.5818280077368561 Penicillium-verrucosum
12 12 0.07926052547743433 0.8658654128414063 Penicillium-commune
12 12 0.061723587638248624 0.8954142744738607 Penicillium-brevicompactum
12 12 0.020019669102798517 0.966020364423674 Penicillium-polonicum
8 12 -0.04887431343327274 0.9171274501187052 Penicillium-cvjetkovicii
8 12 -0.12421704641142262 0.790745726092543 Penicillium-mb
8 12 -0.17601459813215017 0.7057955096834272 Penicillium-solitum
8 12 0.021767693879464874 0.9630547695171291 Penicillium-chrysogenum
8 12 -0.06367655913897782 0.8921183405661093 Penicillium-verrucosum
8 12 -0.5102967793740737 0.24193360931317287 Penicillium-commune
8 12 0.13258143207538103 0.7768957289045971 Penicillium-brevicompactum
8 12 -0.8279400685690593 0.02144871362912719 Penicillium-polonicum
12 12 0.6790360997649387 0.09343789772865857 Penicillium-cvjetkovicii
12 12 0.7361759693653616 0.059214463835242266 Penicillium-mb
12 12 0.7361759703588647 0.05921446331238848 Penicillium-solitum
12 12 0.6815252473002089 0.0917740043653622 Penicillium-chrysogenum
12 12 0.6742593527733391 0.0966750069577581 Penicillium-verrucosum
12 12 0.6608730634122932 0.10605468642118542 Penicillium-commune
12 12 -0.4335808870343097 0.3311207046332092 Penicillium-brevicompactum
12 12 -0.16305017392129745 0.7268621559052407 Penicillium-polonicum
12 12 0.033799678239794496 0.9426526545161122 Penicillium-cvjetkovicii
12 12 0.05666114497954351 0.9039633881749113 Penicillium-mb
12 12 0.05666114350910772 0.9039633906591888 Penicillium-solitum
12 12 -0.06489420124551697 0.8900640082418914 Penicillium-chrysogenum
12 12 -0.030112948881860443 0.9489018452277678 Penicillium-verrucosum
12 12 -0.601561104588918 0.1530233211465434 Penicillium-commune
12 12 0.13258143207382012 0.7768957289071775 Penicillium-brevicompactum
12 12 -0.8932510395093489 0.006746272715128791 Penicillium-polonicum
12 12 -0.01160405707638474 0.9803016671615234 Penicillium-cvjetkovicii
12 12 -0.16213588599945775 0.7283531578911302 Penicillium-mb
12 12 -0.2574927216750018 0.577213008367947 Penicillium-solitum
12 12 -0.26856212513678485 0.5603372763970174 Penicillium-chrysogenum
12 12 -0.2870668760442422 0.5324896294811273 Penicillium-verrucosum
12 12 -0.6628852763397252 0.10461578924525651 Penicillium-commune
12 12 0.6285371766324023 0.13057472190859715 Penicillium-brevicompactum
12 12 0.5873392360298403 0.1655772764201097 Penicillium-polonicum
12 12 -0.3679448062061978 0.41676752087684127 Penicillium-cvjetkovicii
12 12 -0.3507118680016772 0.44054316258303206 Penicillium-mb
12 12 -0.27817431212234317 0.5458138637879193 Penicillium-solitum
12 12 -0.3480740785965636 0.4442267789590973 Penicillium-chrysogenum
12 12 -0.15295553536921477 0.7433614161898146 Penicillium-verrucosum
12 12 -0.010993755601824886 0.9813375486746219 Penicillium-commune
12 12 0.11162409154302254 0.8116794194305392 Penicillium-brevicompactum
12 12 -0.3551069378017668 0.434431430458455 Penicillium-polonicum
12 12 0.3628839444864171 0.42369705471481967 Penicillium-cvjetkovicii
12 12 0.37825284484085514 0.402791916626296 Penicillium-mb
12 12 0.10656791459187756 0.8201102391658666 Penicillium-solitum
12 12 0.09068982413621195 0.8466725233463507 Penicillium-chrysogenum
12 12 0.3532518017106321 0.43700719765436397 Penicillium-verrucosum
12 12 0.6946990226860892 0.0832300885027403 Penicillium-commune
12 12 -0.38502018624209905 0.3937195417847403 Penicillium-brevicompactum
12 12 -0.1106166620838904 0.813358105708672 Penicillium-polonicum
12 12 -0.051062409933520354 0.9134267278884722 Penicillium-cvjetkovicii
12 12 -0.520997326524219 0.23050773404495423 Penicillium-mb
12 12 -0.2781743120477511 0.5458138639001406 Penicillium-solitum
12 12 -0.5193857587565777 0.2322120363156154 Penicillium-chrysogenum
12 12 -0.36996888373195963 0.41400853798187204 Penicillium-verrucosum
12 12 -0.4078037465568341 0.36379176056042895 Penicillium-commune
12 12 0.603216475774224 0.15159415104196872 Penicillium-brevicompactum
12 12 0.5893793628702002 0.1637462000833573 Penicillium-polonicum
12 12 -0.4885672908793986 0.26591974654121814 Penicillium-cvjetkovicii
12 12 -0.335437702936352 0.46203225562557526 Penicillium-mb
12 12 0.11259356768741637 0.8100645163229092 Penicillium-solitum
12 12 0.12811740718401102 0.7842817516630116 Penicillium-chrysogenum
12 12 -0.5008259320319097 0.25226002717969764 Penicillium-verrucosum
12 12 -0.43741822312044226 0.3263686769324843 Penicillium-commune
12 12 0.30120928164160504 0.5115286323662778 Penicillium-brevicompactum
12 12 0.356130850624722 0.4330122670723129 Penicillium-polonicum
12 12 -0.2436054583955298 0.5986035117733062 Penicillium-cvjetkovicii
12 12 0.24508404399913325 0.5963147960895949 Penicillium-mb
12 12 -0.24360572852599463 0.5986030933952631 Penicillium-solitum
12 12 0.24508404399913314 0.5963147960895949 Penicillium-chrysogenum
12 12 -0.4031425610283417 0.3698359093644869 Penicillium-verrucosum
12 12 0.6380242663359166 0.12310901333756764 Penicillium-commune
12 12 0.23999705474494684 0.6042000051947363 Penicillium-brevicompactum
12 12 -0.08449119588511965 0.8570747225304494 Penicillium-polonicum
12 12 0.566487031651171 0.1848675803691481 Penicillium-cvjetkovicii
12 12 0.34649658500721 0.44643524515887323 Penicillium-mb
12 12 0.570691600279654 0.18089411178553197 Penicillium-solitum
12 12 0.5664871925972084 0.18486742746389617 Penicillium-chrysogenum
12 12 -0.9698147353485783 0.00029914521711466306 Penicillium-verrucosum
12 12 -0.17723604940532045 0.7038181828219514 Penicillium-commune
12 12 0.12532197209733761 0.7889135769688729 Penicillium-brevicompactum
12 12 0.4261393932559434 0.34041932619206006 Penicillium-polonicum
8 12 -0.23434809029065914 0.6129922717404095 Penicillium-cvjetkovicii
8 12 -0.29236427342806176 0.5246046738894317 Penicillium-mb
8 12 -0.17501568039193513 0.7074135707028377 Penicillium-solitum
8 12 -0.37582368407454136 0.4060684596265249 Penicillium-chrysogenum
8 12 -0.1704415916737761 0.714833855711264 Penicillium-verrucosum
8 12 0.041890190208175054 0.9289473838318655 Penicillium-commune
8 12 0.13792542836780985 0.7680713131815632 Penicillium-brevicompactum
8 12 -0.11652760024122952 0.8035169521809131 Penicillium-polonicum
12 12 0.15639192165272442 0.7377357278586626 Penicillium-cvjetkovicii
12 12 -0.5130906224156669 0.23892556185617 Penicillium-mb
12 12 0.20741093495145033 0.6554129339472222 Penicillium-solitum
12 12 0.3508271947250322 0.4403823762867431 Penicillium-chrysogenum
12 12 -0.5525568775063499 0.19833145537832592 Penicillium-verrucosum
12 12 0.13480958234235774 0.7732140699934457 Penicillium-commune
12 12 -0.3764833221190309 0.4051776775727684 Penicillium-brevicompactum
12 12 -0.12795854025377043 0.7845448476932677 Penicillium-polonicum
12 12 -0.25873110223644274 0.5753172219511121 Penicillium-cvjetkovicii
12 12 -0.21887801959149988 0.6372575250168431 Penicillium-mb
12 12 -0.021768160994542464 0.9630539770815126 Penicillium-solitum
12 12 -0.16016576896143386 0.7315682946167381 Penicillium-chrysogenum
12 12 -0.16432561471536455 0.7247833381377654 Penicillium-verrucosum
12 12 -0.3333410369362135 0.46501167822233846 Penicillium-commune
12 12 -0.13792535870408315 0.7680714280877787 Penicillium-brevicompactum
12 12 -0.5855072773068377 0.16723010255991652 Penicillium-polonicum
12 12 -0.515552799499167 0.23628912052258727 Penicillium-cvjetkovicii
12 12 0.3031679771569092 0.5086483604559036 Penicillium-mb
12 12 -0.5134825386774865 0.23850499612312537 Penicillium-solitum
12 12 0.32990359357687915 0.4699115902563041 Penicillium-chrysogenum
12 12 0.3026428771220964 0.5094199703353369 Penicillium-verrucosum
12 12 0.022860701439249145 0.9612006082383893 Penicillium-commune
12 12 -0.14925240847460994 0.7494339548232094 Penicillium-brevicompactum
12 12 -0.5519372233650871 0.19894098826574147 Penicillium-polonicum
12 10 0.0726820228923854 0.876936818911956 Penicillium-cvjetkovicii
12 10 0.0726819272389094 0.8769369800132907 Penicillium-mb
12 10 0.243237941124824 0.5991728037791777 Penicillium-solitum
12 10 0.05458039847819078 0.9074793918759113 Penicillium-chrysogenum
12 10 0.23745939457627532 0.6081450833577986 Penicillium-verrucosum
12 10 0.6380680732820122 0.12307506169372462 Penicillium-commune
12 10 -0.22274940625112682 0.6311600413949225 Penicillium-brevicompactum
12 10 -0.12017809748496447 0.7974494402051879 Penicillium-polonicum
12 10 -0.28449842797267055 0.5363268452863197 Penicillium-cvjetkovicii
12 10 -0.28449864273072983 0.5363265240574743 Penicillium-mb
12 10 -0.2798795658922423 0.5432503490949054 Penicillium-solitum
12 10 -0.27473674022844563 0.5509935850087062 Penicillium-chrysogenum
12 10 -0.23745980516857285 0.6081444444319125 Penicillium-verrucosum
12 10 0.3045541816151112 0.506613348809162 Penicillium-commune
12 10 0.13611618489855076 0.7710566875284894 Penicillium-brevicompactum
12 10 0.011327703904664881 0.9807707263589405 Penicillium-polonicum
12 12 0.2432380919087017 0.5991725701784744 Penicillium-cvjetkovicii
12 12 -0.3313230490864119 0.4678859424834572 Penicillium-mb
12 12 -0.6034302719459422 0.15141005884528597 Penicillium-solitum
12 12 -0.3313230502876229 0.46788594077061296 Penicillium-chrysogenum
12 12 0.23745953836159095 0.6081448596123216 Penicillium-verrucosum
12 12 0.4961701362670179 0.2574091701915181 Penicillium-commune
12 12 0.021374085504487262 0.9637225135086445 Penicillium-brevicompactum
12 12 0.040475927082424784 0.9313422053553615 Penicillium-polonicum
12 8 0.9342935344211978 0.0020512241230978222 Penicillium-cvjetkovicii
12 8 0.9342936407487666 0.0020512159442908156 Penicillium-mb
12 8 0.6755633643034753 0.09578555868915359 Penicillium-solitum
12 8 0.977647758073321 0.00014175428951070118 Penicillium-chrysogenum
12 8 0.9384852251089337 0.0017435656028536198 Penicillium-verrucosum
12 8 0.2269699479016211 0.6245315288533917 Penicillium-commune
12 8 0.6691317062204037 0.10021430748397361 Penicillium-brevicompactum
12 8 0.7825860953239776 0.037507625895426736 Penicillium-polonicum
10 12 -0.23434809170218063 0.6129922695388021 Penicillium-cvjetkovicii
10 12 -0.24508430746374596 0.5963143885057047 Penicillium-mb
10 12 0.17106189821259826 0.7138265083255244 Penicillium-solitum
10 12 0.1629822980062978 0.7269728230662311 Penicillium-chrysogenum
10 12 0.17703362387504912 0.7041457847675305 Penicillium-verrucosum
10 12 0.6805381051630522 0.092431985909694 Penicillium-commune
10 12 -0.22243795334895672 0.6316499742362576 Penicillium-brevicompactum
10 12 -0.011100934221094434 0.9811556299078534 Penicillium-polonicum
10 10 -0.2343480916793538 0.6129922695744059 Penicillium-cvjetkovicii
10 10 -0.2599938232296255 0.5733861837495315 Penicillium-mb
10 10 -0.20678296539624647 0.6564111643304937 Penicillium-solitum
10 10 -0.2268706130422575 0.6246873087726569 Penicillium-chrysogenum
10 10 -0.2198871878192392 0.635666490141416 Penicillium-verrucosum
10 10 -0.46821210122844115 0.28931922245057257 Penicillium-commune
10 10 0.9096872452650394 0.004482128765011583 Penicillium-brevicompactum
10 10 0.8212239794511266 0.02351328613341838 Penicillium-polonicum
10 12 -0.23434808826781592 0.6129922748955201 Penicillium-cvjetkovicii
10 12 -0.3040257596378297 0.5073887622782236 Penicillium-mb
10 12 -0.2566087994781086 0.5785673579853245 Penicillium-solitum
10 12 -0.24508424730071998 0.5963144815788426 Penicillium-chrysogenum
10 12 -0.26561545574457995 0.5648140735650136 Penicillium-verrucosum
10 12 0.32160611558043944 0.4818161369055737 Penicillium-commune
10 12 0.13619829360095534 0.7709211536860615 Penicillium-brevicompactum
10 12 0.09620038129734404 0.8374398098968874 Penicillium-polonicum
12 12 -0.06721220159008044 0.8861545769535126 Penicillium-cvjetkovicii
12 12 0.0667304928143921 0.886966855546037 Penicillium-mb
12 12 -0.07725024222564687 0.8692468728665999 Penicillium-solitum
12 12 0.17297937496363383 0.7107147137485945 Penicillium-chrysogenum
12 12 -0.8716213176152253 0.010571699184429902 Penicillium-verrucosum
12 12 -0.16586724087787252 0.7222724631918668 Penicillium-commune
12 12 -0.1869409018952996 0.6881554639418896 Penicillium-brevicompactum
12 12 -0.3294963425547521 0.4704933522921114 Penicillium-polonicum
12 6 0.5184802862738703 0.233172189062215 Penicillium-cvjetkovicii
12 6 0.5304237543532122 0.22065707445137084 Penicillium-mb
12 6 0.5184803497207751 0.23317212171895899 Penicillium-solitum
12 6 0.4633010012376443 0.29509656338124907 Penicillium-chrysogenum
12 6 0.4507995341444892 0.3100297737151399 Penicillium-verrucosum
12 6 0.9962935018293954 1.603246955709327e-06 Penicillium-commune
12 6 0.5851749740478499 0.16753078217583942 Penicillium-brevicompactum
12 6 0.4019401931634206 0.3714016557371111 Penicillium-polonicum
