#SPECIES: Penicillium-polonicum Penicillium-cvjetkovicii Penicillium-chrysogenum Penicillium-solitum Penicillium-commune Penicillium-verrucosum Penicillium-mb Penicillium-brevicompactum 
#GENE_TREEs p: 0.16922786294444886 0.19412140726058774 0.005370653139921915 0.006163136815684457 0.0054872816274125534 0.0030470684971171166 0.06078360778130303 0.007776551755635456 
#GENE_TREEs r: 0.583304902567839 0.5568621436067543 0.9027629292469068 0.8971310358479754 0.9019050822396123 0.9228298722682218 -0.7332154873698591 0.8868453908068565 
12 10 0.5358401972361502 0.21508878004574336 Penicillium-polonicum
12 10 0.6016231251781943 0.15296965449311778 Penicillium-cvjetkovicii
12 10 0.3677530263334978 0.4170293032530765 Penicillium-chrysogenum
12 10 0.3859198104025099 0.392519710319385 Penicillium-solitum
12 10 -0.7111288647871973 0.07319331726700247 Penicillium-commune
12 10 -0.1422267751712683 0.7609829966636266 Penicillium-verrucosum
12 10 0.4858087632634209 0.26903872139534907 Penicillium-mb
12 10 -0.22277451622735625 0.6311205466687216 Penicillium-brevicompactum
10 12 -0.5011903291781598 0.2518590325217552 Penicillium-polonicum
10 12 -0.1948163051598409 0.6755098458467141 Penicillium-cvjetkovicii
10 12 0.2810135561419438 0.5415478187032741 Penicillium-chrysogenum
10 12 0.33995197786107717 0.45564140661058256 Penicillium-solitum
10 12 0.5386458358581777 0.21223103490536155 Penicillium-commune
10 12 0.27859320545692695 0.545183772301997 Penicillium-verrucosum
10 12 -0.5229557244258556 0.2284445623129117 Penicillium-mb
10 12 0.5264527874542949 0.22478207563164435 Penicillium-brevicompactum
12 12 -0.3820052679858388 0.3977512104083242 Penicillium-polonicum
12 12 -0.6027180851081403 0.1520237321567802 Penicillium-cvjetkovicii
12 12 0.3770464575025818 0.4044178252503658 Penicillium-chrysogenum
12 12 0.20747087426699803 0.6553176747444667 Penicillium-solitum
12 12 0.37704645512223933 0.4044178284610285 Penicillium-commune
12 12 -0.061660381301042025 0.8955209648941855 Penicillium-verrucosum
12 12 -0.5659776135469226 0.1853518567338603 Penicillium-mb
12 12 -0.32158948036799373 0.48184011181856423 Penicillium-brevicompactum
10 12 0.6693037061828055 0.10009450658895461 Penicillium-polonicum
10 12 0.8145654277871174 0.025666429769077286 Penicillium-cvjetkovicii
10 12 0.4544333294888656 0.30565583480193276 Penicillium-chrysogenum
10 12 0.3890282079919157 0.3883853437764496 Penicillium-solitum
10 12 0.38702697415551846 0.39104509730547715 Penicillium-commune
10 12 0.24936733425615085 0.5896996395613965 Penicillium-verrucosum
10 12 0.8007730252310787 0.030466708182480807 Penicillium-mb
10 12 -0.9332589506716116 0.0021317151006210043 Penicillium-brevicompactum
12 12 0.16144395522563676 0.7294819973983395 Penicillium-polonicum
12 12 0.36991131014776685 0.41408691653659596 Penicillium-cvjetkovicii
12 12 -0.27311556869924725 0.5534418885014387 Penicillium-chrysogenum
12 12 -0.2452144060577706 0.5961131342028047 Penicillium-solitum
12 12 0.44893306546437506 0.312286940718682 Penicillium-commune
12 12 -0.1768649843009816 0.7044187358774818 Penicillium-verrucosum
12 12 0.16788046158644832 0.718996477212297 Penicillium-mb
12 12 -0.19771392729379034 0.6708721684461559 Penicillium-brevicompactum
12 12 0.1116177872757415 0.811689922494772 Penicillium-polonicum
12 12 0.3027995982975357 0.5091896334814092 Penicillium-cvjetkovicii
12 12 0.4544333293552636 0.3056558349622477 Penicillium-chrysogenum
12 12 -0.30740724052250146 0.5024338749607875 Penicillium-solitum
12 12 -0.30138795406714597 0.5112656605275713 Penicillium-commune
12 12 -0.38165239021157643 0.3982241630428318 Penicillium-verrucosum
12 12 0.37693006101454607 0.4045748356553866 Penicillium-mb
12 12 -0.33564413570761603 0.46173929068197883 Penicillium-brevicompactum
12 12 0.07154789231916606 0.8788471785640588 Penicillium-polonicum
12 12 -0.020608048419276347 0.9650221189283309 Penicillium-cvjetkovicii
12 12 0.29589777232831965 0.5193673834477647 Penicillium-chrysogenum
12 12 -0.3778133757433572 0.40338391097972975 Penicillium-solitum
12 12 0.33628777026303175 0.4608262990599593 Penicillium-commune
12 12 0.3934598529030268 0.38252149719462447 Penicillium-verrucosum
12 12 -0.3983405777060127 0.37610531761990884 Penicillium-mb
12 12 -0.4666056013640602 0.2912035093887157 Penicillium-brevicompactum
12 12 0.10052764120813476 0.8302000007254596 Penicillium-polonicum
12 12 -0.5666879136367103 0.1846767822848284 Penicillium-cvjetkovicii
12 12 -0.24432339977247355 0.5974918745063775 Penicillium-chrysogenum
12 12 -0.07785366744654898 0.8682316941724588 Penicillium-solitum
12 12 -0.3425372039023985 0.4519964254549409 Penicillium-commune
12 12 -0.07199649547168083 0.8780914832054005 Penicillium-verrucosum
12 12 0.30173837823964894 0.5107500384765598 Penicillium-mb
12 12 -0.049441594547500876 0.9161678925260097 Penicillium-brevicompactum
12 8 0.5833048902366379 0.16922787416279056 Penicillium-polonicum
12 8 0.5568621303028283 0.19412142020290973 Penicillium-cvjetkovicii
12 8 0.8977098453280787 0.006078760338238741 Penicillium-chrysogenum
12 8 0.7374863142688998 0.05852704305248373 Penicillium-solitum
12 8 0.9019248393148914 0.005484579148540159 Penicillium-commune
12 8 0.9129643171136677 0.00409393695531815 Penicillium-verrucosum
12 8 -0.7414392956681747 0.0564796494948646 Penicillium-mb
12 8 0.7844831810193903 0.0367350501971221 Penicillium-brevicompactum
12 10 0.24692812617067536 0.5934640341833463 Penicillium-polonicum
12 10 0.22241002165640014 0.631693917588606 Penicillium-cvjetkovicii
12 10 0.3189254885461614 0.4856850199825055 Penicillium-chrysogenum
12 10 0.34100666929211293 0.45415304994760297 Penicillium-solitum
12 10 -0.8854869224602112 0.008005995720883154 Penicillium-commune
12 10 0.6668453962086921 0.1018138767887828 Penicillium-verrucosum
12 10 -0.6850782828127484 0.08942621205157233 Penicillium-mb
12 10 0.6158232424693002 0.14093089359501781 Penicillium-brevicompactum
10 12 0.5648004419516974 0.18647328895066345 Penicillium-polonicum
10 12 -0.25081237758586045 0.5874729724160563 Penicillium-cvjetkovicii
10 12 0.6808540008854116 0.0922211557199595 Penicillium-chrysogenum
10 12 -0.7344503672416632 0.06012637993038029 Penicillium-solitum
10 12 0.6914868703590176 0.0852726559739327 Penicillium-commune
10 12 0.7433694287562901 0.05549435196328922 Penicillium-verrucosum
10 12 0.4646811725559 0.2934678396519268 Penicillium-mb
10 12 0.7301242848307569 0.06244578859848349 Penicillium-brevicompactum
12 12 -0.18798937387416323 0.6864685227941789 Penicillium-polonicum
12 12 -0.3805479032478599 0.39970592251408293 Penicillium-cvjetkovicii
12 12 0.08910717259054682 0.8493268101828109 Penicillium-chrysogenum
12 12 -0.14163217433821637 0.7619620756959202 Penicillium-solitum
12 12 -0.1808688120133721 0.6979452103224072 Penicillium-commune
12 12 0.21475847041087054 0.6437637644264469 Penicillium-verrucosum
12 12 -0.12832574027610294 0.7839367605651184 Penicillium-mb
12 12 -0.27262966406047323 0.5541763906214449 Penicillium-brevicompactum
12 10 0.3590360701814066 0.4289952632601566 Penicillium-polonicum
12 10 0.35330386906822553 0.43693482550608004 Penicillium-cvjetkovicii
12 10 0.5294375326259392 0.22167818768059966 Penicillium-chrysogenum
12 10 0.5294413296390789 0.221674252064961 Penicillium-solitum
12 10 -0.6487729389370682 0.1149226789804662 Penicillium-commune
12 10 -0.652216770907625 0.11236119211286456 Penicillium-verrucosum
12 10 0.5821165255036762 0.1703106953015879 Penicillium-mb
12 10 0.41831457398083755 0.3503141771639894 Penicillium-brevicompactum
10 12 0.4463261131351118 0.3154515010939119 Penicillium-polonicum
10 12 0.454751268288172 0.30527442995781423 Penicillium-cvjetkovicii
10 12 -0.3809114904620337 0.399217898906935 Penicillium-chrysogenum
10 12 0.2504986172212588 0.5879562267570295 Penicillium-solitum
10 12 0.24070914965015783 0.6030943432422826 Penicillium-commune
10 12 -0.5095026199491525 0.24279184411359309 Penicillium-verrucosum
10 12 -0.7372795244707085 0.05863523769112 Penicillium-mb
10 12 -0.5205852350691127 0.2309429791992157 Penicillium-brevicompactum
10 12 -0.05083583984662775 0.9138098685140228 Penicillium-polonicum
10 12 -0.2010078719910057 0.6656102441732905 Penicillium-cvjetkovicii
10 12 -0.35471397212179384 0.43497655955770975 Penicillium-chrysogenum
10 12 -0.2733564660718633 0.5530778608423799 Penicillium-solitum
10 12 -0.38081103811087585 0.39935270700931713 Penicillium-commune
10 12 0.4157905459846116 0.35353128582701493 Penicillium-verrucosum
10 12 -0.13822287303577035 0.7675807265205674 Penicillium-mb
10 12 -0.4530728142386377 0.3072902848619185 Penicillium-brevicompactum
12 12 -0.05520358154616612 0.9064262214941343 Penicillium-polonicum
12 12 0.04006971408798279 0.9320301369047489 Penicillium-cvjetkovicii
12 12 -0.46009857952734284 0.29889103196222316 Penicillium-chrysogenum
12 12 0.051277322329913395 0.9130633132835643 Penicillium-solitum
12 12 -0.3210040083979265 0.4826841758437155 Penicillium-commune
12 12 0.11464032531335533 0.8066568978938409 Penicillium-verrucosum
12 12 -0.2816667302128498 0.5405679689291246 Penicillium-mb
12 12 -0.5090996827404911 0.24322783020467192 Penicillium-brevicompactum
12 12 -0.5300559566243892 0.2210376241716165 Penicillium-polonicum
12 12 -0.5815821743358847 0.17079869825643346 Penicillium-cvjetkovicii
12 12 -0.06753459866989275 0.8856109810072219 Penicillium-chrysogenum
12 12 -0.6471498385339473 0.11614026644858721 Penicillium-solitum
12 12 -0.06753460333153298 0.8856109731474555 Penicillium-commune
12 12 0.27176123126461454 0.555489914396177 Penicillium-verrucosum
12 12 0.2687407018202778 0.5600663360344607 Penicillium-mb
12 12 0.2550634647173926 0.5809374959694054 Penicillium-brevicompactum
12 6 0.8332810214803517 0.0198830544908801 Penicillium-polonicum
12 6 0.8277493434513313 0.021505867581771455 Penicillium-cvjetkovicii
12 6 0.6278672366261887 0.13111040442794838 Penicillium-chrysogenum
12 6 0.739295312758307 0.05758518002307246 Penicillium-solitum
12 6 0.6278672371648122 0.13111040399681717 Penicillium-commune
12 6 0.5034148295906005 0.24941748426695204 Penicillium-verrucosum
12 6 0.7361956544453051 0.05920410460310695 Penicillium-mb
12 6 -0.8298053074790699 0.02089429444754193 Penicillium-brevicompactum
8 12 0.17312023199119453 0.7104862480093854 Penicillium-polonicum
8 12 -0.5685935009640589 0.18287162705562499 Penicillium-cvjetkovicii
8 12 -0.3842914735352803 0.39469250195754957 Penicillium-chrysogenum
8 12 0.11078380547309719 0.8130795541326026 Penicillium-solitum
8 12 0.10754813875693428 0.81847468608987 Penicillium-commune
8 12 -0.0011018490168476448 0.9981294441480573 Penicillium-verrucosum
8 12 0.18642530888437678 0.6889854058449638 Penicillium-mb
8 12 -0.37170736456206427 0.41164457070549565 Penicillium-brevicompactum
12 12 -0.20207445274646058 0.6639087545087148 Penicillium-polonicum
12 12 -0.25476799431828334 0.5813910121289554 Penicillium-cvjetkovicii
12 12 -0.14808141866207386 0.7513563485191119 Penicillium-chrysogenum
12 12 0.0024273714506681462 0.9958791783792353 Penicillium-solitum
12 12 -0.14808142606252997 0.7513563363666713 Penicillium-commune
12 12 -0.2408323125860285 0.6029031706581235 Penicillium-verrucosum
12 12 -0.1617593289680502 0.7289674376195077 Penicillium-mb
12 12 -0.006021326646357783 0.9897780637103133 Penicillium-brevicompactum
12 12 -0.42402890811002175 0.3430763663132308 Penicillium-polonicum
12 12 0.11855953293083048 0.8001386806526831 Penicillium-cvjetkovicii
12 12 -0.17641051671142766 0.7051544385850497 Penicillium-chrysogenum
12 12 -0.06449737216801739 0.8907334610588866 Penicillium-solitum
12 12 -0.15648032614697185 0.7375911230838894 Penicillium-commune
12 12 0.014492852978655633 0.9753987524759732 Penicillium-verrucosum
12 12 -0.5212052644285484 0.23028825896618485 Penicillium-mb
12 12 -0.2010070145778492 0.6656116124427935 Penicillium-brevicompactum
12 12 0.16862355451364883 0.7177881504378214 Penicillium-polonicum
12 12 0.1633603904907646 0.7263564165103975 Penicillium-cvjetkovicii
12 12 -0.6838413140934217 0.09023994252015193 Penicillium-chrysogenum
12 12 0.44695769614820735 0.3146835558781218 Penicillium-solitum
12 12 -0.7618262898835871 0.04654795087429143 Penicillium-commune
12 12 0.4964815893080659 0.25706322669018355 Penicillium-verrucosum
12 12 0.166201252821502 0.7217287121152822 Penicillium-mb
12 12 0.5037552372302657 0.24904482884944132 Penicillium-brevicompactum
12 12 0.011514900431535021 0.9804529938467451 Penicillium-polonicum
12 12 -0.3839549733470028 0.3951421130695557 Penicillium-cvjetkovicii
12 12 0.36446008802747193 0.42153418222507827 Penicillium-chrysogenum
12 12 -0.665832501173042 0.10252675701220255 Penicillium-solitum
12 12 0.3682005417228882 0.41641853780982524 Penicillium-commune
12 12 0.4308764555003774 0.3344873952006843 Penicillium-verrucosum
12 12 -0.09245738042685393 0.8437094930330246 Penicillium-mb
12 12 0.359599982913523 0.42821721576288785 Penicillium-brevicompactum
12 8 0.10712189331688073 0.819185833921757 Penicillium-polonicum
12 8 0.07683696983936025 0.869942228437448 Penicillium-cvjetkovicii
12 8 0.4544333296216592 0.3056558346425875 Penicillium-chrysogenum
12 8 -0.888171283541958 0.007556323881395401 Penicillium-solitum
12 8 0.1536936964503513 0.7421522034565804 Penicillium-commune
12 8 0.43733437990249174 0.3264721910408455 Penicillium-verrucosum
12 8 -0.08461692219249431 0.8568635677705082 Penicillium-mb
12 8 0.2806352068260845 0.5421156621433183 Penicillium-brevicompactum
12 12 -0.2725617169452222 0.5542791258413804 Penicillium-polonicum
12 12 -0.21513901260497942 0.6431619873781973 Penicillium-cvjetkovicii
12 12 -0.29734370065751986 0.517229424830189 Penicillium-chrysogenum
12 12 -0.24330611966592314 0.5990671815124199 Penicillium-solitum
12 12 0.026779641866330795 0.9545537679318153 Penicillium-commune
12 12 0.02953083011762604 0.9498887626626606 Penicillium-verrucosum
12 12 -0.13575170002908424 0.7716583852761666 Penicillium-mb
12 12 -0.31191340090377007 0.49585749845022875 Penicillium-brevicompactum
10 12 -0.003912452735657812 0.9933580647820124 Penicillium-polonicum
10 12 -0.04495413884905784 0.9237605732975597 Penicillium-cvjetkovicii
10 12 -0.3317475192719691 0.4672808206984064 Penicillium-chrysogenum
10 12 -0.33257425130090135 0.4661030618487987 Penicillium-solitum
10 12 -0.31574776053855763 0.4902856794707019 Penicillium-commune
10 12 -0.4942667985276979 0.25952790549741694 Penicillium-verrucosum
10 12 -0.10333897196463777 0.8255015332998232 Penicillium-mb
10 12 0.4561241582428595 0.3036298830501146 Penicillium-brevicompactum
10 10 -0.5479722602731514 0.202862469329518 Penicillium-polonicum
10 10 -0.5131054052487185 0.23890969212980467 Penicillium-cvjetkovicii
10 10 -0.233592298394241 0.6141714421222743 Penicillium-chrysogenum
10 10 0.036020494960582336 0.9388893713246171 Penicillium-solitum
10 10 0.019547552482951053 0.9668213839699169 Penicillium-commune
10 10 -0.24646242803005805 0.5941835657542192 Penicillium-verrucosum
10 10 0.1285848471284156 0.7835077294488004 Penicillium-mb
10 10 -0.08781201863830518 0.8514997740932575 Penicillium-brevicompactum
12 12 -0.1337668018367713 0.7749366794546438 Penicillium-polonicum
12 12 -0.12499635600283208 0.7894534221454855 Penicillium-cvjetkovicii
12 12 -0.4810092378353745 0.27450457046716137 Penicillium-chrysogenum
12 12 0.04440183792606825 0.9246953824387114 Penicillium-solitum
12 12 -0.2965089861577128 0.5184632708990344 Penicillium-commune
12 12 -0.3445983141064488 0.4490982541111662 Penicillium-verrucosum
12 12 -0.3762355141698067 0.40551222941541226 Penicillium-mb
12 12 0.11265389317884965 0.8099640468978296 Penicillium-brevicompactum
12 12 0.10527613575124938 0.8222664279709845 Penicillium-polonicum
12 12 -0.5187817013682574 0.232852366260824 Penicillium-cvjetkovicii
12 12 0.07675144304977607 0.870086140723575 Penicillium-chrysogenum
12 12 0.06087722619121645 0.8968430109392305 Penicillium-solitum
12 12 0.0767514399674298 0.8700861459101592 Penicillium-commune
12 12 -0.14404797587086146 0.7579857608032585 Penicillium-verrucosum
12 12 -0.6280935699456037 0.13092930385173704 Penicillium-mb
12 12 -0.1787458514024418 0.7013758966166457 Penicillium-brevicompactum
12 12 -0.12998785244633657 0.7811853819064178 Penicillium-polonicum
12 12 -0.30075916817891696 0.512191320750317 Penicillium-cvjetkovicii
12 12 -0.10909238323150737 0.8158991001915102 Penicillium-chrysogenum
12 12 -0.16479351139836604 0.7240210579942623 Penicillium-solitum
12 12 -0.12043816833196642 0.79701748111071 Penicillium-commune
12 12 -0.2331831139957035 0.6148101187226627 Penicillium-verrucosum
12 12 -0.11462163288874808 0.8066880077239711 Penicillium-mb
12 12 -0.11655162233370607 0.8034769989858737 Penicillium-brevicompactum
12 12 -0.3759359432805893 0.40591680910313793 Penicillium-polonicum
12 12 -0.39431803627445816 0.38139014068382143 Penicillium-cvjetkovicii
12 12 -0.19226295452382608 0.6796032890750925 Penicillium-chrysogenum
12 12 -0.04428154287799701 0.9248989996515231 Penicillium-solitum
12 12 -0.19465183163414246 0.6757733337712427 Penicillium-commune
12 12 -0.0258788807453847 0.9560813575154915 Penicillium-verrucosum
12 12 0.21126283346346458 0.6492988548182208 Penicillium-mb
12 12 -0.3196899713670664 0.48458052958812947 Penicillium-brevicompactum
12 12 -0.19082856298458484 0.6819056092115292 Penicillium-polonicum
12 12 0.22374246901617648 0.6295986151556414 Penicillium-cvjetkovicii
12 12 -0.3009789909568684 0.5118676453482383 Penicillium-chrysogenum
12 12 0.08815067441140004 0.8509315167086562 Penicillium-solitum
12 12 0.12800131946561605 0.7844740003753793 Penicillium-commune
12 12 -0.4707929838328193 0.28630345919176686 Penicillium-verrucosum
12 12 -0.7469279314334439 0.0537025272730041 Penicillium-mb
12 12 -0.33587711247405483 0.46140873749667044 Penicillium-brevicompactum
12 12 0.009197895542863602 0.9843858280643529 Penicillium-polonicum
12 12 -0.5282292033219195 0.22293229907764336 Penicillium-cvjetkovicii
12 12 -0.4861061599162038 0.26870167236503745 Penicillium-chrysogenum
12 12 -0.4864303759101415 0.26833444614550955 Penicillium-solitum
12 12 0.3047226911904361 0.5063661623289157 Penicillium-commune
12 12 -0.20338497964991292 0.6618196742223639 Penicillium-verrucosum
12 12 0.22935658029728231 0.6207920903069044 Penicillium-mb
12 12 0.3307364505553347 0.46872266539013785 Penicillium-brevicompactum
12 12 -0.3858387578252772 0.3926277502780679 Penicillium-polonicum
12 12 -0.0927481188564918 0.8432222553009159 Penicillium-cvjetkovicii
12 12 -0.06101700117860482 0.8966070424580346 Penicillium-chrysogenum
12 12 0.2621381903212311 0.5701115484575655 Penicillium-solitum
12 12 -0.05233147527748773 0.9112809271251732 Penicillium-commune
12 12 0.17011284352511136 0.7153678600841891 Penicillium-verrucosum
12 12 -0.28168335523473925 0.5405430367977851 Penicillium-mb
12 12 -0.24355985551613935 0.5986741427679185 Penicillium-brevicompactum
12 10 -0.13787966976383478 0.7681467900318446 Penicillium-polonicum
12 10 -0.3226875795401947 0.4802584369248745 Penicillium-cvjetkovicii
12 10 -0.18521938660833676 0.6909275269441049 Penicillium-chrysogenum
12 10 -0.3159483296198525 0.48999484203550003 Penicillium-solitum
12 10 0.08771866317455997 0.8516564316228867 Penicillium-commune
12 10 -0.34340827666228113 0.4507707397343521 Penicillium-verrucosum
12 10 -0.18948237441928226 0.6840681418945443 Penicillium-mb
12 10 0.17189893276988719 0.7124677290241296 Penicillium-brevicompactum
12 12 0.486902920982944 0.2677996211406888 Penicillium-polonicum
12 12 0.4196039962576318 0.3486754423215541 Penicillium-cvjetkovicii
12 12 -0.604178365446787 0.15076678426457055 Penicillium-chrysogenum
12 12 0.19237919844202475 0.6794167941358396 Penicillium-solitum
12 12 0.1482951699213443 0.7510053602407127 Penicillium-commune
12 12 -0.8479980639420592 0.015913425965000127 Penicillium-verrucosum
12 12 -0.7211964443275088 0.06738277722764016 Penicillium-mb
12 12 0.3239412096866809 0.47845503237710235 Penicillium-brevicompactum
10 12 -0.6075139687925378 0.1479152578723094 Penicillium-polonicum
10 12 -0.19481630631352764 0.675509843998591 Penicillium-cvjetkovicii
10 12 0.23954945798926006 0.6048952918357594 Penicillium-chrysogenum
10 12 0.336513265321226 0.4605065937189298 Penicillium-solitum
10 12 0.5762323312033788 0.17572238388195247 Penicillium-commune
10 12 0.5894524413844779 0.16368079702118155 Penicillium-verrucosum
10 12 -0.5505257862637356 0.20033273035864307 Penicillium-mb
10 12 0.5915562644277037 0.16180349512453546 Penicillium-brevicompactum
10 10 0.5293733130419368 0.22174475647001243 Penicillium-polonicum
10 10 0.5401185198604539 0.2107382779130156 Penicillium-cvjetkovicii
10 10 -0.7573246773156798 0.04865075052456301 Penicillium-chrysogenum
10 10 0.5006510830100006 0.25245254090870156 Penicillium-solitum
10 10 0.49016888814444487 0.2641164504462848 Penicillium-commune
10 10 0.3529568352577035 0.43741727877378705 Penicillium-verrucosum
10 10 0.5183425541884592 0.2333184008674671 Penicillium-mb
10 10 -0.6682938524372514 0.10079895820542409 Penicillium-brevicompactum
12 12 -0.2218905918669192 0.6325112639854061 Penicillium-polonicum
12 12 -0.26186766430969466 0.5705243396126798 Penicillium-cvjetkovicii
12 12 -0.1517725689699825 0.7453001571756038 Penicillium-chrysogenum
12 12 0.017047316047813732 0.9710637824541279 Penicillium-solitum
12 12 -0.2641111155822335 0.5671039515032785 Penicillium-commune
12 12 -0.03477666138975421 0.9409970006778517 Penicillium-verrucosum
12 12 -0.33940853572728846 0.4564090072112696 Penicillium-mb
12 12 -0.3989407983255016 0.3753193221464192 Penicillium-brevicompactum
12 10 0.5273398816958972 0.22385744691591433 Penicillium-polonicum
12 10 0.45975601569858854 0.2992981923665428 Penicillium-cvjetkovicii
12 10 0.6504568379043071 0.11366648377517688 Penicillium-chrysogenum
12 10 0.6482014231708861 0.11535065277285919 Penicillium-solitum
12 10 -0.8401039946875943 0.017980234936283708 Penicillium-commune
12 10 0.5572430643845301 0.19375101093607117 Penicillium-verrucosum
12 10 0.2620064195560368 0.5703126035104951 Penicillium-mb
12 10 0.6809653623332146 0.09214689302037861 Penicillium-brevicompactum
12 12 -0.1335471020848594 0.7752997037947699 Penicillium-polonicum
12 12 -0.3123316580911472 0.4952486341990534 Penicillium-cvjetkovicii
12 12 -0.12086382411171774 0.796310586181399 Penicillium-chrysogenum
12 12 -0.1384072389808796 0.7672766758016296 Penicillium-solitum
12 12 -0.127759243266725 0.7848749221171454 Penicillium-commune
12 12 -0.20035123483460784 0.6666583287786416 Penicillium-verrucosum
12 12 -0.11551459336580505 0.8052020792296568 Penicillium-mb
12 12 -0.13605528276505718 0.771157219451509 Penicillium-brevicompactum
12 10 0.2917806156846414 0.525471477299617 Penicillium-polonicum
12 10 0.2862963024469136 0.5336398860652287 Penicillium-cvjetkovicii
12 10 0.42526797952628476 0.3415153529726445 Penicillium-chrysogenum
12 10 0.42533623898774275 0.3414294453879254 Penicillium-solitum
12 10 -0.6041794078063566 0.1507658889120897 Penicillium-commune
12 10 -0.7164114825784883 0.070112262877483 Penicillium-verrucosum
12 10 -0.5821175493868411 0.17030976088795535 Penicillium-mb
12 10 0.3784102432441503 0.40257997416839575 Penicillium-brevicompactum
12 10 0.28212191382254914 0.5398854788598657 Penicillium-polonicum
12 10 0.28018203207812725 0.5427960653607034 Penicillium-cvjetkovicii
12 10 -0.6041794506912385 0.15076585207544804 Penicillium-chrysogenum
12 10 0.27153532450707957 0.55583176811834 Penicillium-solitum
12 10 0.3401161544813058 0.4554096051322447 Penicillium-commune
12 10 -0.7349786621940876 0.059846393119446416 Penicillium-verrucosum
12 10 -0.5189234665778628 0.2327020142669281 Penicillium-mb
12 10 0.2636644932643256 0.567784357401921 Penicillium-brevicompactum
10 12 0.32066420875153234 0.48317430211886775 Penicillium-polonicum
10 12 0.2961273171575465 0.5190277757270814 Penicillium-cvjetkovicii
10 12 0.28872010073715726 0.5300246236661317 Penicillium-chrysogenum
10 12 -0.7573811021325338 0.04862407762874368 Penicillium-solitum
10 12 -0.5156642544339686 0.2361700995620114 Penicillium-commune
10 12 0.28537107095591163 0.535022100600232 Penicillium-verrucosum
10 12 0.2120663008593769 0.648025477057329 Penicillium-mb
10 12 -0.5652866127826227 0.18600973949861083 Penicillium-brevicompactum
12 12 -0.5176860344164794 0.23401592891362805 Penicillium-polonicum
12 12 -0.7438187242058952 0.0552663487121664 Penicillium-cvjetkovicii
12 12 -0.05530504988192181 0.9062547517607868 Penicillium-chrysogenum
12 12 -0.06080056895327901 0.896972426446998 Penicillium-solitum
12 12 0.44910978273218277 0.31207292675017434 Penicillium-commune
12 12 0.43832255782259466 0.3252530671512519 Penicillium-verrucosum
12 12 -0.5659776134713744 0.1853518568057256 Penicillium-mb
12 12 0.4545631910409008 0.305500025471024 Penicillium-brevicompactum
10 10 0.8073709668670604 0.02811280586113478 Penicillium-polonicum
10 10 0.7943858102348881 0.032846719813853086 Penicillium-cvjetkovicii
10 10 0.475764272698937 0.2805342621987418 Penicillium-chrysogenum
10 10 0.4889725167027749 0.26546296141814735 Penicillium-solitum
10 10 0.4757642727642581 0.2805342621232818 Penicillium-commune
10 10 -0.8782767306634602 0.00928889040270708 Penicillium-verrucosum
10 10 0.7829805200351512 0.037346264137330276 Penicillium-mb
10 10 0.4561241579840128 0.3036298833598127 Penicillium-brevicompactum
12 12 0.07031224032877463 0.88092907547792 Penicillium-polonicum
12 12 -0.6975169786585758 0.08145980768966846 Penicillium-cvjetkovicii
12 12 -0.09193790794940207 0.8445801562451909 Penicillium-chrysogenum
12 12 -0.08854507382951239 0.8502697873003491 Penicillium-solitum
12 12 -0.1227124679250007 0.7932417965122139 Penicillium-commune
12 12 0.016916873540190745 0.9712851327444928 Penicillium-verrucosum
12 12 0.30173884559188346 0.5107493509240046 Penicillium-mb
12 12 -0.04365415132578313 0.9259610055602748 Penicillium-brevicompactum
12 10 0.7018036789340358 0.0788056045895214 Penicillium-polonicum
12 10 0.7089145034764358 0.07450596459917823 Penicillium-cvjetkovicii
12 10 0.3677529798689098 0.41702936668569257 Penicillium-chrysogenum
12 10 0.3859197640846284 0.3925197720559325 Penicillium-solitum
12 10 -0.5761783439954802 0.17577242098260729 Penicillium-commune
12 10 -0.4276518672852572 0.3385205422290766 Penicillium-verrucosum
12 10 0.6437101463689516 0.11874246377523626 Penicillium-mb
12 10 -0.46431857888794054 0.29389534587105254 Penicillium-brevicompactum
12 8 0.5112503207670934 0.24090499558745676 Penicillium-polonicum
12 8 0.49940486801045625 0.25382661246345795 Penicillium-cvjetkovicii
12 8 0.5158902611007885 0.2359288364321329 Penicillium-chrysogenum
12 8 -0.7392949400157669 0.057585373238348905 Penicillium-solitum
12 8 0.51589026108924 0.23592883644445814 Penicillium-commune
12 8 0.44209463033785323 0.32061747095395626 Penicillium-verrucosum
12 8 0.42394113494987 0.34318705911663416 Penicillium-mb
12 8 -0.7429754432955621 0.05569470781382877 Penicillium-brevicompactum
10 12 0.5653418526491107 0.18595710543423685 Penicillium-polonicum
10 12 -0.1572849797168143 0.7362752204279862 Penicillium-cvjetkovicii
10 12 -0.04502028664072441 0.9236486180514242 Penicillium-chrysogenum
10 12 0.4534750121480755 0.3068067090523206 Penicillium-solitum
10 12 -0.04335035800333863 0.9264752778066042 Penicillium-commune
10 12 -0.5784361205557903 0.17368581102630662 Penicillium-verrucosum
10 12 0.6932807695735859 0.0841287010090769 Penicillium-mb
10 12 -0.016189890995186584 0.9725187893291137 Penicillium-brevicompactum
12 12 -0.6138919684243445 0.14253904143102256 Penicillium-polonicum
12 12 -0.5267066181880705 0.22451732159299237 Penicillium-cvjetkovicii
12 12 0.6754030000459823 0.09589470834105576 Penicillium-chrysogenum
12 12 0.501939695607392 0.25103532685836166 Penicillium-solitum
12 12 0.3504127607518933 0.44096027580847325 Penicillium-commune
12 12 0.7495835983756415 0.052386183103669694 Penicillium-verrucosum
12 12 -0.432894750312172 0.3319734869340431 Penicillium-mb
12 12 0.6292230465412793 0.13002745950378714 Penicillium-brevicompactum
12 12 -0.3405467637599074 0.4548018352071019 Penicillium-polonicum
12 12 0.037173885900383306 0.9369352468574079 Penicillium-cvjetkovicii
12 12 -0.33612675946231035 0.46105462925576585 Penicillium-chrysogenum
12 12 -0.20902570395056708 0.6528479454873269 Penicillium-solitum
12 12 -0.501769770533369 0.2512220001671321 Penicillium-commune
12 12 -0.43329891870322595 0.33147104275353334 Penicillium-verrucosum
12 12 -0.10051729184631021 0.8302173047162615 Penicillium-mb
12 12 0.45612415804505935 0.3036298832867734 Penicillium-brevicompactum
12 10 0.8599845974737849 0.013047131586497174 Penicillium-polonicum
12 10 0.8409725575870532 0.017745783828786815 Penicillium-cvjetkovicii
12 10 0.7413689931993791 0.05651571575681926 Penicillium-chrysogenum
12 10 0.7565939386899073 0.048996906622723484 Penicillium-solitum
12 10 0.7377127328389896 0.05840870283532077 Penicillium-commune
12 10 -0.809060433320895 0.027527080870952774 Penicillium-verrucosum
12 10 0.8403330720909793 0.01791823020556857 Penicillium-mb
12 10 0.6065800330735025 0.14871090333264494 Penicillium-brevicompactum
12 12 -0.6693112545356691 0.10008925074920398 Penicillium-polonicum
12 12 -0.5442663986462809 0.20656087451884633 Penicillium-cvjetkovicii
12 12 -0.12742395374741955 0.7854302843383099 Penicillium-chrysogenum
12 12 -0.11899073340692334 0.7994220879195435 Penicillium-solitum
12 12 -0.1524477209295926 0.7441935320595432 Penicillium-commune
12 12 -0.025878057023903684 0.9560827545039992 Penicillium-verrucosum
12 12 0.21126168004568935 0.6493006833045074 Penicillium-mb
12 12 -0.2550618315955464 0.5809400023393666 Penicillium-brevicompactum
12 12 0.3618677192706125 0.4250938453623489 Penicillium-polonicum
12 12 0.3679299305493811 0.41678782407711334 Penicillium-cvjetkovicii
12 12 -0.250750670865834 0.5875680036178567 Penicillium-chrysogenum
12 12 -0.2955274580593505 0.5199154170519416 Penicillium-solitum
12 12 0.44893306582862014 0.31228694027749637 Penicillium-commune
12 12 -0.41700623953182714 0.3519802360098061 Penicillium-verrucosum
12 12 0.13824596065003728 0.7675426498294355 Penicillium-mb
12 12 -0.200766397597386 0.6659956208332847 Penicillium-brevicompactum
12 10 0.5702471501417082 0.18131214164177312 Penicillium-polonicum
12 10 0.5819692592505492 0.1704451193730156 Penicillium-cvjetkovicii
12 10 -0.3086124440816213 0.500671997998837 Penicillium-chrysogenum
12 10 0.4534750121373659 0.3068067090651929 Penicillium-solitum
12 10 -0.3086124486327558 0.5006719913496671 Penicillium-commune
12 10 -0.1743187780919647 0.708542941726007 Penicillium-verrucosum
12 10 0.5902473087544448 0.16297025143214727 Penicillium-mb
12 10 -0.33851337841819873 0.45767444474371477 Penicillium-brevicompactum
12 12 -0.6152783556520315 0.14138368118748307 Penicillium-polonicum
12 12 0.15292426483483676 0.7434126510434129 Penicillium-cvjetkovicii
12 12 -0.1987213643269611 0.6692616896206026 Penicillium-chrysogenum
12 12 -0.05524707518138141 0.906352721934686 Penicillium-solitum
12 12 -0.05499056033747995 0.9067862120573053 Penicillium-commune
12 12 -0.1967179585004325 0.6724652990419517 Penicillium-verrucosum
12 12 0.13542679622145157 0.7721948186614754 Penicillium-mb
12 12 -0.10849933785104984 0.816888062977987 Penicillium-brevicompactum
12 12 -0.1289357893175342 0.7829267062126832 Penicillium-polonicum
12 12 -0.13111203157382662 0.779325497756112 Penicillium-cvjetkovicii
12 12 -0.20250387810016368 0.6632240263888305 Penicillium-chrysogenum
12 12 -0.17714230490800634 0.7039698927574263 Penicillium-solitum
12 12 -0.2284748007333797 0.6221729348095655 Penicillium-commune
12 12 -0.22726496473628582 0.624068940069505 Penicillium-verrucosum
12 12 -0.3769304969298331 0.4045742475923934 Penicillium-mb
12 12 -0.17418523581491163 0.7087594033380356 Penicillium-brevicompactum
10 6 0.58330487582624 0.16922788727268728 Penicillium-polonicum
10 6 0.5568621147557044 0.19412143532745943 Penicillium-cvjetkovicii
10 6 0.7863603802636936 0.03597935053339811 Penicillium-chrysogenum
10 6 0.7846234507914299 0.03667828044982832 Penicillium-solitum
10 6 0.7793721337736521 0.03883687653440977 Penicillium-commune
10 6 0.6381612810859942 0.12300283894095732 Penicillium-verrucosum
10 6 -0.8340874350148623 0.01965248927463892 Penicillium-mb
10 6 0.920144082884991 0.003314247014228944 Penicillium-brevicompactum
12 12 -0.2032725235994414 0.6619988696143334 Penicillium-polonicum
12 12 -0.19122724169234043 0.6812654984830375 Penicillium-cvjetkovicii
12 12 -0.3326251838034107 0.46603053930569055 Penicillium-chrysogenum
12 12 -0.5037225708888988 0.24908057862753916 Penicillium-solitum
12 12 -0.6276167689233829 0.13131096473971765 Penicillium-commune
12 12 -0.3783766750763929 0.40262517117380797 Penicillium-verrucosum
12 12 0.012849156647610549 0.9781883948474234 Penicillium-mb
12 12 0.4561241580428658 0.3036298832893979 Penicillium-brevicompactum
12 12 -0.1327022854237563 0.7766959525231986 Penicillium-polonicum
12 12 -0.3123316798910245 0.4952486024714804 Penicillium-cvjetkovicii
12 12 -0.14121680706988685 0.7626461757747387 Penicillium-chrysogenum
12 12 -0.11512561181420197 0.805849305869839 Penicillium-solitum
12 12 -0.013807981965220909 0.9765610763578472 Penicillium-commune
12 12 -0.18083333656870362 0.6980025049229148 Penicillium-verrucosum
12 12 -0.16931283987832615 0.7166677367727989 Penicillium-mb
12 12 0.025350676769442176 0.9569771820319983 Penicillium-brevicompactum
12 8 0.583304910670653 0.16922785557289327 Penicillium-polonicum
12 8 0.5568621523487503 0.1941213987562017 Penicillium-cvjetkovicii
12 8 0.8655837446031456 0.011818749153703104 Penicillium-chrysogenum
12 8 0.8403969001628335 0.01790097545219983 Penicillium-solitum
12 8 0.5998831382630129 0.15447884318757316 Penicillium-commune
12 8 0.7849288540203955 0.03655484676163203 Penicillium-verrucosum
12 8 -0.5935110924087581 0.1600687815716131 Penicillium-mb
12 8 0.6796643561147999 0.09301644967167838 Penicillium-brevicompactum
10 10 0.20422394647418182 0.6604832106166406 Penicillium-polonicum
10 10 0.10436672403703863 0.8237849182086281 Penicillium-cvjetkovicii
10 10 0.2887199614478359 0.5300248311887381 Penicillium-chrysogenum
10 10 -0.2659974086323466 0.5642331413565358 Penicillium-solitum
10 10 -0.268681761716051 0.5601557565740772 Penicillium-commune
10 10 0.28537094819355147 0.5350222840756056 Penicillium-verrucosum
10 10 0.07833855236382016 0.8674160472394163 Penicillium-mb
10 10 -0.42310911095547754 0.34423709212757225 Penicillium-brevicompactum
12 12 -0.20002251557940748 0.6671831726052189 Penicillium-polonicum
12 12 0.18969913592607576 0.6837198174408784 Penicillium-cvjetkovicii
12 12 0.28872001179574164 0.5300247561770361 Penicillium-chrysogenum
12 12 -0.3075991088676706 0.502153239212983 Penicillium-solitum
12 12 -0.3167507335233106 0.48883192197594727 Penicillium-commune
12 12 0.2853709925675767 0.5350222177560826 Penicillium-verrucosum
12 12 0.06120805973780349 0.8962845067291071 Penicillium-mb
12 12 -0.4087785403861189 0.36253294427223043 Penicillium-brevicompactum
12 12 0.22602832298751666 0.6260086592080292 Penicillium-polonicum
12 12 0.19760365190601534 0.6710485145042953 Penicillium-cvjetkovicii
12 12 0.37178058540687847 0.4115451222195254 Penicillium-chrysogenum
12 12 0.3688187636793291 0.415575367835991 Penicillium-solitum
12 12 -0.5452154631781282 0.20561067250021622 Penicillium-commune
12 12 -0.5774940080632582 0.1745550121158062 Penicillium-verrucosum
12 12 -0.5821173113676832 0.17030997810816442 Penicillium-mb
12 12 0.34529967593163235 0.4481136483994722 Penicillium-brevicompactum
12 12 -0.2432797264712884 0.5991080692143071 Penicillium-polonicum
12 12 -0.0540200157130901 0.9084265227345544 Penicillium-cvjetkovicii
12 12 -0.44203374164787596 0.3206920709375109 Penicillium-chrysogenum
12 12 0.30396215018195855 0.5074821314314508 Penicillium-solitum
12 12 -0.585784156364392 0.16697977656719978 Penicillium-commune
12 12 -0.3727606502811124 0.410214906850206 Penicillium-verrucosum
12 12 0.1453833859876611 0.7557895418603844 Penicillium-mb
12 12 0.23324784000421692 0.6147090780710349 Penicillium-brevicompactum
12 10 -0.008059504309907203 0.986318204900324 Penicillium-polonicum
12 10 0.22945125296828559 0.6206438877933831 Penicillium-cvjetkovicii
12 10 -0.6774366124231691 0.09451539150320333 Penicillium-chrysogenum
12 10 -0.34935988836858783 0.4424297240029226 Penicillium-solitum
12 10 0.4489330656254087 0.3122869405236328 Penicillium-commune
12 10 -0.32781700841990313 0.47289507018298593 Penicillium-verrucosum
12 10 0.35919562147860395 0.42877507041254553 Penicillium-mb
12 10 -0.23879906811792959 0.6060614626237205 Penicillium-brevicompactum
12 12 -0.3562982735300315 0.4327803845285115 Penicillium-polonicum
12 12 0.004767206191092732 0.9919070313749578 Penicillium-cvjetkovicii
12 12 -0.2977943495088458 0.5165637098974598 Penicillium-chrysogenum
12 12 -0.5118599651732348 0.24024841999308758 Penicillium-solitum
12 12 0.22712171303161016 0.6242935476563898 Penicillium-commune
12 12 -0.011818404301025308 0.9799378548730371 Penicillium-verrucosum
12 12 -0.14607668058119258 0.7546498622032952 Penicillium-mb
12 12 0.10717436742038373 0.8190982808076577 Penicillium-brevicompactum
12 10 -0.06402693208593506 0.8915271628871457 Penicillium-polonicum
12 10 -0.07225820909407366 0.8776506469518551 Penicillium-cvjetkovicii
12 10 -0.4003843148371772 0.37343177127040794 Penicillium-chrysogenum
12 10 -0.334720704990937 0.46305033622088765 Penicillium-solitum
12 10 0.08771871451836484 0.8516563454630321 Penicillium-commune
12 10 -0.5842609526583362 0.1683591970176027 Penicillium-verrucosum
12 10 -0.06653032090110203 0.8873044174333472 Penicillium-mb
12 10 0.07315604530532954 0.8761385032650106 Penicillium-brevicompactum
12 12 -0.3670415287970422 0.4180010674191416 Penicillium-polonicum
12 12 -0.12278284144272693 0.7931250165965819 Penicillium-cvjetkovicii
12 12 -0.6567138127702837 0.10906130326218545 Penicillium-chrysogenum
12 12 0.2018744480269577 0.6642277298752756 Penicillium-solitum
12 12 0.22369152063061326 0.6296786964136277 Penicillium-commune
12 12 0.361720594411368 0.42529621403269585 Penicillium-verrucosum
12 12 -0.030880244113863177 0.9476010612694296 Penicillium-mb
12 12 0.3313732683567512 0.4678143352683638 Penicillium-brevicompactum
12 12 -0.29044752168519605 0.5274531000945899 Penicillium-polonicum
12 12 -0.15524762158393154 0.7396080330938011 Penicillium-cvjetkovicii
12 12 -0.23570342811282066 0.6108793639006709 Penicillium-chrysogenum
12 12 -0.07959349607473891 0.865305485082717 Penicillium-solitum
12 12 -0.225837910026276 0.6263074816821891 Penicillium-commune
12 12 -0.06197058080965628 0.8949973693663016 Penicillium-verrucosum
12 12 -0.1703988407365073 0.7149032932722577 Penicillium-mb
12 12 -0.09277030137178255 0.8431850820785044 Penicillium-brevicompactum
12 12 -0.6138919683344306 0.14253904150610702 Penicillium-polonicum
12 12 -0.7508131174611252 0.05178277932552337 Penicillium-cvjetkovicii
12 12 0.7269794420428699 0.06416172767381774 Penicillium-chrysogenum
12 12 0.6397297599416626 0.12179075321620066 Penicillium-solitum
12 12 0.7286690721837467 0.06323668020148146 Penicillium-commune
12 12 0.6480003994156626 0.11550138258167551 Penicillium-verrucosum
12 12 -0.46380772448455454 0.29449812211173426 Penicillium-mb
12 12 0.7429868964270026 0.05568887793461713 Penicillium-brevicompactum
12 12 0.4600544776079763 0.2989434364024692 Penicillium-polonicum
12 12 0.3290242164898502 0.47116811784000606 Penicillium-cvjetkovicii
12 12 -0.08907112026837576 0.8493872872968726 Penicillium-chrysogenum
12 12 0.4534750121959647 0.30680670899476176 Penicillium-solitum
12 12 -0.57438666776351 0.17743696834167766 Penicillium-commune
12 12 -0.20837649560929744 0.6538788587875509 Penicillium-verrucosum
12 12 0.38079332257554316 0.39937648331959247 Penicillium-mb
12 12 0.028934425629875898 0.9508999527728328 Penicillium-brevicompactum
12 12 0.032522292170427736 0.9448176360161178 Penicillium-polonicum
12 12 -0.40693264587351463 0.36491819572718975 Penicillium-cvjetkovicii
12 12 0.25662809687289345 0.5785377798798998 Penicillium-chrysogenum
12 12 0.18463409767347458 0.6918706130973716 Penicillium-solitum
12 12 0.2641117459116125 0.5671029914119923 Penicillium-commune
12 12 0.1416568642998693 0.761921415787933 Penicillium-verrucosum
12 12 -0.38889983032058456 0.3885557459060348 Penicillium-mb
12 12 -0.7153631642592263 0.07071803753768313 Penicillium-brevicompactum
12 12 -0.36535979964363763 0.42030147169455306 Penicillium-polonicum
12 12 0.1250107429618348 0.7894295683145304 Penicillium-cvjetkovicii
12 12 -0.16480278441740956 0.7240059525609772 Penicillium-chrysogenum
12 12 0.22701910484794507 0.6244544435576169 Penicillium-solitum
12 12 0.1531570807428387 0.7430312145183737 Penicillium-commune
12 12 -0.4572228628333894 0.30231658171363407 Penicillium-verrucosum
12 12 -0.4108164018094716 0.3599071543508781 Penicillium-mb
12 12 0.10088966097708664 0.8295947430185708 Penicillium-brevicompactum
12 12 -0.5874770703590502 0.16545324831064115 Penicillium-polonicum
12 12 -0.5915351482357863 0.16182228432617846 Penicillium-cvjetkovicii
12 12 0.05213125865078791 0.9116194354518893 Penicillium-chrysogenum
12 12 0.25121136006927686 0.5868586346353877 Penicillium-solitum
12 12 0.23024350933412988 0.6194040736550084 Penicillium-commune
12 12 0.09700210861441973 0.8360977625577969 Penicillium-verrucosum
12 12 -0.56597761329947 0.18535185696924986 Penicillium-mb
12 12 0.15391654315461767 0.7417872316218639 Penicillium-brevicompactum
6 12 -0.052545746754685166 0.9109186679371372 Penicillium-polonicum
6 12 -0.10481187173428233 0.8230415779686202 Penicillium-cvjetkovicii
6 12 -0.1322202884887968 0.7774927747903431 Penicillium-chrysogenum
6 12 -0.08913592872621164 0.849278572709961 Penicillium-solitum
6 12 -0.09089861789859008 0.8463224380289163 Penicillium-commune
6 12 -0.3226518085104646 0.4803099311068323 Penicillium-verrucosum
6 12 -0.06690698110810304 0.8866692440346626 Penicillium-mb
6 12 -0.3316088106463727 0.4674785311902774 Penicillium-brevicompactum
12 12 0.038665545727783995 0.9344083870772173 Penicillium-polonicum
12 12 0.21537605435534352 0.6427872155706493 Penicillium-cvjetkovicii
12 12 0.38034766117847835 0.39997479788770246 Penicillium-chrysogenum
12 12 0.15317187519605646 0.7430069772730618 Penicillium-solitum
12 12 -0.7086289452199976 0.07467614908174683 Penicillium-commune
12 12 -0.6619852918362916 0.10525808723067079 Penicillium-verrucosum
12 12 -0.6670170947753907 0.10169329189787242 Penicillium-mb
12 12 0.3698789502902312 0.41413097260045745 Penicillium-brevicompactum
12 10 -0.3670420414592548 0.41800036690741815 Penicillium-polonicum
12 10 -0.08564423117554273 0.8551384785766101 Penicillium-cvjetkovicii
12 10 -0.6567132635108451 0.10906170319084776 Penicillium-chrysogenum
12 10 0.16201215009750636 0.7285549962726878 Penicillium-solitum
12 10 0.21942233595527427 0.6363992285731984 Penicillium-commune
12 10 0.32613370489200444 0.47530692895345894 Penicillium-verrucosum
12 10 -0.0039018309562794296 0.9933760964618232 Penicillium-mb
12 10 0.26672212045403404 0.5631314129680962 Penicillium-brevicompactum
12 12 -0.24279589467031945 0.5998577580468355 Penicillium-polonicum
12 12 -0.12572806271640352 0.7882404056306543 Penicillium-cvjetkovicii
12 12 0.03451999500958829 0.9414319466440257 Penicillium-chrysogenum
12 12 -0.28067404010949026 0.5420573703810629 Penicillium-solitum
12 12 -0.20250307200063455 0.6632253115578024 Penicillium-commune
12 12 -0.010993277601366161 0.9813383600062985 Penicillium-verrucosum
12 12 -0.3769313050699113 0.40457315738771904 Penicillium-mb
12 12 0.07705015237080828 0.8695835277013179 Penicillium-brevicompactum
12 12 -0.5828407128608984 0.16965042064249242 Penicillium-polonicum
12 12 0.12501073437831153 0.7894295825461238 Penicillium-cvjetkovicii
12 12 0.14222057789431497 0.7609931998913426 Penicillium-chrysogenum
12 12 0.1743212068437596 0.7085390050531544 Penicillium-solitum
12 12 0.056277917128951825 0.904610866551177 Penicillium-commune
12 12 -0.4572228826474248 0.302316558052091 Penicillium-verrucosum
12 12 -0.6174678697885104 0.13956869873882455 Penicillium-mb
12 12 0.03488036349686016 0.940821270746024 Penicillium-brevicompactum
12 10 -0.2655113398427477 0.5649724619197951 Penicillium-polonicum
12 10 -0.15075142568797717 0.7469745494413285 Penicillium-cvjetkovicii
12 10 0.005020425725343905 0.9914771679886659 Penicillium-chrysogenum
12 10 -0.0011095068157288284 0.9981164438887489 Penicillium-solitum
12 10 -0.2797860586531784 0.5433908159776428 Penicillium-commune
12 10 -0.06177776292051716 0.8953228292036669 Penicillium-verrucosum
12 10 -0.20344170439036363 0.6617292898913574 Penicillium-mb
12 10 -0.3119134747341949 0.49585739095068815 Penicillium-brevicompactum
10 10 -0.07799669832388709 0.8679910857500053 Penicillium-polonicum
10 10 -0.03846669123933291 0.9347452200599109 Penicillium-cvjetkovicii
10 10 -0.2444254344705103 0.597333937708354 Penicillium-chrysogenum
10 10 -0.23194759331103035 0.6167397566642043 Penicillium-solitum
10 10 0.08345549718332082 0.8588144142644835 Penicillium-commune
10 10 0.007423157513477355 0.9873984036106546 Penicillium-verrucosum
10 10 -0.17679834819050924 0.7045265965183383 Penicillium-mb
10 10 0.1526575629134313 0.7438496563596824 Penicillium-brevicompactum
12 12 0.44828481676342896 0.31307255037042175 Penicillium-polonicum
12 12 0.5112296337158603 0.240927289747277 Penicillium-cvjetkovicii
12 12 -0.9715546690400945 0.00025812553517181946 Penicillium-chrysogenum
12 12 0.6809222228141003 0.09217565738201185 Penicillium-solitum
12 12 0.687444843299475 0.08788022659137272 Penicillium-commune
12 12 0.6575364679987029 0.10846316287808326 Penicillium-verrucosum
12 12 0.4340095550662583 0.33058839916006816 Penicillium-mb
12 12 0.6809459727612032 0.09215982092142097 Penicillium-brevicompactum
10 12 0.20932740592317628 0.6523690057396383 Penicillium-polonicum
10 12 0.16533528048201385 0.7231386540822884 Penicillium-cvjetkovicii
10 12 -0.5850675257586967 0.16762806224670576 Penicillium-chrysogenum
10 12 0.49956717186476046 0.2536474629481137 Penicillium-solitum
10 12 0.4977527560303227 0.25565349913742513 Penicillium-commune
10 12 0.35867339739297144 0.42949594070508934 Penicillium-verrucosum
10 12 -0.5236569774537891 0.22770790838343644 Penicillium-mb
10 12 -0.6751055805030518 0.09609731541162993 Penicillium-brevicompactum
12 10 0.2083070943479039 0.6539890907377877 Penicillium-polonicum
12 10 0.05333496329640661 0.9095844810928857 Penicillium-cvjetkovicii
12 10 0.15756912876811408 0.7358106551245734 Penicillium-chrysogenum
12 10 0.1624698481957352 0.7278084600363333 Penicillium-solitum
12 10 -0.3088184590433154 0.5003710435730855 Penicillium-commune
12 10 -0.26678931245548343 0.5630293005006533 Penicillium-verrucosum
12 10 -0.7372797063617998 0.058635142476086095 Penicillium-mb
12 10 -0.5420826902563312 0.20875515077897153 Penicillium-brevicompactum
12 12 0.2570833747773033 0.577840088656224 Penicillium-polonicum
12 12 0.21575022468152832 0.6421957609040976 Penicillium-cvjetkovicii
12 12 0.514098092861 0.23784514020578768 Penicillium-chrysogenum
12 12 0.5343803684462458 0.2165828982732036 Penicillium-solitum
12 12 -0.5941395764959165 0.15951303926116805 Penicillium-commune
12 12 -0.6251704782745262 0.13327802033726546 Penicillium-verrucosum
12 12 0.5821113273234462 0.1703154392905047 Penicillium-mb
12 12 0.42521900255271516 0.3415769983119302 Penicillium-brevicompactum
12 12 -0.6138919684195402 0.14253904143503443 Penicillium-polonicum
12 12 -0.8225620050554427 0.023093411717645857 Penicillium-cvjetkovicii
12 12 0.602649316548032 0.1520830540617457 Penicillium-chrysogenum
12 12 0.6207816947619321 0.13684428783748775 Penicillium-solitum
12 12 0.6319551601084873 0.12785911276580816 Penicillium-commune
12 12 0.6292565272205312 0.13000077492750853 Penicillium-verrucosum
12 12 -0.32593931602097753 0.4755857387496122 Penicillium-mb
12 12 0.5978651323564342 0.15623844155923766 Penicillium-brevicompactum
12 12 -0.5146436928190963 0.23726098451265745 Penicillium-polonicum
12 12 -0.033250971994612674 0.9435825971186822 Penicillium-cvjetkovicii
12 12 0.24435349087445424 0.5974452959828425 Penicillium-chrysogenum
12 12 -0.6465370328635055 0.1166016913360035 Penicillium-solitum
12 12 0.19955653525260716 0.6679273566799834 Penicillium-commune
12 12 0.4044126217553354 0.3681849622631195 Penicillium-verrucosum
12 12 -0.05579763901907247 0.9054223744255742 Penicillium-mb
12 12 0.37344684557468116 0.4092845595443492 Penicillium-brevicompactum
12 12 0.20651403442459954 0.6568387856104864 Penicillium-polonicum
12 12 -0.02605209155894297 0.9557876030340495 Penicillium-cvjetkovicii
12 12 0.16401317086058592 0.7252924608933302 Penicillium-chrysogenum
12 12 -0.6772522262001326 0.0946400206055126 Penicillium-solitum
12 12 0.16401315724881027 0.7252924830752756 Penicillium-commune
12 12 -0.7930565545806202 0.03335461244169059 Penicillium-verrucosum
12 12 0.11580184545760619 0.8047241770401066 Penicillium-mb
12 12 0.45612415802749623 0.30362988330778706 Penicillium-brevicompactum
12 8 0.2987270769905078 0.5151867853558442 Penicillium-polonicum
12 8 0.2742884410195193 0.5516702564253275 Penicillium-cvjetkovicii
12 8 -0.4321216127547433 0.33293552148333716 Penicillium-chrysogenum
12 8 -0.42750053263645255 0.3387103275852865 Penicillium-solitum
12 8 0.28872023798099794 0.5300244191910466 Penicillium-commune
12 8 0.285371192736362 0.5350219185923992 Penicillium-verrucosum
12 8 0.23368881080401843 0.614020828677118 Penicillium-mb
12 8 -0.6253844922459084 0.13310533838872962 Penicillium-brevicompactum
12 12 -0.40026863952540076 0.3735828856508702 Penicillium-polonicum
12 12 -0.5470051524568599 0.20382454464843738 Penicillium-cvjetkovicii
12 12 -0.054046267110359605 0.9083821520058514 Penicillium-chrysogenum
12 12 -0.32758215678422425 0.4732313007871558 Penicillium-solitum
12 12 0.21141343080850564 0.6490601283807015 Penicillium-commune
12 12 -0.42091864564795556 0.3470079666179454 Penicillium-verrucosum
12 12 -0.5659776133797417 0.18535185689289133 Penicillium-mb
12 12 0.1678547844447319 0.7190382385682372 Penicillium-brevicompactum
12 10 0.4849246508210502 0.27004184318726016 Penicillium-polonicum
12 10 0.3294712006184074 0.47052927640716447 Penicillium-cvjetkovicii
12 10 -0.28161363711985565 0.5406475938659641 Penicillium-chrysogenum
12 10 0.4534750120106193 0.306806709217532 Penicillium-solitum
12 10 -0.28161364303277053 0.5406475849980132 Penicillium-commune
12 10 -0.1702931261629709 0.7150750052737228 Penicillium-verrucosum
12 10 0.3614502898934759 0.42566811189121495 Penicillium-mb
12 10 -0.26282072121143185 0.5690705051304445 Penicillium-brevicompactum
12 12 -0.6513829819018124 0.11297861756397637 Penicillium-polonicum
12 12 -0.1004218671914407 0.8303768559981278 Penicillium-cvjetkovicii
12 12 -0.2010834548553926 0.6654896310904204 Penicillium-chrysogenum
12 12 -0.4889804426496418 0.2654540305618309 Penicillium-solitum
12 12 -0.22382600618858337 0.6294673167069013 Penicillium-commune
12 12 0.44867613621020336 0.31259820945930544 Penicillium-verrucosum
12 12 0.3450752576706117 0.4484286093690406 Penicillium-mb
12 12 0.3796177319953644 0.40095551946559616 Penicillium-brevicompactum
12 12 -0.5309629260594028 0.22009976898796016 Penicillium-polonicum
12 12 0.13695330955260274 0.7696750938898951 Penicillium-cvjetkovicii
12 12 -0.03774386540910995 0.9359696555295967 Penicillium-chrysogenum
12 12 -0.1485656055822713 0.7505613427716534 Penicillium-solitum
12 12 -0.03774387014207398 0.9359696475118311 Penicillium-commune
12 12 0.058071734175432495 0.9015805095036682 Penicillium-verrucosum
12 12 -0.6032785272507282 0.15154070920987517 Penicillium-mb
12 12 -0.0012527444496565937 0.9978732766384737 Penicillium-brevicompactum
12 12 -0.6685933337133944 0.10058977733863032 Penicillium-polonicum
12 12 0.24099893987176024 0.6026445617796764 Penicillium-cvjetkovicii
12 12 -0.05194554384934646 0.9119334348949169 Penicillium-chrysogenum
12 12 -0.2018735535244764 0.6642291565534032 Penicillium-solitum
12 12 -0.2946713122932012 0.5211831944619459 Penicillium-commune
12 12 0.1967186960432138 0.6724641189230329 Penicillium-verrucosum
12 12 0.3012262576093351 0.511503644961433 Penicillium-mb
12 12 0.12709957412557807 0.7859676446439879 Penicillium-brevicompactum
8 12 0.13612433927497922 0.7710432271893958 Penicillium-polonicum
8 12 -0.1451819793228719 0.7561206924149394 Penicillium-cvjetkovicii
8 12 0.0885857727203298 0.8502015060473522 Penicillium-chrysogenum
8 12 -0.062413319113787134 0.89425010996969 Penicillium-solitum
8 12 -0.07776952166507708 0.8683732490916494 Penicillium-commune
8 12 0.2150178835677571 0.6433535200986576 Penicillium-verrucosum
8 12 0.040828347152621944 0.9307454009487585 Penicillium-mb
8 12 0.18007591405461293 0.6992260514453126 Penicillium-brevicompactum
12 12 -0.529509288323009 0.22160381826043818 Penicillium-polonicum
12 12 -0.7283512102099312 0.06341015074849786 Penicillium-cvjetkovicii
12 12 0.4318404330728641 0.3332856947184131 Penicillium-chrysogenum
12 12 0.39372787705713286 0.3821680109620239 Penicillium-solitum
12 12 0.4627686247084483 0.2957258796037311 Penicillium-commune
12 12 0.3216565968072595 0.4817433852459835 Penicillium-verrucosum
12 12 -0.5659776134600135 0.18535185681653277 Penicillium-mb
12 12 0.24792603180256506 0.5919231006455259 Penicillium-brevicompactum
12 10 0.4705222235773864 0.2866191821361953 Penicillium-polonicum
12 10 -0.8966479986433956 0.006234069586399203 Penicillium-cvjetkovicii
12 10 0.3131010817136333 0.49412926155132597 Penicillium-chrysogenum
12 10 0.335255384734949 0.46229105472602094 Penicillium-solitum
12 10 0.3131010784503137 0.4941292662969675 Penicillium-commune
12 10 -0.050709760222161775 0.9140230808144197 Penicillium-verrucosum
12 10 0.529577868247491 0.22153275129988578 Penicillium-mb
12 10 -0.13207994514403296 0.7777248151951694 Penicillium-brevicompactum
10 8 0.7316834305970001 0.06160438136134373 Penicillium-polonicum
10 8 0.7265898093782751 0.06437607554620249 Penicillium-cvjetkovicii
10 8 -0.15152315650750497 0.745709051232655 Penicillium-chrysogenum
10 8 0.38592129402951203 0.3925177328128351 Penicillium-solitum
10 8 0.3677545162156523 0.4170272692948636 Penicillium-commune
10 8 -0.825771595912695 0.022103609055851 Penicillium-verrucosum
10 8 0.13902638232669798 0.7662557772248959 Penicillium-mb
10 8 -0.03743866073172527 0.936486689204379 Penicillium-brevicompactum
