#SPECIES: Penicillium-chrysogenum Penicillium-commune Penicillium-solitum Penicillium-verrucosum Penicillium-polonicum Penicillium-mb Penicillium-brevicompactum Penicillium-cvjetkovicii 
#GENE_TREEs p: 0.004211909338295618 0.002879009710037968 0.0009207087828575638 0.001406497460278129 0.0015438260163182812 0.0011871564758136406 0.17158105822712008 0.04398806861679121 
#GENE_TREEs r: 0.9119499122362642 0.9245906237255012 0.9524966327174735 0.9436138256205507 0.9414452352512657 0.9473539765247049 0.5807270767190419 -0.7674599911503458 
1 0 0.9107629890364884 0.004352435269258727 Penicillium-chrysogenum
1 0 0.922699602226052 0.0030597247779807525 Penicillium-commune
1 0 0.951101581423548 0.0009890502063356833 Penicillium-solitum
1 0 0.9425947564645833 0.0014700919579763987 Penicillium-verrucosum
1 0 0.9407527116806198 0.001589276736237714 Penicillium-polonicum
1 0 0.946722781761227 0.0012226392467187114 Penicillium-mb
1 0 0.5806945018348162 0.17161089699549376 Penicillium-brevicompactum
1 0 -0.7583642125519062 0.04816063277144865 Penicillium-cvjetkovicii
3 2 0.9093259096232436 0.004526191055736959 Penicillium-chrysogenum
3 2 0.9240139732818501 0.0029334344140186427 Penicillium-commune
3 2 0.952076533723778 0.0009409845607874086 Penicillium-solitum
3 2 0.9438645359425916 0.0013911057332010729 Penicillium-verrucosum
3 2 0.9406951089553897 0.0015930922836182879 Penicillium-polonicum
3 2 0.9465907837042772 0.0012301376596396696 Penicillium-mb
3 2 0.5807055154042334 0.1716008082210539 Penicillium-brevicompactum
3 2 -0.7615868590264668 0.04665851072193819 Penicillium-cvjetkovicii
1 2 0.907982965308503 0.00469216163110482 Penicillium-chrysogenum
1 2 0.9223967888120475 0.003089263199712126 Penicillium-commune
1 2 0.9507035327842321 0.0010090823503760783 Penicillium-solitum
1 2 0.9420988402817941 0.0015016407886848633 Penicillium-verrucosum
1 2 0.9408664605156992 0.0015817579573697053 Penicillium-polonicum
1 2 0.9468167357358056 0.0012173184877439748 Penicillium-mb
1 2 0.5807301878507248 0.17157820854749994 Penicillium-brevicompactum
1 2 -0.779345722177843 0.03884790635323283 Penicillium-cvjetkovicii
1 2 0.9091649025336084 0.004545905722651153 Penicillium-chrysogenum
1 2 0.9234379094809518 0.0029884011715180913 Penicillium-commune
1 2 0.9514824402931418 0.000970105087412278 Penicillium-solitum
1 2 0.94296469101997 0.0014468145567835238 Penicillium-verrucosum
1 2 0.9407145689909957 0.0015918026670641411 Penicillium-polonicum
1 2 0.9466387022856917 0.0012274124191284641 Penicillium-mb
1 2 0.5807301878507247 0.17157820854750014 Penicillium-brevicompactum
1 2 -0.7715121619792993 0.04219600238451457 Penicillium-cvjetkovicii
1 0 0.9090182695726204 0.0045639038264265975 Penicillium-chrysogenum
1 0 0.9245074708131938 0.002886820894605089 Penicillium-commune
1 0 0.9522533011992699 0.0009324211669082004 Penicillium-solitum
1 0 0.9433342637161389 0.0014237783899894128 Penicillium-verrucosum
1 0 0.9413400980113389 0.0015506762199566906 Penicillium-polonicum
1 0 0.9472253144018079 0.0011943392030384435 Penicillium-mb
1 0 0.5806909401548002 0.17161415966840624 Penicillium-brevicompactum
1 0 -0.757287785751955 0.04866819408084934 Penicillium-cvjetkovicii
1 2 0.9108951543515206 0.0043366542858156555 Penicillium-chrysogenum
1 2 0.9259914947940311 0.002749275608451581 Penicillium-commune
1 2 0.9535329751639167 0.0008718032874076134 Penicillium-solitum
1 2 0.9447265576381325 0.001338944477089 Penicillium-verrucosum
1 2 0.9427544208596207 0.0014600185162048356 Penicillium-polonicum
1 2 0.9485696147007117 0.0011205504507831542 Penicillium-mb
1 2 0.5807586619767773 0.171552128401623 Penicillium-brevicompactum
1 2 -0.7682626247051653 0.04362984040077623 Penicillium-cvjetkovicii
1 2 0.9102762315998149 0.0044108444063354095 Penicillium-chrysogenum
1 2 0.9243377081934447 0.002902806520934454 Penicillium-commune
1 2 0.9522633614159999 0.0009319351979692105 Penicillium-solitum
1 2 0.9443573433395047 0.0013611418065452286 Penicillium-verrucosum
1 2 0.9417433020108652 0.001524502613229926 Penicillium-polonicum
1 2 0.9475929363246013 0.0011738840748643307 Penicillium-mb
1 2 0.5807348085445202 0.1715739762087667 Penicillium-brevicompactum
1 2 -0.7682626247051656 0.043629840400776096 Penicillium-cvjetkovicii
1 2 0.9141714376093841 0.003956095455364233 Penicillium-chrysogenum
1 2 0.9279734906404347 0.002571686431995179 Penicillium-commune
1 2 0.9552290857989995 0.0007951463895492482 Penicillium-solitum
1 2 0.9462860736791169 0.0012475507933400205 Penicillium-verrucosum
1 2 0.9438605086771956 0.0013913521877105045 Penicillium-polonicum
1 2 0.9496240274538817 0.0010646092354363518 Penicillium-mb
1 2 0.5808614206524578 0.17145802546234507 Penicillium-brevicompactum
1 2 -0.7682626247051658 0.04362984040077598 Penicillium-cvjetkovicii
1 2 0.9166135549586143 0.0036856225839416684 Penicillium-chrysogenum
1 2 0.9227177838128428 0.003057956515016697 Penicillium-commune
1 2 0.9516377939161803 0.000962439456795203 Penicillium-solitum
1 2 0.9413355590388353 0.0015509723587385027 Penicillium-verrucosum
1 2 0.9392731978856342 0.0016889934038943272 Penicillium-polonicum
1 2 0.9453952248509867 0.0012992908632820806 Penicillium-mb
1 2 0.5807381436066767 0.17157092148024122 Penicillium-brevicompactum
1 2 -0.7682626247051653 0.04362984040077623 Penicillium-cvjetkovicii
1 2 0.9109985010874537 0.004324337634991055 Penicillium-chrysogenum
1 2 0.9242304699209416 0.002912931245009307 Penicillium-commune
1 2 0.952252250921826 0.0009324719102607399 Penicillium-solitum
1 2 0.9433878992406688 0.0014204532948391688 Penicillium-verrucosum
1 2 0.9411144082343662 0.001565441424227903 Penicillium-polonicum
1 2 0.947035934007541 0.001204958185974277 Penicillium-mb
1 2 0.5807428029407251 0.17156665383831965 Penicillium-brevicompactum
1 2 -0.7682626247051665 0.04362984040077567 Penicillium-cvjetkovicii
1 0 0.9104515774884684 0.004389751179099104 Penicillium-chrysogenum
1 0 0.9241071400211945 0.002924600788465002 Penicillium-commune
1 0 0.9520751206154613 0.0009410532045801785 Penicillium-solitum
1 0 0.9437754016907212 0.0013965664610157635 Penicillium-verrucosum
1 0 0.941239208987139 0.0015572664456010874 Penicillium-polonicum
1 0 0.9471303273937798 0.001199658399015902 Penicillium-mb
1 0 0.5807232818416445 0.17158453422365183 Penicillium-brevicompactum
1 0 -0.7664661192447813 0.04443388671594858 Penicillium-cvjetkovicii
1 2 0.9092778583448979 0.0045320695094729965 Penicillium-chrysogenum
1 2 0.9245218751836003 0.002885466894221654 Penicillium-commune
1 2 0.9522343727197751 0.0009333359324904263 Penicillium-solitum
1 2 0.9435879116133636 0.0014080940843850221 Penicillium-verrucosum
1 2 0.9416895840145263 0.001527974507213208 Penicillium-polonicum
1 2 0.9475565744892521 0.0011758980150117742 Penicillium-mb
1 2 0.5807301878507248 0.17157820854749994 Penicillium-brevicompactum
1 2 -0.7713818226683414 0.04225300528181985 Penicillium-cvjetkovicii
1 2 0.9116942355575587 0.004241952876782876 Penicillium-chrysogenum
1 2 0.9269690183212121 0.0026608189059710336 Penicillium-commune
1 2 0.9543466111229446 0.0008345093514884987 Penicillium-solitum
1 2 0.9450759065802378 0.001318139468511011 Penicillium-verrucosum
1 2 0.943502117095919 0.0014133877167223352 Penicillium-polonicum
1 2 0.9492960634010797 0.001081827895875525 Penicillium-mb
1 2 0.5807978264522476 0.1715162598934761 Penicillium-brevicompactum
1 2 -0.7682626247051656 0.043629840400776096 Penicillium-cvjetkovicii
1 2 0.9108355099124902 0.004343771891358123 Penicillium-chrysogenum
1 2 0.9240757052562323 0.0029275795374551785 Penicillium-commune
1 2 0.9521014754598734 0.0009397734670682156 Penicillium-solitum
1 2 0.943474271273632 0.0014151083588158924 Penicillium-verrucosum
1 2 0.9410000070547123 0.0015729573583040278 Penicillium-polonicum
1 2 0.9469152533955317 0.0012117539908550392 Penicillium-mb
1 2 0.5807301878507249 0.17157820854749994 Penicillium-brevicompactum
1 2 -0.7702175368658777 0.04276408132437568 Penicillium-cvjetkovicii
1 2 0.9076533727703232 0.0047334283382073706 Penicillium-chrysogenum
1 2 0.9237741532177204 0.0029562448721845757 Penicillium-commune
1 2 0.9516098552644985 0.0009638153849725688 Penicillium-solitum
1 2 0.9425786362920981 0.001471111271912274 Penicillium-verrucosum
1 2 0.9406530775779094 0.0015958798034995958 Penicillium-polonicum
1 2 0.9465658786552638 0.0012315554769074819 Penicillium-mb
1 2 0.5807301878507248 0.17157820854749994 Penicillium-brevicompactum
1 2 -0.7797934681938864 0.038661156480899926 Penicillium-cvjetkovicii
1 0 0.9102531707251268 0.0044136229033077045 Penicillium-chrysogenum
1 0 0.9241722907634814 0.0029184327817433093 Penicillium-commune
1 0 0.9521052895022324 0.0009395883502594127 Penicillium-solitum
1 0 0.9432727334803147 0.0014275985608504307 Penicillium-verrucosum
1 0 0.9416856002253046 0.001528232172375235 Penicillium-polonicum
1 0 0.9475878931805402 0.0011741632731559668 Penicillium-mb
1 0 0.5807188265392175 0.1715886151944161 Penicillium-brevicompactum
1 0 -0.7652780637780213 0.044970058915874946 Penicillium-cvjetkovicii
3 2 0.9088299694143284 0.004587077113824942 Penicillium-chrysogenum
3 2 0.9229252904197784 0.003037817718540095 Penicillium-commune
3 2 0.9511497710799179 0.0009866411236622804 Penicillium-solitum
3 2 0.943332692029485 0.0014238758947134457 Penicillium-verrucosum
3 2 0.9405468541400644 0.001602937342953242 Penicillium-polonicum
3 2 0.946463353713056 0.0012374022684330775 Penicillium-mb
3 2 0.5806724424248407 0.17163110498404935 Penicillium-brevicompactum
3 2 -0.7514122349308686 0.051490137662251245 Penicillium-cvjetkovicii
1 2 0.9103434487627808 0.0044027515476868055 Penicillium-chrysogenum
1 2 0.9254502612386698 0.0027989833778449594 Penicillium-commune
1 2 0.9528970723297985 0.0009016245803161851 Penicillium-solitum
1 2 0.9449029813571014 0.0013284137683658903 Penicillium-verrucosum
1 2 0.9423881743980598 0.0014831861512689824 Penicillium-polonicum
1 2 0.9481866486906608 0.0011412886079523916 Penicillium-mb
1 2 0.5807391043200935 0.1715700415259943 Penicillium-brevicompactum
1 2 -0.7682626247051658 0.04362984040077598 Penicillium-cvjetkovicii
1 0 0.913524674181318 0.0040296066830201 Penicillium-chrysogenum
1 0 0.9234777863678606 0.002984576931711007 Penicillium-commune
1 0 0.9518756953137888 0.0009507702974121421 Penicillium-solitum
1 0 0.9421786380825284 0.00149653759543737 Penicillium-verrucosum
1 0 0.9413857392811099 0.0015477002729508984 Penicillium-polonicum
1 0 0.9473891555535586 0.0011851970148586493 Penicillium-mb
1 0 0.5806936361032462 0.17161169004510032 Penicillium-brevicompactum
1 0 -0.7581041389490759 0.04828299646358248 Penicillium-cvjetkovicii
1 0 0.908722402286024 0.0046003456586244705 Penicillium-chrysogenum
1 0 0.9223653256947629 0.003092341857436096 Penicillium-commune
1 0 0.950723433935473 0.0010080751648552135 Penicillium-solitum
1 0 0.9421655054657005 0.0014973767426104466 Penicillium-verrucosum
1 0 0.9396214704459618 0.0016651984226408866 Penicillium-polonicum
1 0 0.9456087058364294 0.0012867788556841127 Penicillium-mb
1 0 0.5806104314787847 0.17168791769717448 Penicillium-brevicompactum
1 0 -0.7276640400656358 0.06378604589643486 Penicillium-cvjetkovicii
1 2 0.9119852463038024 0.004207767174734676 Penicillium-chrysogenum
1 2 0.9259618855906581 0.0027519814656286807 Penicillium-commune
1 2 0.9535058868407608 0.0008730615310302621 Penicillium-solitum
1 2 0.9447764741229171 0.0013359599908126488 Penicillium-verrucosum
1 2 0.9426241383645227 0.0014682351474569425 Penicillium-polonicum
1 2 0.9484553730643711 0.0011267132909394285 Penicillium-mb
1 2 0.5808002594216953 0.1715140317974441 Penicillium-brevicompactum
1 2 -0.7682626247051649 0.04362984040077636 Penicillium-cvjetkovicii
1 2 0.9080238239104573 0.0046870605905317475 Penicillium-chrysogenum
1 2 0.9233409032829667 0.0029977161622265027 Penicillium-commune
1 2 0.9512639157171393 0.0009809486927432618 Penicillium-solitum
1 2 0.9424990898387849 0.0014761472704332872 Penicillium-verrucosum
1 2 0.9404430515001445 0.0016098517790892777 Penicillium-polonicum
1 2 0.9463701345225167 0.001242732567954354 Penicillium-mb
1 2 0.5807301878507247 0.17157820854750014 Penicillium-brevicompactum
1 2 -0.7791918480780267 0.03891220063545482 Penicillium-cvjetkovicii
1 2 0.9102847110251232 0.004409823016683602 Penicillium-chrysogenum
1 2 0.9236918551037526 0.0029640965216707013 Penicillium-commune
1 2 0.9518567005960717 0.0009516989045484285 Penicillium-solitum
1 2 0.9430178176839932 0.001443489646677948 Penicillium-verrucosum
1 2 0.9409025065937228 0.001579379701146027 Penicillium-polonicum
1 2 0.9468398419599523 0.0012160120453433615 Penicillium-mb
1 2 0.5807301878507249 0.17157820854749994 Penicillium-brevicompactum
1 2 -0.768549695741449 0.04350210779537483 Penicillium-cvjetkovicii
1 2 0.9121851901950593 0.004184372836436523 Penicillium-chrysogenum
1 2 0.9243153339458361 0.0029049172427286205 Penicillium-commune
1 2 0.9521767104249269 0.0009361258760893316 Penicillium-solitum
1 2 0.9437194190806921 0.0014000026380480664 Penicillium-verrucosum
1 2 0.9417487113026951 0.0015241532586418177 Penicillium-polonicum
1 2 0.9476448323149976 0.0011710132893061988 Penicillium-mb
1 2 0.5807301878507248 0.17157820854749994 Penicillium-brevicompactum
1 2 -0.769535076668336 0.04306523112999993 Penicillium-cvjetkovicii
1 2 0.9087587140589753 0.004595864055689581 Penicillium-chrysogenum
1 2 0.9239405399109845 0.0029404080221096317 Penicillium-commune
1 2 0.9518014659956942 0.000954402241188798 Penicillium-solitum
1 2 0.9431359435952701 0.0014361129472366587 Penicillium-verrucosum
1 2 0.9416259035784795 0.0015320963245913743 Penicillium-polonicum
1 2 0.9475118060216587 0.0011783803666328252 Penicillium-mb
1 2 0.5807301878507249 0.17157820854749994 Penicillium-brevicompactum
1 2 -0.7755124189817916 0.04046715733177039 Penicillium-cvjetkovicii
3 4 0.9101872585941502 0.004421569976489937 Penicillium-chrysogenum
3 4 0.9248745521702526 0.0028524316069369216 Penicillium-commune
3 4 0.9526654797925802 0.0009126330124179381 Penicillium-solitum
3 4 0.9445894038350489 0.0013471650886240822 Penicillium-verrucosum
3 4 0.9417291426415387 0.001525417307742714 Penicillium-polonicum
3 4 0.9475475541810089 0.0011763979303338254 Penicillium-mb
3 4 0.5807301878507248 0.17157820854749994 Penicillium-brevicompactum
3 4 -0.7688201003066152 0.04338197970816968 Penicillium-cvjetkovicii
1 0 0.9107401527111958 0.004355165392711229 Penicillium-chrysogenum
1 0 0.9244009203596708 0.00289684812679668 Penicillium-commune
1 0 0.9522534309050341 0.0009324149003865763 Penicillium-solitum
1 0 0.9437589957536583 0.0013975729310499753 Penicillium-verrucosum
1 0 0.9418548909736612 0.0015173052873163314 Penicillium-polonicum
1 0 0.9477344439670892 0.0011660659170433393 Penicillium-mb
1 0 0.5807260609674697 0.1715819886224071 Penicillium-brevicompactum
1 0 -0.7671955772500231 0.04410643423968057 Penicillium-cvjetkovicii
1 2 0.9077670221883788 0.004719175043562992 Penicillium-chrysogenum
1 2 0.923458545079047 0.00298642183541311 Penicillium-commune
1 2 0.9515920946299185 0.000964690668580645 Penicillium-solitum
1 2 0.9414298615190038 0.001544826574115752 Penicillium-verrucosum
1 2 0.9393561641607986 0.0016833068605378715 Penicillium-polonicum
1 2 0.9453576613490511 0.00130149983613043 Penicillium-mb
1 2 0.5807301878507245 0.1715782085475002 Penicillium-brevicompactum
1 2 -0.7834851137860732 0.037140394112581854 Penicillium-cvjetkovicii
1 0 0.9104273123444369 0.004392666637231214 Penicillium-chrysogenum
1 0 0.923815452400783 0.0029523093231592183 Penicillium-commune
1 0 0.9518476424229674 0.0009521419261595069 Penicillium-solitum
1 0 0.9432512043259621 0.0014289366475278462 Penicillium-verrucosum
1 0 0.941139320668636 0.0015638075385975244 Penicillium-polonicum
1 0 0.9470581083898161 0.0012037119489743783 Penicillium-mb
1 0 0.5807133057952115 0.17159367215534319 Penicillium-brevicompactum
1 0 -0.7637733490802611 0.045654223166305484 Penicillium-cvjetkovicii
1 2 0.9113475041754865 0.004282895153509365 Penicillium-chrysogenum
1 2 0.9238827855669959 0.002945899488728115 Penicillium-commune
1 2 0.9518805417496932 0.0009505334523850448 Penicillium-solitum
1 2 0.9430857856650645 0.0014392424752300524 Penicillium-verrucosum
1 2 0.9409019561974369 0.0015794159994608988 Penicillium-polonicum
1 2 0.9468380379366202 0.0012161140162992128 Penicillium-mb
1 2 0.5807301878507247 0.17157820854750014 Penicillium-brevicompactum
1 2 -0.7709644844474475 0.042435810681966814 Penicillium-cvjetkovicii
1 0 0.9103817296226628 0.004398146456823881 Penicillium-chrysogenum
1 0 0.9257630024969501 0.0027701970073268274 Penicillium-commune
1 0 0.9533638002460214 0.0008796790022988675 Penicillium-solitum
1 0 0.9439822940986223 0.0013839107304546828 Penicillium-verrucosum
1 0 0.9424256275107492 0.0014808071056592366 Penicillium-polonicum
1 0 0.9482741418494318 0.0011365309224583076 Penicillium-mb
1 0 0.5807260574374312 0.1715819918558114 Penicillium-brevicompactum
1 0 -0.7671946562910976 0.044106846815716826 Penicillium-cvjetkovicii
1 2 0.9094303522618372 0.004513429190855239 Penicillium-chrysogenum
1 2 0.9234140757640087 0.0029906882228810557 Penicillium-commune
1 2 0.9515184594476496 0.0009683245876305889 Penicillium-solitum
1 2 0.9427811452376386 0.001458336428420113 Penicillium-verrucosum
1 2 0.9408543999174441 0.0015825541651313824 Penicillium-polonicum
1 2 0.9467900628156972 0.001218827623776531 Penicillium-mb
1 2 0.5807301878507248 0.17157820854749994 Penicillium-brevicompactum
1 2 -0.7706371572081202 0.042579493609598236 Penicillium-cvjetkovicii
1 2 0.9079460545241842 0.0046967725826934925 Penicillium-chrysogenum
1 2 0.9230344264111287 0.0030272571950768056 Penicillium-commune
1 2 0.9511387760241931 0.0009871904792914399 Penicillium-solitum
1 2 0.9424919376416844 0.0014766005654640471 Penicillium-verrucosum
1 2 0.9414770192207536 0.001541758654097596 Penicillium-polonicum
1 2 0.94739091364235 0.0011850991400108924 Penicillium-mb
1 2 0.5807301878507249 0.17157820854749994 Penicillium-brevicompactum
1 2 -0.779207288186572 0.03890574652967693 Penicillium-cvjetkovicii
1 2 0.9100708966338454 0.004435620185117769 Penicillium-chrysogenum
1 2 0.9224391662649494 0.003085119415969162 Penicillium-commune
1 2 0.9508284727261566 0.0010027690617851052 Penicillium-solitum
1 2 0.9419383796782791 0.001511933513864736 Penicillium-verrucosum
1 2 0.9397579175791478 0.0016559301454814816 Penicillium-polonicum
1 2 0.9457641940764234 0.0012777107189004485 Penicillium-mb
1 2 0.5807301878507249 0.17157820854749994 Penicillium-brevicompactum
1 2 -0.7768343508726702 0.03990461697332815 Penicillium-cvjetkovicii
1 2 0.9111262941217769 0.004309135783525355 Penicillium-chrysogenum
1 2 0.9249919036222519 0.002841488706083906 Penicillium-commune
1 2 0.9528636718994904 0.0009032073479540765 Penicillium-solitum
1 2 0.9438762393951016 0.0013903896691472375 Penicillium-verrucosum
1 2 0.9418566166754406 0.0015171941396962053 Penicillium-polonicum
1 2 0.9477421664670054 0.0011656401442471155 Penicillium-mb
1 2 0.5807658812017077 0.17154551644782365 Penicillium-brevicompactum
1 2 -0.7682626247051649 0.04362984040077636 Penicillium-cvjetkovicii
1 2 0.9103495225024049 0.0044020207044732 Penicillium-chrysogenum
1 2 0.9243007053856741 0.0029062977449960063 Penicillium-commune
1 2 0.9522642189016858 0.0009318937831867913 Penicillium-solitum
1 2 0.9434425055359823 0.0014170727272534197 Penicillium-verrucosum
1 2 0.9413721166434539 0.0015485881568133677 Penicillium-polonicum
1 2 0.9472777759785506 0.0011914073789779066 Penicillium-mb
1 2 0.5807473032562379 0.17156253189648957 Penicillium-brevicompactum
1 2 -0.7682626247051656 0.043629840400776096 Penicillium-cvjetkovicii
1 2 0.909650539752919 0.0044865932694343235 Penicillium-chrysogenum
1 2 0.9241047381820559 0.0029248283233181565 Penicillium-commune
1 2 0.9521219070659473 0.0009387820586394599 Penicillium-solitum
1 2 0.9428876618895549 0.0014516434074196502 Penicillium-verrucosum
1 2 0.9409070397243133 0.0015790807625201313 Penicillium-polonicum
1 2 0.946840580550201 0.0012159702985851868 Penicillium-mb
1 2 0.580742685124561 0.1715667617494922 Penicillium-brevicompactum
1 2 -0.7682626247051665 0.04362984040077567 Penicillium-cvjetkovicii
1 2 0.9102783377573925 0.0044105906961247245 Penicillium-chrysogenum
1 2 0.9242859191823076 0.002907693514820041 Penicillium-commune
1 2 0.9521894106446618 0.0009355109632454179 Penicillium-solitum
1 2 0.944123194301625 0.0013753306611706552 Penicillium-verrucosum
1 2 0.9421916664301134 0.0014957053848887484 Penicillium-polonicum
1 2 0.9480460279910301 0.0011489598635696754 Penicillium-mb
1 2 0.5807507527395521 0.17155937246890102 Penicillium-brevicompactum
1 2 -0.7682626247051658 0.04362984040077598 Penicillium-cvjetkovicii
1 2 0.9110836855197298 0.004314200895359513 Penicillium-chrysogenum
1 2 0.9255162526388964 0.002792894649137757 Penicillium-commune
1 2 0.9531764060693306 0.0008884518546651821 Penicillium-solitum
1 2 0.9446300689578353 0.001344724639372573 Penicillium-verrucosum
1 2 0.9427442619747414 0.0014606582374597984 Penicillium-polonicum
1 2 0.9485697506940297 0.0011205431264322513 Penicillium-mb
1 2 0.5807621546071816 0.17154892955074666 Penicillium-brevicompactum
1 2 -0.7682626247051658 0.04362984040077598 Penicillium-cvjetkovicii
1 2 0.9135396348200375 0.004027897318858373 Penicillium-chrysogenum
1 2 0.9290286365915229 0.00247997089983487 Penicillium-commune
1 2 0.955702064202398 0.0007745111020103706 Penicillium-solitum
1 2 0.9472002309962262 0.0011957424972992513 Penicillium-verrucosum
1 2 0.944891658544871 0.0013290881523711183 Penicillium-polonicum
1 2 0.9505606018548906 0.0010163334791910177 Penicillium-mb
1 2 0.5808696987934092 0.17145044572595822 Penicillium-brevicompactum
1 2 -0.768262624705164 0.04362984040077681 Penicillium-cvjetkovicii
1 2 0.9112665678392763 0.0042924852250126435 Penicillium-chrysogenum
1 2 0.9222281511050089 0.0031057853488478905 Penicillium-commune
1 2 0.9508155339289872 0.0010034217796188404 Penicillium-solitum
1 2 0.9417995320591211 0.0015208733471488438 Penicillium-verrucosum
1 2 0.939683764408322 0.0016609632763550618 Penicillium-polonicum
1 2 0.9457172177134134 0.0012804464090697184 Penicillium-mb
1 2 0.5807301878507249 0.17157820854749994 Penicillium-brevicompactum
1 2 -0.7756298886922014 0.040416992438738336 Penicillium-cvjetkovicii
1 2 0.9116150979194334 0.004251277290395691 Penicillium-chrysogenum
1 2 0.9252115812628221 0.0028210702499001723 Penicillium-commune
1 2 0.9530055664143209 0.0008964946286039878 Penicillium-solitum
1 2 0.9444256415029921 0.0013570194521425247 Penicillium-verrucosum
1 2 0.9423880510292626 0.0014831939914548133 Penicillium-polonicum
1 2 0.9482426565738822 0.0011382416702380895 Penicillium-mb
1 2 0.5807845872876377 0.1715283844756129 Penicillium-brevicompactum
1 2 -0.7682626247051649 0.04362984040077636 Penicillium-cvjetkovicii
1 2 0.9088362084770498 0.00458630820295721 Penicillium-chrysogenum
1 2 0.9230454440939759 0.003026192268382404 Penicillium-commune
1 2 0.9512460390712552 0.000981838920936642 Penicillium-solitum
1 2 0.9427671310308714 0.001459218369070263 Penicillium-verrucosum
1 2 0.9411866367507186 0.0015607070748643902 Penicillium-polonicum
1 2 0.9471106679986714 0.0012007610530974662 Penicillium-mb
1 2 0.5807301878507249 0.17157820854749994 Penicillium-brevicompactum
1 2 -0.772820652583176 0.04162609673632243 Penicillium-cvjetkovicii
1 2 0.9139655789232 0.003979407633473309 Penicillium-chrysogenum
1 2 0.9247945588126402 0.0028599050417089595 Penicillium-commune
1 2 0.9526455081492736 0.0009135860400315087 Penicillium-solitum
1 2 0.9441658274826116 0.0013727407301131144 Penicillium-verrucosum
1 2 0.9417877955706313 0.001521630436342566 Penicillium-polonicum
1 2 0.9476842649237128 0.0011688347290758807 Penicillium-mb
1 2 0.5807534940769152 0.17155686166202752 Penicillium-brevicompactum
1 2 -0.7682626247051646 0.043629840400776485 Penicillium-cvjetkovicii
1 0 0.9077073753569112 0.004726652502107698 Penicillium-chrysogenum
1 0 0.9212827262649906 0.003199370249330354 Penicillium-commune
1 0 0.9498747551282082 0.0010515555965600273 Penicillium-solitum
1 0 0.9416350933365913 0.001531501098732518 Penicillium-verrucosum
1 0 0.9394537728118397 0.001676631181098422 Penicillium-polonicum
1 0 0.9454615217301583 0.001295397587439493 Penicillium-mb
1 0 0.5805776106159416 0.17171799101040153 Penicillium-brevicompactum
1 0 -0.7120124332987947 0.07267303321703734 Penicillium-cvjetkovicii
1 2 0.9120637666408362 0.004198570861243723 Penicillium-chrysogenum
1 2 0.9249997266887116 0.0028407600899178795 Penicillium-commune
1 2 0.952862793849593 0.0009032489788238773 Penicillium-solitum
1 2 0.9442653476121997 0.0013667061681661408 Penicillium-verrucosum
1 2 0.9433626866610694 0.001422015759155354 Penicillium-polonicum
1 2 0.9492099811984904 0.001086374423738849 Penicillium-mb
1 2 0.5807743386875157 0.17153777055354907 Penicillium-brevicompactum
1 2 -0.7682626247051658 0.04362984040077598 Penicillium-cvjetkovicii
1 2 0.9119907442601081 0.0042071228708481165 Penicillium-chrysogenum
1 2 0.9246770051778912 0.002870908379699656 Penicillium-commune
1 2 0.9525653737808153 0.0009174158936942232 Penicillium-solitum
1 2 0.9446369364645671 0.0013443127551386548 Penicillium-verrucosum
1 2 0.9421359649425428 0.0014992653348755642 Penicillium-polonicum
1 2 0.947987619185267 0.001152155154974916 Penicillium-mb
1 2 0.5807564092952622 0.17155419161639987 Penicillium-brevicompactum
1 2 -0.7682626247051656 0.043629840400776096 Penicillium-cvjetkovicii
1 2 0.9097694500209329 0.004472139574696445 Penicillium-chrysogenum
1 2 0.9233169799071236 0.003000016008762361 Penicillium-commune
1 2 0.9514764912357682 0.0009703993474948685 Penicillium-solitum
1 2 0.9428287493595792 0.0014553429583530136 Penicillium-verrucosum
1 2 0.9407777420586999 0.0015876204291345457 Penicillium-polonicum
1 2 0.9467174448407769 0.0012229418961050877 Penicillium-mb
1 2 0.5807301878507248 0.17157820854749994 Penicillium-brevicompactum
1 2 -0.772486443573608 0.041771252766877806 Penicillium-cvjetkovicii
1 2 0.9098117824063209 0.004467000584306324 Penicillium-chrysogenum
1 2 0.92358631373583 0.002974183560045211 Penicillium-commune
1 2 0.9515052315147791 0.0009689782464248055 Penicillium-solitum
1 2 0.9434004890650839 0.0014196734623106182 Penicillium-verrucosum
1 2 0.9410523506747739 0.0015695158516739697 Penicillium-polonicum
1 2 0.9469498714634107 0.001209802258665759 Penicillium-mb
1 2 0.5807301878507247 0.17157820854750014 Penicillium-brevicompactum
1 2 -0.7753795093377314 0.04052395726659073 Penicillium-cvjetkovicii
1 0 0.9090281810694877 0.004562685957006748 Penicillium-chrysogenum
1 0 0.9234634775596428 0.002985948832951021 Penicillium-commune
1 0 0.951545467801214 0.0009669907787330487 Penicillium-solitum
1 0 0.9429250835318159 0.0014492963108141638 Penicillium-verrucosum
1 0 0.9406586149592773 0.0015955124002532968 Penicillium-polonicum
1 0 0.946587279254358 0.0012303371058556714 Penicillium-mb
1 0 0.5806838499273496 0.1716206547540886 Penicillium-brevicompactum
1 0 -0.7550932216490689 0.04971202629019716 Penicillium-cvjetkovicii
1 2 0.9050048828783556 0.005072708544804214 Penicillium-chrysogenum
1 2 0.9223019032148189 0.003098553191159608 Penicillium-commune
1 2 0.9503166174588141 0.0010287822031259538 Penicillium-solitum
1 2 0.9420317416593968 0.0015059397789224784 Penicillium-verrucosum
1 2 0.9396281313636772 0.00166474526701011 Penicillium-polonicum
1 2 0.9455515097859875 0.0012901240788813681 Penicillium-mb
1 2 0.5807301878507246 0.1715782085475002 Penicillium-brevicompactum
1 2 -0.7896451512204464 0.03467797539546515 Penicillium-cvjetkovicii
1 2 0.9106542547045031 0.004365443599218175 Penicillium-chrysogenum
1 2 0.9260066440114944 0.0027478917905746332 Penicillium-commune
1 2 0.9533489816194217 0.0008803708607703213 Penicillium-solitum
1 2 0.9445107991886551 0.0013518898179707484 Penicillium-verrucosum
1 2 0.9425101053306052 0.0014754492863679007 Penicillium-polonicum
1 2 0.9483234182379853 0.0011338565477222009 Penicillium-mb
1 2 0.5807447084579461 0.17156490852559483 Penicillium-brevicompactum
1 2 -0.7682626247051656 0.043629840400776096 Penicillium-cvjetkovicii
1 2 0.9081391281303919 0.004672682738549017 Penicillium-chrysogenum
1 2 0.9242333257145258 0.002912661352148212 Penicillium-commune
1 2 0.9519714234524189 0.000946098530303706 Penicillium-solitum
1 2 0.9427727640329236 0.0014588638357596417 Penicillium-verrucosum
1 2 0.9423414868430056 0.0014861549281781439 Penicillium-polonicum
1 2 0.9482146378266416 0.0011397653430901518 Penicillium-mb
1 2 0.5807301878507249 0.17157820854749994 Penicillium-brevicompactum
1 2 -0.7775905777748464 0.039584766955238215 Penicillium-cvjetkovicii
1 2 0.9125785452816614 0.004138570594402368 Penicillium-chrysogenum
1 2 0.9262323386864328 0.0027273238921101065 Penicillium-commune
1 2 0.9538449241719854 0.0008573906629947308 Penicillium-solitum
1 2 0.9453784807678053 0.001300275248311771 Penicillium-verrucosum
1 2 0.9430657957666141 0.0014404908344287498 Penicillium-polonicum
1 2 0.9488748914938414 0.0011041799724269797 Penicillium-mb
1 2 0.5808352484911603 0.17148199063413927 Penicillium-brevicompactum
1 2 -0.7682626247051652 0.043629840400776304 Penicillium-cvjetkovicii
1 2 0.9108991231632267 0.004336180913570442 Penicillium-chrysogenum
1 2 0.9249806163050585 0.0028425401648950114 Penicillium-commune
1 2 0.9528265632977628 0.0009049677633261239 Penicillium-solitum
1 2 0.9435601441828654 0.0014098060883121289 Penicillium-verrucosum
1 2 0.9415076821971713 0.0015397657533631896 Penicillium-polonicum
1 2 0.9474071001320321 0.0011841982435869568 Penicillium-mb
1 2 0.5807341437707672 0.17157458510717016 Penicillium-brevicompactum
1 2 -0.7682626247051649 0.04362984040077636 Penicillium-cvjetkovicii
1 0 0.9114371923038852 0.004272282709007459 Penicillium-chrysogenum
1 0 0.9240347666156915 0.002931461535697502 Penicillium-commune
1 0 0.9520624918959826 0.0009416667945092279 Penicillium-solitum
1 0 0.9436171055680397 0.0014062954510248766 Penicillium-verrucosum
1 0 0.9416644806149739 0.001529598583059798 Penicillium-polonicum
1 0 0.9475677015928422 0.001175281511669544 Penicillium-mb
1 0 0.5807249213995483 0.17158303243238546 Penicillium-brevicompactum
1 0 -0.7668975356128422 0.044240063477300105 Penicillium-cvjetkovicii
1 2 0.9026739086521272 0.005382688166914802 Penicillium-chrysogenum
1 2 0.9179659896592133 0.0035406324955359475 Penicillium-commune
1 2 0.9471636153897804 0.0011977927092540503 Penicillium-solitum
1 2 0.9377536031235945 0.0017951525184190847 Penicillium-verrucosum
1 2 0.9360793640347496 0.0019165512691717433 Penicillium-polonicum
1 2 0.9422679695327056 0.0014908368576757181 Penicillium-mb
1 2 0.5807301878507247 0.17157820854750014 Penicillium-brevicompactum
1 2 -0.7974740733513255 0.03168348551754792 Penicillium-cvjetkovicii
1 0 0.9094180787894778 0.004514927799037797 Penicillium-chrysogenum
1 0 0.9243650445026026 0.00290022891310291 Penicillium-commune
1 0 0.9521369206767241 0.000938053943544824 Penicillium-solitum
1 0 0.9434653502265145 0.0014156598671072353 Penicillium-verrucosum
1 0 0.9415199422516501 0.0015389693520747874 Penicillium-polonicum
1 0 0.9474008529888738 0.0011845458948069557 Penicillium-mb
1 0 0.5807082494847112 0.17159830376297755 Penicillium-brevicompactum
1 0 -0.7623627936763125 0.04630073743074848 Penicillium-cvjetkovicii
1 0 0.9075172228687616 0.004750536516206486 Penicillium-chrysogenum
1 0 0.9227053164495619 0.0030591689726391386 Penicillium-commune
1 0 0.9508689730000093 0.0010007275851028961 Penicillium-solitum
1 0 0.9422231139997322 0.001493697735784988 Penicillium-verrucosum
1 0 0.9403015921374985 0.0016193028292791622 Penicillium-polonicum
1 0 0.9462530571064958 0.0012494462587565563 Penicillium-mb
1 0 0.5806518220853807 0.1716499957411216 Penicillium-brevicompactum
1 0 -0.7442553828906373 0.0550452479825215 Penicillium-cvjetkovicii
1 2 0.9126257657819099 0.004133092020990895 Penicillium-chrysogenum
1 2 0.9245369791061394 0.002884047536354812 Penicillium-commune
1 2 0.952514366356721 0.000919858623946428 Penicillium-solitum
1 2 0.9438795231806918 0.0013901887930776048 Penicillium-verrucosum
1 2 0.9416232677008596 0.0015322670770462929 Penicillium-polonicum
1 2 0.9475289277726332 0.0011774306233511922 Penicillium-mb
1 2 0.5807492405224427 0.17156075752511202 Penicillium-brevicompactum
1 2 -0.7682626247051655 0.04362984040077613 Penicillium-cvjetkovicii
1 2 0.9088296111209531 0.004587121272686723 Penicillium-chrysogenum
1 2 0.9247323508745036 0.002865724787067724 Penicillium-commune
1 2 0.9524596641383692 0.0009224825676385417 Penicillium-solitum
1 2 0.9432694014805808 0.001427805603972317 Penicillium-verrucosum
1 2 0.9413788490171331 0.001548149322783321 Penicillium-polonicum
1 2 0.947261101244056 0.0011923387880168165 Penicillium-mb
1 2 0.5807301878507248 0.17157820854749994 Penicillium-brevicompactum
1 2 -0.77568302956329 0.04039431018011067 Penicillium-cvjetkovicii
1 2 0.9117898728104515 0.004230700335290513 Penicillium-chrysogenum
1 2 0.9250855539356792 0.002832773598996371 Penicillium-commune
1 2 0.9527644747259741 0.0009079177533037198 Penicillium-solitum
1 2 0.9441770363842752 0.0013720602765634874 Penicillium-verrucosum
1 2 0.9416990405709641 0.001527362974709488 Penicillium-polonicum
1 2 0.9475676483544113 0.0011752844609197125 Penicillium-mb
1 2 0.5807383471787049 0.1715707350206313 Penicillium-brevicompactum
1 2 -0.7682626247051642 0.04362984040077673 Penicillium-cvjetkovicii
1 2 0.9100015425109236 0.004444006768986088 Penicillium-chrysogenum
1 2 0.9238190381694978 0.0029519677672072077 Penicillium-commune
1 2 0.9518888819475885 0.0009501259491212311 Penicillium-solitum
1 2 0.9434839225865466 0.0014145118474798786 Penicillium-verrucosum
1 2 0.9409091625016773 0.0015789407868094013 Penicillium-polonicum
1 2 0.9468172917458635 0.0012172870408119502 Penicillium-mb
1 2 0.5807301878507247 0.17157820854750014 Penicillium-brevicompactum
1 2 -0.7697362537182191 0.04297633641337798 Penicillium-cvjetkovicii
1 2 0.9058069349087531 0.004968517747871665 Penicillium-chrysogenum
1 2 0.9215464167915283 0.0031731045991209195 Penicillium-commune
1 2 0.9498266797238027 0.0010540511733772122 Penicillium-solitum
1 2 0.9412848539492457 0.0015542828061785397 Penicillium-verrucosum
1 2 0.9390763597592723 0.0017025299906038756 Penicillium-polonicum
1 2 0.9450663181471732 0.0013187079298433253 Penicillium-mb
1 2 0.5807301878507248 0.17157820854749994 Penicillium-brevicompactum
1 2 -0.78566871199403 0.03625677874088307 Penicillium-cvjetkovicii
1 2 0.907209485231985 0.004789338502788375 Penicillium-chrysogenum
1 2 0.922114629931498 0.0031169365800264677 Penicillium-commune
1 2 0.9504569535434814 0.001021610943079495 Penicillium-solitum
1 2 0.9418330166406834 0.0015187145679230653 Penicillium-verrucosum
1 2 0.940441253653932 0.0016099716906165427 Penicillium-polonicum
1 2 0.9464033041080867 0.001240834371408679 Penicillium-mb
1 2 0.5807301878507248 0.17157820854749994 Penicillium-brevicompactum
1 2 -0.7802003966652645 0.03849186350849405 Penicillium-cvjetkovicii
1 2 0.916072500012502 0.003744582076733241 Penicillium-chrysogenum
1 2 0.9229917810908571 0.0030313811966385922 Penicillium-commune
1 2 0.9515545889476603 0.0009665405760194532 Penicillium-solitum
1 2 0.9435714943294138 0.0014091061455276466 Penicillium-verrucosum
1 2 0.9406089337082719 0.0015988105162217082 Penicillium-polonicum
1 2 0.9465935638757613 0.0012299794473368106 Penicillium-mb
1 2 0.5807466065427997 0.17156317002906016 Penicillium-brevicompactum
1 2 -0.7682626247051658 0.04362984040077598 Penicillium-cvjetkovicii
1 2 0.9085288760734112 0.004624273656115502 Penicillium-chrysogenum
1 2 0.9234260669012138 0.0029895374413598393 Penicillium-commune
1 2 0.9515560464739565 0.0009664686467380927 Penicillium-solitum
1 2 0.9432394433360396 0.0014296679325113719 Penicillium-verrucosum
1 2 0.9405387771042496 0.0016034747362152044 Penicillium-polonicum
1 2 0.9464493266685856 0.0012382034742783484 Penicillium-mb
1 2 0.5807349235496948 0.171573870870078 Penicillium-brevicompactum
1 2 -0.7682626247051655 0.04362984040077613 Penicillium-cvjetkovicii
1 2 0.9140942545664454 0.00396482656569023 Penicillium-chrysogenum
1 2 0.924915630513091 0.0028485982888837038 Penicillium-commune
1 2 0.9529004558237638 0.0009014643361188939 Penicillium-solitum
1 2 0.9446021835533968 0.001346397853886262 Penicillium-verrucosum
1 2 0.9422012351285337 0.001495094339860139 Penicillium-polonicum
1 2 0.9480833971622081 0.0011469183080013957 Penicillium-mb
1 2 0.5807894120653063 0.17152396583879104 Penicillium-brevicompactum
1 2 -0.7682626247051654 0.043629840400776186 Penicillium-cvjetkovicii
1 0 0.911136745413178 0.00430789391304204 Penicillium-chrysogenum
1 0 0.9237626733572853 0.0029573393755149336 Penicillium-commune
1 0 0.9519252633932023 0.0009483495549516667 Penicillium-solitum
1 0 0.943036684582113 0.0014423099551527936 Penicillium-verrucosum
1 0 0.9410402443030103 0.00157031143071162 Penicillium-polonicum
1 0 0.9469833098290168 0.001207918800528808 Penicillium-mb
1 0 0.5807236769323294 0.17158417233054082 Penicillium-brevicompactum
1 0 -0.7665703618685995 0.04438701068683298 Penicillium-cvjetkovicii
3 4 0.9114549667195065 0.0042701813563013735 Penicillium-chrysogenum
3 4 0.9266807048540663 0.0026867322008969287 Penicillium-commune
3 4 0.9540843386071067 0.0008464255783768738 Penicillium-solitum
3 4 0.9456542832096659 0.0012841168429477978 Penicillium-verrucosum
3 4 0.9437062891506232 0.0014008092660057732 Penicillium-polonicum
3 4 0.949414615240967 0.0010755848829657273 Penicillium-mb
3 4 0.5807693531751503 0.17154233657663365 Penicillium-brevicompactum
3 4 -0.7682626247051655 0.04362984040077613 Penicillium-cvjetkovicii
1 0 0.9054133030311504 0.005019495245952759 Penicillium-chrysogenum
1 0 0.9241076115053102 0.002924556124298576 Penicillium-commune
1 0 0.951664951820876 0.0009611030930005366 Penicillium-solitum
1 0 0.9421711917556538 0.0014970133663463113 Penicillium-verrucosum
1 0 0.9400593077030046 0.0016355658962485162 Penicillium-polonicum
1 0 0.9459653731548933 0.001266034005280764 Penicillium-mb
1 0 0.5805751568106733 0.17172023950321252 Penicillium-brevicompactum
1 0 -0.710741072520542 0.07342229412412134 Penicillium-cvjetkovicii
1 2 0.9123265859493049 0.004167874838909446 Penicillium-chrysogenum
1 2 0.9251331576187867 0.002828349611695977 Penicillium-commune
1 2 0.9526229651592211 0.0009146624768354377 Penicillium-solitum
1 2 0.9446175333233101 0.0013454766661164608 Penicillium-verrucosum
1 2 0.9427209447154612 0.00146212718762762 Penicillium-polonicum
1 2 0.9485433573779883 0.0011219651520409698 Penicillium-mb
1 2 0.5807301878507248 0.17157820854749994 Penicillium-brevicompactum
1 2 -0.7704813878395854 0.04264796393434827 Penicillium-cvjetkovicii
1 0 0.909917010533268 0.004454241219218555 Penicillium-chrysogenum
1 0 0.9235452192192591 0.0029781165710847136 Penicillium-commune
1 0 0.9516815678250866 0.0009602860077520498 Penicillium-solitum
1 0 0.9429492279890553 0.0014477831518434322 Penicillium-verrucosum
1 0 0.940478413713889 0.001607494283863459 Penicillium-polonicum
1 0 0.9464215444306859 0.0012397912620565788 Penicillium-mb
1 0 0.5806667833874252 0.17163628925366683 Penicillium-brevicompactum
1 0 -0.749514519618861 0.05242019779681997 Penicillium-cvjetkovicii
1 2 0.9116951370964997 0.004241846721551448 Penicillium-chrysogenum
1 2 0.9230781854029476 0.0030230289152975262 Penicillium-commune
1 2 0.9514810336695898 0.0009701746589085295 Penicillium-solitum
1 2 0.942665328089926 0.001465634462226002 Penicillium-verrucosum
1 2 0.9406930052562513 0.0015932317326236099 Penicillium-polonicum
1 2 0.9466711623181967 0.0012255683691919745 Penicillium-mb
1 2 0.5807301878507248 0.17157820854749994 Penicillium-brevicompactum
1 2 -0.7697742224203054 0.04295957042909544 Penicillium-cvjetkovicii
1 2 0.9132643485817391 0.004059418656919409 Penicillium-chrysogenum
1 2 0.9298618576225993 0.0024089234229129255 Penicillium-commune
1 2 0.9563765274638457 0.0007456393431031805 Penicillium-solitum
1 2 0.947208885253233 0.0011952582238558946 Penicillium-verrucosum
1 2 0.9450909687568191 0.001317246782025915 Penicillium-polonicum
1 2 0.9507471569955457 0.0010068753315774935 Penicillium-mb
1 2 0.5808691998681467 0.17145090255356044 Penicillium-brevicompactum
1 2 -0.7682626247051665 0.04362984040077567 Penicillium-cvjetkovicii
1 0 0.9119657173517941 0.004210056232523464 Penicillium-chrysogenum
1 0 0.9246855691800085 0.0028701059293117547 Penicillium-commune
1 0 0.9523776605141657 0.0009264243835009931 Penicillium-solitum
1 0 0.9437807762633984 0.0013962368351951486 Penicillium-verrucosum
1 0 0.9415577429628266 0.0015365153830899263 Penicillium-polonicum
1 0 0.9474440487089397 0.001182143301036351 Penicillium-mb
1 0 0.5807254220429173 0.17158257385771586 Penicillium-brevicompactum
1 0 -0.767028655863445 0.04418124728586329 Penicillium-cvjetkovicii
1 0 0.9092021811697624 0.004541336658713358 Penicillium-chrysogenum
1 0 0.9244877914624481 0.0028886713412188355 Penicillium-commune
1 0 0.9524051987697529 0.0009250995437978984 Penicillium-solitum
1 0 0.9438228616301787 0.001393657300681611 Penicillium-verrucosum
1 0 0.9410353783456833 0.0015706312675905288 Penicillium-polonicum
1 0 0.9469122102668355 0.0012119256482557347 Penicillium-mb
1 0 0.5806902959446791 0.17161474979961402 Penicillium-brevicompactum
1 0 -0.7570912546657025 0.04876117828084601 Penicillium-cvjetkovicii
1 0 0.9084389475138765 0.004635417253912775 Penicillium-chrysogenum
1 0 0.9249958734636227 0.0028411189536703503 Penicillium-commune
1 0 0.9523228730373938 0.0009290634934537941 Penicillium-solitum
1 0 0.9440122589994385 0.001382083392383257 Penicillium-verrucosum
1 0 0.9416439080144191 0.0015309302951427622 Penicillium-polonicum
1 0 0.9474636277585499 0.001181055241350119 Penicillium-mb
1 0 0.5806676357164524 0.17163550842628117 Penicillium-brevicompactum
1 0 -0.7498034672509788 0.052277998938584924 Penicillium-cvjetkovicii
1 2 0.9113870076547845 0.004278218968224355 Penicillium-chrysogenum
1 2 0.9249147271081577 0.0028486825596484343 Penicillium-commune
1 2 0.9527762609868924 0.0009073573205411207 Penicillium-solitum
1 2 0.9442399943929805 0.0013682420122233363 Penicillium-verrucosum
1 2 0.9423232947310184 0.0014873126793419744 Penicillium-polonicum
1 2 0.9481862152834967 0.001141312204907298 Penicillium-mb
1 2 0.5807792492301932 0.17153327325058434 Penicillium-brevicompactum
1 2 -0.7682626247051644 0.043629840400776644 Penicillium-cvjetkovicii
1 2 0.9097660587172371 0.004472551415167105 Penicillium-chrysogenum
1 2 0.9241276898351956 0.002922654454851253 Penicillium-commune
1 2 0.9521200631001385 0.0009388715084910033 Penicillium-solitum
1 2 0.9439237507730128 0.0013874849662616933 Penicillium-verrucosum
1 2 0.9412564417639832 0.001556139607526952 Penicillium-polonicum
1 2 0.947130604466664 0.0011996428628559656 Penicillium-mb
1 2 0.5807301878507248 0.17157820854749994 Penicillium-brevicompactum
1 2 -0.7710710879660868 0.04238907405082857 Penicillium-cvjetkovicii
3 4 0.9118833989865891 0.0042197130489140915 Penicillium-chrysogenum
3 4 0.9245258087022903 0.002885097211038675 Penicillium-commune
3 4 0.9524298689161375 0.0009239136383757839 Penicillium-solitum
3 4 0.9459542307218385 0.0012666790726659602 Penicillium-verrucosum
3 4 0.9416228422209597 0.0015322946407345702 Penicillium-polonicum
3 4 0.9474533040073435 0.0011816288858257547 Penicillium-mb
3 4 0.58074995268347 0.17156010524834223 Penicillium-brevicompactum
3 4 -0.7682626247051658 0.04362984040077598 Penicillium-cvjetkovicii
1 2 0.9123319505340085 0.004167249650500745 Penicillium-chrysogenum
1 2 0.9265553504959505 0.002698044889255079 Penicillium-commune
1 2 0.9539943291765324 0.0008505381771164257 Penicillium-solitum
1 2 0.9455548286954225 0.0012899298258427167 Penicillium-verrucosum
1 2 0.9433412743278 0.0014233435117183139 Penicillium-polonicum
1 2 0.9491275658735432 0.0010907378426675586 Penicillium-mb
1 2 0.5808271530003668 0.17148940379987535 Penicillium-brevicompactum
1 2 -0.7682626247051658 0.04362984040077598 Penicillium-cvjetkovicii
1 0 0.9107842451379404 0.004349894961960585 Penicillium-chrysogenum
1 0 0.9250349089523392 0.0028374846770234104 Penicillium-commune
1 0 0.9526224848171859 0.0009146854215191252 Penicillium-solitum
1 0 0.9444409214713103 0.0013560981904682345 Penicillium-verrucosum
1 0 0.9418791114454244 0.0015157457536027635 Penicillium-polonicum
1 0 0.9477170085317874 0.0011670275411984389 Penicillium-mb
1 0 0.5807277153394053 0.17158047327298312 Penicillium-brevicompactum
1 0 -0.767625634743284 0.04391400705278739 Penicillium-cvjetkovicii
1 0 0.9104065803002989 0.00439515848792624 Penicillium-chrysogenum
1 0 0.9241582029899598 0.002919765864719279 Penicillium-commune
1 0 0.9523557553748889 0.0009274790201598634 Penicillium-solitum
1 0 0.9423906475904639 0.0014830289830668846 Penicillium-verrucosum
1 0 0.940630358834649 0.001597387705742595 Penicillium-polonicum
1 0 0.9466064145321671 0.00122924830613228 Penicillium-mb
1 0 0.5807097278131178 0.171596949599832 Penicillium-brevicompactum
1 0 -0.7627784588739619 0.04610970196979678 Penicillium-cvjetkovicii
1 2 0.9145231361935424 0.003916452828945763 Penicillium-chrysogenum
1 2 0.9269994197869958 0.0026580950400929035 Penicillium-commune
1 2 0.9545776042660082 0.0008240970073159601 Penicillium-solitum
1 2 0.94602288653894 0.0012627074746202392 Penicillium-verrucosum
1 2 0.9434461151342969 0.0014168494315661812 Penicillium-polonicum
1 2 0.9492410261670361 0.0010847334499387818 Penicillium-mb
1 2 0.5808516767107569 0.17146694754523625 Penicillium-brevicompactum
1 2 -0.7682626247051643 0.04362984040077668 Penicillium-cvjetkovicii
3 4 0.9099720438177705 0.004447576672928694 Penicillium-chrysogenum
3 4 0.923374830771701 0.002994456353682785 Penicillium-commune
3 4 0.9515488943149614 0.0009668216378902075 Penicillium-solitum
3 4 0.94383757010818 0.0013927564387881315 Penicillium-verrucosum
3 4 0.9410254676160807 0.0015712828134893694 Penicillium-polonicum
3 4 0.9469233795466472 0.0012112956796862502 Penicillium-mb
3 4 0.5807301878507248 0.17157820854749994 Penicillium-brevicompactum
3 4 -0.7718983271922273 0.04202736528603368 Penicillium-cvjetkovicii
1 2 0.9095989077805728 0.004492877673106108 Penicillium-chrysogenum
1 2 0.9231719477637518 0.003013980639572162 Penicillium-commune
1 2 0.9513352733904016 0.0009773999513070842 Penicillium-solitum
1 2 0.9426069515280138 0.0014693211140965087 Penicillium-verrucosum
1 2 0.9403110551616943 0.0016186695770247827 Penicillium-polonicum
1 2 0.9462670672229416 0.001248641737270963 Penicillium-mb
1 2 0.5807301878507249 0.17157820854749994 Penicillium-brevicompactum
1 2 -0.773223154813295 0.04145164944442095 Penicillium-cvjetkovicii
1 0 0.9105515446307091 0.004377752030538979 Penicillium-chrysogenum
1 0 0.9237939939739088 0.002954353791045781 Penicillium-commune
1 0 0.951924812141198 0.0009483715761591621 Penicillium-solitum
1 0 0.942917840541109 0.0014497504185626753 Penicillium-verrucosum
1 0 0.9411434750009946 0.0015635351739307153 Penicillium-polonicum
1 0 0.947082775856537 0.0012023264911679146 Penicillium-mb
1 0 0.5807203247106865 0.17158724289302293 Penicillium-brevicompactum
1 0 -0.7656801546708905 0.0447881980402499 Penicillium-cvjetkovicii
1 2 0.9088400920035926 0.004585829629634733 Penicillium-chrysogenum
1 2 0.9238366497436566 0.002950290544577703 Penicillium-commune
1 2 0.9517886883226239 0.000955028262393014 Penicillium-solitum
1 2 0.9438897706812349 0.0013895620419993619 Penicillium-verrucosum
1 2 0.9411978858081483 0.0015599704955184027 Penicillium-polonicum
1 2 0.9470597659931543 0.001203618819511528 Penicillium-mb
1 2 0.5807301878507248 0.17157820854749994 Penicillium-brevicompactum
1 2 -0.7741547972819423 0.041049420837362106 Penicillium-cvjetkovicii
1 2 0.9071220947233152 0.004800390935309333 Penicillium-chrysogenum
1 2 0.922226357317203 0.0031059613713405104 Penicillium-commune
1 2 0.950780165029646 0.001005207300511807 Penicillium-solitum
1 2 0.9408245458135064 0.0015845260673495842 Penicillium-verrucosum
1 2 0.9387520507358124 0.0017249717256140108 Penicillium-polonicum
1 2 0.944798612925803 0.001334637578629427 Penicillium-mb
1 2 0.5807301878507247 0.17157820854750014 Penicillium-brevicompactum
1 2 -0.7857661500822186 0.03621762466450361 Penicillium-cvjetkovicii
1 2 0.9102608824982042 0.004412693634225912 Penicillium-chrysogenum
1 2 0.92231560378938 0.003097210795665848 Penicillium-commune
1 2 0.9508460773839083 0.001001881370552101 Penicillium-solitum
1 2 0.9418050827851645 0.0015205153621592757 Penicillium-verrucosum
1 2 0.9399692421766124 0.001641635868826375 Penicillium-polonicum
1 2 0.9459849219414975 0.001264902738639124 Penicillium-mb
1 2 0.5807301878507247 0.17157820854750014 Penicillium-brevicompactum
1 2 -0.7768267151168242 0.039907853819538805 Penicillium-cvjetkovicii
3 2 0.9087101936884421 0.004601853017192494 Penicillium-chrysogenum
3 2 0.9269954026882248 0.0026584548643635575 Penicillium-commune
3 2 0.9541359796256704 0.0008440713853916219 Penicillium-solitum
3 2 0.9435452661730752 0.001410723898512605 Penicillium-verrucosum
3 2 0.9414700464471455 0.0015422120526154884 Penicillium-polonicum
3 2 0.9473472274144547 0.001187532617716105 Penicillium-mb
3 2 0.5807008252447186 0.17160510451832225 Penicillium-brevicompactum
3 2 -0.7602337253240514 0.04728604409140489 Penicillium-cvjetkovicii
1 2 0.9072333741300326 0.0047863198152387825 Penicillium-chrysogenum
1 2 0.9230089735550641 0.0030297182093320853 Penicillium-commune
1 2 0.9510421244978902 0.000992027347107549 Penicillium-solitum
1 2 0.9424093627025174 0.0014818399800381554 Penicillium-verrucosum
1 2 0.9412037128696248 0.0015595890247353998 Penicillium-polonicum
1 2 0.9471147538060984 0.001200531839516352 Penicillium-mb
1 2 0.5807301878507248 0.17157820854749994 Penicillium-brevicompactum
1 2 -0.7809975433087502 0.03816142222808007 Penicillium-cvjetkovicii
1 2 0.9095607680879301 0.004497523154215458 Penicillium-chrysogenum
1 2 0.9231351358567924 0.003017531175370368 Penicillium-commune
1 2 0.951388322401302 0.000974766658656109 Penicillium-solitum
1 2 0.9422989191132342 0.0014888647839488278 Penicillium-verrucosum
1 2 0.9401435737253592 0.0016298987738380354 Penicillium-polonicum
1 2 0.9461191589532363 0.001257150709248431 Penicillium-mb
1 2 0.5807301878507248 0.17157820854749994 Penicillium-brevicompactum
1 2 -0.7754028875492962 0.040513963219545424 Penicillium-cvjetkovicii
1 0 0.9088198671711534 0.004588322287869008 Penicillium-chrysogenum
1 0 0.924066402127206 0.0029284614400455966 Penicillium-commune
1 0 0.9520206439497304 0.0009437017460413093 Penicillium-solitum
1 0 0.9428182402402563 0.0014560034869255203 Penicillium-verrucosum
1 0 0.9411557863968535 0.0015627281833591226 Penicillium-polonicum
1 0 0.9470742421937902 0.0012028056810424127 Penicillium-mb
1 0 0.5806948285500815 0.17161059770987733 Penicillium-brevicompactum
1 0 -0.7584621001838385 0.04811462110272559 Penicillium-cvjetkovicii
1 2 0.9114454598170244 0.004271305220041972 Penicillium-chrysogenum
1 2 0.9239494404257806 0.0029395622668685452 Penicillium-commune
1 2 0.9520803633711583 0.0009407985449816516 Penicillium-solitum
1 2 0.9432059173717704 0.0014317537500872044 Penicillium-verrucosum
1 2 0.9411703681899525 0.001561772689839435 Penicillium-polonicum
1 2 0.94710884787733 0.0012008631701283703 Penicillium-mb
1 2 0.5807582400103884 0.17155251487666975 Penicillium-brevicompactum
1 2 -0.7682626247051648 0.04362984040077643 Penicillium-cvjetkovicii
1 0 0.9120428401779092 0.0042010206236965586 Penicillium-chrysogenum
1 0 0.9237296104021002 0.002960492963130738 Penicillium-commune
1 0 0.9518252306710544 0.0009532385753258154 Penicillium-solitum
1 0 0.9436485120891035 0.0014043620158576066 Penicillium-verrucosum
1 0 0.9409263202942169 0.0015778096722382886 Penicillium-polonicum
1 0 0.9468494222156807 0.0012154706137532585 Penicillium-mb
1 0 0.580709650945841 0.17159702001087268 Penicillium-brevicompactum
1 0 -0.7627569126612554 0.04611959372106541 Penicillium-cvjetkovicii
3 2 0.9057264564173427 0.004978915510986315 Penicillium-chrysogenum
3 2 0.922341022882622 0.0030947211109193028 Penicillium-commune
3 2 0.9504015999598548 0.0010244360039265708 Penicillium-solitum
3 2 0.94273663637706 0.0014611385421451663 Penicillium-verrucosum
3 2 0.9399154628136073 0.001645266651295155 Penicillium-polonicum
3 2 0.9457895123671868 0.0012762377286692818 Penicillium-mb
3 2 0.5805577555793924 0.17173618517113676 Penicillium-brevicompactum
3 2 -0.7012826451555102 0.07912571624626885 Penicillium-cvjetkovicii
1 2 0.9071041467123049 0.004802662689941092 Penicillium-chrysogenum
1 2 0.9230745124387522 0.0030233836879818674 Penicillium-commune
1 2 0.951006269426545 0.0009938252481507441 Penicillium-solitum
1 2 0.9421971641615424 0.0014953542886922474 Penicillium-verrucosum
1 2 0.9401244792112333 0.0016311819170800783 Penicillium-polonicum
1 2 0.9460588501280215 0.0012606299927131325 Penicillium-mb
1 2 0.5807301878507248 0.17157820854749994 Penicillium-brevicompactum
1 2 -0.7816691410573453 0.0378842499645859 Penicillium-cvjetkovicii
1 0 0.9085127680139621 0.004626268554657957 Penicillium-chrysogenum
1 0 0.9243699391617297 0.002899767525331794 Penicillium-commune
1 0 0.9523050056431716 0.0009299251252748346 Penicillium-solitum
1 0 0.9426842184421704 0.0014644426502769294 Penicillium-verrucosum
1 0 0.9407063175338801 0.0015923494159690687 Penicillium-polonicum
1 0 0.9466369409754738 0.0012275125257421716 Penicillium-mb
1 0 0.5806666673613909 0.17163639554644508 Penicillium-brevicompactum
1 0 -0.7494750991138738 0.05243961403629787 Penicillium-cvjetkovicii
