#SPECIES: Penicillium-brevicompactum Penicillium-mb Penicillium-polonicum Penicillium-verrucosum Penicillium-solitum Penicillium-commune Penicillium-chrysogenum Penicillium-cvjetkovicii 
#GENE_TREEs p: 0.7200050802856415 0.8277386621560969 0.93878771917341 0.5866517297562239 0.6033808672885446 0.6003710891990978 0.8696176497986436 0.8739768903053082 
#GENE_TREEs r: 0.16726041321000015 -0.10200007993004057 -0.03608048993988098 -0.25134576353556864 -0.240524578304223 -0.24246470714229798 0.07702987251817543 0.07443981377558989 
1 2 0.16824687711756586 0.7184005988282234 Penicillium-brevicompactum
1 2 -0.10392697986354424 0.8245193381028766 Penicillium-mb
1 2 -0.03799872296748993 0.9355379263737935 Penicillium-polonicum
1 2 -0.2514394195019768 0.5865075660779026 Penicillium-verrucosum
1 2 -0.24163338870764023 0.60166018740112 Penicillium-solitum
1 2 -0.2434371102431296 0.5988642664537754 Penicillium-commune
1 2 0.07649550802128269 0.870516808712896 Penicillium-chrysogenum
1 2 0.08974460735656976 0.8482576222103615 Penicillium-cvjetkovicii
3 4 0.1668989342661168 0.7205932298798432 Penicillium-brevicompactum
3 4 -0.08972607142999416 0.8482887104572135 Penicillium-mb
3 4 -0.02467776179182208 0.9581184858853927 Penicillium-polonicum
3 4 -0.252551197102586 0.5847970496745204 Penicillium-verrucosum
3 4 -0.2376518435076414 0.6078456337842834 Penicillium-solitum
3 4 -0.24095925579245078 0.602706149264419 Penicillium-commune
3 4 0.08059110296438463 0.8636281650759551 Penicillium-chrysogenum
3 4 0.07781894693525823 0.8682901026934524 Penicillium-cvjetkovicii
1 2 0.16674415370201232 0.7208451013547903 Penicillium-brevicompactum
1 2 -0.09812824178958826 0.8342132120270203 Penicillium-mb
1 2 -0.03246919785085249 0.9449076289987779 Penicillium-polonicum
1 2 -0.2519711570698917 0.5856892740324726 Penicillium-verrucosum
1 2 -0.24470623616110396 0.5968993571289601 Penicillium-solitum
1 2 -0.24719231406682451 0.5930559654961584 Penicillium-commune
1 2 0.0811835291485903 0.8626322854407021 Penicillium-chrysogenum
1 2 0.07781894693525608 0.8682901026934561 Penicillium-cvjetkovicii
1 2 0.16700922579698468 0.720413766814253 Penicillium-brevicompactum
1 2 -0.10117968148112819 0.8291099085815866 Penicillium-mb
1 2 -0.035814348270436155 0.93923865981643 Penicillium-polonicum
1 2 -0.2510041695254414 0.5871776340264337 Penicillium-verrucosum
1 2 -0.2389773445506213 0.6057843453204406 Penicillium-solitum
1 2 -0.24136799761238972 0.6020718945708098 Penicillium-commune
1 2 0.08023603620177587 0.8642251079128116 Penicillium-chrysogenum
1 2 0.0778189469352563 0.8682901026934557 Penicillium-cvjetkovicii
1 2 0.1671795536213488 0.7201366345398601 Penicillium-brevicompactum
1 2 -0.10020615465160561 0.8307375472801889 Penicillium-mb
1 2 -0.03366292820298284 0.9428844124834723 Penicillium-polonicum
1 2 -0.25408370609668673 0.582441743381924 Penicillium-verrucosum
1 2 -0.23988375957016672 0.6043759728936192 Penicillium-solitum
1 2 -0.242487085775801 0.6003363988187256 Penicillium-commune
1 2 0.0799763482170663 0.8646617312398794 Penicillium-chrysogenum
1 2 0.07781894693525875 0.8682901026934516 Penicillium-cvjetkovicii
1 2 0.16743574908930384 0.7197198369931692 Penicillium-brevicompactum
1 2 -0.10337890990520777 0.8254348161195855 Penicillium-mb
1 2 -0.036476919105793336 0.9381160483409414 Penicillium-polonicum
1 2 -0.2555521153659325 0.5801877090251253 Penicillium-verrucosum
1 2 -0.2397794456139365 0.6045380046130374 Penicillium-solitum
1 2 -0.2424311049217754 0.6004231790206942 Penicillium-commune
1 2 0.07953022016060486 0.8654118872543409 Penicillium-chrysogenum
1 2 0.07974371178014025 0.8650528950198458 Penicillium-cvjetkovicii
1 2 0.16615467634207107 0.7218045302005035 Penicillium-brevicompactum
1 2 -0.10229967482640259 0.82723799394729 Penicillium-mb
1 2 -0.03316256933194208 0.9437324259757154 Penicillium-polonicum
1 2 -0.26172156648804296 0.5707473070346086 Penicillium-verrucosum
1 2 -0.2434032132378975 0.5989167736935724 Penicillium-solitum
1 2 -0.24682223795856903 0.5936276146263989 Penicillium-commune
1 2 0.08222605924565503 0.8608801244583836 Penicillium-chrysogenum
1 2 0.07781894693525764 0.8682901026934535 Penicillium-cvjetkovicii
1 2 0.1687230437035068 0.7176264087293995 Penicillium-brevicompactum
1 2 -0.10129770173396899 0.8289126235482518 Penicillium-mb
1 2 -0.03728976338217664 0.936738936034972 Penicillium-polonicum
1 2 -0.24590129825145163 0.5950508953540757 Penicillium-verrucosum
1 2 -0.23630629334715933 0.609940213308276 Penicillium-solitum
1 2 -0.23769934703315052 0.6077717252357012 Penicillium-commune
1 2 0.07603146250645758 0.8712977340237097 Penicillium-chrysogenum
1 2 0.09654407351920609 0.8368644495248116 Penicillium-cvjetkovicii
1 2 0.16852136293184833 0.7179542942058691 Penicillium-brevicompactum
1 2 -0.10643185999095249 0.8203372941635267 Penicillium-mb
1 2 -0.040357684270355534 0.9315424489312296 Penicillium-polonicum
1 2 -0.2522987897165589 0.585185254258908 Penicillium-verrucosum
1 2 -0.24649863782219034 0.594127609987319 Penicillium-solitum
1 2 -0.2483090123620338 0.5913320376875264 Penicillium-commune
1 2 0.07676553775687299 0.8700624239639747 Penicillium-chrysogenum
1 2 0.09357519578398515 0.8418364056356678 Penicillium-cvjetkovicii
1 2 0.1672724099207437 0.719985562742435 Penicillium-brevicompactum
1 2 -0.09794408562152682 0.834521348974733 Penicillium-mb
1 2 -0.03711565418053825 0.9370338995708771 Penicillium-polonicum
1 2 -0.24046363694911663 0.6034754800551394 Penicillium-verrucosum
1 2 -0.22822637904359863 0.6225621160646824 Penicillium-solitum
1 2 -0.2303989652732317 0.6191608822572615 Penicillium-commune
1 2 0.08293905190658338 0.8596820717782439 Penicillium-chrysogenum
1 2 0.07794815909914636 0.8680727381646137 Penicillium-cvjetkovicii
1 0 0.16726041320999996 0.7200050802856417 Penicillium-brevicompactum
1 0 -0.10004721223538261 0.8310033287958448 Penicillium-mb
1 0 -0.03392881076769129 0.9424338093221456 Penicillium-polonicum
1 0 -0.2523413746235356 0.5851197527734056 Penicillium-verrucosum
1 0 -0.2417976659451735 0.6014053825703403 Penicillium-solitum
1 0 -0.24403595300008654 0.5979368732554504 Penicillium-commune
1 0 0.07865543639004138 0.8668830527241059 Penicillium-chrysogenum
1 0 0.07629444896528997 0.8708551534417848 Penicillium-cvjetkovicii
1 2 0.16750733654233832 0.7196033831428312 Penicillium-brevicompactum
1 2 -0.09527275031364865 0.8389930040285769 Penicillium-mb
1 2 -0.03227576946967069 0.9452354871578807 Penicillium-polonicum
1 2 -0.24582081863422986 0.5951753228109256 Penicillium-verrucosum
1 2 -0.22986342487109093 0.6199987844204347 Penicillium-solitum
1 2 -0.2323899542465956 0.6160486746897409 Penicillium-commune
1 2 0.08252226370943454 0.8603823816146473 Penicillium-chrysogenum
1 2 0.08055241033264764 0.8636932131292326 Penicillium-cvjetkovicii
1 2 0.16747255779909104 0.7196599584204638 Penicillium-brevicompactum
1 2 -0.10497645379741724 0.8227667733936413 Penicillium-mb
1 2 -0.039733864883629504 0.932598931094686 Penicillium-polonicum
1 2 -0.250330166629777 0.5882157248668519 Penicillium-verrucosum
1 2 -0.24579079572372914 0.5952217424703068 Penicillium-solitum
1 2 -0.24780368890506668 0.5921119531584906 Penicillium-commune
1 2 0.07893935058083872 0.866405547067109 Penicillium-chrysogenum
1 2 0.08015784367692688 0.8643565731050441 Penicillium-cvjetkovicii
1 2 0.16685192289912817 0.7206697284630836 Penicillium-brevicompactum
1 2 -0.105266001812198 0.8222833466934916 Penicillium-mb
1 2 -0.03878021731120826 0.9342141522430805 Penicillium-polonicum
1 2 -0.2541404773836174 0.582354548202185 Penicillium-verrucosum
1 2 -0.24071407789070118 0.6030866933175986 Penicillium-solitum
1 2 -0.2433257289280526 0.5990368038575933 Penicillium-commune
1 2 0.08035185032448697 0.8640303940565839 Penicillium-chrysogenum
1 2 0.07781894693525832 0.8682901026934523 Penicillium-cvjetkovicii
1 2 0.1672072113088253 0.7200916363342069 Penicillium-brevicompactum
1 2 -0.10172456312219469 0.828199133196653 Penicillium-mb
1 2 -0.04067680229266659 0.9310020308571462 Penicillium-polonicum
1 2 -0.24154413666496888 0.6017986367182393 Penicillium-verrucosum
1 2 -0.22829900807892714 0.6224483270688737 Penicillium-solitum
1 2 -0.2305905510631934 0.6188612081825065 Penicillium-commune
1 2 0.08324862323566924 0.8591619607692236 Penicillium-chrysogenum
1 2 0.07781894693525629 0.8682901026934557 Penicillium-cvjetkovicii
1 0 0.1672604132100002 0.7200050802856414 Penicillium-brevicompactum
1 0 -0.10263494716858258 0.8266777585159563 Penicillium-mb
1 0 -0.03674647929700518 0.937659348544468 Penicillium-polonicum
1 0 -0.2511780682664022 0.5869098885302002 Penicillium-verrucosum
1 0 -0.23951693313174263 0.6049458244646739 Penicillium-solitum
1 0 -0.24151692298814778 0.6018408529378041 Penicillium-commune
1 0 0.07729554813378263 0.8691706470278878 Penicillium-chrysogenum
1 0 0.07344407149481161 0.8756534702929204 Penicillium-cvjetkovicii
3 4 0.16764231960585493 0.7193838131303586 Penicillium-brevicompactum
3 4 -0.09177020045620911 0.8448612697309449 Penicillium-mb
3 4 -0.023787486014784184 0.9596285337631103 Penicillium-polonicum
3 4 -0.25291099476014134 0.584243815076303 Penicillium-verrucosum
3 4 -0.24278795928404212 0.5998700561297263 Penicillium-solitum
3 4 -0.24453365907552418 0.5971664334516991 Penicillium-commune
3 4 0.07864667382617274 0.8668977906960316 Penicillium-chrysogenum
3 4 0.08211443905140961 0.8610677008643107 Penicillium-cvjetkovicii
1 2 0.1666051016575978 0.7210713952144903 Penicillium-brevicompactum
1 2 -0.09687109041928035 0.8363170582595751 Penicillium-mb
1 2 -0.030466460153960657 0.9483025315841883 Penicillium-polonicum
1 2 -0.25289716731078343 0.5842650735565389 Penicillium-verrucosum
1 2 -0.24118380873791748 0.6023576803078297 Penicillium-solitum
1 2 -0.2436237673365087 0.5985751550856462 Penicillium-commune
1 2 0.07997803925394092 0.8646588879463319 Penicillium-chrysogenum
1 2 0.07781894693525941 0.8682901026934505 Penicillium-cvjetkovicii
1 0 0.16726041320999993 0.7200050802856418 Penicillium-brevicompactum
1 0 -0.10749741634776074 0.8185593061714905 Penicillium-mb
1 0 -0.04305565689601565 0.9269741778780931 Penicillium-polonicum
1 0 -0.24729342267292653 0.5928998141113802 Penicillium-verrucosum
1 0 -0.2378183197775685 0.6075866326654775 Penicillium-solitum
1 0 -0.23957479096130035 0.6048559338326879 Penicillium-commune
1 0 0.07767521643207448 0.868531898152599 Penicillium-chrysogenum
1 0 0.07489511839817918 0.8732103962276596 Penicillium-cvjetkovicii
3 2 0.1672604132100002 0.7200050802856414 Penicillium-brevicompactum
3 2 -0.09297987143284593 0.8428338982383556 Penicillium-mb
3 2 -0.027066242327992745 0.9540677487935784 Penicillium-polonicum
3 2 -0.24980576534417956 0.5890237891018113 Penicillium-verrucosum
3 2 -0.23933884277015227 0.6052225388649903 Penicillium-solitum
3 2 -0.24131930162346532 0.6021474468780574 Penicillium-commune
3 2 0.07931225961793871 0.8657784130946731 Penicillium-chrysogenum
3 2 0.07722230503662136 0.869293876754963 Penicillium-cvjetkovicii
1 2 0.16765398845568824 0.7193648327320341 Penicillium-brevicompactum
1 2 -0.10010770588050294 0.8309021705701601 Penicillium-mb
1 2 -0.035694726413587015 0.9394413468966848 Penicillium-polonicum
1 2 -0.24812792794589889 0.5916114871733718 Penicillium-verrucosum
1 2 -0.2366603913979436 0.6093887932442876 Penicillium-solitum
1 2 -0.23870855342314734 0.6062021752758879 Penicillium-commune
1 2 0.07910743312197925 0.8661228699534748 Penicillium-chrysogenum
1 2 0.08225179270740082 0.860836880419995 Penicillium-cvjetkovicii
1 2 0.16661219391722415 0.7210598528508578 Penicillium-brevicompactum
1 2 -0.1018801517171336 0.8279390932759134 Penicillium-mb
1 2 -0.036347140209190935 0.9383359298221278 Penicillium-polonicum
1 2 -0.2512743776519576 0.5867616206211086 Penicillium-verrucosum
1 2 -0.2403825793728508 0.6036013305294818 Penicillium-solitum
1 2 -0.2428293711837045 0.5998058777320332 Penicillium-commune
1 2 0.08084634320681673 0.8631990837284775 Penicillium-chrysogenum
1 2 0.07781894693525832 0.8682901026934523 Penicillium-cvjetkovicii
1 2 0.16632045630975228 0.7215346786426842 Penicillium-brevicompactum
1 2 -0.09923247559459773 0.8323659218482822 Penicillium-mb
1 2 -0.035901942881063596 0.9390902413040646 Penicillium-polonicum
1 2 -0.2467302677395642 0.5937697050678797 Penicillium-verrucosum
1 2 -0.23595141081088256 0.6104930021290984 Penicillium-solitum
1 2 -0.2384265836911357 0.6066405827549386 Penicillium-commune
1 2 0.083086603826793 0.8594341646518555 Penicillium-chrysogenum
1 2 0.07781894693525925 0.8682901026934507 Penicillium-cvjetkovicii
1 2 0.1673463136473971 0.7198653308537456 Penicillium-brevicompactum
1 2 -0.09797738780671732 0.834465625272347 Penicillium-mb
1 2 -0.034686497155707256 0.9411497913548863 Penicillium-polonicum
1 2 -0.24534922144905352 0.5959046049332011 Penicillium-verrucosum
1 2 -0.24042360502734028 0.6035376328786554 Penicillium-solitum
1 2 -0.24231813275891984 0.6005983172387996 Penicillium-commune
1 2 0.08004832812696674 0.8645407059215837 Penicillium-chrysogenum
1 2 0.07875213184712959 0.8667204202908491 Penicillium-cvjetkovicii
1 2 0.1675943471520035 0.7194618456995934 Penicillium-brevicompactum
1 2 -0.10712977644150319 0.8191726808220934 Penicillium-mb
1 2 -0.03817985746851033 0.9352310918391116 Penicillium-polonicum
1 2 -0.2607449623087148 0.5722384576271147 Penicillium-verrucosum
1 2 -0.2429926267539754 0.5995528912509792 Penicillium-solitum
1 2 -0.24583038585765746 0.59516053076227 Penicillium-commune
1 2 0.07843027568878858 0.8672617657709292 Penicillium-chrysogenum
1 2 0.08155366459645537 0.8620101540875429 Penicillium-cvjetkovicii
1 2 0.1668954287127914 0.7205989341780987 Penicillium-brevicompactum
1 2 -0.10126409261611656 0.8289688044993591 Penicillium-mb
1 2 -0.03530862322853566 0.940095577200414 Penicillium-polonicum
1 2 -0.2527552032794204 0.5844833444748542 Penicillium-verrucosum
1 2 -0.24014720085150357 0.6039668248667458 Penicillium-solitum
1 2 -0.24265021299523476 0.6000835442584408 Penicillium-commune
1 2 0.08026433359879903 0.8641775320765155 Penicillium-chrysogenum
1 2 0.07781894693525813 0.8682901026934526 Penicillium-cvjetkovicii
1 2 0.1673188526067486 0.7199100059106118 Penicillium-brevicompactum
1 2 -0.10595056655819413 0.8211405816742496 Penicillium-mb
1 2 -0.040466040675292456 0.9313589478232597 Penicillium-polonicum
1 2 -0.2509632766692787 0.5872406006885458 Penicillium-verrucosum
1 2 -0.23872704051443558 0.6061734347624369 Penicillium-solitum
1 2 -0.24094624745734802 0.6027263378854708 Penicillium-commune
1 2 0.07902189985217642 0.8662667163017869 Penicillium-chrysogenum
1 2 0.07845178112983808 0.8672255934388673 Penicillium-cvjetkovicii
1 0 0.16726041321000026 0.7200050802856413 Penicillium-brevicompactum
1 0 -0.0968580526330831 0.8363388811133494 Penicillium-mb
1 0 -0.031176147551823834 0.9470994452649044 Penicillium-polonicum
1 0 -0.24995167566952203 0.5887989178592069 Penicillium-verrucosum
1 0 -0.24300351631440426 0.5995360175493429 Penicillium-solitum
1 0 -0.24494009771524627 0.5965374958075855 Penicillium-commune
1 0 0.07800220020186138 0.8679818305802598 Penicillium-chrysogenum
1 0 0.07601987954597658 0.8713172276320698 Penicillium-cvjetkovicii
1 2 0.16690491615328357 0.7205834960712276 Penicillium-brevicompactum
1 2 -0.10328580271060252 0.8255903549666597 Penicillium-mb
1 2 -0.0373853358069984 0.9365770264140753 Penicillium-polonicum
1 2 -0.2538197570018526 0.5828471965029531 Penicillium-verrucosum
1 2 -0.23751789017344185 0.6080540598974014 Penicillium-solitum
1 2 -0.24040158475471696 0.6035718219598927 Penicillium-commune
1 2 0.08186294277694274 0.861490356376288 Penicillium-chrysogenum
1 2 0.07781894693525744 0.8682901026934537 Penicillium-cvjetkovicii
1 0 0.16726041321000015 0.7200050802856415 Penicillium-brevicompactum
1 0 -0.09886973417530451 0.8329726903982508 Penicillium-mb
1 0 -0.03487133186105484 0.9408365753615829 Penicillium-polonicum
1 0 -0.24701154127509106 0.593335180738106 Penicillium-verrucosum
1 0 -0.23654574310766668 0.6095673135131257 Penicillium-solitum
1 0 -0.2385960476682604 0.6063770883500124 Penicillium-commune
1 0 0.07961494055529361 0.8652694252942594 Penicillium-chrysogenum
1 0 0.07694636657799386 0.8697581553651366 Penicillium-cvjetkovicii
3 2 0.1672604132100002 0.7200050802856414 Penicillium-brevicompactum
3 2 -0.08666280544529682 0.8534285097765437 Penicillium-mb
3 2 -0.01687476567165479 0.9713565866745817 Penicillium-polonicum
3 2 -0.24773681563991864 0.5922151886621501 Penicillium-verrucosum
3 2 -0.24596503285931096 0.5949523625022384 Penicillium-solitum
3 2 -0.2455212592600739 0.5956385328776751 Penicillium-commune
3 2 0.07879235931567813 0.8666527626692921 Penicillium-chrysogenum
3 2 0.0763703592783158 0.8707274087619379 Penicillium-cvjetkovicii
1 2 0.16708061969759916 0.7202976022426169 Penicillium-brevicompactum
1 2 -0.09770212196893685 0.8349262371421413 Penicillium-mb
1 2 -0.032505331130972266 0.9448463843238533 Penicillium-polonicum
1 2 -0.24975890569922557 0.5890960129044305 Penicillium-verrucosum
1 2 -0.2425513538432031 0.600236776603362 Penicillium-solitum
1 2 -0.24467789071372578 0.5969432214209521 Penicillium-commune
1 2 0.07953557989385902 0.8654028744849198 Penicillium-chrysogenum
1 2 0.07781894693525608 0.8682901026934561 Penicillium-cvjetkovicii
1 2 0.1678653892867681 0.7190209907640466 Penicillium-brevicompactum
1 2 -0.1064820681242131 0.8202535030559377 Penicillium-mb
1 2 -0.04222082518186537 0.92838756895341 Penicillium-polonicum
1 2 -0.2478728128380055 0.5920052489368417 Penicillium-verrucosum
1 2 -0.2408334121502122 0.6029014640041701 Penicillium-solitum
1 2 -0.24268983457658888 0.6000221338318684 Penicillium-commune
1 2 0.07863618292961894 0.8669154356335829 Penicillium-chrysogenum
1 2 0.0848059490191342 0.8565461138613273 Penicillium-cvjetkovicii
3 4 0.16704539781598737 0.7203549110127803 Penicillium-brevicompactum
3 4 -0.09352564112010947 0.8419194302918319 Penicillium-mb
3 4 -0.02850261099416466 0.9516321173319173 Penicillium-polonicum
3 4 -0.24709681220061297 0.5932034693258783 Penicillium-verrucosum
3 4 -0.23694712807290144 0.6089423794313225 Penicillium-solitum
3 4 -0.23872567158743535 0.60617556291816 Penicillium-commune
3 4 0.08013457228628489 0.864395699804481 Penicillium-chrysogenum
3 4 0.07781894693525654 0.8682901026934553 Penicillium-cvjetkovicii
1 2 0.16728344750049878 0.7199676057237587 Penicillium-brevicompactum
1 2 -0.10130673556463511 0.828897522709281 Penicillium-mb
1 2 -0.037698953296963274 0.9360457380226924 Penicillium-polonicum
1 2 -0.24722462491182334 0.5930060635096316 Penicillium-verrucosum
1 2 -0.23384929608329874 0.6137704055712152 Penicillium-solitum
1 2 -0.23620214653891097 0.610102424096829 Penicillium-commune
1 2 0.08123844125122585 0.8625399844645572 Penicillium-chrysogenum
1 2 0.07806735881416205 0.8678722227331769 Penicillium-cvjetkovicii
1 0 0.16726041321000018 0.7200050802856415 Penicillium-brevicompactum
1 0 -0.10679124604405792 0.8197375536801624 Penicillium-mb
1 0 -0.042326160096033585 0.9282092259808002 Penicillium-polonicum
1 0 -0.24822410458122635 0.5914630623816606 Penicillium-verrucosum
1 0 -0.2379201166275526 0.6074282748166638 Penicillium-solitum
1 0 -0.23987784674266743 0.6043851569918347 Penicillium-commune
1 0 0.07852088014296217 0.8671093695668671 Penicillium-chrysogenum
1 0 0.0746568988033276 0.8736114232222145 Penicillium-cvjetkovicii
1 2 0.16573811056616455 0.7224827043857572 Penicillium-brevicompactum
1 2 -0.09734551364187644 0.8355230179975216 Penicillium-mb
1 2 -0.03639735357391781 0.9382508540714566 Penicillium-polonicum
1 2 -0.24254482512821693 0.6002468965674619 Penicillium-verrucosum
1 2 -0.226403870718795 0.6254194167315263 Penicillium-solitum
1 2 -0.22934134366575232 0.6208159429901058 Penicillium-commune
1 2 0.08753248627967389 0.8519688621110975 Penicillium-chrysogenum
1 2 0.07781894693525764 0.8682901026934535 Penicillium-cvjetkovicii
1 2 0.16631285441005672 0.7215470522803438 Penicillium-brevicompactum
1 2 -0.10111578099239968 0.8292167289067667 Penicillium-mb
1 2 -0.03508057031884775 0.9404820127353254 Penicillium-polonicum
1 2 -0.2530790175841218 0.5839855138897003 Penicillium-verrucosum
1 2 -0.2398875696345297 0.6043700549338233 Penicillium-solitum
1 2 -0.24256509097536008 0.6002154832561335 Penicillium-commune
1 2 0.0815067601643804 0.8620889888990239 Penicillium-chrysogenum
1 2 0.07781894693525787 0.8682901026934531 Penicillium-cvjetkovicii
1 2 0.16783857640302652 0.7190645996465685 Penicillium-brevicompactum
1 2 -0.10574401979249994 0.8214853501382053 Penicillium-mb
1 2 -0.038071325934632035 0.9354149391138864 Penicillium-polonicum
1 2 -0.2555991224825971 0.5801155970050138 Penicillium-verrucosum
1 2 -0.24759840458622875 0.5924288778851144 Penicillium-solitum
1 2 -0.2497716733807515 0.5890763340725984 Penicillium-commune
1 2 0.07737458274984826 0.8690376755731934 Penicillium-chrysogenum
1 2 0.08447498980597286 0.8571019408020142 Penicillium-cvjetkovicii
1 0 0.16726041321000018 0.7200050802856415 Penicillium-brevicompactum
1 0 -0.09839685448640789 0.833763789527496 Penicillium-mb
1 0 -0.03302173276590282 0.9439711249226026 Penicillium-polonicum
1 0 -0.2495977012207591 0.5893444946896965 Penicillium-verrucosum
1 0 -0.23975696709596156 0.6045729223681026 Penicillium-solitum
1 0 -0.24154992692640145 0.6017896544757595 Penicillium-commune
1 0 0.07669157931289487 0.8701868725802018 Penicillium-chrysogenum
1 0 0.071882576588422 0.878283378539453 Penicillium-cvjetkovicii
1 2 0.16749083531694278 0.7196302258895857 Penicillium-brevicompactum
1 2 -0.10435632015832871 0.8238022926220191 Penicillium-mb
1 2 -0.03775032225109527 0.9359587174734236 Penicillium-polonicum
1 2 -0.25409945279507645 0.5824175575791545 Penicillium-verrucosum
1 2 -0.24140797869426392 0.6020098656425208 Penicillium-solitum
1 2 -0.24374106777108467 0.5983934910270714 Penicillium-commune
1 2 0.07845733567201135 0.8672162506823173 Penicillium-chrysogenum
1 2 0.08036480470906987 0.8640086146851832 Penicillium-cvjetkovicii
1 2 0.1672456326934258 0.7200291269906798 Penicillium-brevicompactum
1 2 -0.10499547782154237 0.8227350096886045 Penicillium-mb
1 2 -0.035731215235481895 0.9393795200200885 Penicillium-polonicum
1 2 -0.2607921795729513 0.5721663346955488 Penicillium-verrucosum
1 2 -0.24470263504818712 0.5969049297607967 Penicillium-solitum
1 2 -0.24758800121108246 0.5924449403310912 Penicillium-commune
1 2 0.07884377750128774 0.8665662845897414 Penicillium-chrysogenum
1 2 0.07781894693525801 0.8682901026934529 Penicillium-cvjetkovicii
3 2 0.16726041320999996 0.7200050802856417 Penicillium-brevicompactum
3 2 -0.09784041868121983 0.8346948157619439 Penicillium-mb
3 2 -0.03156342136879713 0.9464429590554312 Penicillium-polonicum
3 2 -0.2526062059415042 0.5847124561594019 Penicillium-verrucosum
3 2 -0.25048452786807074 0.5879779300606336 Penicillium-solitum
3 2 -0.2544474939119392 0.5818830705794276 Penicillium-commune
3 2 0.0779976259558683 0.8679895253017165 Penicillium-chrysogenum
3 2 0.07453200228552342 0.8738216868842552 Penicillium-cvjetkovicii
1 2 0.16716217396854352 0.7201649110282136 Penicillium-brevicompactum
1 2 -0.10602417452181011 0.8210177205767375 Penicillium-mb
1 2 -0.037643011887459596 0.9361405050243872 Penicillium-polonicum
1 2 -0.25940679707896563 0.5742836507541513 Penicillium-verrucosum
1 2 -0.2443217500862453 0.5974944281150653 Penicillium-solitum
1 2 -0.2472080649213779 0.5930316391725217 Penicillium-commune
1 2 0.07962778769048404 0.8652478223896385 Penicillium-chrysogenum
1 2 0.0778189469352563 0.8682901026934557 Penicillium-cvjetkovicii
1 2 0.1672010852465612 0.7201016031934557 Penicillium-brevicompactum
1 2 -0.10275918865558083 0.8264701675474653 Penicillium-mb
1 2 -0.036294110650318935 0.9384257775146931 Penicillium-polonicum
1 2 -0.253250273270188 0.5837222790564579 Penicillium-verrucosum
1 2 -0.24474220059893834 0.5968437039240375 Penicillium-solitum
1 2 -0.2470614372699664 0.5932581091728228 Penicillium-commune
1 2 0.0791956436549309 0.8659745241714217 Penicillium-chrysogenum
1 2 0.07781894693525813 0.8682901026934526 Penicillium-cvjetkovicii
1 2 0.1671880512536837 0.7201228090854398 Penicillium-brevicompactum
1 2 -0.0978616070700019 0.8346593606143607 Penicillium-mb
1 2 -0.03279485801628958 0.9443556539686908 Penicillium-polonicum
1 2 -0.2495460093913608 0.5894241796352803 Penicillium-verrucosum
1 2 -0.24055578338905814 0.6033324224315314 Penicillium-solitum
1 2 -0.24271880032465204 0.5999772403245378 Penicillium-commune
1 2 0.07957163324734313 0.8653422485301315 Penicillium-chrysogenum
1 2 0.07781894693525643 0.8682901026934555 Penicillium-cvjetkovicii
1 2 0.16762850948058908 0.7194062766473448 Penicillium-brevicompactum
1 2 -0.1003080306213684 0.830567198305665 Penicillium-mb
1 2 -0.033443696085402666 0.943255964146088 Penicillium-polonicum
1 2 -0.2534923581332471 0.5833502360713586 Penicillium-verrucosum
1 2 -0.24149049820009486 0.6018818462104922 Penicillium-solitum
1 2 -0.24370411027857788 0.5984507255845359 Penicillium-commune
1 2 0.07790038603173793 0.8681531026641263 Penicillium-chrysogenum
1 2 0.08195236237706635 0.8613400780261704 Penicillium-cvjetkovicii
1 2 0.1675119304686999 0.7195959101869438 Penicillium-brevicompactum
1 2 -0.1001188643649151 0.8308835114165174 Penicillium-mb
1 2 -0.03513393386358316 0.9403915874025143 Penicillium-polonicum
1 2 -0.24979837399690538 0.5890351810529779 Penicillium-verrucosum
1 2 -0.2411674096025355 0.6023831270141735 Penicillium-solitum
1 2 -0.24328350747033212 0.5991022117302147 Penicillium-commune
1 2 0.07924734607084684 0.8658875764248838 Penicillium-chrysogenum
1 2 0.08060476797964101 0.8636051923046981 Penicillium-cvjetkovicii
1 0 0.16726041321 0.7200050802856417 Penicillium-brevicompactum
1 0 -0.10478179997880716 0.8230917906810382 Penicillium-mb
1 0 -0.03919002934279199 0.9335200192132324 Penicillium-polonicum
1 0 -0.250425491695178 0.5880688723150427 Penicillium-verrucosum
1 0 -0.24138705408667674 0.6020423290330248 Penicillium-solitum
1 0 -0.24330710666999725 0.5990656524857038 Penicillium-commune
1 0 0.077453027258654 0.8689056993686723 Penicillium-chrysogenum
1 0 0.07372182819912311 0.8751857603322759 Penicillium-cvjetkovicii
1 2 0.1658962220501899 0.7222252799258024 Penicillium-brevicompactum
1 2 -0.10565196359079498 0.8216390179817163 Penicillium-mb
1 2 -0.038972074630614285 0.9338891832526108 Penicillium-polonicum
1 2 -0.25515445790564545 0.5807978530219184 Penicillium-verrucosum
1 2 -0.23960022699769543 0.6048164164708774 Penicillium-solitum
1 2 -0.24270173644626658 0.6000036872100343 Penicillium-commune
1 2 0.08335002407525044 0.8589916059432288 Penicillium-chrysogenum
1 2 0.07781894693525873 0.8682901026934516 Penicillium-cvjetkovicii
1 0 0.16726041321000001 0.7200050802856417 Penicillium-brevicompactum
1 0 -0.10360114156600013 0.8250635886619959 Penicillium-mb
1 0 -0.037868429864378016 0.9357586415574745 Penicillium-polonicum
1 0 -0.25184584718191716 0.5858820820805075 Penicillium-verrucosum
1 0 -0.2395424188753207 0.6049062281320028 Penicillium-solitum
1 0 -0.241873003604556 0.6012885396756882 Penicillium-commune
1 0 0.07929868170468146 0.8658012465583844 Penicillium-chrysogenum
1 0 0.0767169689342434 0.8701441496558188 Penicillium-cvjetkovicii
1 2 0.1675025510955208 0.7196111676645816 Penicillium-brevicompactum
1 2 -0.10164053484900475 0.8283395773788426 Penicillium-mb
1 2 -0.039287780925626466 0.9333544540884531 Penicillium-polonicum
1 2 -0.24329374052223635 0.599086358879624 Penicillium-verrucosum
1 2 -0.2318951881691316 0.6168216419287113 Penicillium-solitum
1 2 -0.2339634143790486 0.6135923521910231 Penicillium-commune
1 2 0.08118987794661418 0.8626216137724141 Penicillium-chrysogenum
1 2 0.08049792942955368 0.8637848046463559 Penicillium-cvjetkovicii
1 0 0.16726041321000018 0.7200050802856415 Penicillium-brevicompactum
1 0 -0.10068102952903506 0.8299435439597787 Penicillium-mb
1 0 -0.03535796582944851 0.9400119674170834 Penicillium-polonicum
1 0 -0.2500748156119037 0.5886091598510952 Penicillium-verrucosum
1 0 -0.24093715440913857 0.6027404501957573 Penicillium-solitum
1 0 -0.24310582609552778 0.5993774924168038 Penicillium-commune
1 0 0.0793496963275763 0.865715457579088 Penicillium-chrysogenum
1 0 0.07780081935981803 0.8683205979656481 Penicillium-cvjetkovicii
1 0 0.16726041321000024 0.7200050802856413 Penicillium-brevicompactum
1 0 -0.09696795552039113 0.8361549265281452 Penicillium-mb
1 0 -0.03258577091137688 0.9447100424212738 Penicillium-polonicum
1 0 -0.24780112518927205 0.5921159107901528 Penicillium-verrucosum
1 0 -0.23800589934407035 0.6072948384425191 Penicillium-solitum
1 0 -0.24007103068304128 0.6040851155316442 Penicillium-commune
1 0 0.07942192422563932 0.8655939969894998 Penicillium-chrysogenum
1 0 0.07651717539336425 0.870480347520985 Penicillium-cvjetkovicii
1 0 0.16726041321000001 0.7200050802856417 Penicillium-brevicompactum
1 0 -0.09726748862777398 0.8356536005372912 Penicillium-mb
1 0 -0.03170034168333517 0.9462108646889547 Penicillium-polonicum
1 0 -0.2495294185355642 0.5894497557755288 Penicillium-verrucosum
1 0 -0.24214255411674956 0.6008705432100259 Penicillium-solitum
1 0 -0.24390724062224547 0.5981361662496756 Penicillium-commune
1 0 0.07689694557663738 0.8698413115210305 Penicillium-chrysogenum
1 0 0.073618802569692 0.8753592401360714 Penicillium-cvjetkovicii
1 0 0.1672604132100002 0.7200050802856414 Penicillium-brevicompactum
1 0 -0.10393281720167481 0.8245095884550202 Penicillium-mb
1 0 -0.036197386363566716 0.9385896582838547 Penicillium-polonicum
1 0 -0.25694464658314314 0.5780526550971946 Penicillium-verrucosum
1 0 -0.2420202104480198 0.6010602528042897 Penicillium-solitum
1 0 -0.24443696503408063 0.5973160906456045 Penicillium-commune
1 0 0.07732638990122764 0.8691187571351953 Penicillium-chrysogenum
1 0 0.07341291276918385 0.8757059397574837 Penicillium-cvjetkovicii
1 2 0.16801039823059147 0.7187851565109538 Penicillium-brevicompactum
1 2 -0.1023365703051952 0.8271763392580102 Penicillium-mb
1 2 -0.03723017472217425 0.936839886295953 Penicillium-polonicum
1 2 -0.24920664037659393 0.5899474116775585 Penicillium-verrucosum
1 2 -0.24018312154592406 0.6039110431760901 Penicillium-solitum
1 2 -0.2418985214180887 0.6012489650545144 Penicillium-commune
1 2 0.07688490090663 0.8698615781197194 Penicillium-chrysogenum
1 2 0.08663201775114893 0.8534801890844973 Penicillium-cvjetkovicii
1 0 0.16726041321000024 0.7200050802856413 Penicillium-brevicompactum
1 0 -0.10380917954815669 0.8247160945587828 Penicillium-mb
1 0 -0.038390544942503844 0.9348742037831483 Penicillium-polonicum
1 0 -0.25076067025325616 0.5875526037792851 Penicillium-verrucosum
1 0 -0.23940821435222193 0.6051147457725374 Penicillium-solitum
1 0 -0.24150653091782812 0.6018569742532935 Penicillium-commune
1 0 0.07832860746986622 0.8674327750596692 Penicillium-chrysogenum
1 0 0.07582999424772692 0.871636803539158 Penicillium-cvjetkovicii
1 2 0.16774988718602776 0.7192088494555273 Penicillium-brevicompactum
1 2 -0.10200168338504452 0.8277359824176274 Penicillium-mb
1 2 -0.037148013303872594 0.9369790785911898 Penicillium-polonicum
1 2 -0.24945829301305938 0.5895594053347573 Penicillium-verrucosum
1 2 -0.24175594252421587 0.6014700952940042 Penicillium-solitum
1 2 -0.2437330459277886 0.5984059139880555 Penicillium-commune
1 2 0.07865160598520023 0.8668894951725499 Penicillium-chrysogenum
1 2 0.08339487351160026 0.8589162596511255 Penicillium-cvjetkovicii
1 2 0.1682458230572402 0.7184023128172792 Penicillium-brevicompactum
1 2 -0.10632370505261415 0.8205177958709295 Penicillium-mb
1 2 -0.03972199079852948 0.9326190414629845 Penicillium-polonicum
1 2 -0.25340062751686104 0.5834912017141032 Penicillium-verrucosum
1 2 -0.24672096258094808 0.5937840817529314 Penicillium-solitum
1 2 -0.24862543647811258 0.5908438284056021 Penicillium-commune
1 2 0.07678634667092053 0.8700274095423695 Penicillium-chrysogenum
1 2 0.0897303541883237 0.8482815274493871 Penicillium-cvjetkovicii
1 0 0.16726041321 0.7200050802856417 Penicillium-brevicompactum
1 0 -0.09732961983538425 0.8355496176032922 Penicillium-mb
1 0 -0.027495447390644655 0.9533399209449556 Penicillium-polonicum
1 0 -0.2620350310357022 0.5702689463834998 Penicillium-verrucosum
1 0 -0.24614990681575233 0.5946665777441942 Penicillium-solitum
1 0 -0.24917732357551625 0.5899926183530685 Penicillium-commune
1 0 0.07917401334174719 0.8660109001017179 Penicillium-chrysogenum
1 0 0.0777797179015168 0.8683560962417756 Penicillium-cvjetkovicii
1 2 0.16744060542932615 0.7197119368762704 Penicillium-brevicompactum
1 2 -0.10433327951260514 0.8238407705621704 Penicillium-mb
1 2 -0.03778588396319671 0.9358984751632659 Penicillium-polonicum
1 2 -0.252835118816518 0.5843604705609708 Penicillium-verrucosum
1 2 -0.2394047500002244 0.6051201287237303 Penicillium-solitum
1 2 -0.24181277108699867 0.6013819551176357 Penicillium-commune
1 2 0.07922461190843275 0.8659258082426584 Penicillium-chrysogenum
1 2 0.07979814715457507 0.8649613633387044 Penicillium-cvjetkovicii
1 2 0.16716497274801342 0.7201603574301848 Penicillium-brevicompactum
1 2 -0.09569405148801553 0.8382875397481551 Penicillium-mb
1 2 -0.03136164550929869 0.9467849958937375 Penicillium-polonicum
1 2 -0.24798258582892713 0.5918358081813572 Penicillium-verrucosum
1 2 -0.23762777305046245 0.6078830849133272 Penicillium-solitum
1 2 -0.23983499578468362 0.6044517164734433 Penicillium-commune
1 2 0.08031226382200983 0.8640969487145128 Penicillium-chrysogenum
1 2 0.07781894693525865 0.8682901026934517 Penicillium-cvjetkovicii
1 0 0.16726041321000018 0.7200050802856415 Penicillium-brevicompactum
1 0 -0.1006689671061734 0.8299637112272191 Penicillium-mb
1 0 -0.03763103844894112 0.9361607885895958 Penicillium-polonicum
1 0 -0.24430813658751094 0.597515501065085 Penicillium-verrucosum
1 0 -0.23551103503783466 0.6111791654037648 Penicillium-solitum
1 0 -0.2370498775156752 0.6087824346125505 Penicillium-commune
1 0 0.07739083027314915 0.869010340300535 Penicillium-chrysogenum
1 0 0.07201671335919281 0.8780574268514638 Penicillium-cvjetkovicii
1 0 0.16726041321000018 0.7200050802856415 Penicillium-brevicompactum
1 0 -0.1059228526311409 0.821186840513469 Penicillium-mb
1 0 -0.041294207252539204 0.9299565315987988 Penicillium-polonicum
1 0 -0.2480020976833823 0.5918056920849641 Penicillium-verrucosum
1 0 -0.23755406369658097 0.6079977732412909 Penicillium-solitum
1 0 -0.2394094766948853 0.6051127843330777 Penicillium-commune
1 0 0.0779092953778782 0.8681381151731704 Penicillium-chrysogenum
1 0 0.07501925496099757 0.8730014290524305 Penicillium-cvjetkovicii
1 0 0.16726041321000024 0.7200050802856413 Penicillium-brevicompactum
1 0 -0.09820144100518796 0.8340907370606325 Penicillium-mb
1 0 -0.03212256602113839 0.9454951690332238 Penicillium-polonicum
1 0 -0.25154494700263796 0.5863451416936054 Penicillium-verrucosum
1 0 -0.24087184700172679 0.6028418094631123 Penicillium-solitum
1 0 -0.24297078829075675 0.5995867310360219 Penicillium-commune
1 0 0.07795145838515642 0.8680671880944456 Penicillium-chrysogenum
1 0 0.07528969745364816 0.8725461959012991 Penicillium-cvjetkovicii
1 2 0.16794256113526063 0.7188954806761372 Penicillium-brevicompactum
1 2 -0.10196398856443792 0.8277989793986615 Penicillium-mb
1 2 -0.041709853731697936 0.9292527305184027 Penicillium-polonicum
1 2 -0.23866041894268644 0.6062770082853306 Penicillium-verrucosum
1 2 -0.2270698931855544 0.6243748028590794 Penicillium-solitum
1 2 -0.22884265651097366 0.6215967746969506 Penicillium-commune
1 2 0.08123034296885741 0.8625535966746264 Penicillium-chrysogenum
1 2 0.08577010115189436 0.8549271452276526 Penicillium-cvjetkovicii
1 0 0.16726041321000018 0.7200050802856415 Penicillium-brevicompactum
1 0 -0.09889181883353002 0.8329357468347957 Penicillium-mb
1 0 -0.034340940513988866 0.9417353786363649 Penicillium-polonicum
1 0 -0.24818253439290144 0.591527214271197 Penicillium-verrucosum
1 0 -0.2382966229508966 0.6068426777194564 Penicillium-solitum
1 0 -0.2404104912382328 0.6035579935199806 Penicillium-commune
1 0 0.0795878916008977 0.8653149092698622 Penicillium-chrysogenum
1 0 0.07673601910485246 0.8701120942422854 Penicillium-cvjetkovicii
1 2 0.16740826327604455 0.7197645502857748 Penicillium-brevicompactum
1 2 -0.10694527387045348 0.8194805346815979 Penicillium-mb
1 2 -0.04222190127771753 0.928385746999074 Penicillium-polonicum
1 2 -0.24888092386656047 0.590449727711765 Penicillium-verrucosum
1 2 -0.23738784461587095 0.6082564258349424 Penicillium-solitum
1 2 -0.23955742490951243 0.6048829141270906 Penicillium-commune
1 2 0.07961407639612716 0.8652708784103462 Penicillium-chrysogenum
1 2 0.07943677595765496 0.8655690221342495 Penicillium-cvjetkovicii
1 0 0.16726041321000001 0.7200050802856417 Penicillium-brevicompactum
1 0 -0.10328992297228587 0.8255834718284869 Penicillium-mb
1 0 -0.03508707915564414 0.9404709833857912 Penicillium-polonicum
1 0 -0.25800428981101825 0.5764296334489288 Penicillium-verrucosum
1 0 -0.24298316684013135 0.59956754978775 Penicillium-solitum
1 0 -0.2454659806273435 0.5957240223788896 Penicillium-commune
1 0 0.07732147107195388 0.8691270328201638 Penicillium-chrysogenum
1 0 0.07383281844339172 0.8749988737515634 Penicillium-cvjetkovicii
1 2 0.1666187352578767 0.7210492071227218 Penicillium-brevicompactum
1 2 -0.09988137734651693 0.8312806494703437 Penicillium-mb
1 2 -0.035651996979560216 0.9395137482110165 Penicillium-polonicum
1 2 -0.24860408409127385 0.5908767690408565 Penicillium-verrucosum
1 2 -0.23703195465288454 0.608810333327801 Penicillium-solitum
1 2 -0.23946031926918188 0.6050337862489924 Penicillium-commune
1 2 0.08174050888169523 0.861696123854165 Penicillium-chrysogenum
1 2 0.07781894693525873 0.8682901026934516 Penicillium-cvjetkovicii
1 2 0.16735001155865206 0.719859314946759 Penicillium-brevicompactum
1 2 -0.10439790203864831 0.8237328514805893 Penicillium-mb
1 2 -0.037847742705884695 0.9357936856935803 Penicillium-polonicum
1 2 -0.2535376840562201 0.5832805860209623 Penicillium-verrucosum
1 2 -0.24229971573065553 0.6006268701947594 Penicillium-solitum
1 2 -0.24464115629003289 0.5970000690128654 Penicillium-commune
1 2 0.0788699051230197 0.866522342049277 Penicillium-chrysogenum
1 2 0.07879272371923635 0.866652149790582 Penicillium-cvjetkovicii
1 2 0.16754973429420858 0.7195344152474312 Penicillium-brevicompactum
1 2 -0.10257012294966582 0.8267860743342651 Penicillium-mb
1 2 -0.03460670672678749 0.941285003966948 Penicillium-polonicum
1 2 -0.2573770883584957 0.577390126042034 Penicillium-verrucosum
1 2 -0.2428926896026875 0.5997077535219945 Penicillium-solitum
1 2 -0.24548919265391264 0.5956881240686345 Penicillium-commune
1 2 0.07855775854056962 0.8670473412375934 Penicillium-chrysogenum
1 2 0.0810377575852822 0.8628773168238917 Penicillium-cvjetkovicii
1 0 0.16726041321000024 0.7200050802856413 Penicillium-brevicompactum
1 0 -0.10165717242494329 0.8283117691790043 Penicillium-mb
1 0 -0.036164036230268884 0.9386461640938562 Penicillium-polonicum
1 0 -0.250865469382262 0.5873912123631906 Penicillium-verrucosum
1 0 -0.2422918118705094 0.6006391241187389 Penicillium-solitum
1 0 -0.24446762139908923 0.5972686413543637 Penicillium-commune
1 0 0.07919761648892716 0.8659712064446347 Penicillium-chrysogenum
1 0 0.07781478872542522 0.8682970978668065 Penicillium-cvjetkovicii
1 2 0.16844879172514296 0.7180722863319162 Penicillium-brevicompactum
1 2 -0.10753483500111202 0.8184968805803946 Penicillium-mb
1 2 -0.04043623708535592 0.9314094198344758 Penicillium-polonicum
1 2 -0.2543473822087375 0.5820367966512467 Penicillium-verrucosum
1 2 -0.24152636277640024 0.601826209018084 Penicillium-solitum
1 2 -0.24348644681154005 0.5987878454450257 Penicillium-commune
1 2 0.07598579122623597 0.8713745970616047 Penicillium-chrysogenum
1 2 0.09253915009346608 0.8435724542756767 Penicillium-cvjetkovicii
1 2 0.16797880193928263 0.718836541401324 Penicillium-brevicompactum
1 2 -0.10569046661163617 0.821574744995488 Penicillium-mb
1 2 -0.03994567895826118 0.932240200123752 Penicillium-polonicum
1 2 -0.25106040439165805 0.5870910471759057 Penicillium-verrucosum
1 2 -0.24028064166116253 0.6037596107097101 Penicillium-solitum
1 2 -0.24224039914293874 0.6007188348007962 Penicillium-commune
1 2 0.07750702107131101 0.8688148607838193 Penicillium-chrysogenum
1 2 0.0862288772734087 0.8541569270952735 Penicillium-cvjetkovicii
1 0 0.16726041321000001 0.7200050802856417 Penicillium-brevicompactum
1 0 -0.09908177155474955 0.8326180010353912 Penicillium-mb
1 0 -0.033074420762110555 0.9438818254981574 Penicillium-polonicum
1 0 -0.25131371166463085 0.5867010693720363 Penicillium-verrucosum
1 0 -0.2419174115784497 0.601219669513776 Penicillium-solitum
1 0 -0.24376914993470905 0.5983500024279811 Penicillium-commune
1 0 0.07668581515130085 0.8701965719264187 Penicillium-chrysogenum
1 0 0.07543146848702922 0.8723075653006823 Penicillium-cvjetkovicii
1 2 0.1676079956437892 0.7194396447019085 Penicillium-brevicompactum
1 2 -0.10444630711978392 0.8236520168437194 Penicillium-mb
1 2 -0.03770857678113078 0.9360294355132668 Penicillium-polonicum
1 2 -0.2538784011186847 0.5827571055413796 Penicillium-verrucosum
1 2 -0.24103229114678248 0.6025928039058865 Penicillium-solitum
1 2 -0.2432786426432407 0.599109748272528 Penicillium-commune
1 2 0.07794396711985478 0.8680797899326761 Penicillium-chrysogenum
1 2 0.08171257123340009 0.8617430778954481 Penicillium-cvjetkovicii
1 2 0.166919385554709 0.7205599513873303 Penicillium-brevicompactum
1 2 -0.09914403223627266 0.832513857639489 Penicillium-mb
1 2 -0.03543260742488937 0.9398854899633602 Penicillium-polonicum
1 2 -0.247081394370644 0.5932272834003707 Penicillium-verrucosum
1 2 -0.23620143931680612 0.6101035256531002 Penicillium-solitum
1 2 -0.238484489022104 0.6065505436996744 Penicillium-commune
1 2 0.08131652537455208 0.8624087361082333 Penicillium-chrysogenum
1 2 0.07781894693525787 0.8682901026934531 Penicillium-cvjetkovicii
1 0 0.16726041321 0.7200050802856417 Penicillium-brevicompactum
1 0 -0.1008198982443117 0.8297113735214444 Penicillium-mb
1 0 -0.037961975784921734 0.9356001753932135 Penicillium-polonicum
1 0 -0.24468163170503784 0.5969374322192742 Penicillium-verrucosum
1 0 -0.23646926854741931 0.6096864015501153 Penicillium-solitum
1 0 -0.23844469309912888 0.6066124233684256 Penicillium-commune
1 0 0.08032337097903118 0.8640782747841811 Penicillium-chrysogenum
1 0 0.07530765845413273 0.8725159633174955 Penicillium-cvjetkovicii
1 2 0.16715557125152372 0.7201756536367122 Penicillium-brevicompactum
1 2 -0.09602295196057033 0.8377368592797654 Penicillium-mb
1 2 -0.027588698132788286 0.9531817936641681 Penicillium-polonicum
1 2 -0.2581264802986286 0.5762425697479685 Penicillium-verrucosum
1 2 -0.24418913529718514 0.5976997180604073 Penicillium-solitum
1 2 -0.24688498085965163 0.5935306851761677 Penicillium-commune
1 2 0.07891959735886417 0.8664387682974958 Penicillium-chrysogenum
1 2 0.07781894693525841 0.8682901026934522 Penicillium-cvjetkovicii
1 2 0.16657802753123904 0.7211154576391983 Penicillium-brevicompactum
1 2 -0.10011092871658514 0.8308967813556585 Penicillium-mb
1 2 -0.034895671979799585 0.9407953296925444 Penicillium-polonicum
1 2 -0.2505680193103072 0.587849323042672 Penicillium-verrucosum
1 2 -0.23956056983686028 0.6048780280696969 Penicillium-solitum
1 2 -0.2419145760234145 0.6012240669673947 Penicillium-commune
1 2 0.0805512863927551 0.8636951026480586 Penicillium-chrysogenum
1 2 0.07781894693525608 0.8682901026934561 Penicillium-cvjetkovicii
1 0 0.16726041321000024 0.7200050802856413 Penicillium-brevicompactum
1 0 -0.1017288732315095 0.8281919294125883 Penicillium-mb
1 0 -0.039528909374553105 0.9329460549495663 Penicillium-polonicum
1 0 -0.2430923392427401 0.5993983890653569 Penicillium-verrucosum
1 0 -0.23349047724691596 0.6143303518531111 Penicillium-solitum
1 0 -0.23547739985064878 0.6112315827393662 Penicillium-commune
1 0 0.08098283593104806 0.8629696383933518 Penicillium-chrysogenum
1 0 0.0773632920983931 0.8690566713316668 Penicillium-cvjetkovicii
1 2 0.1666187282845563 0.7210492184714579 Penicillium-brevicompactum
1 2 -0.10007748811204947 0.8309527008663844 Penicillium-mb
1 2 -0.03420026777387371 0.9419737714996941 Penicillium-polonicum
1 2 -0.2517954425547285 0.5859596426531528 Penicillium-verrucosum
1 2 -0.24672950180149145 0.5937708884559164 Penicillium-solitum
1 2 -0.2489411120743727 0.5903568963761001 Penicillium-commune
1 2 0.07985731228104077 0.8648618800626956 Penicillium-chrysogenum
1 2 0.07781894693525643 0.8682901026934555 Penicillium-cvjetkovicii
1 2 0.16730385658580066 0.7199344024890908 Penicillium-brevicompactum
1 2 -0.10052183649398876 0.830209706121054 Penicillium-mb
1 2 -0.03431178393821216 0.9417847889177753 Penicillium-polonicum
1 2 -0.2524789675248457 0.5849081312493961 Penicillium-verrucosum
1 2 -0.2408924664582393 0.6028098068325309 Penicillium-solitum
1 2 -0.24322481594727816 0.5991931379590504 Penicillium-commune
1 2 0.07913624084129822 0.8660744229728647 Penicillium-chrysogenum
1 2 0.07828857127952125 0.8675001183773006 Penicillium-cvjetkovicii
1 0 0.16726041321 0.7200050802856417 Penicillium-brevicompactum
1 0 -0.1010139625168229 0.8293869397933653 Penicillium-mb
1 0 -0.037162695422609464 0.9369542050489634 Penicillium-polonicum
1 0 -0.2466039988041623 0.5939648024812225 Penicillium-verrucosum
1 0 -0.23663641173981034 0.6094261309933162 Penicillium-solitum
1 0 -0.23843471394035476 0.6066279405030957 Penicillium-commune
1 0 0.07819623498124527 0.8676554360997621 Penicillium-chrysogenum
1 0 0.07536247319110917 0.8724236979992404 Penicillium-cvjetkovicii
1 2 0.16764506783734454 0.7193793428826902 Penicillium-brevicompactum
1 2 -0.0999591981518956 0.831150510353825 Penicillium-mb
1 2 -0.034146976584802674 0.9420640829972284 Penicillium-polonicum
1 2 -0.2515368259179292 0.5863576409040523 Penicillium-verrucosum
1 2 -0.2431762348803167 0.5992684039725806 Penicillium-solitum
1 2 -0.24530164773076665 0.595978188326084 Penicillium-commune
1 2 0.07862510376543809 0.8669340700429077 Penicillium-chrysogenum
1 2 0.08214675477919704 0.8610133941345797 Penicillium-cvjetkovicii
1 0 0.16726041321 0.7200050802856417 Penicillium-brevicompactum
1 0 -0.10158077471907141 0.8284394621936365 Penicillium-mb
1 0 -0.036383470074385686 0.9382743766297748 Penicillium-polonicum
1 0 -0.24996631534327285 0.5887763572193192 Penicillium-verrucosum
1 0 -0.24498721649779598 0.5964645954411952 Penicillium-solitum
1 0 -0.2468780493982265 0.593541393127945 Penicillium-commune
1 0 0.0780535845827656 0.867895393188443 Penicillium-chrysogenum
1 0 0.07488464751966355 0.8732280228088062 Penicillium-cvjetkovicii
1 0 0.16726041321000018 0.7200050802856415 Penicillium-brevicompactum
1 0 -0.10395019838434216 0.8244805581356491 Penicillium-mb
1 0 -0.03722902668011945 0.936841831222033 Penicillium-polonicum
1 0 -0.2543625527534286 0.5820135007828671 Penicillium-verrucosum
1 0 -0.2424393833538775 0.6004103457536087 Penicillium-solitum
1 0 -0.24481169388537005 0.5967361708978661 Penicillium-commune
1 0 0.07863790085666397 0.8669125462001739 Penicillium-chrysogenum
1 0 0.07699579730023143 0.8696749838074104 Penicillium-cvjetkovicii
1 0 0.1672604132100002 0.7200050802856414 Penicillium-brevicompactum
1 0 -0.10649406903691065 0.8202334752318218 Penicillium-mb
1 0 -0.04411081021840657 0.925187995598783 Penicillium-polonicum
1 0 -0.24127508769312117 0.6022160476769784 Penicillium-verrucosum
1 0 -0.23706617010414846 0.6087570739080367 Penicillium-solitum
1 0 -0.23751326907585166 0.6080612505195752 Penicillium-commune
1 0 0.0715167006372774 0.8788997253005553 Penicillium-chrysogenum
1 0 0.06223762845172182 0.8945466355080245 Penicillium-cvjetkovicii
1 0 0.16726041321000007 0.7200050802856417 Penicillium-brevicompactum
1 0 -0.10111273847103291 0.8292218150408939 Penicillium-mb
1 0 -0.0353086312315834 0.9400955636394175 Penicillium-polonicum
1 0 -0.25167738369090625 0.5861413191303586 Penicillium-verrucosum
1 0 -0.2428457959003618 0.5997804239757633 Penicillium-solitum
1 0 -0.2450294338476112 0.5963992806640123 Penicillium-commune
1 0 0.07887381896629234 0.8665157596054888 Penicillium-chrysogenum
1 0 0.07743782259020342 0.8689312797392746 Penicillium-cvjetkovicii
1 2 0.16620796134597665 0.721717791999838 Penicillium-brevicompactum
1 2 -0.09308599338467502 0.8426560738877761 Penicillium-mb
1 2 -0.028755623855273235 0.9512031173323523 Penicillium-polonicum
1 2 -0.24869760594810847 0.5907324956622328 Penicillium-verrucosum
1 2 -0.23581507737706472 0.6107054033352843 Penicillium-solitum
1 2 -0.238506893858401 0.6065157066853006 Penicillium-commune
1 2 0.08335357603412587 0.8589856386815526 Penicillium-chrysogenum
1 2 0.07781894693525693 0.8682901026934546 Penicillium-cvjetkovicii
1 2 0.16776757593447883 0.7191800788159017 Penicillium-brevicompactum
1 2 -0.10156564399398171 0.8284647524181317 Penicillium-mb
1 2 -0.035577312627692655 0.9396402951532805 Penicillium-polonicum
1 2 -0.2520088775375804 0.5856312392562915 Penicillium-verrucosum
1 2 -0.2480789146316645 0.5916871314281587 Penicillium-solitum
1 2 -0.25005532970707345 0.5886391862835375 Penicillium-commune
1 2 0.07808952818845279 0.8678349304658196 Penicillium-chrysogenum
1 2 0.08360852163870842 0.8585573461178454 Penicillium-cvjetkovicii
1 2 0.1672068076087116 0.7200922931372392 Penicillium-brevicompactum
1 2 -0.10376553879077563 0.8247889875641125 Penicillium-mb
1 2 -0.03845372667502057 0.934767180572034 Penicillium-polonicum
1 2 -0.2512449681841031 0.5868068951594401 Penicillium-verrucosum
1 2 -0.238805483405238 0.6060514898909961 Penicillium-solitum
1 2 -0.2412223941766441 0.6022978081519329 Penicillium-commune
1 2 0.0801886597032709 0.8643047617832798 Penicillium-chrysogenum
1 2 0.077818946935258 0.8682901026934529 Penicillium-cvjetkovicii
1 2 0.16745259517551028 0.7196924324791993 Penicillium-brevicompactum
1 2 -0.09465987643098514 0.8400194077161214 Penicillium-mb
1 2 -0.028914059820984786 0.95093448346528 Penicillium-polonicum
1 2 -0.25080262601971076 0.5874879899655658 Penicillium-verrucosum
1 2 -0.23996742800299642 0.6042460193610939 Penicillium-solitum
1 2 -0.242139406397588 0.6008754239290185 Penicillium-commune
1 2 0.07879465491835952 0.8666489017693214 Penicillium-chrysogenum
1 2 0.07993280555302554 0.8647349438667543 Penicillium-cvjetkovicii
3 4 0.16845537904898886 0.7180615759452467 Penicillium-brevicompactum
3 4 -0.09481298981623781 0.8397629658471121 Penicillium-mb
3 4 -0.03254734848016875 0.9447751666246123 Penicillium-polonicum
3 4 -0.2412163405320223 0.6023072013385045 Penicillium-verrucosum
3 4 -0.23470506412199316 0.6124355591161238 Penicillium-solitum
3 4 -0.23602677581090195 0.6103755962475466 Penicillium-commune
3 4 0.07880142590885508 0.8666375138714815 Penicillium-chrysogenum
3 4 0.09263249530088508 0.8434160197673204 Penicillium-cvjetkovicii
1 2 0.167100325716965 0.7202655394540676 Penicillium-brevicompactum
1 2 -0.0989103326162878 0.8329047768763079 Penicillium-mb
1 2 -0.039450033113070486 0.9330796463522513 Penicillium-polonicum
1 2 -0.2380324292419806 0.6072535725200083 Penicillium-verrucosum
1 2 -0.22639026654961597 0.6254407592022866 Penicillium-solitum
1 2 -0.22852219977103305 0.6220986866851717 Penicillium-commune
1 2 0.08395403259018432 0.8579769535053727 Penicillium-chrysogenum
1 2 0.07781894693525768 0.8682901026934534 Penicillium-cvjetkovicii
1 0 0.16726041321000018 0.7200050802856415 Penicillium-brevicompactum
1 0 -0.10140656580768481 0.8287306505068329 Penicillium-mb
1 0 -0.036281807577198205 0.938446622618692 Penicillium-polonicum
1 0 -0.24960021863603088 0.589340614081101 Penicillium-verrucosum
1 0 -0.23982683271930558 0.6044643962361861 Penicillium-solitum
1 0 -0.24177711153892661 0.6014372620455899 Penicillium-commune
1 0 0.07800523235271943 0.8679767299504706 Penicillium-chrysogenum
1 0 0.07586583207357593 0.8715764876123709 Penicillium-cvjetkovicii
1 2 0.16775853691334064 0.7191947806947836 Penicillium-brevicompactum
1 2 -0.09988265048168775 0.8312785203918105 Penicillium-mb
1 2 -0.03747957719981739 0.9364173734015057 Penicillium-polonicum
1 2 -0.24372472991706118 0.5984187925907722 Penicillium-verrucosum
1 2 -0.23597346521338933 0.6104586444257668 Penicillium-solitum
1 2 -0.23784205448842285 0.6075497092369475 Penicillium-commune
1 2 0.08025224932226632 0.8641978490841993 Penicillium-chrysogenum
1 2 0.08349923660995626 0.8587409347128658 Penicillium-cvjetkovicii
1 2 0.16754304012787558 0.7195453044639841 Penicillium-brevicompactum
1 2 -0.10353359873383887 0.8251764130231607 Penicillium-mb
1 2 -0.03686962225895671 0.9374507192655794 Penicillium-polonicum
1 2 -0.25436467624470527 0.582010239975473 Penicillium-verrucosum
1 2 -0.24132967784552362 0.6021313478300261 Penicillium-solitum
1 2 -0.2437288582214679 0.59841239927544 Penicillium-commune
1 2 0.07872304633562018 0.8667693389231999 Penicillium-chrysogenum
1 2 0.08096080727461086 0.8630066682188752 Penicillium-cvjetkovicii
