#SPECIES_TREE: (-0.3878796708838512, 0.38991092309353054)
#GENE_TREEs p: 0.21422266376432844 0.08981965363173351 0.27060866489746854 0.06782091450787332 0.06936171825322829 0.9403159182001007 0.3220013249550529 0.2598978940410427 
#GENE_TREEs r: -0.5366886404745382 -0.6844794658846309 0.48442573315711646 0.7204214293434497 0.7177171007163001 -0.03517858946645024 0.44096611763896254 0.49393515330917376 
11 -0.33886639689580583 0.4571752453996167
11 -0.6995663836166361 0.08018503767563467
11 -0.0957697841153177 0.8381607353987819
11 -0.025484777244559165 0.9567497465791677
11 0.15316029683787305 0.743025945685828
11 0.19021636587544255 0.6828888360001697
11 -0.04414465392083525 0.925130708482398
11 -0.5418172327356372 0.20902264764154663
9 -0.08512655702725141 0.8560077161219408
9 0.357320493166436 0.43136563086706403
9 0.3924570140739228 0.38384527417318287
9 -0.6630867114676783 0.1044723100686239
9 0.37622789718280436 0.40552251441674525
9 0.05330284665826906 0.9096387716513171
9 0.37983731918333197 0.4006603852193216
9 -0.6073361020937167 0.14806662218431074
11 0.15716960589830295 0.7364638673905521
11 -0.09101669336936685 0.8461244693193518
11 0.09371980696104713 0.8415941284795001
11 -0.5029553151572935 0.24992093692520842
11 0.1272953895164271 0.7856432529857992
11 -0.47829705784193016 0.27761518560146853
11 -0.42418984675112026 0.3428734419399311
11 -0.08967054765999663 0.8483818352332322
11 -0.4340891333297362 0.3304896218245763
11 0.3757161271278296 0.40621377885421367
11 -0.08277804020462226 0.8599526036096312
11 -0.07228923014544111 0.877598396066934
11 -0.09482476760342698 0.8397432402932679
11 -0.3724307849226007 0.41066243539014935
11 -0.7490908752847687 0.0526290659391969
11 0.4403086407020598 0.3228087487367037
11 -0.8938284327140572 0.006657554308802058
11 0.6056055518082815 0.14954337441440962
11 0.15176425494036855 0.7453137866726501
11 0.3099510703376932 0.49871761730936365
11 0.3071698032146484 0.5027812379629143
11 -0.14236503085307745 0.7607553789806957
11 -0.9321962834187352 0.002216293611090276
11 0.6314147735188278 0.128286515253728
11 0.026955198937841346 0.9542560556421286
11 0.0462378745857252 0.9215880289885808
11 0.1408682917938236 0.7632202669926899
11 -0.5263441655965838 0.2248954167784854
11 0.13677498887206388 0.7699693545174443
11 -0.5020971522411907 0.25086240789654474
11 -0.4522420283714793 0.3082902194289279
11 0.0383875363709085 0.9348793000065332
11 -0.007108006691985559 0.9879333778916408
11 -0.429611323473011 0.33606730852559025
11 -0.13963524592469823 0.7652520909356123
11 -0.15151928127485847 0.7457154047765071
11 -0.2684485797017427 0.5605095718111516
11 -0.40072186079757144 0.3729909554034136
11 -0.13420575822948275 0.7742114606079179
11 -0.20669660611854002 0.656548474218447
11 -0.18726277786264067 0.6876374713135712
11 -0.21731653309312704 0.6397215153728829
11 -0.4090739195229366 0.36215185775816394
11 -0.396702269855131 0.37825410948368715
11 -0.10960156828491992 0.8150501378735522
11 -0.04833778908802436 0.9180350561838769
11 -0.15466711997285534 0.7405582420632305
11 -0.11742889391932082 0.8020181672682434
9 -0.49436475399720303 0.25941867089688
9 0.3819087233333174 0.39788058438095636
9 -0.18337287030283453 0.6939039253761052
9 -0.1051888199253675 0.8224122044970178
9 0.018336538100461198 0.9688761590815814
9 -0.24697606174665773 0.5933899858366404
9 0.2863751379776072 0.5335221679540615
9 -0.8084578121404249 0.027735211257387957
11 0.168428235803472 0.7181057086182043
11 0.29597143568260104 0.5192583914846183
11 -0.5304420512216912 0.22063815129624043
11 0.29044143316710436 0.527462156357418
11 -0.8581572550261445 0.013463152238056712
11 0.21698974625709583 0.6402375115210773
11 0.33250386965063283 0.46620328475829326
11 0.3311158865763759 0.4681813761207268
