#SPECIES: Penicillium-cvjetkovicii Penicillium-commune Penicillium-solitum Penicillium-mb Penicillium-polonicum Penicillium-verrucosum Penicillium-chrysogenum Penicillium-brevicompactum 
#GENE_TREEs p: 0.02053559276809387 0.0011402029705197467 0.0009584981495628054 0.0017136269490006639 0.0008912891884270967 0.0010745233016718236 0.00016441745305876879 0.2004138774195039 
#GENE_TREEs r: -0.831027058912316 0.9482065944074249 0.9517179543662683 0.938915683241817 0.9531160331108147 0.9494348145814232 0.9762745433567417 0.550443636559115 
0 0 -0.8310270589123158 0.02053559276809393 Penicillium-cvjetkovicii
0 0 0.9485681022954969 0.001120631908062911 Penicillium-commune
0 0 0.9520550138957571 0.0009420302386297376 Penicillium-solitum
0 0 0.939644167076593 0.001663654623201897 Penicillium-mb
0 0 0.953782741854949 0.0008602522597144904 Penicillium-polonicum
0 0 0.9502022384377967 0.001034648986244888 Penicillium-verrucosum
0 0 0.9764273314752685 0.00016179651983560628 Penicillium-chrysogenum
0 0 0.5504759551786854 0.20038195136658346 Penicillium-brevicompactum
2 2 -0.8310270589123158 0.02053559276809393 Penicillium-cvjetkovicii
2 2 0.9477572263852956 0.0011648100939358073 Penicillium-commune
2 2 0.9512621179353149 0.0009810381977902107 Penicillium-solitum
2 2 0.9387437139833398 0.0017255509001095372 Penicillium-mb
2 2 0.9529897587391246 0.0008972409890739253 Penicillium-polonicum
2 2 0.9507728566627028 0.0010055764812798304 Penicillium-verrucosum
2 2 0.9758948662662851 0.00017103944083123024 Penicillium-chrysogenum
2 2 0.5504133397258775 0.20044380846424883 Penicillium-brevicompactum
0 0 -0.8310270589123157 0.020535592768093962 Penicillium-cvjetkovicii
0 0 0.948329504559507 0.0011335264833528598 Penicillium-commune
0 0 0.9517833197852583 0.0009552913575327446 Penicillium-solitum
0 0 0.9388759231739624 0.0017163794928250623 Penicillium-mb
0 0 0.9531721578319202 0.0008886513330296789 Penicillium-polonicum
0 0 0.9496308267371962 0.001064253988261218 Penicillium-verrucosum
0 0 0.9757874802804477 0.00017294068772446544 Penicillium-chrysogenum
0 0 0.5503990777437026 0.2004578989981958 Penicillium-brevicompactum
0 0 -0.8310270589123152 0.020535592768094104 Penicillium-cvjetkovicii
0 0 0.9528932159689607 0.0009018072403047685 Penicillium-commune
0 0 0.9561874588877405 0.0007536673205752324 Penicillium-solitum
0 0 0.9446210171303397 0.001345267643741307 Penicillium-mb
0 0 0.9582107887804164 0.0006703810481008361 Penicillium-polonicum
0 0 0.954963915036353 0.0008068561357648112 Penicillium-verrucosum
0 0 0.9785547763183744 0.00012787114399586555 Penicillium-chrysogenum
0 0 0.5506058249476352 0.20025368374581837 Penicillium-brevicompactum
0 0 -0.8310270589123151 0.020535592768094125 Penicillium-cvjetkovicii
0 0 0.949608678015577 0.0010654114665220769 Penicillium-commune
0 0 0.9529681009100498 0.0008982641616237993 Penicillium-solitum
0 0 0.9406841737555302 0.0015938172294172343 Penicillium-mb
0 0 0.9545232317266489 0.0008265409647905937 Penicillium-polonicum
0 0 0.9513256454562599 0.0009778783214572048 Penicillium-verrucosum
0 0 0.9784646864482597 0.00012921203998285068 Penicillium-chrysogenum
0 0 0.5505096569494182 0.20034866156717657 Penicillium-brevicompactum
0 0 -0.8310270589123173 0.020535592768093462 Penicillium-cvjetkovicii
0 0 0.9492624261175681 0.0010836031455076403 Penicillium-commune
0 0 0.9526735310248511 0.0009122489817642623 Penicillium-solitum
0 0 0.9409136157710958 0.0015786471624661094 Penicillium-mb
0 0 0.95490113871867 0.0008096431371646968 Penicillium-polonicum
0 0 0.9516595677855048 0.000961367938910562 Penicillium-verrucosum
0 0 0.9771087696597033 0.0001504111215957446 Penicillium-chrysogenum
0 0 0.5504594087194189 0.20039829653450641 Penicillium-brevicompactum
0 0 -0.8310270589123171 0.02053559276809355 Penicillium-cvjetkovicii
0 0 0.9503299636578733 0.0010280989280237037 Penicillium-commune
0 0 0.9537620562143536 0.0008612054526633828 Penicillium-solitum
0 0 0.9421692217265203 0.0014971392530596338 Penicillium-mb
0 0 0.9559927566763311 0.0007619877705210703 Penicillium-polonicum
0 0 0.9524929971651183 0.0009208831303131872 Penicillium-verrucosum
0 0 0.9775837654281003 0.00014276611443445105 Penicillium-chrysogenum
0 0 0.550544222078776 0.20031452172440095 Penicillium-brevicompactum
0 0 -0.8310270589123152 0.020535592768094104 Penicillium-cvjetkovicii
0 0 0.94747230956385 0.0011805729597707058 Penicillium-commune
0 0 0.9510272490566742 0.00099277302111321 Penicillium-solitum
0 0 0.9380046164872313 0.001777353649474924 Penicillium-mb
0 0 0.952385555067516 0.0009260444692603707 Penicillium-polonicum
0 0 0.9488116838694342 0.0011075578013975444 Penicillium-verrucosum
0 0 0.9752402445003796 0.0001828246292428306 Penicillium-chrysogenum
0 0 0.550413488938032 0.2004436610483415 Penicillium-brevicompactum
0 0 -0.8310270589123161 0.02053559276809383 Penicillium-cvjetkovicii
0 0 0.942922855870999 0.0014494359676731792 Penicillium-commune
0 0 0.9464443304219723 0.0012384889270943562 Penicillium-solitum
0 0 0.9337332092129066 0.002094591475624013 Penicillium-mb
0 0 0.9480621438220814 0.0011480791591670495 Penicillium-polonicum
0 0 0.9452243472034485 0.0013093574401258738 Penicillium-verrucosum
0 0 0.9774029412353863 0.00014564845268141298 Penicillium-chrysogenum
0 0 0.5503398615142813 0.20051640846031238 Penicillium-brevicompactum
0 0 -0.8310270589123159 0.020535592768093903 Penicillium-cvjetkovicii
0 0 0.9458975919950502 0.0012699610502781495 Penicillium-commune
0 0 0.9493714681972178 0.001077854561646619 Penicillium-solitum
0 0 0.936692132614085 0.0018715768248431725 Penicillium-mb
0 0 0.9509010433212038 0.0009991127774793389 Penicillium-polonicum
0 0 0.9474737978578083 0.0011804902954711972 Penicillium-verrucosum
0 0 0.9772567954676893 0.0001480031515579344 Penicillium-chrysogenum
0 0 0.5503954481042261 0.20046148508051082 Penicillium-brevicompactum
2 2 -0.8310270589123158 0.02053559276809393 Penicillium-cvjetkovicii
2 2 0.9478886568272743 0.001157580922938884 Penicillium-commune
2 2 0.9513918350950883 0.0009745924408008428 Penicillium-solitum
2 2 0.9389011183991111 0.0017146349543427266 Penicillium-mb
2 2 0.9530906889972844 0.0008924818751437093 Penicillium-polonicum
2 2 0.9503326375946997 0.00102796206479992 Penicillium-verrucosum
2 2 0.9762789356501949 0.00016434175697542153 Penicillium-chrysogenum
2 2 0.5504567212052092 0.20040095141500266 Penicillium-brevicompactum
0 0 -0.831027058912316 0.02053559276809387 Penicillium-cvjetkovicii
0 0 0.9479977036974652 0.001151603100835832 Penicillium-commune
0 0 0.9514708089002383 0.0009706804639097434 Penicillium-solitum
0 0 0.9391573571602054 0.0016969520804857217 Penicillium-mb
0 0 0.9532513216196786 0.0008849385053862539 Penicillium-polonicum
0 0 0.9496928899807839 0.0010610145623406388 Penicillium-verrucosum
0 0 0.9769901551425295 0.0001523573895617954 Penicillium-chrysogenum
0 0 0.5504460164756735 0.2004115263278486 Penicillium-brevicompactum
0 0 -0.8310270589123161 0.02053559276809383 Penicillium-cvjetkovicii
0 0 0.9483353212875746 0.0011332110922266812 Penicillium-commune
0 0 0.9518254058465347 0.000953230000765208 Penicillium-solitum
0 0 0.9397935373119843 0.001653515662535762 Penicillium-mb
0 0 0.9539447776832263 0.0008528072585732898 Penicillium-polonicum
0 0 0.9500510036604127 0.0010424364858571372 Penicillium-verrucosum
0 0 0.9762277768338219 0.00016522470814880408 Penicillium-chrysogenum
0 0 0.5504151376989785 0.20044203213899484 Penicillium-brevicompactum
0 0 -0.8310270589123152 0.020535592768094104 Penicillium-cvjetkovicii
0 0 0.9479994932759401 0.0011515051506789764 Penicillium-commune
0 0 0.9514950831524627 0.000969479904953763 Penicillium-solitum
0 0 0.9391217970964443 0.001699399607217201 Penicillium-mb
0 0 0.9532909570300251 0.0008830830359253335 Penicillium-polonicum
0 0 0.9497314845547821 0.0010590030393866116 Penicillium-verrucosum
0 0 0.9764032093440487 0.0001622086441113814 Penicillium-chrysogenum
0 0 0.5504361745692274 0.20042124911773845 Penicillium-brevicompactum
0 0 -0.831027058912316 0.02053559276809387 Penicillium-cvjetkovicii
0 0 0.9486119127499165 0.0011182737189034228 Penicillium-commune
0 0 0.9520655277143053 0.000941519272007365 Penicillium-solitum
0 0 0.9393562975097262 0.0016832977298384493 Penicillium-mb
0 0 0.9532127429453693 0.0008867467187190988 Penicillium-polonicum
0 0 0.9495975945430875 0.0010659909609859134 Penicillium-verrucosum
0 0 0.9786479718181429 0.00012649279140310602 Penicillium-chrysogenum
0 0 0.5504808747293249 0.2003770917869517 Penicillium-brevicompactum
0 0 -0.8310270589123157 0.020535592768093962 Penicillium-cvjetkovicii
0 0 0.9483305665488999 0.0011334688969346512 Penicillium-commune
0 0 0.9517759981378217 0.0009556502375403824 Penicillium-solitum
0 0 0.9401278047130521 0.0016309584019836005 Penicillium-mb
0 0 0.9541028937914567 0.0008455792443451786 Penicillium-polonicum
0 0 0.9497454790979127 0.0010582742105793312 Penicillium-verrucosum
0 0 0.977441270716659 0.00014503461145032166 Penicillium-chrysogenum
0 0 0.5504539410447395 0.20040369783457113 Penicillium-brevicompactum
0 0 -0.8310270589123152 0.020535592768094104 Penicillium-cvjetkovicii
0 0 0.9475256865896725 0.0011776103770204584 Penicillium-commune
0 0 0.9510362769020623 0.000992320435045157 Penicillium-solitum
0 0 0.9394138034454474 0.0016793628884860527 Penicillium-mb
0 0 0.9535888099514652 0.0008692131669313997 Penicillium-polonicum
0 0 0.9495997349023527 0.0010658790387380946 Penicillium-verrucosum
0 0 0.9760928811950762 0.00016756640578932308 Penicillium-chrysogenum
0 0 0.5504191527514591 0.20043806545561885 Penicillium-brevicompactum
0 0 -0.8310270589123158 0.02053559276809393 Penicillium-cvjetkovicii
0 0 0.9483942829968666 0.0011300170318849175 Penicillium-commune
0 0 0.9518506838900692 0.0009519931589842443 Penicillium-solitum
0 0 0.9394461252376833 0.0016771536520945082 Penicillium-mb
0 0 0.9535498918630797 0.000871018056960515 Penicillium-polonicum
0 0 0.9508867661007853 0.0009998314749256752 Penicillium-verrucosum
0 0 0.9768113370585934 0.00015531973210335774 Penicillium-chrysogenum
0 0 0.5504427837751208 0.2004147198780361 Penicillium-brevicompactum
0 0 -0.8310270589123152 0.020535592768094104 Penicillium-cvjetkovicii
0 0 0.947783598428278 0.0011633573998293186 Penicillium-commune
0 0 0.95126136693658 0.0009810755887276056 Penicillium-solitum
0 0 0.9406841184408323 0.0015938208969826344 Penicillium-mb
0 0 0.95467436646781 0.0008197582939192753 Penicillium-polonicum
0 0 0.9500440622194314 0.0010427947486444245 Penicillium-verrucosum
0 0 0.9768125616461755 0.0001552993296166634 Penicillium-chrysogenum
0 0 0.5504301011753262 0.20042724911849064 Penicillium-brevicompactum
0 0 -0.8310270589123158 0.02053559276809393 Penicillium-cvjetkovicii
0 0 0.9489423464136816 0.0011005818893766713 Penicillium-commune
0 0 0.9524102875502396 0.0009248548500887492 Penicillium-solitum
0 0 0.9397185859489372 0.0016585986509225024 Penicillium-mb
0 0 0.9538605669311917 0.0008566716797621229 Penicillium-polonicum
0 0 0.951080032631605 0.0009901285911278802 Penicillium-verrucosum
0 0 0.9764241511154214 0.0001618508202241727 Penicillium-chrysogenum
0 0 0.5504434885552383 0.20041402363123573 Penicillium-brevicompactum
0 0 -0.8310270589123154 0.02053559276809403 Penicillium-cvjetkovicii
0 0 0.9482734462145807 0.001136568703254655 Penicillium-commune
0 0 0.951728444271213 0.0009579830923568779 Penicillium-solitum
0 0 0.9389990658692811 0.0017078629134456927 Penicillium-mb
0 0 0.9531843767318731 0.0008880776592347093 Penicillium-polonicum
0 0 0.9497607722542761 0.0010574780897262812 Penicillium-verrucosum
0 0 0.9765195932637213 0.00016022599638564587 Penicillium-chrysogenum
0 0 0.5504182366145264 0.20043897055258075 Penicillium-brevicompactum
0 0 -0.8310270589123152 0.020535592768094104 Penicillium-cvjetkovicii
0 0 0.947556923871176 0.0011758786544089326 Penicillium-commune
0 0 0.951054675306901 0.0009913984595823903 Penicillium-solitum
0 0 0.9386070220284124 0.001735063559117993 Penicillium-mb
0 0 0.9528626369612047 0.0009032564174729187 Penicillium-polonicum
0 0 0.9492323242736329 0.0010851932664519928 Penicillium-verrucosum
0 0 0.9760167342667734 0.00016889694397590165 Penicillium-chrysogenum
0 0 0.5504514512158591 0.20040615746146084 Penicillium-brevicompactum
0 0 -0.8310270589123158 0.02053559276809393 Penicillium-cvjetkovicii
0 0 0.9465542547330713 0.0012322175441883117 Penicillium-commune
0 0 0.9501193250107265 0.001038914154946974 Penicillium-solitum
0 0 0.9376381912720311 0.0018033712103293846 Penicillium-mb
0 0 0.952089929147017 0.0009403340057025502 Penicillium-polonicum
0 0 0.9487546534145551 0.001110610753878679 Penicillium-verrucosum
0 0 0.9747646508210397 0.00019168163968272207 Penicillium-chrysogenum
0 0 0.5504035997236046 0.2004534313270406 Penicillium-brevicompactum
0 0 -0.8310270589123173 0.020535592768093462 Penicillium-cvjetkovicii
0 0 0.9488331882560622 0.0011064079181748276 Penicillium-commune
0 0 0.9522912087244785 0.00093059078698948 Penicillium-solitum
0 0 0.9398485581334323 0.001649790155662898 Penicillium-mb
0 0 0.9540180993630483 0.0008494509529550298 Penicillium-polonicum
0 0 0.9503260424105542 0.0010282996532726609 Penicillium-verrucosum
0 0 0.9762271744886198 0.00016523512083214267 Penicillium-chrysogenum
0 0 0.5504299436865914 0.2004274047052214 Penicillium-brevicompactum
0 0 -0.8310270589123159 0.020535592768093903 Penicillium-cvjetkovicii
0 0 0.9468576307770924 0.0012150068172145404 Penicillium-commune
0 0 0.9503917284167653 0.0010249402989065675 Penicillium-solitum
0 0 0.9380212991514079 0.0017761744136924628 Penicillium-mb
0 0 0.9523629732076526 0.0009271314346746098 Penicillium-polonicum
0 0 0.9489687263373895 0.001099176656644703 Penicillium-verrucosum
0 0 0.9755015309201689 0.0001780645605677236 Penicillium-chrysogenum
0 0 0.5503953119157905 0.2004616196352296 Penicillium-brevicompactum
0 0 -0.8310270589123152 0.020535592768094104 Penicillium-cvjetkovicii
0 0 0.9477621807466293 0.0011645371031134167 Penicillium-commune
0 0 0.9512547975834533 0.000981402701463884 Penicillium-solitum
0 0 0.9385286142216347 0.0017405340158558318 Penicillium-mb
0 0 0.9527747513134031 0.0009074290935792723 Penicillium-polonicum
0 0 0.9493496115644423 0.0010790053725530347 Penicillium-verrucosum
0 0 0.9761631287980652 0.00016634450440843355 Penicillium-chrysogenum
0 0 0.550411356485726 0.20044576783468715 Penicillium-brevicompactum
0 0 -0.8310270589123152 0.020535592768094104 Penicillium-cvjetkovicii
0 0 0.94688045429938 0.001213717801836514 Penicillium-commune
0 0 0.9504550517313332 0.0010217079286836618 Penicillium-solitum
0 0 0.9377844027700687 0.001792962953959217 Penicillium-mb
0 0 0.9523079681157197 0.000929782231221137 Penicillium-polonicum
0 0 0.9485739983988961 0.0011203143670706571 Penicillium-verrucosum
0 0 0.9741794338309062 0.00020292439998200829 Penicillium-chrysogenum
0 0 0.5504003570029669 0.20045663509791545 Penicillium-brevicompactum
0 0 -0.8310270589123154 0.02053559276809403 Penicillium-cvjetkovicii
0 0 0.9469809973361454 0.0012080489988361182 Penicillium-commune
0 0 0.9505022706144859 0.0010193015445930658 Penicillium-solitum
0 0 0.9378419621555535 0.001788875241203222 Penicillium-mb
0 0 0.9521249994067104 0.0009386320620630793 Penicillium-polonicum
0 0 0.9489956611805115 0.0010977429582929282 Penicillium-verrucosum
0 0 0.9760665749780646 0.0001680253534194026 Penicillium-chrysogenum
0 0 0.5504274181279462 0.20042989977042205 Penicillium-brevicompactum
0 0 -0.8310270589123157 0.020535592768093962 Penicillium-cvjetkovicii
0 0 0.9472975386515573 0.001190304041970437 Penicillium-commune
0 0 0.9507886686859919 0.001004777840802224 Penicillium-solitum
0 0 0.9386515926722081 0.0017319584171106707 Penicillium-mb
0 0 0.9528191214658749 0.0009053210446160288 Penicillium-polonicum
0 0 0.9494351581883812 0.0010745052486822331 Penicillium-verrucosum
0 0 0.9765938449879382 0.0001589686728850927 Penicillium-chrysogenum
0 0 0.5504215195315542 0.20043572720566172 Penicillium-brevicompactum
2 2 -0.8310270589123155 0.02053559276809401 Penicillium-cvjetkovicii
2 2 0.948620102208545 0.0011178332297525717 Penicillium-commune
2 2 0.9520957972017998 0.0009400491046527129 Penicillium-solitum
2 2 0.940137785188084 0.0016302876982435637 Penicillium-mb
2 2 0.9541907863169662 0.0008415771203572059 Penicillium-polonicum
2 2 0.9514862234765984 0.0009699179860777983 Penicillium-verrucosum
2 2 0.9767158179869722 0.00015691607121006494 Penicillium-chrysogenum
2 2 0.5504746135155053 0.20038327668426067 Penicillium-brevicompactum
0 0 -0.8310270589123169 0.02053559276809361 Penicillium-cvjetkovicii
0 0 0.9460830046799766 0.001259235808153835 Penicillium-commune
0 0 0.9496478210545436 0.0010633663800273794 Penicillium-solitum
0 0 0.9371607166198087 0.0018376082144703034 Penicillium-mb
0 0 0.9516553572535149 0.0009615750891241066 Penicillium-polonicum
0 0 0.9478165498006011 0.0011615437904099416 Penicillium-verrucosum
0 0 0.974691071915218 0.00019307423894273227 Penicillium-chrysogenum
0 0 0.5503672062857151 0.20048938903890115 Penicillium-brevicompactum
0 0 -0.8310270589123159 0.020535592768093903 Penicillium-cvjetkovicii
0 0 0.949152735042275 0.0010894041832429553 Penicillium-commune
0 0 0.9526399252217347 0.0009138525572036377 Penicillium-solitum
0 0 0.9400507182525963 0.0016361442114464064 Penicillium-mb
0 0 0.9540702542680194 0.000847068323971913 Penicillium-polonicum
0 0 0.9505786768495457 0.0010154148084318849 Penicillium-verrucosum
0 0 0.9770999667067493 0.00015055505134881777 Penicillium-chrysogenum
0 0 0.5504902437516381 0.2003678371328959 Penicillium-brevicompactum
0 0 -0.8310270589123171 0.02053559276809355 Penicillium-cvjetkovicii
0 0 0.9460027946850299 0.0012638689851103945 Penicillium-commune
0 0 0.949507028619774 0.0010707331401422593 Penicillium-solitum
0 0 0.9376399062015796 0.001803248925226628 Penicillium-mb
0 0 0.9518822407402536 0.0009504504310811554 Penicillium-polonicum
0 0 0.9483983294721929 0.0011297980224209555 Penicillium-verrucosum
0 0 0.9764221769288237 0.00016188453228025015 Penicillium-chrysogenum
0 0 0.5503922690201902 0.2004646260395644 Penicillium-brevicompactum
0 0 -0.8310270589123158 0.02053559276809393 Penicillium-cvjetkovicii
0 0 0.9500262805728733 0.0010437128298566747 Penicillium-commune
0 0 0.9534752084103986 0.000874487830779784 Penicillium-solitum
0 0 0.9406312708501937 0.0015973271567233324 Penicillium-mb
0 0 0.9546504092502909 0.0008208312472521078 Penicillium-polonicum
0 0 0.9513274993049176 0.0009777862010251796 Penicillium-verrucosum
0 0 0.9770089603413529 0.00015204783234618467 Penicillium-chrysogenum
0 0 0.5504804360096254 0.2003775251562073 Penicillium-brevicompactum
0 0 -0.831027058912315 0.020535592768094177 Penicillium-cvjetkovicii
0 0 0.9486309168830732 0.0011172516943267876 Penicillium-commune
0 0 0.9521286533226903 0.0009384548440819052 Penicillium-solitum
0 0 0.9407981109129446 0.0015862733348787782 Penicillium-mb
0 0 0.95476296927262 0.0008157973239177809 Penicillium-polonicum
0 0 0.9501563686572038 0.0010370073024430885 Penicillium-verrucosum
0 0 0.976965647219817 0.00015276138407269998 Penicillium-chrysogenum
0 0 0.5504463264964821 0.20041122006290354 Penicillium-brevicompactum
0 0 -0.8310270589123152 0.020535592768094104 Penicillium-cvjetkovicii
0 0 0.9462524476300088 0.0012494812644765197 Penicillium-commune
0 0 0.9498201198488413 0.0010543919652125516 Penicillium-solitum
0 0 0.9372428580387809 0.0018316913136265992 Penicillium-mb
0 0 0.9516783279864209 0.0009604452932473643 Penicillium-polonicum
0 0 0.9476710036713051 0.0011695671151382785 Penicillium-verrucosum
0 0 0.9750921761600507 0.00018555537632818623 Penicillium-chrysogenum
0 0 0.5503799263566421 0.20047682090861085 Penicillium-brevicompactum
0 0 -0.8310270589123158 0.02053559276809393 Penicillium-cvjetkovicii
0 0 0.945508906356243 0.001292619155963948 Penicillium-commune
0 0 0.9491219255556304 0.0010910368430756317 Penicillium-solitum
0 0 0.9367804502579209 0.001865146483056074 Penicillium-mb
0 0 0.9513902218605156 0.000974672449549916 Penicillium-polonicum
0 0 0.9478907957789815 0.0011574634923019796 Penicillium-verrucosum
0 0 0.9737853091241575 0.00021071196798737646 Penicillium-chrysogenum
0 0 0.5503548339990024 0.2005016139025134 Penicillium-brevicompactum
0 0 -0.8310270589123148 0.02053559276809422 Penicillium-cvjetkovicii
0 0 0.9482558643036975 0.0011375238451165686 Penicillium-commune
0 0 0.9517187080543643 0.000958461137811811 Penicillium-solitum
0 0 0.9398481175144213 0.0016498199706894996 Penicillium-mb
0 0 0.9539515269938116 0.00085249798101242 Penicillium-polonicum
0 0 0.9504258400690431 0.0010231983026550145 Penicillium-verrucosum
0 0 0.9766055901741068 0.0001587703291417902 Penicillium-chrysogenum
0 0 0.5504280780296419 0.20042924783489935 Penicillium-brevicompactum
0 0 -0.8310270589123154 0.02053559276809403 Penicillium-cvjetkovicii
0 0 0.9447067670288279 0.001340128837569768 Penicillium-commune
0 0 0.94818474645686 0.0011413921776621374 Penicillium-solitum
0 0 0.9362155522791359 0.0019065013294416345 Penicillium-mb
0 0 0.9503049695282794 0.0010293787525853262 Penicillium-polonicum
0 0 0.9462387344665695 0.0012502690429463152 Penicillium-verrucosum
0 0 0.9781744045178278 0.00013358946149403042 Penicillium-chrysogenum
0 0 0.5503985977629491 0.20045837321721455 Penicillium-brevicompactum
0 0 -0.8310270589123161 0.02053559276809383 Penicillium-cvjetkovicii
0 0 0.9460087726832589 0.0012635233310279378 Penicillium-commune
0 0 0.9494045563302093 0.0010761137625583388 Penicillium-solitum
0 0 0.9369351691125755 0.0018539129016820304 Penicillium-mb
0 0 0.9509087246649011 0.0009987262346393946 Penicillium-polonicum
0 0 0.9474138230891672 0.0011838241808183726 Penicillium-verrucosum
0 0 0.9790008381499978 0.00012135440303637834 Penicillium-chrysogenum
0 0 0.5504121080210167 0.20044502534357775 Penicillium-brevicompactum
0 0 -0.8310270589123158 0.02053559276809393 Penicillium-cvjetkovicii
0 0 0.9466131091301367 0.0012288675170486767 Penicillium-commune
0 0 0.9501751456577477 0.0010360415314402116 Penicillium-solitum
0 0 0.9399592535539257 0.0016423098689668648 Penicillium-mb
0 0 0.9542124433611289 0.000840592707359058 Penicillium-polonicum
0 0 0.9488803709751534 0.0011038874348802967 Penicillium-verrucosum
0 0 0.974883510313352 0.00018944470327968737 Penicillium-chrysogenum
0 0 0.55038152713647 0.2004752392768464 Penicillium-brevicompactum
0 0 -0.8310270589123152 0.020535592768094104 Penicillium-cvjetkovicii
0 0 0.9474080155346251 0.0011841473068315842 Penicillium-commune
0 0 0.9508900690459309 0.000999665181624974 Penicillium-solitum
0 0 0.9386583950343182 0.001731484799092511 Penicillium-mb
0 0 0.9528593123818279 0.0009034140563925305 Penicillium-polonicum
0 0 0.9491095407209902 0.0010916935487839076 Penicillium-verrucosum
0 0 0.9764220196396485 0.00016188721839753545 Penicillium-chrysogenum
0 0 0.5504124697625833 0.20044466795577934 Penicillium-brevicompactum
0 0 -0.8310270589123169 0.02053559276809361 Penicillium-cvjetkovicii
0 0 0.9486947028863262 0.0011138253780432845 Penicillium-commune
0 0 0.9522269684630916 0.0009336939058732209 Penicillium-solitum
0 0 0.9383318510460531 0.0017543067232735888 Penicillium-mb
0 0 0.9525587182010978 0.0009177344094605098 Penicillium-polonicum
0 0 0.9489399683078182 0.0011007086208777853 Penicillium-verrucosum
0 0 0.9764050091090076 0.00016217787373310995 Penicillium-chrysogenum
0 0 0.5504040899886071 0.20045294695297122 Penicillium-brevicompactum
0 0 -0.831027058912316 0.02053559276809387 Penicillium-cvjetkovicii
0 0 0.9476728015642168 0.0011694678060966848 Penicillium-commune
0 0 0.9511711531818283 0.0009855733085772217 Penicillium-solitum
0 0 0.9389363450320813 0.0017121975842828133 Penicillium-mb
0 0 0.9531443466966956 0.0008899578749894818 Penicillium-polonicum
0 0 0.9495666256580735 0.0010676111426911699 Penicillium-verrucosum
0 0 0.976182940587863 0.00016600085695688246 Penicillium-chrysogenum
0 0 0.5504313961903438 0.20042596974567445 Penicillium-brevicompactum
0 0 -0.8310270589123154 0.02053559276809403 Penicillium-cvjetkovicii
0 0 0.9414338526826939 0.00154456678329439 Penicillium-commune
0 0 0.9451843645080341 0.001311719483317778 Penicillium-solitum
0 0 0.932009054284653 0.0022313960372756843 Penicillium-mb
0 0 0.9470596468747622 0.0012036255118222947 Penicillium-polonicum
0 0 0.9429690939782164 0.0014465388280184511 Penicillium-verrucosum
0 0 0.972130447808903 0.0002453373818961437 Penicillium-chrysogenum
0 0 0.550240334861659 0.20061476571250786 Penicillium-brevicompactum
0 0 -0.8310270589123154 0.02053559276809403 Penicillium-cvjetkovicii
0 0 0.9473293477621206 0.0011885294279684433 Penicillium-commune
0 0 0.9508496692645184 0.001001700311882527 Penicillium-solitum
0 0 0.9389209506071534 0.0017132624905204321 Penicillium-mb
0 0 0.9531818652786476 0.0008881955533372768 Penicillium-polonicum
0 0 0.9490933772175385 0.0010925509696085103 Penicillium-verrucosum
0 0 0.9757127699851473 0.00017427081043189658 Penicillium-chrysogenum
0 0 0.5504252122011551 0.20043207907519842 Penicillium-brevicompactum
0 0 -0.8310270589123151 0.020535592768094125 Penicillium-cvjetkovicii
0 0 0.9455180392670758 0.001292084045887249 Penicillium-commune
0 0 0.9490110418973691 0.0010969247633991024 Penicillium-solitum
0 0 0.9362308954801731 0.0019053710344272962 Penicillium-mb
0 0 0.9504883197694678 0.001020012162985245 Penicillium-polonicum
0 0 0.9471890268477804 0.0011963696292141921 Penicillium-verrucosum
0 0 0.9770469566433178 0.00015142351007840722 Penicillium-chrysogenum
0 0 0.5503906949945929 0.200466181197505 Penicillium-brevicompactum
0 0 -0.8310270589123151 0.020535592768094125 Penicillium-cvjetkovicii
0 0 0.9501546142565743 0.0010370975649658693 Penicillium-commune
0 0 0.9535287097870545 0.0008720013415228961 Penicillium-solitum
0 0 0.9408781899635106 0.0015809838377496823 Penicillium-mb
0 0 0.954901493934069 0.0008096273511065743 Penicillium-polonicum
0 0 0.9519739742807678 0.0009459742297759712 Penicillium-verrucosum
0 0 0.9770609014922557 0.00015119476437494084 Penicillium-chrysogenum
0 0 0.5504712527020919 0.2003865965713281 Penicillium-brevicompactum
0 0 -0.8310270589123171 0.02053559276809355 Penicillium-cvjetkovicii
0 0 0.9459875273210467 0.0012647520132899907 Penicillium-commune
0 0 0.9495904237012572 0.0010663659845059818 Penicillium-solitum
0 0 0.9364402831122328 0.0018899853781590725 Penicillium-mb
0 0 0.9511424207198976 0.0009870083561241121 Penicillium-polonicum
0 0 0.9479272936866368 0.0011554608041764096 Penicillium-verrucosum
0 0 0.9733734484269907 0.00021903724464829522 Penicillium-chrysogenum
0 0 0.5503359267647363 0.20052029653794406 Penicillium-brevicompactum
0 0 -0.8310270589123154 0.02053559276809403 Penicillium-cvjetkovicii
0 0 0.946220400585523 0.0012513227251846318 Penicillium-commune
0 0 0.9498028508516048 0.0010552894176204543 Penicillium-solitum
0 0 0.9372457342225115 0.0018314843367283368 Penicillium-mb
0 0 0.9516966022993599 0.0009595470477253879 Penicillium-polonicum
0 0 0.9479260044459972 0.0011555315116026478 Penicillium-verrucosum
0 0 0.9749100497497724 0.00018894736565543908 Penicillium-chrysogenum
0 0 0.5503834299762228 0.20047335920611153 Penicillium-brevicompactum
0 0 -0.8310270589123154 0.02053559276809403 Penicillium-cvjetkovicii
0 0 0.9478080720964907 0.0011620102347944502 Penicillium-commune
0 0 0.9512226200488427 0.0009830058731217027 Penicillium-solitum
0 0 0.9395172577240939 0.0016722976869808991 Penicillium-mb
0 0 0.9535079449288677 0.0008729658958277322 Penicillium-polonicum
0 0 0.9495153428949913 0.0010702972725236174 Penicillium-verrucosum
0 0 0.9777061236424612 0.00014083517577579874 Penicillium-chrysogenum
0 0 0.5504455029311535 0.2004120336513351 Penicillium-brevicompactum
0 0 -0.8310270589123157 0.020535592768093962 Penicillium-cvjetkovicii
0 0 0.9470378316668099 0.0012048515045842945 Penicillium-commune
0 0 0.9505581495952137 0.001016458154368006 Penicillium-solitum
0 0 0.9395579775822742 0.0016695216176332087 Penicillium-mb
0 0 0.9537291057821627 0.0008627250965765785 Penicillium-polonicum
0 0 0.9488191704208121 0.0011071574002133248 Penicillium-verrucosum
0 0 0.9759531947241487 0.0001700119913793986 Penicillium-chrysogenum
0 0 0.550410294077336 0.20044681746001927 Penicillium-brevicompactum
2 2 -0.8310270589123152 0.020535592768094104 Penicillium-cvjetkovicii
2 2 0.9483895793584876 0.0011302716408410044 Penicillium-commune
2 2 0.9518457148178211 0.0009522362181609845 Penicillium-solitum
2 2 0.9401307546424982 0.001630760145127897 Penicillium-mb
2 2 0.9541397974665233 0.0008438974930113517 Penicillium-polonicum
2 2 0.9512198767023681 0.0009831426256339188 Penicillium-verrucosum
2 2 0.977091368259917 0.00015069571660899014 Penicillium-chrysogenum
2 2 0.5504729666803911 0.20038490346171703 Penicillium-brevicompactum
0 0 -0.8310270589123159 0.020535592768093903 Penicillium-cvjetkovicii
0 0 0.9479822610380987 0.001152448538376797 Penicillium-commune
0 0 0.9515475713336081 0.0009668869413130097 Penicillium-solitum
0 0 0.9383245521162699 0.0017548188517589219 Penicillium-mb
0 0 0.9526285962080069 0.000914393521741993 Penicillium-polonicum
0 0 0.9488335900061404 0.0011063864424974994 Penicillium-verrucosum
0 0 0.9756590823231918 0.00017523040297428725 Penicillium-chrysogenum
0 0 0.550411115729014 0.20044600569434656 Penicillium-brevicompactum
0 0 -0.8310270589123153 0.02053559276809406 Penicillium-cvjetkovicii
0 0 0.9467641082547185 0.001220297175453657 Penicillium-commune
0 0 0.9503265091730418 0.0010282757588912692 Penicillium-solitum
0 0 0.9377268740118857 0.0017970539815035699 Penicillium-mb
0 0 0.9521516071998545 0.0009373420144955629 Penicillium-polonicum
0 0 0.9489625607705224 0.001099504995369078 Penicillium-verrucosum
0 0 0.9749377997213856 0.00018842817565748577 Penicillium-chrysogenum
0 0 0.5503792203996715 0.20047751842303482 Penicillium-brevicompactum
0 0 -0.8310270589123171 0.02053559276809355 Penicillium-cvjetkovicii
0 0 0.9478331542188874 0.001160630533619656 Penicillium-commune
0 0 0.9513315677059696 0.000977584054256699 Penicillium-solitum
0 0 0.9389986462909699 0.0017078918892289153 Penicillium-mb
0 0 0.9531532121027619 0.0008895412629244202 Penicillium-polonicum
0 0 0.9492273252733722 0.0010854574705684828 Penicillium-verrucosum
0 0 0.9765597115199708 0.00015954593063857196 Penicillium-chrysogenum
0 0 0.5504376197669699 0.20041982139701808 Penicillium-brevicompactum
0 0 -0.8310270589123161 0.02053559276809383 Penicillium-cvjetkovicii
0 0 0.9478606871527799 0.0011591171343537697 Penicillium-commune
0 0 0.9512910220787915 0.0009795997503787212 Penicillium-solitum
0 0 0.9384483958068983 0.0017461412955277731 Penicillium-mb
0 0 0.9526135520378084 0.0009151121790872714 Penicillium-polonicum
0 0 0.9495377294171566 0.001069124202657901 Penicillium-verrucosum
0 0 0.9769753529543325 0.00015260131614973704 Penicillium-chrysogenum
0 0 0.5504248247466424 0.20043246185492955 Penicillium-brevicompactum
0 0 -0.8310270589123152 0.020535592768094104 Penicillium-cvjetkovicii
0 0 0.948711111402193 0.0011129449867536712 Penicillium-commune
0 0 0.9521671649423119 0.0009365882017773571 Penicillium-solitum
0 0 0.9396092369243497 0.0016660308829951195 Penicillium-mb
0 0 0.9537955384702399 0.000859662905245521 Penicillium-polonicum
0 0 0.9510735161518148 0.0009904548377859654 Penicillium-verrucosum
0 0 0.9761805693177343 0.0001660419657618906 Penicillium-chrysogenum
0 0 0.5504275859148582 0.20042973400889638 Penicillium-brevicompactum
2 2 -0.8310270589123158 0.02053559276809393 Penicillium-cvjetkovicii
2 2 0.9463840022388484 0.0012419387514855233 Penicillium-commune
2 2 0.9498178372701025 0.0010545105626509244 Penicillium-solitum
2 2 0.9374689250837828 0.0018154649682340053 Penicillium-mb
2 2 0.9514793182659513 0.0009702595066377281 Penicillium-polonicum
2 2 0.9490001681582374 0.0010975031670995702 Penicillium-verrucosum
2 2 0.9783423924638446 0.00013104562287245177 Penicillium-chrysogenum
2 2 0.5504230708208452 0.20043419462336057 Penicillium-brevicompactum
0 0 -0.8310270589123171 0.02053559276809355 Penicillium-cvjetkovicii
0 0 0.9486603792883667 0.0011156683249337587 Penicillium-commune
0 0 0.9521082778016442 0.0009394433264441571 Penicillium-solitum
0 0 0.9401711448311022 0.0016280470568997116 Penicillium-mb
0 0 0.954253806470929 0.0008387144569431663 Penicillium-polonicum
0 0 0.9504170325201357 0.001023647914270879 Penicillium-verrucosum
0 0 0.9766861673433275 0.00015741357981721813 Penicillium-chrysogenum
0 0 0.5504709121852399 0.20038693294300697 Penicillium-brevicompactum
0 0 -0.8310270589123158 0.02053559276809393 Penicillium-cvjetkovicii
0 0 0.9441770851609459 0.0013720573159359088 Penicillium-commune
0 0 0.9478385365553826 0.0011603345916963738 Penicillium-solitum
0 0 0.935166460297219 0.0019847229732004035 Penicillium-mb
0 0 0.9498687922005838 0.001051864940049282 Penicillium-polonicum
0 0 0.9458365457292547 0.0012735040412083225 Penicillium-verrucosum
0 0 0.973683939020235 0.00021274323728519897 Penicillium-chrysogenum
0 0 0.5503158478515996 0.20054013784984195 Penicillium-brevicompactum
0 0 -0.8310270589123173 0.020535592768093462 Penicillium-cvjetkovicii
0 0 0.9490842864509709 0.0010930333797224542 Penicillium-commune
0 0 0.9525513279208728 0.0009180881623886651 Penicillium-solitum
0 0 0.9403744106336922 0.0016144336769861021 Penicillium-mb
0 0 0.9544679459046606 0.0008290303662169411 Penicillium-polonicum
0 0 0.9505750414937613 0.0010155995377764601 Penicillium-verrucosum
0 0 0.9764779975957986 0.0001609329273627045 Penicillium-chrysogenum
0 0 0.5505096744208281 0.2003486443100271 Penicillium-brevicompactum
0 0 -0.8310270589123154 0.02053559276809403 Penicillium-cvjetkovicii
0 0 0.9489191532487121 0.0011018182430071457 Penicillium-commune
0 0 0.9524173835572587 0.0009245137029301656 Penicillium-solitum
0 0 0.9394664386070881 0.0016757660835480623 Penicillium-mb
0 0 0.9535037413409305 0.0008731612346788526 Penicillium-polonicum
0 0 0.9497364948555068 0.0010587420713507585 Penicillium-verrucosum
0 0 0.9772534936810734 0.00014805661004954623 Penicillium-chrysogenum
0 0 0.5504702439816913 0.20038759301318193 Penicillium-brevicompactum
0 0 -0.8310270589123153 0.02053559276809406 Penicillium-cvjetkovicii
0 0 0.9487598705625497 0.0011103312633325853 Penicillium-commune
0 0 0.9522279064121698 0.0009336485543851913 Penicillium-solitum
0 0 0.9396909013843663 0.0016604784642111237 Penicillium-mb
0 0 0.953888171231331 0.0008554037825893867 Penicillium-polonicum
0 0 0.9506832393109125 0.0010101100034554406 Penicillium-verrucosum
0 0 0.9760540852467988 0.0001682435156113313 Penicillium-chrysogenum
0 0 0.5504035562526468 0.2004534742756865 Penicillium-brevicompactum
0 0 -0.8310270589123152 0.020535592768094104 Penicillium-cvjetkovicii
0 0 0.9461910288663744 0.0012530118648221955 Penicillium-commune
0 0 0.9497562097175498 0.0010577155661345306 Penicillium-solitum
0 0 0.9372893407308353 0.0018283479971466972 Penicillium-mb
0 0 0.9516938947922969 0.0009596800996737301 Penicillium-polonicum
0 0 0.9484352259200926 0.001127802213718536 Penicillium-verrucosum
0 0 0.975248952849697 0.00018266477617345398 Penicillium-chrysogenum
0 0 0.5504028838699098 0.20045413858018096 Penicillium-brevicompactum
0 0 -0.8310270589123173 0.020535592768093462 Penicillium-cvjetkovicii
0 0 0.9471306645648884 0.0011996394930159889 Penicillium-commune
0 0 0.950623098532103 0.001013159140256014 Penicillium-solitum
0 0 0.9380589514876758 0.0017735146029807611 Penicillium-mb
0 0 0.9524581857840178 0.0009225535423696135 Penicillium-polonicum
0 0 0.9484763893462445 0.0011255780547393885 Penicillium-verrucosum
0 0 0.9752547928750392 0.00018255762157364528 Penicillium-chrysogenum
0 0 0.5503703095456832 0.2004863228123031 Penicillium-brevicompactum
0 0 -0.8310270589123157 0.020535592768093962 Penicillium-cvjetkovicii
0 0 0.9482374495650254 0.0011385247387792363 Penicillium-commune
0 0 0.9517097902067853 0.0009588991253300063 Penicillium-solitum
0 0 0.9402138274250084 0.0016251828755175267 Penicillium-mb
0 0 0.9542739289025366 0.000837801619860039 Penicillium-polonicum
0 0 0.9502070004432139 0.0010344043377234536 Penicillium-verrucosum
0 0 0.9766841900236748 0.00015744679067815725 Penicillium-chrysogenum
0 0 0.5504347116288699 0.20042269437148805 Penicillium-brevicompactum
0 0 -0.8310270589123154 0.02053559276809403 Penicillium-cvjetkovicii
0 0 0.9474773376714424 0.00118029369736515 Penicillium-commune
0 0 0.9509702584190884 0.0009956329060681886 Penicillium-solitum
0 0 0.9395519747975762 0.0016699306857135506 Penicillium-mb
0 0 0.9536065245992039 0.0008683923547549888 Penicillium-polonicum
0 0 0.9487837586080577 0.001109052075207429 Penicillium-verrucosum
0 0 0.9769327235491985 0.00015330510970369023 Penicillium-chrysogenum
0 0 0.5504204458363315 0.200436787956497 Penicillium-brevicompactum
0 0 -0.8310270589123155 0.02053559276809401 Penicillium-cvjetkovicii
0 0 0.949046862369067 0.0010950206494262607 Penicillium-commune
0 0 0.952486847036225 0.0009211781118869491 Penicillium-solitum
0 0 0.9396937099799334 0.0016602877002142456 Penicillium-mb
0 0 0.953801216202821 0.0008594014910007471 Penicillium-polonicum
0 0 0.9502807671557411 0.0010306189322417637 Penicillium-verrucosum
0 0 0.9768274740020005 0.0001550510074664359 Penicillium-chrysogenum
0 0 0.5504495958774921 0.20040799030373474 Penicillium-brevicompactum
0 0 -0.8310270589123154 0.02053559276809403 Penicillium-cvjetkovicii
0 0 0.948841421763904 0.0011059678426102396 Penicillium-commune
0 0 0.9523219757409331 0.000929106753140436 Penicillium-solitum
0 0 0.9399289626064347 0.0016443548014542426 Penicillium-mb
0 0 0.953992530549219 0.0008506204779954566 Penicillium-polonicum
0 0 0.9502354597258207 0.0010329429519744756 Penicillium-verrucosum
0 0 0.9768602658677888 0.000154505786517548 Penicillium-chrysogenum
0 0 0.5504605936131445 0.2003971260339747 Penicillium-brevicompactum
0 0 -0.8310270589123154 0.02053559276809403 Penicillium-cvjetkovicii
0 0 0.9465971449688041 0.0012297756743834811 Penicillium-commune
0 0 0.950131859326119 0.001038268708855395 Penicillium-solitum
0 0 0.9375731611210641 0.001808011866047615 Penicillium-mb
0 0 0.9519693924540911 0.0009461975066942617 Penicillium-polonicum
0 0 0.948137883863636 0.0011439454286999687 Penicillium-verrucosum
0 0 0.9753459743856905 0.0001808894495117875 Penicillium-chrysogenum
0 0 0.5503814892929096 0.20047527666766388 Penicillium-brevicompactum
2 2 -0.8310270589123154 0.02053559276809403 Penicillium-cvjetkovicii
2 2 0.9479408079597681 0.0011547197779015548 Penicillium-commune
2 2 0.9515007696707255 0.0009691987874458335 Penicillium-solitum
2 2 0.938170568944514 0.0017656435857226287 Penicillium-mb
2 2 0.9524287703298762 0.0009239664287869297 Penicillium-polonicum
2 2 0.9497602759807859 0.0010575039188392553 Penicillium-verrucosum
2 2 0.976002942267652 0.000169138606606015 Penicillium-chrysogenum
2 2 0.550452632478833 0.20040499052557156 Penicillium-brevicompactum
0 0 -0.8310270589123158 0.02053559276809393 Penicillium-cvjetkovicii
0 0 0.9482367082851099 0.001138565040348781 Penicillium-commune
0 0 0.9517145825306734 0.0009586637423856372 Penicillium-solitum
0 0 0.9394054093722067 0.001679936914512522 Penicillium-mb
0 0 0.953505926722301 0.0008730596777566443 Penicillium-polonicum
0 0 0.9502471485032242 0.001032343086380057 Penicillium-verrucosum
0 0 0.9768010750073307 0.00015549076784441502 Penicillium-chrysogenum
0 0 0.5504446889537581 0.20041283776954405 Penicillium-brevicompactum
0 0 -0.8310270589123155 0.02053559276809401 Penicillium-cvjetkovicii
0 0 0.9496740464234169 0.0010619974954465651 Penicillium-commune
0 0 0.9531176829814237 0.000891211578701549 Penicillium-solitum
0 0 0.9410579511037188 0.0015691478957917933 Penicillium-mb
0 0 0.9550390225308295 0.0008035291549086962 Penicillium-polonicum
0 0 0.9516649254758848 0.000961104388831087 Penicillium-verrucosum
0 0 0.9770103435764199 0.00015202507737190483 Penicillium-chrysogenum
0 0 0.5504785424172282 0.20037939566030324 Penicillium-brevicompactum
0 0 -0.8310270589123162 0.02053559276809383 Penicillium-cvjetkovicii
0 0 0.9474070497130493 0.0011842010491435807 Penicillium-commune
0 0 0.9508581675379216 0.0010012720099578417 Penicillium-solitum
0 0 0.9378712434551502 0.0017867978698034841 Penicillium-mb
0 0 0.9518639780206485 0.0009513430649993596 Penicillium-polonicum
0 0 0.9484556992442645 0.0011266956665195397 Penicillium-verrucosum
0 0 0.9783713609496264 0.00013060989882592245 Penicillium-chrysogenum
0 0 0.5504424637537642 0.20041503602503072 Penicillium-brevicompactum
0 0 -0.8310270589123153 0.02053559276809406 Penicillium-cvjetkovicii
0 0 0.9475223232424629 0.0011777969229649007 Penicillium-commune
0 0 0.9510305833863734 0.000992605849501918 Penicillium-solitum
0 0 0.939839221102293 0.0016504220252546748 Penicillium-mb
0 0 0.9542298696957513 0.0008398010947609014 Penicillium-polonicum
0 0 0.9495050529148699 0.0010708367299312874 Penicillium-verrucosum
0 0 0.9743256737025414 0.00020007915046288147 Penicillium-chrysogenum
0 0 0.550362248182604 0.20049428802027197 Penicillium-brevicompactum
0 0 -0.8310270589123151 0.020535592768094125 Penicillium-cvjetkovicii
0 0 0.9469493873916192 0.001209829537344893 Penicillium-commune
0 0 0.9504836010276432 0.001020252589219553 Penicillium-solitum
0 0 0.9383005119441252 0.0017565062498458156 Penicillium-mb
0 0 0.9526092851029972 0.0009153160706069158 Penicillium-polonicum
0 0 0.9489982765808569 0.001097603803631764 Penicillium-verrucosum
0 0 0.9756009035987268 0.00017627381303593503 Penicillium-chrysogenum
0 0 0.5504039057771765 0.20045312895088552 Penicillium-brevicompactum
0 0 -0.8310270589123154 0.02053559276809403 Penicillium-cvjetkovicii
0 0 0.949567178084949 0.0010675822289465666 Penicillium-commune
0 0 0.9530438775791048 0.0008946872885698025 Penicillium-solitum
0 0 0.9396699823842455 0.001661899720129451 Penicillium-mb
0 0 0.9537057374595541 0.0008638037833151687 Penicillium-polonicum
0 0 0.9506232007577226 0.0010131539528081708 Penicillium-verrucosum
0 0 0.9772701087952483 0.0001477877151626212 Penicillium-chrysogenum
0 0 0.5504757319401697 0.2003821718850888 Penicillium-brevicompactum
2 2 -0.8310270589123152 0.020535592768094104 Penicillium-cvjetkovicii
2 2 0.9432987867641356 0.0014259802777296764 Penicillium-commune
2 2 0.9470220115161848 0.001205741042230612 Penicillium-solitum
2 2 0.9344730456485004 0.002037443272425197 Penicillium-mb
2 2 0.9494573999262417 0.0010733370568288437 Penicillium-polonicum
2 2 0.9464521381937461 0.0012380428592215704 Penicillium-verrucosum
2 2 0.9715137936672648 0.0002590481097085636 Penicillium-chrysogenum
2 2 0.5503060116683895 0.20054985798213987 Penicillium-brevicompactum
2 2 -0.8310270589123151 0.020535592768094125 Penicillium-cvjetkovicii
2 2 0.9457653964183513 0.0012776407452895742 Penicillium-commune
2 2 0.9493816804156922 0.001077317109424164 Penicillium-solitum
2 2 0.937700650930182 0.0017989205982914015 Penicillium-mb
2 2 0.9522220014684576 0.0009339340905216366 Penicillium-polonicum
2 2 0.9494082676439027 0.001075918610415407 Penicillium-verrucosum
2 2 0.9738236560341206 0.00020994659007688484 Penicillium-chrysogenum
2 2 0.5504258770222329 0.20043142227625088 Penicillium-brevicompactum
0 0 -0.8310270589123152 0.020535592768094104 Penicillium-cvjetkovicii
0 0 0.9483673042544281 0.0011314778572623925 Penicillium-commune
0 0 0.9518486723259899 0.0009520915490091075 Penicillium-solitum
0 0 0.9393318470932702 0.0016849723923269208 Penicillium-mb
0 0 0.9535920682575345 0.0008690621581498182 Penicillium-polonicum
0 0 0.9504724586462173 0.001020820441458387 Penicillium-verrucosum
0 0 0.9757024095335075 0.00017445574472764157 Penicillium-chrysogenum
0 0 0.5504424513705585 0.20041504825832318 Penicillium-brevicompactum
0 0 -0.8310270589123152 0.020535592768094104 Penicillium-cvjetkovicii
0 0 0.9462292594989126 0.0012508135215296193 Penicillium-commune
0 0 0.9497844957788939 0.0010562438070547517 Penicillium-solitum
0 0 0.9368347145802549 0.0018612019970638608 Penicillium-mb
0 0 0.9513716344288601 0.0009755945777879852 Penicillium-polonicum
0 0 0.9482519338573197 0.0011377374324574253 Penicillium-verrucosum
0 0 0.9745790673832394 0.00019520564146378937 Penicillium-chrysogenum
0 0 0.550355986820875 0.20050047480205932 Penicillium-brevicompactum
0 0 -0.8310270589123158 0.02053559276809393 Penicillium-cvjetkovicii
0 0 0.9487111853009205 0.0011129410226821375 Penicillium-commune
0 0 0.9522299975812163 0.0009335474473735703 Penicillium-solitum
0 0 0.9386230684621865 0.0017339452608236413 Penicillium-mb
0 0 0.952838543710484 0.0009043991962689921 Penicillium-polonicum
0 0 0.9490467500408312 0.0010950266174193746 Penicillium-verrucosum
0 0 0.9763736895203946 0.00016271383773041142 Penicillium-chrysogenum
0 0 0.5504114978646055 0.20044562815709893 Penicillium-brevicompactum
2 2 -0.8310270589123152 0.020535592768094104 Penicillium-cvjetkovicii
2 2 0.9470665860725026 0.0012032356903845082 Penicillium-commune
2 2 0.9505010548615136 0.0010193634601235481 Penicillium-solitum
2 2 0.9381359083701185 0.0017680855664084206 Penicillium-mb
2 2 0.9521041899298917 0.0009396417164425902 Penicillium-polonicum
2 2 0.9495018427680371 0.0010710050563770576 Penicillium-verrucosum
2 2 0.9783612253912607 0.00013076225252495177 Penicillium-chrysogenum
2 2 0.5504362904559753 0.2004211346322485 Penicillium-brevicompactum
0 0 -0.8310270589123158 0.02053559276809393 Penicillium-cvjetkovicii
0 0 0.9486543787294451 0.0011159906995531325 Penicillium-commune
0 0 0.952134166350247 0.0009381874950918963 Penicillium-solitum
0 0 0.9399852007524154 0.001640559373679484 Penicillium-mb
0 0 0.9541050119822994 0.0008454826618635081 Penicillium-polonicum
0 0 0.9501861596385344 0.0010354752889092523 Penicillium-verrucosum
0 0 0.9764196657127352 0.0001619274209278146 Penicillium-chrysogenum
0 0 0.5504386341994824 0.2004188192351304 Penicillium-brevicompactum
0 0 -0.8310270589123154 0.02053559276809403 Penicillium-cvjetkovicii
0 0 0.9446090171855019 0.0013459877002767865 Penicillium-commune
0 0 0.948212836690661 0.0011398633309144784 Penicillium-solitum
0 0 0.9355884603752954 0.0019530355881661786 Penicillium-mb
0 0 0.9501867145066496 0.001035446767286518 Penicillium-polonicum
0 0 0.9467687695340545 0.0012200331759925056 Penicillium-verrucosum
0 0 0.9744613298735875 0.00019746118075308268 Penicillium-chrysogenum
0 0 0.5503399575403457 0.20051631357371114 Penicillium-brevicompactum
0 0 -0.8310270589123158 0.02053559276809393 Penicillium-cvjetkovicii
0 0 0.9488606232732721 0.0011049419364879771 Penicillium-commune
0 0 0.9523521037814352 0.0009276548974372109 Penicillium-solitum
0 0 0.9389896402197676 0.001708513911985373 Penicillium-mb
0 0 0.9531640262942328 0.0008890332278279987 Penicillium-polonicum
0 0 0.9498943386569365 0.001050540024733194 Penicillium-verrucosum
0 0 0.9765461801441627 0.00015977511549815647 Penicillium-chrysogenum
0 0 0.5504265919956792 0.20043071593125758 Penicillium-brevicompactum
0 0 -0.8310270589123161 0.02053559276809383 Penicillium-cvjetkovicii
0 0 0.9477321103241498 0.001166194598330002 Penicillium-commune
0 0 0.9511500583369983 0.0009866267736079396 Penicillium-solitum
0 0 0.9383881559322766 0.0017503590562149168 Penicillium-mb
0 0 0.9524227715228593 0.0009242547211795729 Penicillium-polonicum
0 0 0.9492293439942213 0.0010853507737890304 Penicillium-verrucosum
0 0 0.9779514317166105 0.00013701107137074144 Penicillium-chrysogenum
0 0 0.5504403276129215 0.20041714631066831 Penicillium-brevicompactum
2 2 -0.8310270589123151 0.020535592768094125 Penicillium-cvjetkovicii
2 2 0.9489524222736696 0.0011000450329598053 Penicillium-commune
2 2 0.9523984130262227 0.0009254258954468198 Penicillium-solitum
2 2 0.9414972756939989 0.0015404419403277684 Penicillium-mb
2 2 0.9554974210683816 0.0007833999293637169 Penicillium-polonicum
2 2 0.951871602926069 0.0009509703193263982 Penicillium-verrucosum
2 2 0.9765290121930728 0.00016006617629031567 Penicillium-chrysogenum
2 2 0.550441088921268 0.20041639421574378 Penicillium-brevicompactum
0 0 -0.8310270589123168 0.020535592768093632 Penicillium-cvjetkovicii
0 0 0.9475459123939849 0.0011764889334610609 Penicillium-commune
0 0 0.951018654310008 0.0009932040083563422 Penicillium-solitum
0 0 0.9392722764638698 0.0016890566219623438 Penicillium-mb
0 0 0.9533076594060126 0.00088230183045134 Penicillium-polonicum
0 0 0.9484365605182596 0.0011277300614799563 Penicillium-verrucosum
0 0 0.9773059406144925 0.00014720881321573178 Penicillium-chrysogenum
0 0 0.550416036200444 0.20044114445844763 Penicillium-brevicompactum
0 0 -0.8310270589123148 0.02053559276809422 Penicillium-cvjetkovicii
0 0 0.948363589717926 0.0011316790766148156 Penicillium-commune
0 0 0.9518248252029818 0.0009532584225168069 Penicillium-solitum
0 0 0.9398336466426531 0.0016507993364180446 Penicillium-mb
0 0 0.953955749708721 0.0008523045148667053 Penicillium-polonicum
0 0 0.9501247983719717 0.001038632278750924 Penicillium-verrucosum
0 0 0.9765162770257518 0.00016028228882998403 Penicillium-chrysogenum
0 0 0.5504309861469425 0.20042637483582704 Penicillium-brevicompactum
0 0 -0.8310270589123153 0.02053559276809406 Penicillium-cvjetkovicii
0 0 0.9466250828543761 0.0012281866246853324 Penicillium-commune
0 0 0.9500614307443564 0.001041898458234917 Penicillium-solitum
0 0 0.9373354762679122 0.0018250332049446413 Penicillium-mb
0 0 0.951395678596393 0.0009744018370961299 Penicillium-polonicum
0 0 0.9480411949915234 0.0011492240570235709 Penicillium-verrucosum
0 0 0.9781467335503592 0.00013401128182511692 Penicillium-chrysogenum
0 0 0.550436488313025 0.20042093916768264 Penicillium-brevicompactum
0 0 -0.8310270589123154 0.02053559276809403 Penicillium-cvjetkovicii
0 0 0.9443829517441894 0.0013595952647511738 Penicillium-commune
0 0 0.9480237312219159 0.0011501790041677066 Penicillium-solitum
0 0 0.9356744100602936 0.0019466185015314726 Penicillium-mb
0 0 0.9503540402115361 0.0010268669778273696 Penicillium-polonicum
0 0 0.9463625056761745 0.0012431693864189677 Penicillium-verrucosum
0 0 0.9736696799641928 0.0002130298935796265 Penicillium-chrysogenum
0 0 0.5503263990393464 0.2005297114005917 Penicillium-brevicompactum
0 0 -0.8310270589123171 0.02053559276809355 Penicillium-cvjetkovicii
0 0 0.947673805849482 0.001169412335212656 Penicillium-commune
0 0 0.9511573362846523 0.000986263241688525 Penicillium-solitum
0 0 0.9389286060936736 0.0017127328750407556 Penicillium-mb
0 0 0.9531470021134602 0.0008898330768706342 Penicillium-polonicum
0 0 0.9491986800223562 0.0010869721448328552 Penicillium-verrucosum
0 0 0.9761817596678491 0.0001660213288602314 Penicillium-chrysogenum
0 0 0.5504090160421695 0.200448080121174 Penicillium-brevicompactum
0 0 -0.8310270589123153 0.02053559276809406 Penicillium-cvjetkovicii
0 0 0.9461659160759333 0.0012544571443667057 Penicillium-commune
0 0 0.9497483545006414 0.001058124497767286 Penicillium-solitum
0 0 0.937451640567962 0.00181670259347038 Penicillium-mb
0 0 0.9519043248370701 0.0009493716801415093 Penicillium-polonicum
0 0 0.9479260442335214 0.0011555293294478002 Penicillium-verrucosum
0 0 0.9747808934748633 0.00019137503001862005 Penicillium-chrysogenum
0 0 0.5503868381466018 0.20046999183843067 Penicillium-brevicompactum
0 0 -0.8310270589123154 0.02053559276809403 Penicillium-cvjetkovicii
0 0 0.9480175542838786 0.0011505168812923317 Penicillium-commune
0 0 0.951542598608596 0.0009671324223430517 Penicillium-solitum
0 0 0.9389881136546546 0.0017086193605552258 Penicillium-mb
0 0 0.9531892249833332 0.000887850095975502 Penicillium-polonicum
0 0 0.9493492421342551 0.001079024830289789 Penicillium-verrucosum
0 0 0.9761628920628288 0.00016634861328427525 Penicillium-chrysogenum
0 0 0.5504213039163479 0.20043594022121097 Penicillium-brevicompactum
0 0 -0.8310270589123154 0.02053559276809403 Penicillium-cvjetkovicii
0 0 0.9479296721895685 0.0011553303636915953 Penicillium-commune
0 0 0.9514122710831246 0.0009735792493495479 Penicillium-solitum
0 0 0.9399659049421673 0.0016418610365436534 Penicillium-mb
0 0 0.954038003663361 0.0008485411835426453 Penicillium-polonicum
0 0 0.9498232756400566 0.0010542280106860054 Penicillium-verrucosum
0 0 0.9766689072107183 0.0001577036201148764 Penicillium-chrysogenum
0 0 0.5504719687045831 0.2003858892857497 Penicillium-brevicompactum
0 0 -0.8310270589123172 0.020535592768093514 Penicillium-cvjetkovicii
0 0 0.9480333449889136 0.0011496532498839241 Penicillium-commune
0 0 0.9515234304818033 0.0009680790112205607 Penicillium-solitum
0 0 0.9392168065042867 0.0016928649428487128 Penicillium-mb
0 0 0.9534058621469375 0.0008777169509507523 Penicillium-polonicum
0 0 0.9496984054543921 0.00106072696144007 Penicillium-verrucosum
0 0 0.9762404347734358 0.00016500598200191018 Penicillium-chrysogenum
0 0 0.5504352652859621 0.20042214740739198 Penicillium-brevicompactum
0 0 -0.8310270589123158 0.02053559276809393 Penicillium-cvjetkovicii
0 0 0.9497748706746012 0.0010567444773003194 Penicillium-commune
0 0 0.953280198044541 0.0008835864730849383 Penicillium-solitum
0 0 0.9388474480559927 0.001718352391693158 Penicillium-mb
0 0 0.9532098888560869 0.0008868805789297841 Penicillium-polonicum
0 0 0.9500515037720565 0.0010424106768232165 Penicillium-verrucosum
0 0 0.9752875332177572 0.00018195758500287465 Penicillium-chrysogenum
0 0 0.5503914216400884 0.20046546326150183 Penicillium-brevicompactum
0 0 -0.8310270589123163 0.02053559276809377 Penicillium-cvjetkovicii
0 0 0.9475852688617198 0.001174308576077241 Penicillium-commune
0 0 0.9510961456544164 0.0009893221676934556 Penicillium-solitum
0 0 0.9393595158568235 0.0016830773712608914 Penicillium-mb
0 0 0.953636575943526 0.0008670009683294585 Penicillium-polonicum
0 0 0.9493383760454642 0.0010795972354824242 Penicillium-verrucosum
0 0 0.9754220132361578 0.00017950528343256208 Penicillium-chrysogenum
0 0 0.5503926013618391 0.20046429768239654 Penicillium-brevicompactum
