#SPECIES: Penicillium-cvjetkovicii Penicillium-brevicompactum Penicillium-verrucosum Penicillium-mb Penicillium-polonicum Penicillium-solitum Penicillium-commune Penicillium-chrysogenum 
#GENE_TREEs p: 0.534265878282878 0.610712576730895 0.0007244468124140325 0.000856269977928056 0.0005894959294642044 0.9279079442418585 0.0009630289018964696 0.1439756000886797 
#GENE_TREEs r: -0.285877174592464 -0.2358104732505686 0.9568815034356227 0.9538693100522856 0.9603239545860031 -0.04250410968263009 0.9516258221591252 0.6121760362457733 
0 0 -0.2858771745924624 0.5342658782828803 Penicillium-cvjetkovicii
0 0 -0.23571932931791564 0.610854587366601 Penicillium-brevicompactum
0 0 0.9567364977627207 0.0007304952961472571 Penicillium-verrucosum
0 0 0.9524445583500678 0.0009232079378108666 Penicillium-mb
0 0 0.9598731525087663 0.0006062351837453411 Penicillium-polonicum
0 0 -0.04597417939036436 0.9220342651713229 Penicillium-solitum
0 0 0.952138735687388 0.0009379659436092148 Penicillium-commune
0 0 0.612045878289702 0.14408486311792687 Penicillium-chrysogenum
0 0 -0.28587717459246176 0.5342658782828813 Penicillium-cvjetkovicii
0 0 -0.23589099897880267 0.6105871183017522 Penicillium-brevicompactum
0 0 0.956276581114931 0.0007498767879853587 Penicillium-verrucosum
0 0 0.9520521916823765 0.0009421674247831308 Penicillium-mb
0 0 0.9593536981966712 0.0006258692078303185 Penicillium-polonicum
0 0 -0.05026460444051736 0.9147759131193798 Penicillium-solitum
0 0 0.9516315295364698 0.0009627478650957886 Penicillium-commune
0 0 0.6158934140970939 0.14087263601227284 Penicillium-chrysogenum
0 0 -0.2858771745924626 0.5342658782828802 Penicillium-cvjetkovicii
0 0 -0.2356232862088736 0.6110042418572585 Penicillium-brevicompactum
0 0 0.957224218343463 0.0007102696995984187 Penicillium-verrucosum
0 0 0.953347343834396 0.0008804473461394512 Penicillium-mb
0 0 0.9604471595540186 0.0005849693540316567 Penicillium-polonicum
0 0 -0.04324274237939529 0.9266574582898052 Penicillium-solitum
0 0 0.9504402835121292 0.0010224612401730365 Penicillium-commune
0 0 0.6107601410393066 0.1451664375910135 Penicillium-chrysogenum
0 0 -0.28587717459246303 0.5342658782828795 Penicillium-cvjetkovicii
0 0 -0.23523539589211528 0.6116087624419977 Penicillium-brevicompactum
0 0 0.9557877323588901 0.0007708078638369556 Penicillium-verrucosum
0 0 0.9510012524921936 0.0009940769686303703 Penicillium-mb
0 0 0.9588124011205896 0.0006467247157443776 Penicillium-polonicum
0 0 -0.04921683330021169 0.9165480671758031 Penicillium-solitum
0 0 0.9503491772955176 0.0010271157333693627 Penicillium-commune
0 0 0.6067926823239981 0.14852955319699543 Penicillium-chrysogenum
0 0 -0.2858771745924619 0.5342658782828811 Penicillium-cvjetkovicii
0 0 -0.2356223928710338 0.611005633907882 Penicillium-brevicompactum
0 0 0.9565679841128509 0.0007375617993719327 Penicillium-verrucosum
0 0 0.9525926526666014 0.0009161110926591285 Penicillium-mb
0 0 0.9598012945431148 0.0006089291329740197 Penicillium-polonicum
0 0 -0.04528517474560406 0.9232003045557966 Penicillium-solitum
0 0 0.9513100074546025 0.00097865560069946 Penicillium-commune
0 0 0.6098411108772407 0.14594203008139447 Penicillium-chrysogenum
0 0 -0.2858771745924633 0.5342658782828791 Penicillium-cvjetkovicii
0 0 -0.23585526000879325 0.610642798391918 Penicillium-brevicompactum
0 0 0.9561561864900245 0.000755000076602466 Penicillium-verrucosum
0 0 0.9518860638005808 0.0009502636326277607 Penicillium-mb
0 0 0.9592422800954367 0.0006301289100000381 Penicillium-polonicum
0 0 -0.049403731733822294 0.916231935070942 Penicillium-solitum
0 0 0.9526809572287702 0.0009118948487092451 Penicillium-commune
0 0 0.6150774834940849 0.1415507860652733 Penicillium-chrysogenum
0 0 -0.28587717459246303 0.5342658782828795 Penicillium-cvjetkovicii
0 0 -0.2351028881723905 0.6118153136727849 Penicillium-brevicompactum
0 0 0.9562691522605482 0.0007501923184943469 Penicillium-verrucosum
0 0 0.9509466013803874 0.0009968214844060356 Penicillium-mb
0 0 0.9591085255313454 0.0006352652106267285 Penicillium-polonicum
0 0 -0.048439312651345406 0.9178633094055659 Penicillium-solitum
0 0 0.9488663572489441 0.001104635688351591 Penicillium-commune
0 0 0.6058047713540882 0.1493729973455487 Penicillium-chrysogenum
0 0 -0.2858771745924632 0.5342658782828793 Penicillium-cvjetkovicii
0 0 -0.23544991276698402 0.61127441980205 Penicillium-brevicompactum
0 0 0.9567198427894051 0.0007311919169406478 Penicillium-verrucosum
0 0 0.952117153063402 0.0009390126831603265 Penicillium-mb
0 0 0.9597551925084903 0.0006106612247905157 Penicillium-polonicum
0 0 -0.046312287710907535 0.9214621069003545 Penicillium-solitum
0 0 0.9506239397117433 0.0010131164549899018 Penicillium-commune
0 0 0.609769347514363 0.1460026805003138 Penicillium-chrysogenum
0 0 -0.2858771745924624 0.5342658782828803 Penicillium-cvjetkovicii
0 0 -0.23553460409047533 0.6111424359958403 Penicillium-brevicompactum
0 0 0.9564589359424219 0.000742156147014897 Penicillium-verrucosum
0 0 0.9525321009357006 0.0009190088845530071 Penicillium-mb
0 0 0.9595996070562061 0.0006165282464328002 Penicillium-polonicum
0 0 -0.045836329263934904 0.9222675474755315 Penicillium-solitum
0 0 0.9503422434720747 0.0010274704848306773 Penicillium-commune
0 0 0.6104155160488907 0.1454570315085371 Penicillium-chrysogenum
0 0 -0.28587717459246176 0.5342658782828813 Penicillium-cvjetkovicii
0 0 -0.23572491253198338 0.6108458879265205 Penicillium-brevicompactum
0 0 0.9571396594544777 0.0007137522343979339 Penicillium-verrucosum
0 0 0.9525471744885365 0.0009182870114734237 Penicillium-mb
0 0 0.9602062739281824 0.000593838873337103 Penicillium-polonicum
0 0 -0.04609553123777465 0.9218289064075269 Penicillium-solitum
0 0 0.9518377538063867 0.0009526257027341092 Penicillium-commune
0 0 0.6130639114452839 0.14323137442618272 Penicillium-chrysogenum
0 0 -0.2858771745924626 0.5342658782828802 Penicillium-cvjetkovicii
0 0 -0.23538815049032016 0.6113706760231588 Penicillium-brevicompactum
0 0 0.9560794765485916 0.0007582751812487399 Penicillium-verrucosum
0 0 0.9514230487844418 0.0009730451549912314 Penicillium-mb
0 0 0.9590989006663218 0.000635635768003789 Penicillium-polonicum
0 0 -0.04790644070786702 0.9187647937416319 Penicillium-solitum
0 0 0.9509150233513529 0.0009984093362717522 Penicillium-commune
0 0 0.6084843909878547 0.14709079948485346 Penicillium-chrysogenum
0 0 -0.2858771745924634 0.534265878282879 Penicillium-cvjetkovicii
0 0 -0.23634122842816735 0.6098858040442721 Penicillium-brevicompactum
0 0 0.9576309761329461 0.0006936582850894265 Penicillium-verrucosum
0 0 0.9544598773657949 0.0008293940457127937 Penicillium-mb
0 0 0.9610590363323763 0.0005627946328624403 Penicillium-polonicum
0 0 -0.04025511406358462 0.9317161533590732 Penicillium-solitum
0 0 0.9527112764779129 0.000910449859894118 Penicillium-commune
0 0 0.614234154067884 0.14225343636588375 Penicillium-chrysogenum
0 0 -0.28587717459246387 0.5342658782828782 Penicillium-cvjetkovicii
0 0 -0.2354600718110851 0.6112585874047685 Penicillium-brevicompactum
0 0 0.9555938855729901 0.0007792024387297553 Penicillium-verrucosum
0 0 0.9505512700392554 0.0010168079656902942 Penicillium-mb
0 0 0.9585233712438818 0.000658026962947747 Penicillium-polonicum
0 0 -0.04876115778363643 0.9173188628175717 Penicillium-solitum
0 0 0.9528034528309659 0.0009060651383200378 Penicillium-commune
0 0 0.6081744236286922 0.14735389216616612 Penicillium-chrysogenum
0 0 -0.2858771745924632 0.5342658782828793 Penicillium-cvjetkovicii
0 0 -0.23551905591442093 0.6111666658024529 Penicillium-brevicompactum
0 0 0.9563106598825578 0.0007484303458974305 Penicillium-verrucosum
0 0 0.9520371048346612 0.0009429009880982913 Penicillium-mb
0 0 0.9594056272784645 0.0006238897206222145 Penicillium-polonicum
0 0 -0.0462579643688644 0.9215540328757047 Penicillium-solitum
0 0 0.9522538768180601 0.0009323933570188746 Penicillium-commune
0 0 0.6109598208140548 0.1449981978991635 Penicillium-chrysogenum
0 0 -0.2858771745924639 0.534265878282878 Penicillium-cvjetkovicii
0 0 -0.23542185487156653 0.6113181473506546 Penicillium-brevicompactum
0 0 0.9557080514378679 0.0007742519459070721 Penicillium-verrucosum
0 0 0.9518262933563134 0.0009531865592768336 Penicillium-mb
0 0 0.9588741384677836 0.0006443255642341212 Penicillium-polonicum
0 0 -0.04795960346460503 0.9186748527047274 Penicillium-solitum
0 0 0.9516683552027431 0.0009609356996134234 Penicillium-commune
0 0 0.6107567992755426 0.1451692540212139 Penicillium-chrysogenum
0 0 -0.2858771745924633 0.5342658782828791 Penicillium-cvjetkovicii
0 0 -0.23553860892645448 0.6111361950264009 Penicillium-brevicompactum
0 0 0.9557010721334573 0.000774554048444806 Penicillium-verrucosum
0 0 0.9526915854298237 0.0009113881636608381 Penicillium-mb
0 0 0.9591001240837635 0.0006355886593171533 Penicillium-polonicum
0 0 -0.04462852454799113 0.9243116905974016 Penicillium-solitum
0 0 0.9520504953714476 0.0009422498871572489 Penicillium-commune
0 0 0.6098476154705904 0.14593653338598808 Penicillium-chrysogenum
0 0 -0.2858771745924626 0.5342658782828802 Penicillium-cvjetkovicii
0 0 -0.23530037628190242 0.6115074793652076 Penicillium-brevicompactum
0 0 0.9559521884051698 0.0007637282380216122 Penicillium-verrucosum
0 0 0.9510446274960636 0.0009919019097294705 Penicillium-mb
0 0 0.95893083137957 0.0006421270959133477 Penicillium-polonicum
0 0 -0.04361432414659168 0.9260284252750166 Penicillium-solitum
0 0 0.9554550921175985 0.0007852460186291957 Penicillium-commune
0 0 0.6076103672743323 0.1478332553867659 Penicillium-chrysogenum
0 0 -0.2858771745924633 0.5342658782828791 Penicillium-cvjetkovicii
0 0 -0.23545827319593332 0.6112613904539861 Penicillium-brevicompactum
0 0 0.9569485674980862 0.0007216595022004722 Penicillium-verrucosum
0 0 0.9526560926092397 0.000913080886493123 Penicillium-mb
0 0 0.9600928901879308 0.00059804113289085 Penicillium-polonicum
0 0 -0.04227157521601948 0.9283016435657495 Penicillium-solitum
0 0 0.952760845248784 0.000908090374956634 Penicillium-commune
0 0 0.6094339511020905 0.1462863070213037 Penicillium-chrysogenum
0 0 -0.28587717459246337 0.534265878282879 Penicillium-cvjetkovicii
0 0 -0.23404407004422828 0.6134665180702054 Penicillium-brevicompactum
0 0 0.9523512228523985 0.0009276973299223532 Penicillium-verrucosum
0 0 0.945811058132543 0.001274985009629276 Penicillium-mb
0 0 0.9548564844056769 0.0008116290621183034 Penicillium-polonicum
0 0 -0.05961358479469745 0.8989765662133208 Penicillium-solitum
0 0 0.9466506271315168 0.0012267347800636365 Penicillium-commune
0 0 0.5936135326615399 0.159978132360462 Penicillium-chrysogenum
0 0 -0.2858771745924626 0.5342658782828802 Penicillium-cvjetkovicii
0 0 -0.23555871929600442 0.6111048561475414 Penicillium-brevicompactum
0 0 0.9571064239633165 0.0007151237921898736 Penicillium-verrucosum
0 0 0.9525149872410428 0.0009198288668805298 Penicillium-mb
0 0 0.9601543391212379 0.0005957615147757267 Penicillium-polonicum
0 0 -0.04469490229950638 0.9241993412164077 Penicillium-solitum
0 0 0.9498915436766956 0.0010506849326506512 Penicillium-commune
0 0 0.6089789423297788 0.14667152571075462 Penicillium-chrysogenum
0 0 -0.28587717459246326 0.5342658782828791 Penicillium-cvjetkovicii
0 0 -0.23528705853886228 0.6115282369500967 Penicillium-brevicompactum
0 0 0.9546083240061018 0.0008227180982629239 Penicillium-verrucosum
0 0 0.9494806892476118 0.0010721146480188529 Penicillium-mb
0 0 0.9574585729107229 0.0007006705564288914 Penicillium-polonicum
0 0 -0.05612918837053684 0.9048621609159773 Penicillium-solitum
0 0 0.9505732176032824 0.0010156922256227801 Penicillium-commune
0 0 0.6099138820124689 0.1458805408940445 Penicillium-chrysogenum
0 0 -0.2858771745924639 0.534265878282878 Penicillium-cvjetkovicii
0 0 -0.23532062019188923 0.6114759267658441 Penicillium-brevicompactum
0 0 0.9562165360117714 0.0007524293728297302 Penicillium-verrucosum
0 0 0.9510044149751639 0.0009939182893046502 Penicillium-mb
0 0 0.959180142743966 0.0006325119685755363 Penicillium-polonicum
0 0 -0.0532117560277853 0.9097927544565263 Penicillium-solitum
0 0 0.9503339429333585 0.0010278952560429182 Penicillium-commune
0 0 0.611316449126263 0.14469796597668502 Penicillium-chrysogenum
0 0 -0.28587717459246387 0.5342658782828782 Penicillium-cvjetkovicii
0 0 -0.23534111376041883 0.6114439855294638 Penicillium-brevicompactum
0 0 0.9559797465470641 0.0007625456773782912 Penicillium-verrucosum
0 0 0.9512685645924471 0.0009807172644634684 Penicillium-mb
0 0 0.9589655840496878 0.000640781639427011 Penicillium-polonicum
0 0 -0.048478071269960774 0.9177977423619987 Penicillium-solitum
0 0 0.9511255967885295 0.0009878492032850852 Penicillium-commune
0 0 0.6090248013799666 0.14663267752406137 Penicillium-chrysogenum
0 0 -0.2858771745924633 0.5342658782828791 Penicillium-cvjetkovicii
0 0 -0.23556219601329312 0.6110994382729329 Penicillium-brevicompactum
0 0 0.9563437604390108 0.0007470270062226976 Penicillium-verrucosum
0 0 0.9524835127768205 0.0009213380579272995 Penicillium-mb
0 0 0.959599905024509 0.0006165169784553502 Penicillium-polonicum
0 0 -0.04646005866979793 0.9212120523608489 Penicillium-solitum
0 0 0.9512420049570923 0.0009820398793653608 Penicillium-commune
0 0 0.6103287171879541 0.14553026795913382 Penicillium-chrysogenum
0 0 -0.28587717459246376 0.5342658782828784 Penicillium-cvjetkovicii
0 0 -0.2355311168532783 0.6111478703761445 Penicillium-brevicompactum
0 0 0.9564820732198394 0.000741179929670981 Penicillium-verrucosum
0 0 0.952895439292288 0.0009017019279298811 Penicillium-mb
0 0 0.9597105173881809 0.0006123424897816433 Penicillium-polonicum
0 0 -0.042928124311772314 0.9271900839414047 Penicillium-solitum
0 0 0.9523215494478813 0.0009291273056325463 Penicillium-commune
0 0 0.6106706198892241 0.14524189529464637 Penicillium-chrysogenum
0 0 -0.2858771745924624 0.5342658782828803 Penicillium-cvjetkovicii
0 0 -0.2355271040594151 0.6111541237818863 Penicillium-brevicompactum
0 0 0.956747979147412 0.0007300152979373024 Penicillium-verrucosum
0 0 0.9525067566257726 0.0009202233810826001 Penicillium-mb
0 0 0.9598817203348857 0.0006059144490956706 Penicillium-polonicum
0 0 -0.04421183522676465 0.9250169916839044 Penicillium-solitum
0 0 0.9524464347862911 0.000923117814213475 Penicillium-commune
0 0 0.6107269959065166 0.14519437344311856 Penicillium-chrysogenum
0 0 -0.28587717459246414 0.5342658782828777 Penicillium-cvjetkovicii
0 0 -0.2357751389329132 0.6107676296993059 Penicillium-brevicompactum
0 0 0.9567777552620462 0.0007287713290567727 Penicillium-verrucosum
0 0 0.9522993146838593 0.000930199663584027 Penicillium-mb
0 0 0.959850702147809 0.0006070760853356342 Penicillium-polonicum
0 0 -0.047869267915979966 0.918827683279494 Penicillium-solitum
0 0 0.952311910040553 0.000929592113693595 Penicillium-commune
0 0 0.6146600705826909 0.14189834917747107 Penicillium-chrysogenum
2 2 -0.2858771745924639 0.534265878282878 Penicillium-cvjetkovicii
2 2 -0.23563778359201684 0.6109816513275496 Penicillium-brevicompactum
2 2 0.9563163077020094 0.0007481907891253965 Penicillium-verrucosum
2 2 0.9521313208258625 0.000938325480445174 Penicillium-mb
2 2 0.9594615920254197 0.0006217605581642253 Penicillium-polonicum
2 2 -0.04026674468122083 0.9316964565975291 Penicillium-solitum
2 2 0.9570031922696189 0.0007193938944942313 Penicillium-commune
2 2 0.6122094750823099 0.14394753610379277 Penicillium-chrysogenum
0 0 -0.28587717459246176 0.5342658782828813 Penicillium-cvjetkovicii
0 0 -0.23519622050705824 0.611669826370984 Penicillium-brevicompactum
0 0 0.9564342620933762 0.0007431980346178186 Penicillium-verrucosum
0 0 0.9511946132788022 0.000984402505607156 Penicillium-mb
0 0 0.9592992806351477 0.0006279475433326292 Penicillium-polonicum
0 0 -0.047699563567841094 0.9191147961446184 Penicillium-solitum
0 0 0.9494436902997307 0.0010740570320134845 Penicillium-commune
0 0 0.6066917432740665 0.1486156215257318 Penicillium-chrysogenum
0 0 -0.2858771745924626 0.5342658782828802 Penicillium-cvjetkovicii
0 0 -0.2354217778772198 0.6113182673457365 Penicillium-brevicompactum
0 0 0.9577029947864361 0.0006907413893536081 Penicillium-verrucosum
0 0 0.9531831966302269 0.0008881330551014999 Penicillium-mb
0 0 0.960743476990026 0.0005741671987614062 Penicillium-polonicum
0 0 -0.04407116745354366 0.9252550990947084 Penicillium-solitum
0 0 0.9484450398106854 0.0011272717100987639 Penicillium-commune
0 0 0.6103050407835034 0.1455502481216052 Penicillium-chrysogenum
0 0 -0.28587717459246226 0.5342658782828806 Penicillium-cvjetkovicii
0 0 -0.23569043831106717 0.6108996042374681 Penicillium-brevicompactum
0 0 0.9560388226068801 0.0007600142917894371 Penicillium-verrucosum
0 0 0.9524412036493504 0.0009233690741337523 Penicillium-mb
0 0 0.9593567128972706 0.0006257541886673946 Penicillium-polonicum
0 0 -0.04927188716037196 0.9164549446040821 Penicillium-solitum
0 0 0.9525691953694104 0.0009172330336662583 Penicillium-commune
0 0 0.6139264004670341 0.14251028966742985 Penicillium-chrysogenum
0 0 -0.28587717459246387 0.5342658782828782 Penicillium-cvjetkovicii
0 0 -0.2356489864353939 0.6109641946783346 Penicillium-brevicompactum
0 0 0.9561859504626828 0.0007537315740954694 Penicillium-verrucosum
0 0 0.9523676514492783 0.0009269061881433758 Penicillium-mb
0 0 0.959373436688868 0.000625116357341202 Penicillium-polonicum
0 0 -0.046833920337475535 0.9205794355289049 Penicillium-solitum
0 0 0.951449035163463 0.0009717580996461405 Penicillium-commune
0 0 0.6117543936753339 0.14432970568376924 Penicillium-chrysogenum
0 0 -0.2858771745924639 0.534265878282878 Penicillium-cvjetkovicii
0 0 -0.2355456470738427 0.6111252271162178 Penicillium-brevicompactum
0 0 0.9566754800202246 0.0007330493797692123 Penicillium-verrucosum
0 0 0.952258807288658 0.0009321551711307053 Penicillium-mb
0 0 0.9597405649320631 0.0006112114046601866 Penicillium-polonicum
0 0 -0.046857978797220944 0.9205387269926226 Penicillium-solitum
0 0 0.9513139373732485 0.000978460231655717 Penicillium-commune
0 0 0.6119027672173174 0.14420504803507161 Penicillium-chrysogenum
0 0 -0.285877174592462 0.5342658782828811 Penicillium-cvjetkovicii
0 0 -0.23561462669890154 0.6110177356451072 Penicillium-brevicompactum
0 0 0.9561102546076091 0.0007569601141103567 Penicillium-verrucosum
0 0 0.9527020186402845 0.0009108909365498702 Penicillium-mb
0 0 0.9593984308606328 0.0006241638193685543 Penicillium-polonicum
0 0 -0.04506592155649353 0.9235713814656019 Penicillium-solitum
0 0 0.9520292445087088 0.0009432833121906952 Penicillium-commune
0 0 0.6113229175844312 0.14469252331901108 Penicillium-chrysogenum
0 0 -0.28587717459246303 0.5342658782828795 Penicillium-cvjetkovicii
0 0 -0.23538288259412102 0.6113788862206249 Penicillium-brevicompactum
0 0 0.9558669105830864 0.000767394512323335 Penicillium-verrucosum
0 0 0.9509689304531848 0.0009956996035995049 Penicillium-mb
0 0 0.9588648871047658 0.000644684741318041 Penicillium-polonicum
0 0 -0.04545513194291675 0.9229126666808134 Penicillium-solitum
0 0 0.9543489054954747 0.0008344055487720583 Penicillium-commune
0 0 0.6076344134280879 0.14781280380654346 Penicillium-chrysogenum
2 2 -0.2858771745924626 0.5342658782828802 Penicillium-cvjetkovicii
2 2 -0.2357262473692206 0.6108438080660055 Penicillium-brevicompactum
2 2 0.955027966800776 0.0008040183716277497 Penicillium-verrucosum
2 2 0.9537297524441907 0.0008626952578606809 Penicillium-mb
2 2 0.9596121590075759 0.0006160536872468582 Penicillium-polonicum
2 2 -0.04680357188660014 0.9206307873510432 Penicillium-solitum
2 2 0.9520376793107203 0.0009428730493353556 Penicillium-commune
2 2 0.6135311739186388 0.14284049135907095 Penicillium-chrysogenum
0 0 -0.2858771745924639 0.534265878282878 Penicillium-cvjetkovicii
0 0 -0.23597791218369335 0.6104517167310037 Penicillium-brevicompactum
0 0 0.9578605142437798 0.0006843869108736789 Penicillium-verrucosum
0 0 0.953866231847689 0.0008564113930170116 Penicillium-mb
0 0 0.9610610857754965 0.0005627212129323628 Penicillium-polonicum
0 0 -0.041816821703726074 0.9290716109412711 Penicillium-solitum
0 0 0.9513841801463171 0.0009749721243000555 Penicillium-commune
0 0 0.613361279655645 0.14298255213647287 Penicillium-chrysogenum
0 0 -0.2858771745924626 0.5342658782828802 Penicillium-cvjetkovicii
0 0 -0.23551878399194448 0.6111670895607113 Penicillium-brevicompactum
0 0 0.9567415126235104 0.0007302856186406809 Penicillium-verrucosum
0 0 0.9524775812565768 0.0009216226364331038 Penicillium-mb
0 0 0.9598966279340376 0.0006053566263224113 Penicillium-polonicum
0 0 -0.04655978745604332 0.9210432965714961 Penicillium-solitum
0 0 0.951075207163728 0.0009903701714030163 Penicillium-commune
0 0 0.6112048158961714 0.14479191209182551 Penicillium-chrysogenum
2 2 -0.2858771745924635 0.5342658782828789 Penicillium-cvjetkovicii
2 2 -0.23570968662005742 0.6108696121443344 Penicillium-brevicompactum
2 2 0.9556142180237102 0.0007783194096972079 Penicillium-verrucosum
2 2 0.9519132902211103 0.0009489339511033363 Penicillium-mb
2 2 0.9587185506361566 0.000650381931455524 Penicillium-polonicum
2 2 -0.04519771663542918 0.9233483224474082 Penicillium-solitum
2 2 0.9555353767060855 0.0007817467603503902 Penicillium-commune
2 2 0.6136287887576346 0.1427589008075573 Penicillium-chrysogenum
0 0 -0.2858771745924633 0.5342658782828791 Penicillium-cvjetkovicii
0 0 -0.23578438610200533 0.610753221919126 Penicillium-brevicompactum
0 0 0.9559940700463754 0.0007619314633679972 Penicillium-verrucosum
0 0 0.9530406800094049 0.0008948380522957632 Penicillium-mb
0 0 0.9594895281418203 0.0006206993509324967 Penicillium-polonicum
0 0 -0.04278697008295235 0.9274290548855242 Penicillium-solitum
0 0 0.9530936661994119 0.000892341719950262 Penicillium-commune
0 0 0.6091136186448464 0.14655745322451474 Penicillium-chrysogenum
0 0 -0.28587717459246126 0.5342658782828821 Penicillium-cvjetkovicii
0 0 -0.2355456031156286 0.6111252956184039 Penicillium-brevicompactum
0 0 0.9562865845005175 0.0007494520319487217 Penicillium-verrucosum
0 0 0.9522760664564713 0.0009313216822559681 Penicillium-mb
0 0 0.9594544942775552 0.0006220303510147824 Penicillium-polonicum
0 0 -0.0466268418131202 0.9209298320511505 Penicillium-solitum
0 0 0.9519887345010655 0.0009452551616261029 Penicillium-commune
0 0 0.6116648622467716 0.14440495273794904 Penicillium-chrysogenum
0 0 -0.285877174592462 0.5342658782828811 Penicillium-cvjetkovicii
0 0 -0.234779893494123 0.612318878973774 Penicillium-brevicompactum
0 0 0.9540827634582466 0.0008464974467133714 Penicillium-verrucosum
0 0 0.9469658346381122 0.0012089028965497864 Penicillium-mb
0 0 0.9565236086261824 0.0007394293600275624 Penicillium-polonicum
0 0 -0.059334311380823006 0.8994481622131312 Penicillium-solitum
0 0 0.9506540053279511 0.0010115914874446355 Penicillium-commune
0 0 0.6039165790175982 0.15099173451844455 Penicillium-chrysogenum
0 0 -0.28587717459246387 0.5342658782828782 Penicillium-cvjetkovicii
0 0 -0.23555080302072193 0.6111171923733785 Penicillium-brevicompactum
0 0 0.9562963037738109 0.0007490394761748679 Penicillium-verrucosum
0 0 0.9522678569186103 0.0009317180866119561 Penicillium-mb
0 0 0.9595401568946198 0.0006187788581098572 Penicillium-polonicum
0 0 -0.04779668433810545 0.9189504823345426 Penicillium-solitum
0 0 0.9512376942167197 0.000982254644739312 Penicillium-commune
0 0 0.6102274032285199 0.1456157749730282 Penicillium-chrysogenum
0 0 -0.2858771745924633 0.5342658782828791 Penicillium-cvjetkovicii
0 0 -0.23580420431518165 0.6107223439987493 Penicillium-brevicompactum
0 0 0.9564561881785668 0.0007422721323340637 Penicillium-verrucosum
0 0 0.9504337282628589 0.0010227957217947535 Penicillium-mb
0 0 0.9591611694893676 0.0006332406835515131 Penicillium-polonicum
0 0 -0.056807929577425795 0.903715401072648 Penicillium-solitum
0 0 0.9516101377397332 0.0009638014677598685 Penicillium-commune
0 0 0.6192853332711641 0.1380711315491126 Penicillium-chrysogenum
0 0 -0.28587717459246326 0.5342658782828791 Penicillium-cvjetkovicii
0 0 -0.2352362694655654 0.6116074007954148 Penicillium-brevicompactum
0 0 0.9557268773070475 0.0007734374070894044 Penicillium-verrucosum
0 0 0.9510289911313989 0.0009926856775124085 Penicillium-mb
0 0 0.9588097803908215 0.0006468266758708135 Penicillium-polonicum
0 0 -0.05043577995019685 0.9144864209043839 Penicillium-solitum
0 0 0.9501750800990864 0.0010360449024408348 Penicillium-commune
0 0 0.6069419706331102 0.14840230448552108 Penicillium-chrysogenum
0 0 -0.28587717459246387 0.5342658782828782 Penicillium-cvjetkovicii
0 0 -0.23573237388929305 0.610834262129436 Penicillium-brevicompactum
0 0 0.9571386065977162 0.000713795659627619 Penicillium-verrucosum
0 0 0.9522630987785032 0.0009319478830340427 Penicillium-mb
0 0 0.9601168121638298 0.0005971530673931586 Penicillium-polonicum
0 0 -0.04468111361112636 0.924222679535338 Penicillium-solitum
0 0 0.9526836193567625 0.0009117679197354812 Penicillium-commune
0 0 0.6118257482469123 0.14426974958995464 Penicillium-chrysogenum
0 0 -0.28587717459246337 0.534265878282879 Penicillium-cvjetkovicii
0 0 -0.23523837113150783 0.6116041249139557 Penicillium-brevicompactum
0 0 0.9562267339304069 0.00075199548567574 Penicillium-verrucosum
0 0 0.9503540999377158 0.0010268639228411325 Penicillium-mb
0 0 0.9589458321671547 0.0006415461322778254 Penicillium-polonicum
0 0 -0.05090857005335886 0.9136868768796418 Penicillium-solitum
0 0 0.9516148201741327 0.0009635707872002001 Penicillium-commune
0 0 0.6102173094893711 0.14562429527720017 Penicillium-chrysogenum
0 0 -0.2858771745924626 0.5342658782828802 Penicillium-cvjetkovicii
0 0 -0.2353971927525721 0.6113565834217262 Penicillium-brevicompactum
0 0 0.9557648106942345 0.0007717976851577921 Penicillium-verrucosum
0 0 0.9514475991196896 0.0009718291978362947 Penicillium-mb
0 0 0.958819988588165 0.0006464295771949764 Penicillium-polonicum
0 0 -0.04854580039669988 0.9176831674806607 Penicillium-solitum
0 0 0.9511680125821481 0.0009857301062506086 Penicillium-commune
0 0 0.6096984950162946 0.1460625735424849 Penicillium-chrysogenum
0 0 -0.2858771745924639 0.534265878282878 Penicillium-cvjetkovicii
0 0 -0.23517464549818431 0.6117034567921936 Penicillium-brevicompactum
0 0 0.9546839961355217 0.0008193272515034394 Penicillium-verrucosum
0 0 0.948960625855774 0.0010996080485196665 Penicillium-mb
0 0 0.9574259922610158 0.0007020004275045518 Penicillium-polonicum
0 0 -0.05329455682586972 0.90965278498256 Penicillium-solitum
0 0 0.9532425345560469 0.0008853501700398738 Penicillium-commune
0 0 0.6078010673654342 0.14767110142761128 Penicillium-chrysogenum
0 0 -0.2858771745924626 0.5342658782828802 Penicillium-cvjetkovicii
0 0 -0.2356066386291437 0.6110301832305304 Penicillium-brevicompactum
0 0 0.955613146666838 0.000778365923440423 Penicillium-verrucosum
0 0 0.9523237801728044 0.0009290197606312132 Penicillium-mb
0 0 0.958936921682787 0.0006418911877340874 Penicillium-polonicum
0 0 -0.047491134633669635 0.9194674344326085 Penicillium-solitum
0 0 0.9510902665725641 0.0009896163585543555 Penicillium-commune
0 0 0.6108123387206531 0.14512244908501637 Penicillium-chrysogenum
0 0 -0.28587717459246387 0.5342658782828782 Penicillium-cvjetkovicii
0 0 -0.2348951769900087 0.6121391321554674 Penicillium-brevicompactum
0 0 0.9555131829089771 0.0007827131666947817 Penicillium-verrucosum
0 0 0.9500723406986249 0.0010413356907108564 Penicillium-mb
0 0 0.9584288965883464 0.0006617464952244613 Penicillium-polonicum
0 0 -0.050954450965298076 0.9136092898994133 Penicillium-solitum
0 0 0.9489769891577399 0.001098736722447242 Penicillium-commune
0 0 0.6028781244056723 0.15188572211442125 Penicillium-chrysogenum
0 0 -0.2858771745924639 0.534265878282878 Penicillium-cvjetkovicii
0 0 -0.23561534761914996 0.611016612258932 Penicillium-brevicompactum
0 0 0.9571055180240694 0.000715161200208387 Penicillium-verrucosum
0 0 0.9527942565096132 0.000906502034318677 Penicillium-mb
0 0 0.9602126980421314 0.0005936013068667528 Penicillium-polonicum
0 0 -0.04037047013379321 0.9315207960006213 Penicillium-solitum
0 0 0.9542358214821824 0.0008395308286929331 Penicillium-commune
0 0 0.6103924147617087 0.1454765213844008 Penicillium-chrysogenum
0 0 -0.2858771745924632 0.5342658782828793 Penicillium-cvjetkovicii
0 0 -0.23521691595826721 0.611637567484861 Penicillium-brevicompactum
0 0 0.9571975275546915 0.0007113678626751926 Penicillium-verrucosum
0 0 0.9517472886037482 0.0009570582416680201 Penicillium-mb
0 0 0.9600131322487111 0.0006010076757308211 Penicillium-polonicum
0 0 -0.04571278487789409 0.9224766240930933 Penicillium-solitum
0 0 0.9487538340016225 0.0011106546548511436 Penicillium-commune
0 0 0.6070862465602618 0.14827938019755077 Penicillium-chrysogenum
0 0 -0.28587717459246337 0.534265878282879 Penicillium-cvjetkovicii
0 0 -0.23522646560630622 0.6116226822076256 Penicillium-brevicompactum
0 0 0.9565248319796035 0.0007393778371977521 Penicillium-verrucosum
0 0 0.9511279049911993 0.0009877338160312775 Penicillium-mb
0 0 0.959359321815007 0.0006256546613571974 Penicillium-polonicum
0 0 -0.04823940434018851 0.9182014954657952 Penicillium-solitum
0 0 0.9498098111369565 0.0010549276443064222 Penicillium-commune
0 0 0.6076838726992478 0.1477707424927313 Penicillium-chrysogenum
0 0 -0.2858771745924617 0.5342658782828815 Penicillium-cvjetkovicii
0 0 -0.23551695800286976 0.6111699351458474 Penicillium-brevicompactum
0 0 0.9575999703655506 0.0006949163221562572 Penicillium-verrucosum
0 0 0.953336132380603 0.0008809710321432285 Penicillium-mb
0 0 0.9606943898424769 0.0005759484065726893 Penicillium-polonicum
0 0 -0.04141553320561269 0.9297510904191411 Penicillium-solitum
0 0 0.9500388590485781 0.0010430633432639144 Penicillium-commune
0 0 0.6094963328267733 0.14623353322928767 Penicillium-chrysogenum
0 0 -0.285877174592462 0.5342658782828811 Penicillium-cvjetkovicii
0 0 -0.2357929383116454 0.6107398970265051 Penicillium-brevicompactum
0 0 0.9569257710248252 0.00072260625306075 Penicillium-verrucosum
0 0 0.9528775815611276 0.0009025480023296877 Penicillium-mb
0 0 0.9601154965591293 0.0005972018868028527 Penicillium-polonicum
0 0 -0.04478739747928227 0.9240427877775237 Penicillium-solitum
0 0 0.952402130417374 0.0009252471038448662 Penicillium-commune
0 0 0.6128688580528615 0.14339470345015293 Penicillium-chrysogenum
0 0 -0.2858771745924638 0.5342658782828784 Penicillium-cvjetkovicii
0 0 -0.23556151203304904 0.6111005041390984 Penicillium-brevicompactum
0 0 0.955860323788182 0.0007676781252066753 Penicillium-verrucosum
0 0 0.9519817743135871 0.0009455941981919743 Penicillium-mb
0 0 0.9590819719373835 0.0006362878349812611 Penicillium-polonicum
0 0 -0.047402725263007504 0.9196170163058932 Penicillium-solitum
0 0 0.9517439563794194 0.0009572217436356254 Penicillium-commune
0 0 0.6101097999338928 0.14571506156357084 Penicillium-chrysogenum
0 0 -0.28587717459246387 0.5342658782828782 Penicillium-cvjetkovicii
0 0 -0.23544243778712243 0.6112860692869797 Penicillium-brevicompactum
0 0 0.9557728336398281 0.0007714511464615764 Penicillium-verrucosum
0 0 0.9516534759553302 0.0009616676539690058 Penicillium-mb
0 0 0.9589060381731931 0.0006430879922949016 Penicillium-polonicum
0 0 -0.04771060100973798 0.9190961223292132 Penicillium-solitum
0 0 0.9513605272379155 0.0009761458551062362 Penicillium-commune
0 0 0.609195397642504 0.1464882071883563 Penicillium-chrysogenum
0 0 -0.28587717459246303 0.5342658782828795 Penicillium-cvjetkovicii
0 0 -0.23542363356939386 0.6113153752660521 Penicillium-brevicompactum
0 0 0.9553876264332196 0.0007881937138508007 Penicillium-verrucosum
0 0 0.9509145701232977 0.0009984321370139979 Penicillium-mb
0 0 0.9584430469574593 0.0006611885942267466 Penicillium-polonicum
0 0 -0.05247459289438668 0.9110389632230865 Penicillium-solitum
0 0 0.9515230844150535 0.0009680961062349372 Penicillium-commune
0 0 0.6121145972110333 0.14402717079478253 Penicillium-chrysogenum
0 0 -0.2858771745924626 0.5342658782828802 Penicillium-cvjetkovicii
0 0 -0.23549352159720915 0.6112064583204013 Penicillium-brevicompactum
0 0 0.9571321402644597 0.0007140623988036268 Penicillium-verrucosum
0 0 0.9527796981244248 0.0009071939243545486 Penicillium-mb
0 0 0.9602199598447071 0.0005933328301795451 Penicillium-polonicum
0 0 -0.043334396865406785 0.9265022979582149 Penicillium-solitum
0 0 0.9514341852298196 0.0009724934649358213 Penicillium-commune
0 0 0.6104006069146648 0.14546960975576204 Penicillium-chrysogenum
0 0 -0.28587717459246337 0.534265878282879 Penicillium-cvjetkovicii
0 0 -0.23545744174235925 0.6112626862328969 Penicillium-brevicompactum
0 0 0.9580751079446875 0.0006757859402196194 Penicillium-verrucosum
0 0 0.9529259354050239 0.0009002581498477401 Penicillium-mb
0 0 0.9609145119689921 0.0005679864558148912 Penicillium-polonicum
0 0 -0.04292310332237287 0.9271985842892998 Penicillium-solitum
0 0 0.9497278488554556 0.001059192433319176 Penicillium-commune
0 0 0.6112429613145351 0.14475980696178375 Penicillium-chrysogenum
0 0 -0.28587717459246387 0.5342658782828782 Penicillium-cvjetkovicii
0 0 -0.23573446227147213 0.6108310081610716 Penicillium-brevicompactum
0 0 0.9562636966403374 0.0007504240886248093 Penicillium-verrucosum
0 0 0.9529507568847633 0.0008990840362866853 Penicillium-mb
0 0 0.9596415686116451 0.0006149426289517888 Penicillium-polonicum
0 0 -0.04439166351611951 0.924712604010335 Penicillium-solitum
0 0 0.9521601944689461 0.0009369258948236603 Penicillium-commune
0 0 0.6106906399575692 0.14522501859261125 Penicillium-chrysogenum
0 0 -0.2858771745924626 0.5342658782828802 Penicillium-cvjetkovicii
0 0 -0.23506711738651442 0.6118710761903553 Penicillium-brevicompactum
0 0 0.9546791811453701 0.0008195427629330625 Penicillium-verrucosum
0 0 0.9496977918191218 0.0010607589567869712 Penicillium-mb
0 0 0.9576192427739053 0.0006941341989910316 Penicillium-polonicum
0 0 -0.05138947327565551 0.9128736719924466 Penicillium-solitum
0 0 0.9505510771972133 0.0010168177723382022 Penicillium-commune
0 0 0.6039352275872307 0.15097570444565994 Penicillium-chrysogenum
0 0 -0.28587717459246337 0.534265878282879 Penicillium-cvjetkovicii
0 0 -0.235516644437585 0.6111704238001553 Penicillium-brevicompactum
0 0 0.9582445329213194 0.0006690408308516152 Penicillium-verrucosum
0 0 0.9539987640148353 0.0008503352696701942 Penicillium-mb
0 0 0.9615147552702313 0.000546608381698867 Penicillium-polonicum
0 0 -0.04147433465024263 0.9296515230759473 Penicillium-solitum
0 0 0.9479458103613025 0.0011544455531129674 Penicillium-commune
0 0 0.608266386238948 0.14727581191236175 Penicillium-chrysogenum
0 0 -0.28587717459246226 0.5342658782828806 Penicillium-cvjetkovicii
0 0 -0.23553768780045065 0.6111376304691103 Penicillium-brevicompactum
0 0 0.9572437452494521 0.0007094669231201545 Penicillium-verrucosum
0 0 0.9525926214694298 0.0009161125842518158 Penicillium-mb
0 0 0.9602027733283728 0.0005939683507349037 Penicillium-polonicum
0 0 -0.04555650606325493 0.9227411029181192 Penicillium-solitum
0 0 0.9503893437681524 0.0010250621424219974 Penicillium-commune
0 0 0.6120999663157205 0.14403945304972607 Penicillium-chrysogenum
0 0 -0.2858771745924626 0.5342658782828802 Penicillium-cvjetkovicii
0 0 -0.23566920017489695 0.6109326973165494 Penicillium-brevicompactum
0 0 0.9560992920398768 0.0007574283613857899 Penicillium-verrucosum
0 0 0.9528911520268321 0.0009019050097671586 Penicillium-mb
0 0 0.9595147677383441 0.000619741500128596 Penicillium-polonicum
0 0 -0.04706518622882323 0.9201881237643226 Penicillium-solitum
0 0 0.9516964950900394 0.0009595523159839741 Penicillium-commune
0 0 0.6121980911153498 0.14395708993882117 Penicillium-chrysogenum
0 0 -0.2858771745924626 0.5342658782828802 Penicillium-cvjetkovicii
0 0 -0.23558313066682288 0.6110668154616555 Penicillium-brevicompactum
0 0 0.9567894189458914 0.0007282843930778926 Penicillium-verrucosum
0 0 0.9525645638663492 0.0009174546502376553 Penicillium-mb
0 0 0.9599979181251969 0.0006015745434618298 Penicillium-polonicum
0 0 -0.04568936911271563 0.9225162514578916 Penicillium-solitum
0 0 0.9512250148526504 0.0009828865042361757 Penicillium-commune
0 0 0.6098736663489231 0.14591452017992915 Penicillium-chrysogenum
0 0 -0.28587717459246226 0.5342658782828806 Penicillium-cvjetkovicii
0 0 -0.23509207198106954 0.6118321747068904 Penicillium-brevicompactum
0 0 0.9568493644968009 0.0007257848243486931 Penicillium-verrucosum
0 0 0.9515845682438572 0.0009650617273869883 Penicillium-mb
0 0 0.9598273640794354 0.0006079509696127342 Penicillium-polonicum
0 0 -0.04583859833947784 0.9222637075071934 Penicillium-solitum
0 0 0.9496854773869177 0.001061401159964985 Penicillium-commune
0 0 0.6054364126464535 0.1496881025171838 Penicillium-chrysogenum
2 2 -0.2858771745924626 0.5342658782828802 Penicillium-cvjetkovicii
2 2 -0.2355299880104528 0.6111496295257126 Penicillium-brevicompactum
2 2 0.9550469710283143 0.0008031775423346895 Penicillium-verrucosum
2 2 0.9529603031274386 0.000898632718211109 Penicillium-mb
2 2 0.959002157710862 0.0006393674890302923 Penicillium-polonicum
2 2 -0.04257143046378795 0.9277939669916782 Penicillium-solitum
2 2 0.9543488554949119 0.0008344078108316299 Penicillium-commune
2 2 0.610029620193322 0.14578277283682195 Penicillium-chrysogenum
0 0 -0.2858771745924639 0.534265878282878 Penicillium-cvjetkovicii
0 0 -0.2352315399424274 0.611614772755144 Penicillium-brevicompactum
0 0 0.955879877191434 0.0007668363800355228 Penicillium-verrucosum
0 0 0.9518486642810592 0.0009520919425164417 Penicillium-mb
0 0 0.9590318909074655 0.0006382191952515459 Penicillium-polonicum
0 0 -0.04519560911633106 0.9233518893256786 Penicillium-solitum
0 0 0.9517133230416294 0.000958725600970678 Penicillium-commune
0 0 0.6075007465330802 0.14792650732164556 Penicillium-chrysogenum
0 0 -0.28587717459246387 0.5342658782828782 Penicillium-cvjetkovicii
0 0 -0.23582116200573192 0.6106959233016953 Penicillium-brevicompactum
0 0 0.9569394263522959 0.0007220390510282324 Penicillium-verrucosum
0 0 0.9524531188839941 0.0009227968251090133 Penicillium-mb
0 0 0.9600398292493367 0.0006000137296671447 Penicillium-polonicum
0 0 -0.0475306863325908 0.919400516603204 Penicillium-solitum
0 0 0.9519238764861035 0.000948417237318801 Penicillium-commune
0 0 0.6140966545116914 0.14236816556247434 Penicillium-chrysogenum
0 0 -0.28587717459246337 0.534265878282879 Penicillium-cvjetkovicii
0 0 -0.2350157745282949 0.6119511163697187 Penicillium-brevicompactum
0 0 0.9554145446332863 0.000787016825981756 Penicillium-verrucosum
0 0 0.9497431623441244 0.0010583948454753861 Penicillium-mb
0 0 0.9582409450006527 0.0006691832569184105 Penicillium-polonicum
0 0 -0.049898832798667886 0.9153945316072083 Penicillium-solitum
0 0 0.9520746658327146 0.0009410752969438096 Penicillium-commune
0 0 0.6049712662406989 0.15008647853155316 Penicillium-chrysogenum
0 0 -0.28587717459246387 0.5342658782828782 Penicillium-cvjetkovicii
0 0 -0.23491090001817774 0.6121146184449971 Penicillium-brevicompactum
0 0 0.9548483121968334 0.000811992819065862 Penicillium-verrucosum
0 0 0.9496428048668276 0.0010636283285192247 Penicillium-mb
0 0 0.9577115921489237 0.0006903936659273197 Penicillium-polonicum
0 0 -0.05387288776498554 0.9086752053519802 Penicillium-solitum
0 0 0.9486431654814889 0.001116593268688954 Penicillium-commune
0 0 0.6049170638263347 0.15013293488320278 Penicillium-chrysogenum
0 0 -0.28587717459246303 0.5342658782828795 Penicillium-cvjetkovicii
0 0 -0.23545541780430862 0.6112658404427345 Penicillium-brevicompactum
0 0 0.9577041396018988 0.0006906950808921498 Penicillium-verrucosum
0 0 0.9531216212323949 0.0008910263399873742 Penicillium-mb
0 0 0.9607547275114517 0.0005737594159308147 Penicillium-polonicum
0 0 -0.043592305664272454 0.9260656984599543 Penicillium-solitum
0 0 0.9497446108671198 0.001058319418976604 Penicillium-commune
0 0 0.6108243742255659 0.14511230736664085 Penicillium-chrysogenum
0 0 -0.28587717459246387 0.5342658782828782 Penicillium-cvjetkovicii
0 0 -0.23572336531941834 0.610848298699688 Penicillium-brevicompactum
0 0 0.9568440442041998 0.0007260064604663854 Penicillium-verrucosum
0 0 0.9533781330218435 0.0008790101335951184 Penicillium-mb
0 0 0.9601900859587982 0.0005944377613243265 Penicillium-polonicum
0 0 -0.04096690485367839 0.9305107679997364 Penicillium-solitum
0 0 0.9543123649280413 0.0008360596369829539 Penicillium-commune
0 0 0.6118803041174243 0.14422391716771488 Penicillium-chrysogenum
0 0 -0.2858771745924626 0.5342658782828802 Penicillium-cvjetkovicii
0 0 -0.23544384885111846 0.6112838701899479 Penicillium-brevicompactum
0 0 0.9577405529278981 0.0006892230999860181 Penicillium-verrucosum
0 0 0.9525753721859169 0.0009169375234124278 Penicillium-mb
0 0 0.9606396075148629 0.0005779401378699158 Penicillium-polonicum
0 0 -0.04282130152892093 0.9273709321175927 Penicillium-solitum
0 0 0.9494829676817746 0.0010719951018779757 Penicillium-commune
0 0 0.6082971099153719 0.14724973080965748 Penicillium-chrysogenum
0 0 -0.28587717459246387 0.5342658782828782 Penicillium-cvjetkovicii
0 0 -0.2355449435540503 0.6111263234450081 Penicillium-brevicompactum
0 0 0.9570008741040305 0.0007194899566006702 Penicillium-verrucosum
0 0 0.9530710276938336 0.0008934077804788422 Penicillium-mb
0 0 0.9601849890953053 0.0005946263983124796 Penicillium-polonicum
0 0 -0.0426286280053425 0.9276971296338112 Penicillium-solitum
0 0 0.9516014005190166 0.0009642319950547328 Penicillium-commune
0 0 0.6104841029674979 0.14539917448733455 Penicillium-chrysogenum
0 0 -0.2858771745924639 0.534265878282878 Penicillium-cvjetkovicii
0 0 -0.23551870223200813 0.6111672169736904 Penicillium-brevicompactum
0 0 0.9568568097144342 0.000725474734051395 Penicillium-verrucosum
0 0 0.9529217889645023 0.0009004543744699848 Penicillium-mb
0 0 0.9601163309574018 0.000597170923708695 Penicillium-polonicum
0 0 -0.044702621312133935 0.9241862762668421 Penicillium-solitum
0 0 0.9517266191979737 0.0009580726921885315 Penicillium-commune
0 0 0.6108495334281171 0.14509110811675288 Penicillium-chrysogenum
0 0 -0.28587717459246303 0.5342658782828795 Penicillium-cvjetkovicii
0 0 -0.23563963825894196 0.6109787613127469 Penicillium-brevicompactum
0 0 0.9563074871151722 0.0007485649412837247 Penicillium-verrucosum
0 0 0.9516579162047983 0.000961449190412942 Penicillium-mb
0 0 0.9594012804236907 0.0006240552760484908 Penicillium-polonicum
0 0 -0.050715050178742296 0.9140141349263362 Penicillium-solitum
0 0 0.9520619658394589 0.0009416923590802588 Penicillium-commune
0 0 0.6133153008258685 0.1430210105780146 Penicillium-chrysogenum
0 0 -0.28587717459246414 0.5342658782828777 Penicillium-cvjetkovicii
0 0 -0.23530568201381116 0.6114992096896467 Penicillium-brevicompactum
0 0 0.9563827130666399 0.0007453775581129355 Penicillium-verrucosum
0 0 0.951744066635003 0.0009572163334700702 Penicillium-mb
0 0 0.9593953760330408 0.0006242801938931294 Penicillium-polonicum
0 0 -0.04814947384858131 0.9183536346054728 Penicillium-solitum
0 0 0.9494735235717058 0.0010724906720060315 Penicillium-commune
0 0 0.6087635537932602 0.146854055178784 Penicillium-chrysogenum
0 0 -0.28587717459246326 0.5342658782828791 Penicillium-cvjetkovicii
0 0 -0.23581633959594894 0.6107034367569297 Penicillium-brevicompactum
0 0 0.9567620757354395 0.0007294262223967638 Penicillium-verrucosum
0 0 0.9541040046066653 0.0008455285940392695 Penicillium-mb
0 0 0.9603096349161729 0.0005900233795499258 Penicillium-polonicum
0 0 -0.04395345073118457 0.9254543608240496 Penicillium-solitum
0 0 0.9515051944032826 0.0009689800806577096 Penicillium-commune
0 0 0.6136672894989459 0.1427267267488511 Penicillium-chrysogenum
0 0 -0.28587717459246337 0.534265878282879 Penicillium-cvjetkovicii
0 0 -0.2357758252035163 0.610766560435016 Penicillium-brevicompactum
0 0 0.9571402243139209 0.0007137289373334062 Penicillium-verrucosum
0 0 0.9520872546138615 0.0009404638744132484 Penicillium-mb
0 0 0.9600889942185317 0.0005981858386903844 Penicillium-polonicum
0 0 -0.04779151468634253 0.9189592285539858 Penicillium-solitum
0 0 0.9521455538868416 0.0009376354100497246 Penicillium-commune
0 0 0.6143185473234475 0.1421830420127398 Penicillium-chrysogenum
0 0 -0.285877174592462 0.5342658782828811 Penicillium-cvjetkovicii
0 0 -0.23580647176811434 0.6107188112053857 Penicillium-brevicompactum
0 0 0.9575173682725436 0.0006982744375873721 Penicillium-verrucosum
0 0 0.9528483595833083 0.0009039335116036676 Penicillium-mb
0 0 0.9605829207237034 0.0005800054041697609 Penicillium-polonicum
0 0 -0.044706737169848264 0.9241793099055607 Penicillium-solitum
0 0 0.950332425644568 0.001027972912897403 Penicillium-commune
0 0 0.6110830696258317 0.14489440394298256 Penicillium-chrysogenum
0 0 -0.28587717459246303 0.5342658782828795 Penicillium-cvjetkovicii
0 0 -0.23562433421662915 0.6110026087922247 Penicillium-brevicompactum
0 0 0.9572177921743568 0.0007105340053840375 Penicillium-verrucosum
0 0 0.9524597127363614 0.000922480234538661 Penicillium-mb
0 0 0.9601579320092778 0.0005956283863735503 Penicillium-polonicum
0 0 -0.048174856173084896 0.9183106940743686 Penicillium-solitum
0 0 0.9504056536479007 0.0010242289608072058 Penicillium-commune
0 0 0.6149015515589017 0.14169722512330135 Penicillium-chrysogenum
0 0 -0.28587717459246303 0.5342658782828795 Penicillium-cvjetkovicii
0 0 -0.2356705564475622 0.6109305839685503 Penicillium-brevicompactum
0 0 0.9566798154815708 0.0007328677315504692 Penicillium-verrucosum
0 0 0.9524207790391668 0.0009243504883034559 Penicillium-mb
0 0 0.9597931414296111 0.0006092352399380384 Penicillium-polonicum
0 0 -0.045099538550691716 0.9235144853833686 Penicillium-solitum
0 0 0.9515530751254656 0.0009666152868686024 Penicillium-commune
0 0 0.6104652503521876 0.14541507660111685 Penicillium-chrysogenum
0 0 -0.28587717459246303 0.5342658782828795 Penicillium-cvjetkovicii
0 0 -0.2355927209140678 0.6110518709939785 Penicillium-brevicompactum
0 0 0.9561104427838546 0.0007569520779817911 Penicillium-verrucosum
0 0 0.9521889901035725 0.0009355313209665179 Penicillium-mb
0 0 0.9592878079775532 0.0006283862326759952 Penicillium-polonicum
0 0 -0.04746151962988369 0.9195175405370895 Penicillium-solitum
0 0 0.9521224176772374 0.0009387572900344314 Penicillium-commune
0 0 0.6124692441040899 0.14372961541699267 Penicillium-chrysogenum
0 0 -0.2858771745924626 0.5342658782828802 Penicillium-cvjetkovicii
0 0 -0.23548505568215616 0.6112196517164734 Penicillium-brevicompactum
0 0 0.9560879093833253 0.0007579147335038541 Penicillium-verrucosum
0 0 0.9515308329973254 0.0009677133843117297 Penicillium-mb
0 0 0.9591294091748035 0.0006344616306096285 Penicillium-polonicum
0 0 -0.04826107682657356 0.9181648315190268 Penicillium-solitum
0 0 0.9514410567704853 0.0009721531469379908 Penicillium-commune
0 0 0.6100006649866426 0.14580722921164838 Penicillium-chrysogenum
0 0 -0.28587717459246303 0.5342658782828795 Penicillium-cvjetkovicii
0 0 -0.23438814810391395 0.6129297928726014 Penicillium-brevicompactum
0 0 0.9530983140780168 0.0008921229417864013 Penicillium-verrucosum
0 0 0.9467671927057939 0.0012201224785606888 Penicillium-mb
0 0 0.9556835453108102 0.0007753130130493189 Penicillium-polonicum
0 0 -0.05697736677934749 0.903429150980289 Penicillium-solitum
0 0 0.9491815069070606 0.001087880805709509 Penicillium-commune
0 0 0.597312700688383 0.15672186740908794 Penicillium-chrysogenum
0 0 -0.28587717459246326 0.5342658782828791 Penicillium-cvjetkovicii
0 0 -0.23566168779373178 0.6109444031695188 Penicillium-brevicompactum
0 0 0.95791329538596 0.0006822654510901641 Penicillium-verrucosum
0 0 0.9533822671658433 0.0008788172611283968 Penicillium-mb
0 0 0.9609454762011906 0.0005668717313621813 Penicillium-polonicum
0 0 -0.04174477251026749 0.929193605315972 Penicillium-solitum
0 0 0.9506562302761213 0.0010114786891156696 Penicillium-commune
0 0 0.6114754944010699 0.14456417279461542 Penicillium-chrysogenum
2 2 -0.28587717459246176 0.5342658782828813 Penicillium-cvjetkovicii
2 2 -0.23561859042951364 0.6110115591023091 Penicillium-brevicompactum
2 2 0.9549151459639474 0.0008090207819766626 Penicillium-verrucosum
2 2 0.9533524183486094 0.0008802103766014095 Penicillium-mb
2 2 0.9592045563253515 0.0006315750359688229 Penicillium-polonicum
2 2 -0.04641776588693946 0.9212836186863428 Penicillium-solitum
2 2 0.9508253986951244 0.0010029241133404196 Penicillium-commune
2 2 0.6101560634665097 0.14567599950972399 Penicillium-chrysogenum
0 0 -0.28587717459246337 0.534265878282879 Penicillium-cvjetkovicii
0 0 -0.2355263261013194 0.6111553361283228 Penicillium-brevicompactum
0 0 0.9582668619437823 0.0006681548619422806 Penicillium-verrucosum
0 0 0.9525924981859717 0.0009161184786689524 Penicillium-mb
0 0 0.9609912751292619 0.0005652253326877009 Penicillium-polonicum
0 0 -0.04621043523346593 0.9216344622622348 Penicillium-solitum
0 0 0.948866430182597 0.0011046317933328127 Penicillium-commune
0 0 0.6135067777178064 0.14286088639309114 Penicillium-chrysogenum
0 0 -0.28587717459246337 0.534265878282879 Penicillium-cvjetkovicii
0 0 -0.23570706397205388 0.6108736986442789 Penicillium-brevicompactum
0 0 0.9560548777157915 0.0007593271980410852 Penicillium-verrucosum
0 0 0.952784595820446 0.0009069611255583782 Penicillium-mb
0 0 0.9593597506741997 0.0006256383017540626 Penicillium-polonicum
0 0 -0.045559874483850786 0.9227354023037229 Penicillium-solitum
0 0 0.9519212730950001 0.0009485442929603478 Penicillium-commune
0 0 0.6122796526784886 0.14388864759355144 Penicillium-chrysogenum
0 0 -0.2858771745924633 0.5342658782828791 Penicillium-cvjetkovicii
0 0 -0.2356139812583192 0.6110187414143295 Penicillium-brevicompactum
0 0 0.9567221562253543 0.0007310951302751858 Penicillium-verrucosum
0 0 0.952133208356772 0.0009382339488335163 Penicillium-mb
0 0 0.9597659224959505 0.0006102578297799792 Penicillium-polonicum
0 0 -0.04747194863073154 0.9194998955175088 Penicillium-solitum
0 0 0.9513672258378069 0.0009758133650100732 Penicillium-commune
0 0 0.6121577491147849 0.14399094897070627 Penicillium-chrysogenum
0 0 -0.2858771745924624 0.5342658782828803 Penicillium-cvjetkovicii
0 0 -0.23520692048635153 0.6116531477927505 Penicillium-brevicompactum
0 0 0.9560173723216117 0.0007609328516185611 Penicillium-verrucosum
0 0 0.9511876670182022 0.0009847490809370284 Penicillium-mb
0 0 0.9590830809758671 0.0006362451045000506 Penicillium-polonicum
0 0 -0.046771853163363915 0.9206844580096798 Penicillium-solitum
0 0 0.9519512963680817 0.000947079651379568 Penicillium-commune
0 0 0.605926378273614 0.14926904423754833 Penicillium-chrysogenum
0 0 -0.28587717459246303 0.5342658782828795 Penicillium-cvjetkovicii
0 0 -0.23553505288686158 0.6111417366093308 Penicillium-brevicompactum
0 0 0.9570231018125687 0.0007185691788351417 Penicillium-verrucosum
0 0 0.9525790085898389 0.0009167635775065881 Penicillium-mb
0 0 0.9601255889721733 0.0005968274384703563 Penicillium-polonicum
0 0 -0.04502780962548579 0.9236358854507947 Penicillium-solitum
0 0 0.9511634835061479 0.0009859562510049966 Penicillium-commune
0 0 0.6106603196502184 0.14525057866979701 Penicillium-chrysogenum
0 0 -0.28587717459246337 0.534265878282879 Penicillium-cvjetkovicii
0 0 -0.23554467930685646 0.6111267352342914 Penicillium-brevicompactum
0 0 0.9568399069990177 0.0007261788384845104 Penicillium-verrucosum
0 0 0.9527562384643176 0.0009083095063041589 Penicillium-mb
0 0 0.9600342973117485 0.0006002196070532976 Penicillium-polonicum
0 0 -0.045565302001365444 0.9227262169407427 Penicillium-solitum
0 0 0.9509775129340803 0.000995268592259394 Penicillium-commune
0 0 0.6110656354892148 0.14490908382452428 Penicillium-chrysogenum
0 0 -0.2858771745924626 0.5342658782828802 Penicillium-cvjetkovicii
0 0 -0.2356414758304219 0.6109758979406947 Penicillium-brevicompactum
0 0 0.956173568344996 0.0007542591306967315 Penicillium-verrucosum
0 0 0.9517017400106493 0.0009592946009994276 Penicillium-mb
0 0 0.9592544064349933 0.0006296644688222471 Penicillium-polonicum
0 0 -0.04917194246915237 0.9166239997361063 Penicillium-solitum
0 0 0.951198145862623 0.0009842262792498734 Penicillium-commune
0 0 0.6112971930970327 0.14471416889860295 Penicillium-chrysogenum
0 0 -0.28587717459246414 0.5342658782828777 Penicillium-cvjetkovicii
0 0 -0.23600304962675894 0.6104125569009244 Penicillium-brevicompactum
0 0 0.9565165632282159 0.0007397261258390404 Penicillium-verrucosum
0 0 0.953492746076295 0.0008736723020019356 Penicillium-mb
0 0 0.9599424183774865 0.000603645112549418 Penicillium-polonicum
0 0 -0.041682401723145246 0.9292992130121909 Penicillium-solitum
0 0 0.9533406659329543 0.0008807592481302306 Penicillium-commune
0 0 0.6118054703884539 0.14428678690210392 Penicillium-chrysogenum
0 0 -0.2858771745924617 0.5342658782828815 Penicillium-cvjetkovicii
0 0 -0.23534534965822992 0.611437383528318 Penicillium-brevicompactum
0 0 0.9567521304896945 0.0007298417902295623 Penicillium-verrucosum
0 0 0.9507411054471677 0.001007181318456444 Penicillium-mb
0 0 0.959516056335432 0.0006196926209823532 Penicillium-polonicum
0 0 -0.053759775334350904 0.9088663973660069 Penicillium-solitum
0 0 0.9498528382303061 0.0010526928611575238 Penicillium-commune
0 0 0.6130051090502203 0.1432806030519739 Penicillium-chrysogenum
0 0 -0.285877174592463 0.5342658782828795 Penicillium-cvjetkovicii
0 0 -0.2356380375696373 0.610981255569415 Penicillium-brevicompactum
0 0 0.9561954189546473 0.0007533283038786563 Penicillium-verrucosum
0 0 0.95163698847387 0.0009624791071036114 Penicillium-mb
0 0 0.9592630539713802 0.0006293333904732573 Penicillium-polonicum
0 0 -0.04924679433404068 0.9164973885549484 Penicillium-solitum
0 0 0.951913507922832 0.0009489233234432353 Penicillium-commune
0 0 0.6120744913378113 0.14406083988845192 Penicillium-chrysogenum
