#SPECIES: Penicillium-brevicompactum Penicillium-verrucosum Penicillium-polonicum Penicillium-mb Penicillium-commune Penicillium-solitum Penicillium-chrysogenum Penicillium-cvjetkovicii 
#GENE_TREEs p: 0.5697133465917026 0.05768545012942471 0.6851696053824581 0.0049313768811049445 0.0014673808317595598 0.0027210873756976874 0.0013002915802196075 0.12836668384429753 
#GENE_TREEs r: -0.2623992136988794 0.7391019672616537 -0.18879711831463428 0.9060952083889829 0.9426376642918963 0.9263009700590589 0.9453782030302355 -0.6313135147455615 
0 0 -0.2625694398439094 0.5694537069555597 Penicillium-brevicompactum
0 0 0.7396518799502381 0.05740051075950419 Penicillium-verrucosum
0 0 -0.18406001353831117 0.6927959523220774 Penicillium-polonicum
0 0 0.903887996406817 0.005219900014464547 Penicillium-mb
0 0 0.9418903335366751 0.0015150234940529029 Penicillium-commune
0 0 0.9254069677461992 0.002802982097259373 Penicillium-solitum
0 0 0.9454703908664474 0.0012948772714284212 Penicillium-chrysogenum
0 0 -0.6313135147455624 0.1283666838442968 Penicillium-cvjetkovicii
0 0 -0.26280327681974525 0.569097105037617 Penicillium-brevicompactum
0 0 0.7349822272793071 0.0598445060949918 Penicillium-verrucosum
0 0 -0.1915465977709752 0.6807528562030947 Penicillium-polonicum
0 0 0.904617738648589 0.005123451734737396 Penicillium-mb
0 0 0.9408460055873703 0.0015831084752595892 Penicillium-commune
0 0 0.9247430511963 0.002864723244888229 Penicillium-solitum
0 0 0.9445804917118649 0.0013477002836102061 Penicillium-chrysogenum
0 0 -0.6313135147455624 0.1283666838442968 Penicillium-cvjetkovicii
0 0 -0.2626512417151911 0.5693289508897525 Penicillium-brevicompactum
0 0 0.7373587139470955 0.05859379209208123 Penicillium-verrucosum
0 0 -0.1913643227200949 0.6810454389563163 Penicillium-polonicum
0 0 0.9038939457640766 0.005219109466363864 Penicillium-mb
0 0 0.9451345368994414 0.001314666648070041 Penicillium-commune
0 0 0.9299733867698644 0.002399505423390618 Penicillium-solitum
0 0 0.9449934256326173 0.0013230341771749365 Penicillium-chrysogenum
0 0 -0.6313135147455625 0.12836668384429673 Penicillium-cvjetkovicii
0 0 -0.26238046621969724 0.5697419437122673 Penicillium-brevicompactum
0 0 0.7383350442640626 0.05808411459012037 Penicillium-verrucosum
0 0 -0.1844029013609376 0.6922432309829633 Penicillium-polonicum
0 0 0.9097073259818425 0.004479687437358062 Penicillium-mb
0 0 0.9429383360206586 0.0014484656477508752 Penicillium-commune
0 0 0.9267678974017886 0.002678879888772129 Penicillium-solitum
0 0 0.9451921238864852 0.0013112608888456155 Penicillium-chrysogenum
0 0 -0.6313135147455637 0.12836668384429575 Penicillium-cvjetkovicii
0 0 -0.2630718078391956 0.5686876817338624 Penicillium-brevicompactum
0 0 0.732715384243743 0.06105087426424787 Penicillium-verrucosum
0 0 -0.19526972396728903 0.6747836016229491 Penicillium-polonicum
0 0 0.9048731480544282 0.005089942086764023 Penicillium-mb
0 0 0.9397702379540387 0.001655094774291811 Penicillium-commune
0 0 0.9240937934036242 0.0029258652928728724 Penicillium-solitum
0 0 0.9441596644697496 0.0013731149500604625 Penicillium-chrysogenum
0 0 -0.6313135147455629 0.12836668384429642 Penicillium-cvjetkovicii
2 2 -0.26337893825523206 0.5682195210590415 Penicillium-brevicompactum
2 2 0.729192638938761 0.0629515078039231 Penicillium-verrucosum
2 2 -0.19770441852679554 0.6708873738466825 Penicillium-polonicum
2 2 0.9016080455911994 0.005528005275735524 Penicillium-mb
2 2 0.9385497659414607 0.0017390572765375529 Penicillium-commune
2 2 0.9225189887634333 0.0030773229997788885 Penicillium-solitum
2 2 0.9434145433316813 0.0014188032183995393 Penicillium-chrysogenum
2 2 -0.6313135147455616 0.12836668384429742 Penicillium-cvjetkovicii
0 0 -0.26291791684650534 0.5689223045287777 Penicillium-brevicompactum
0 0 0.7356199809113207 0.059507457699746906 Penicillium-verrucosum
0 0 -0.18992603240584405 0.6833552543587231 Penicillium-polonicum
0 0 0.9033692289650563 0.005289101806956977 Penicillium-mb
0 0 0.9414630538663539 0.0015426668179988306 Penicillium-commune
0 0 0.9256505516924853 0.002780527486877291 Penicillium-solitum
0 0 0.9446963833461262 0.0013407504917439413 Penicillium-chrysogenum
0 0 -0.6313135147455625 0.12836668384429673 Penicillium-cvjetkovicii
2 2 -0.26258896077646304 0.5694239347892294 Penicillium-brevicompactum
2 2 0.7363650356129159 0.0591150087480831 Penicillium-verrucosum
2 2 -0.19622771148334037 0.6732498459436529 Penicillium-polonicum
2 2 0.9059451289237669 0.0049506927114793264 Penicillium-mb
2 2 0.9418789521749673 0.0015157560057916834 Penicillium-commune
2 2 0.9256564154257515 0.002779988247985409 Penicillium-solitum
2 2 0.9449201356766078 0.0013273924459454055 Penicillium-chrysogenum
2 2 -0.6313135147455629 0.12836668384429642 Penicillium-cvjetkovicii
0 0 -0.26254412580939873 0.5694923151489792 Penicillium-brevicompactum
0 0 0.7373159925487277 0.05861614932364629 Penicillium-verrucosum
0 0 -0.1898370958117417 0.6834981462963687 Penicillium-polonicum
0 0 0.9051256661419783 0.005056937586971086 Penicillium-mb
0 0 0.9423806933790978 0.0014836616202010748 Penicillium-commune
0 0 0.9263630960748613 0.0027154492193847677 Penicillium-solitum
0 0 0.9450221036269245 0.0013213311102994966 Penicillium-chrysogenum
0 0 -0.6313135147455615 0.12836668384429753 Penicillium-cvjetkovicii
0 0 -0.26296567946064114 0.5688494821898114 Penicillium-brevicompactum
0 0 0.7326821284986882 0.06106866941214885 Penicillium-verrucosum
0 0 -0.19492723701791104 0.6753321469733815 Penicillium-polonicum
0 0 0.904444119563275 0.0051463036412921215 Penicillium-mb
0 0 0.9405486929607916 0.0016028150146536028 Penicillium-commune
0 0 0.9251098151001079 0.0028305184122000213 Penicillium-solitum
0 0 0.9441140068596874 0.0013758891680236804 Penicillium-chrysogenum
0 0 -0.6313135147455631 0.12836668384429628 Penicillium-cvjetkovicii
0 0 -0.2626610909682021 0.5693139303726511 Penicillium-brevicompactum
0 0 0.7365186467105614 0.05903427102291534 Penicillium-verrucosum
0 0 -0.19254513969920634 0.679150590207446 Penicillium-polonicum
0 0 0.9050790389277891 0.005063022424205915 Penicillium-mb
0 0 0.9414253924671625 0.0015451175019575098 Penicillium-commune
0 0 0.9253271710187871 0.002810361139565606 Penicillium-solitum
0 0 0.9449130727363795 0.0013278128984280902 Penicillium-chrysogenum
0 0 -0.6313135147455624 0.1283666838442968 Penicillium-cvjetkovicii
0 0 -0.26200221182939426 0.5703190240033414 Penicillium-brevicompactum
0 0 0.7416498851293774 0.056371688761092435 Penicillium-verrucosum
0 0 -0.1860662959117914 0.68956344982898 Penicillium-polonicum
0 0 0.908634875581446 0.004611158684062273 Penicillium-mb
0 0 0.9447696580977875 0.0013363672865209773 Penicillium-commune
0 0 0.9282725799927405 0.0025454903284543905 Penicillium-solitum
0 0 0.9457974517224275 0.0012757760322862108 Penicillium-chrysogenum
0 0 -0.6313135147455624 0.1283666838442968 Penicillium-cvjetkovicii
0 0 -0.26266184176220836 0.569312785385959 Penicillium-brevicompactum
0 0 0.7371594731833717 0.058698099579748295 Penicillium-verrucosum
0 0 -0.1867324790436884 0.6884909290026302 Penicillium-polonicum
0 0 0.9073762553856103 0.004768287974672419 Penicillium-mb
0 0 0.942142266034435 0.00149886237409979 Penicillium-commune
0 0 0.9261684239809811 0.002733139338122682 Penicillium-solitum
0 0 0.9449915241251636 0.001323147145563584 Penicillium-chrysogenum
0 0 -0.6313135147455639 0.12836668384429567 Penicillium-cvjetkovicii
0 0 -0.2629003257244436 0.5689491259695165 Penicillium-brevicompactum
0 0 0.7329422323617303 0.06092956276574215 Penicillium-verrucosum
0 0 -0.19766843496968697 0.6709449157004281 Penicillium-polonicum
0 0 0.9049156820964669 0.0050843740652162205 Penicillium-mb
0 0 0.9403356462749655 0.0016170246567321829 Penicillium-commune
0 0 0.9246324395271243 0.002875086321754946 Penicillium-solitum
0 0 0.9442150728750865 0.0013697526966668413 Penicillium-chrysogenum
0 0 -0.6313135147455631 0.12836668384429628 Penicillium-cvjetkovicii
0 0 -0.26307247829646674 0.5686866596191105 Penicillium-brevicompactum
0 0 0.7315095168747082 0.06169792948287938 Penicillium-verrucosum
0 0 -0.19525813947804868 0.6748021540899454 Penicillium-polonicum
0 0 0.9031104902336997 0.005323815065982463 Penicillium-mb
0 0 0.9417508058860351 0.0015240179944057133 Penicillium-commune
0 0 0.9268619729984127 0.0026704228260339678 Penicillium-solitum
0 0 0.9438185126965094 0.0013939237291161336 Penicillium-chrysogenum
0 0 -0.6313135147455639 0.12836668384429567 Penicillium-cvjetkovicii
0 0 -0.26290997905915686 0.5689344073395892 Penicillium-brevicompactum
0 0 0.7345054797451176 0.06009713819701284 Penicillium-verrucosum
0 0 -0.1929604366260433 0.6784844846540475 Penicillium-polonicum
0 0 0.9036993453088328 0.00524500404837858 Penicillium-mb
0 0 0.9421634209230672 0.0014975099660979652 Penicillium-commune
0 0 0.9267862339724015 0.002677230265151378 Penicillium-solitum
0 0 0.9444632372765078 0.001354753386460001 Penicillium-chrysogenum
0 0 -0.6313135147455634 0.12836668384429606 Penicillium-cvjetkovicii
0 0 -0.26286897428148526 0.5689969289636027 Penicillium-brevicompactum
0 0 0.7371417797364018 0.05870736740719678 Penicillium-verrucosum
0 0 -0.18828631599299273 0.6859909447600282 Penicillium-polonicum
0 0 0.9025093101470357 0.005404982150977536 Penicillium-mb
0 0 0.9403820433996414 0.0016139237972881842 Penicillium-commune
0 0 0.9239966891732906 0.002935074928005447 Penicillium-solitum
0 0 0.945032074201689 0.0013207393025677172 Penicillium-chrysogenum
0 0 -0.6313135147455627 0.1283666838442965 Penicillium-cvjetkovicii
0 0 -0.26262070462862735 0.5693755220022322 Penicillium-brevicompactum
0 0 0.7372535601395735 0.058648830172607476 Penicillium-verrucosum
0 0 -0.1899791448748713 0.6832699236228633 Penicillium-polonicum
0 0 0.9060094757029935 0.004942405635475771 Penicillium-mb
0 0 0.9418380720333848 0.0015183887995461336 Penicillium-commune
0 0 0.9256123437575704 0.002784042655547874 Penicillium-solitum
0 0 0.9450368872734565 0.0013204536766238508 Penicillium-chrysogenum
0 0 -0.6313135147455615 0.12836668384429753 Penicillium-cvjetkovicii
0 0 -0.2625924150967178 0.56941866651645 Penicillium-brevicompactum
0 0 0.7378390877488726 0.05834271855010376 Penicillium-verrucosum
0 0 -0.18748475860960903 0.6872802958703825 Penicillium-polonicum
0 0 0.9069205110593782 0.004825942219720841 Penicillium-mb
0 0 0.9421819093852796 0.0014963286090737648 Penicillium-commune
0 0 0.9258850544454302 0.0027590100143071276 Penicillium-solitum
0 0 0.9451325386098604 0.0013147849227684485 Penicillium-chrysogenum
0 0 -0.6313135147455627 0.1283666838442965 Penicillium-cvjetkovicii
0 0 -0.2627865532023229 0.5691226062482821 Penicillium-brevicompactum
0 0 0.736495621007387 0.05904636947773798 Penicillium-verrucosum
0 0 -0.19224389337801556 0.679633870901228 Penicillium-polonicum
0 0 0.9060918681724204 0.00493180630183881 Penicillium-mb
0 0 0.9411080603060612 0.0015658579148057547 Penicillium-commune
0 0 0.924898188473336 0.0028502255629100468 Penicillium-solitum
0 0 0.9449335704974637 0.001326592896209634 Penicillium-chrysogenum
0 0 -0.6313135147455624 0.1283666838442968 Penicillium-cvjetkovicii
0 0 -0.2628320329017655 0.5690532568219827 Penicillium-brevicompactum
0 0 0.7345581039137152 0.06006922392687366 Penicillium-verrucosum
0 0 -0.19275705046914468 0.6788106802478101 Penicillium-polonicum
0 0 0.9037324960874231 0.005240587555597264 Penicillium-mb
0 0 0.9417757080831691 0.0015224103997269797 Penicillium-commune
0 0 0.9262720212888428 0.002723716922365445 Penicillium-solitum
0 0 0.9444744097501971 0.0013540804020796167 Penicillium-chrysogenum
0 0 -0.6313135147455643 0.12836668384429534 Penicillium-cvjetkovicii
2 2 -0.2629730464928592 0.5688382501415878 Penicillium-brevicompactum
2 2 0.7311908677753409 0.061869530055460704 Penicillium-verrucosum
2 2 -0.20356003998417907 0.6615407462806431 Penicillium-polonicum
2 2 0.9050126649107123 0.005071691564369035 Penicillium-mb
2 2 0.9409803336554056 0.001574252000651676 Penicillium-commune
2 2 0.925331035216014 0.002810003543563456 Penicillium-solitum
2 2 0.9439199679725895 0.001387716104020273 Penicillium-chrysogenum
2 2 -0.6313135147455625 0.12836668384429673 Penicillium-cvjetkovicii
0 0 -0.26294492174946255 0.5688811305367587 Penicillium-brevicompactum
0 0 0.7339132463022211 0.060411770708626515 Penicillium-verrucosum
0 0 -0.1910576852577947 0.6815377164240183 Penicillium-polonicum
0 0 0.9062848197202669 0.004907036012421653 Penicillium-mb
0 0 0.942555304911659 0.0014725873042736504 Penicillium-commune
0 0 0.9274632531176554 0.002616739984676164 Penicillium-solitum
0 0 0.9443261843093439 0.0013630249606294228 Penicillium-chrysogenum
0 0 -0.6313135147455645 0.12836668384429512 Penicillium-cvjetkovicii
0 0 -0.26304278612494075 0.5687319260085277 Penicillium-brevicompactum
0 0 0.7304899787933711 0.06224788411293228 Penicillium-verrucosum
0 0 -0.20051119561536015 0.6664029692691742 Penicillium-polonicum
0 0 0.9044715179135971 0.005142693509673982 Penicillium-mb
0 0 0.93945312654163 0.0016766753296173645 Penicillium-commune
0 0 0.924073190768096 0.0029278178863767785 Penicillium-solitum
0 0 0.9437021020918291 0.0014010665526343208 Penicillium-chrysogenum
0 0 -0.6313135147455644 0.12836668384429523 Penicillium-cvjetkovicii
0 0 -0.26258793598024033 0.5694254977353018 Penicillium-brevicompactum
0 0 0.7371622370424384 0.05869665194209944 Penicillium-verrucosum
0 0 -0.18885973846785314 0.685068932886407 Penicillium-polonicum
0 0 0.9110797548753801 0.004314668326962228 Penicillium-mb
0 0 0.9422613960406014 0.00149125591164175 Penicillium-commune
0 0 0.9261723849572144 0.0027327787271941902 Penicillium-solitum
0 0 0.9450343054720041 0.0013206068859868913 Penicillium-chrysogenum
0 0 -0.6313135147455625 0.12836668384429673 Penicillium-cvjetkovicii
0 0 -0.2628720682236534 0.5689922114305154 Penicillium-brevicompactum
0 0 0.7343725196044341 0.060167697667150744 Penicillium-verrucosum
0 0 -0.19122030635708745 0.681276632423852 Penicillium-polonicum
0 0 0.9037887102383853 0.005233103407795979 Penicillium-mb
0 0 0.9402533607180303 0.0016225326758713696 Penicillium-commune
0 0 0.9242984834629026 0.002906507462247383 Penicillium-solitum
0 0 0.9444560219672848 0.0013551881122018483 Penicillium-chrysogenum
0 0 -0.6313135147455624 0.1283666838442968 Penicillium-cvjetkovicii
0 0 -0.2625197069554183 0.5695295588237901 Penicillium-brevicompactum
0 0 0.7374343991328643 0.05855419541004932 Penicillium-verrucosum
0 0 -0.19329557872466946 0.6779470627591246 Penicillium-polonicum
0 0 0.9072417628620533 0.004785260047849571 Penicillium-mb
0 0 0.9426262700361837 0.0014681004887546602 Penicillium-commune
0 0 0.926566969943764 0.0026969951117635864 Penicillium-solitum
0 0 0.9450966535550089 0.00131690995519093 Penicillium-chrysogenum
0 0 -0.6313135147455625 0.12836668384429673 Penicillium-cvjetkovicii
2 2 -0.26282599656411565 0.5690624611387638 Penicillium-brevicompactum
2 2 0.7345164333422608 0.060091327327878405 Penicillium-verrucosum
2 2 -0.2006121740443887 0.6662417816718313 Penicillium-polonicum
2 2 0.9061048316692122 0.00493013982679629 Penicillium-mb
2 2 0.9426944898089976 0.001463794859008317 Penicillium-commune
2 2 0.9269099221127454 0.002666118404973263 Penicillium-solitum
2 2 0.9446379337068643 0.0013442529509211606 Penicillium-chrysogenum
2 2 -0.6313135147455639 0.12836668384429567 Penicillium-cvjetkovicii
0 0 -0.2632547150835602 0.568408860466777 Penicillium-brevicompactum
0 0 0.7319797036268614 0.061445193138598815 Penicillium-verrucosum
0 0 -0.1956831336319065 0.674121615086704 Penicillium-polonicum
0 0 0.900586602686434 0.005669383505517456 Penicillium-mb
0 0 0.9380546046022269 0.001773821552870757 Penicillium-commune
0 0 0.922269673296802 0.00310171245327775 Penicillium-solitum
0 0 0.9440163891590118 0.0013818316361300957 Penicillium-chrysogenum
0 0 -0.6313135147455627 0.1283666838442965 Penicillium-cvjetkovicii
0 0 -0.2626722878151533 0.5692968548712887 Penicillium-brevicompactum
0 0 0.7403764695549231 0.057026232455833985 Penicillium-verrucosum
0 0 -0.18259917876221882 0.695151970593519 Penicillium-polonicum
0 0 0.9004051538171989 0.00569471525338533 Penicillium-mb
0 0 0.9425216292723116 0.001474719293283564 Penicillium-commune
0 0 0.9262136203173016 0.0027290262794111464 Penicillium-solitum
0 0 0.9455877790379025 0.0012880022058749361 Penicillium-chrysogenum
0 0 -0.6313135147455625 0.12836668384429673 Penicillium-cvjetkovicii
0 0 -0.26288406867700703 0.568973913682621 Penicillium-brevicompactum
0 0 0.7345189407519215 0.06008999719313284 Penicillium-verrucosum
0 0 -0.19635612497135382 0.6730443218445005 Penicillium-polonicum
0 0 0.9050058656654633 0.005072580104546649 Penicillium-mb
0 0 0.9405858426310353 0.0016003447958743073 Penicillium-commune
0 0 0.9245966793519161 0.002878441343672689 Penicillium-solitum
0 0 0.944555164815698 0.0013492219109846053 Penicillium-chrysogenum
0 0 -0.6313135147455626 0.12836668384429664 Penicillium-cvjetkovicii
0 0 -0.2628469619304752 0.5690304929712218 Penicillium-brevicompactum
0 0 0.7352313366508849 0.05971273064963178 Penicillium-verrucosum
0 0 -0.19242750256672664 0.6793393016457849 Penicillium-polonicum
0 0 0.9073040972321591 0.004777389490142805 Penicillium-mb
0 0 0.9424356615873096 0.0014801701171498277 Penicillium-commune
0 0 0.9269505868780082 0.002662471096348046 Penicillium-solitum
0 0 0.944636132021229 0.0013443609984244557 Penicillium-chrysogenum
0 0 -0.6313135147455625 0.12836668384429673 Penicillium-cvjetkovicii
2 2 -0.26279307204227026 0.5691126658732475 Penicillium-brevicompactum
2 2 0.7359824367259069 0.059316362337016156 Penicillium-verrucosum
2 2 -0.19809653533884009 0.6702604167770105 Penicillium-polonicum
2 2 0.9046754665431106 0.005115866649886691 Penicillium-mb
2 2 0.9420813578737006 0.0015027601837917961 Penicillium-commune
2 2 0.9259859583736847 0.002749781439330044 Penicillium-solitum
2 2 0.9448967807070278 0.0013287830525926156 Penicillium-chrysogenum
2 2 -0.6313135147455627 0.1283666838442965 Penicillium-cvjetkovicii
0 0 -0.26288612730628347 0.568970774796608 Penicillium-brevicompactum
0 0 0.7347314422377731 0.05997732705110549 Penicillium-verrucosum
0 0 -0.19096825706147252 0.681681301863167 Penicillium-polonicum
0 0 0.9038750715067542 0.005221617709966824 Penicillium-mb
0 0 0.9415227786605472 0.001538785136288309 Penicillium-commune
0 0 0.9259502886187294 0.0027530416882698403 Penicillium-solitum
0 0 0.9445074140300717 0.001352093510650392 Penicillium-chrysogenum
0 0 -0.6313135147455629 0.12836668384429642 Penicillium-cvjetkovicii
0 0 -0.26292520021671345 0.5689111995848699 Penicillium-brevicompactum
0 0 0.7363897514338497 0.05910201411401163 Penicillium-verrucosum
0 0 -0.18832650683860397 0.6859263113852552 Penicillium-polonicum
0 0 0.9022896375136713 0.005434819186645194 Penicillium-mb
0 0 0.9398690452584922 0.0016484042196807291 Penicillium-commune
0 0 0.9233572193813061 0.002996148225434382 Penicillium-solitum
0 0 0.9448833156495587 0.0013295851824743357 Penicillium-chrysogenum
0 0 -0.6313135147455627 0.1283666838442965 Penicillium-cvjetkovicii
2 2 -0.26306932556899887 0.5686914659696171 Penicillium-brevicompactum
2 2 0.7338216466678049 0.06046051384118445 Penicillium-verrucosum
2 2 -0.19754916839108755 0.6711356458363178 Penicillium-polonicum
2 2 0.9011096678864687 0.005596726515243517 Penicillium-mb
2 2 0.9388726928282818 0.001716603240237243 Penicillium-commune
2 2 0.9225544825217802 0.003073859967753332 Penicillium-solitum
2 2 0.9444937029636591 0.001352918721858347 Penicillium-chrysogenum
2 2 -0.6313135147455627 0.1283666838442965 Penicillium-cvjetkovicii
0 0 -0.26276894492001907 0.5691494568412299 Penicillium-brevicompactum
0 0 0.7384550958916756 0.05802161048862564 Penicillium-verrucosum
0 0 -0.18561930445252478 0.6902833149853098 Penicillium-polonicum
0 0 0.9034150243712737 0.005282971503703285 Penicillium-mb
0 0 0.9406536085703381 0.0015958445701834798 Penicillium-commune
0 0 0.9240103375198251 0.0029337794562156764 Penicillium-solitum
0 0 0.9452799269241206 0.001306078150045555 Penicillium-chrysogenum
0 0 -0.6313135147455627 0.1283666838442965 Penicillium-cvjetkovicii
0 0 -0.26276567153333175 0.5691544484212753 Penicillium-brevicompactum
0 0 0.7354044972839179 0.0596212238402676 Penicillium-verrucosum
0 0 -0.19650037037212842 0.6728134782603516 Penicillium-polonicum
0 0 0.9060380894905222 0.004938723128165076 Penicillium-mb
0 0 0.9414860059289492 0.001541174417144442 Penicillium-commune
0 0 0.9255506243019297 0.002789726410021347 Penicillium-solitum
0 0 0.9447333136659488 0.0013385403069824076 Penicillium-chrysogenum
0 0 -0.6313135147455634 0.12836668384429606 Penicillium-cvjetkovicii
0 0 -0.26286404275588526 0.5690044484041767 Penicillium-brevicompactum
0 0 0.7352533365759448 0.059701100559814896 Penicillium-verrucosum
0 0 -0.19260855648420216 0.6790488636297164 Penicillium-polonicum
0 0 0.9064606676236574 0.00488452467699013 Penicillium-mb
0 0 0.941469646882869 0.0015422380363144144 Penicillium-commune
0 0 0.925662955980195 0.0027793868398240983 Penicillium-solitum
0 0 0.9446610913106047 0.0013428646402577629 Penicillium-chrysogenum
0 0 -0.6313135147455624 0.1283666838442968 Penicillium-cvjetkovicii
0 0 -0.2628443236571478 0.5690345158014298 Penicillium-brevicompactum
0 0 0.7356245139454691 0.059505065717136325 Penicillium-verrucosum
0 0 -0.19525406308243742 0.6748086824360917 Penicillium-polonicum
0 0 0.9020940454348908 0.005461465936857968 Penicillium-mb
0 0 0.9444881398163867 0.0013532536289316756 Penicillium-commune
0 0 0.9296089862015816 0.0024303572666081745 Penicillium-solitum
0 0 0.944672856800576 0.0013421596171317148 Penicillium-chrysogenum
0 0 -0.6313135147455627 0.1283666838442965 Penicillium-cvjetkovicii
0 0 -0.2633196232295804 0.5683099257903166 Penicillium-brevicompactum
0 0 0.7295352608586683 0.06276526818547756 Penicillium-verrucosum
0 0 -0.19633682211151057 0.6730752147855217 Penicillium-polonicum
0 0 0.9030898533310682 0.005326589474149096 Penicillium-mb
0 0 0.938424778157244 0.0017477941969879201 Penicillium-commune
0 0 0.923160523275615 0.003015082277838108 Penicillium-solitum
0 0 0.9434471171442314 0.0014167874492644224 Penicillium-chrysogenum
0 0 -0.6313135147455625 0.12836668384429673 Penicillium-cvjetkovicii
0 0 -0.2627493629284105 0.5691793175826557 Penicillium-brevicompactum
0 0 0.7384500231456205 0.05802425084138723 Penicillium-verrucosum
0 0 -0.18820727225815506 0.6861180642972267 Penicillium-polonicum
0 0 0.9037476289727455 0.005238572205812466 Penicillium-mb
0 0 0.9415729278062279 0.001535530254277136 Penicillium-commune
0 0 0.925238422086129 0.002818581383715808 Penicillium-solitum
0 0 0.9452781080024699 0.0013061853924471966 Penicillium-chrysogenum
0 0 -0.6313135147455625 0.12836668384429673 Penicillium-cvjetkovicii
0 0 -0.2628563086214341 0.569016241240939 Penicillium-brevicompactum
0 0 0.7373207903699119 0.058613638266830644 Penicillium-verrucosum
0 0 -0.18695608148573814 0.6881310333601602 Penicillium-polonicum
0 0 0.9020770287075606 0.005463787819311679 Penicillium-mb
0 0 0.9402317518290871 0.001623980958594292 Penicillium-commune
0 0 0.9238695079400263 0.002947162816748387 Penicillium-solitum
0 0 0.9450594253380314 0.0013191166673629223 Penicillium-chrysogenum
0 0 -0.6313135147455627 0.1283666838442965 Penicillium-cvjetkovicii
0 0 -0.2628099641381872 0.5690869079001482 Penicillium-brevicompactum
0 0 0.7351452984517342 0.059758225872879794 Penicillium-verrucosum
0 0 -0.19182543663867713 0.6803053335082527 Penicillium-polonicum
0 0 0.9043546912350839 0.0051580973914001765 Penicillium-mb
0 0 0.9420138321603043 0.0015070884608304482 Penicillium-commune
0 0 0.9262128340507789 0.002729097801955477 Penicillium-solitum
0 0 0.9445924318382625 0.0013469832781074194 Penicillium-chrysogenum
0 0 -0.6313135147455624 0.1283666838442968 Penicillium-cvjetkovicii
0 0 -0.26288030840709664 0.5689796471519033 Penicillium-brevicompactum
0 0 0.7384412397244954 0.0580288227463882 Penicillium-verrucosum
0 0 -0.1852911770054368 0.6908118716838805 Penicillium-polonicum
0 0 0.9021003552653262 0.005460605124942132 Penicillium-mb
0 0 0.9391088401617503 0.0017002919231297136 Penicillium-commune
0 0 0.9221981394922429 0.003108731125543917 Penicillium-solitum
0 0 0.9453215177373713 0.0013036274013323579 Penicillium-chrysogenum
0 0 -0.6313135147455642 0.12836668384429542 Penicillium-cvjetkovicii
0 0 -0.2629672209913853 0.5688471319095509 Penicillium-brevicompactum
0 0 0.7350717191331064 0.059797148001971764 Penicillium-verrucosum
0 0 -0.19012283263125404 0.6830390876488128 Penicillium-polonicum
0 0 0.9033666704283667 0.005289444421997345 Penicillium-mb
0 0 0.939628239445192 0.0016647379146062862 Penicillium-commune
0 0 0.9234877972013442 0.0029836173317424612 Penicillium-solitum
0 0 0.9446261461198668 0.001344959948142543 Penicillium-chrysogenum
0 0 -0.6313135147455624 0.1283666838442968 Penicillium-cvjetkovicii
0 0 -0.26327575480361753 0.5683767905838292 Penicillium-brevicompactum
0 0 0.7294857690650435 0.06279215209587989 Penicillium-verrucosum
0 0 -0.19959770213078162 0.6678616032682545 Penicillium-polonicum
0 0 0.9030214292146691 0.0053357943746947705 Penicillium-mb
0 0 0.9388156718725943 0.0017205555810235191 Penicillium-commune
0 0 0.9235607276196738 0.002976631959021899 Penicillium-solitum
0 0 0.9434628997617854 0.0014158113795432036 Penicillium-chrysogenum
0 0 -0.6313135147455624 0.1283666838442968 Penicillium-cvjetkovicii
2 2 -0.2628329795637992 0.5690518133388676 Penicillium-brevicompactum
2 2 0.735719613570961 0.05945489575537832 Penicillium-verrucosum
2 2 -0.19939202024385685 0.6681901435874219 Penicillium-polonicum
2 2 0.9038649293398077 0.005222965815704156 Penicillium-mb
2 2 0.942258526240541 0.001491438880483815 Penicillium-commune
2 2 0.9261539651720365 0.002734455918298098 Penicillium-solitum
2 2 0.9448789692543152 0.0013298441635207008 Penicillium-chrysogenum
2 2 -0.6313135147455624 0.1283666838442968 Penicillium-cvjetkovicii
0 0 -0.26298335012063967 0.5688225409694185 Penicillium-brevicompactum
0 0 0.7336262320404243 0.060564571494782074 Penicillium-verrucosum
0 0 -0.19240370631179216 0.6793774768019608 Penicillium-polonicum
0 0 0.9045993183209041 0.005125873427906737 Penicillium-mb
0 0 0.9396796886354003 0.0016612401795071646 Penicillium-commune
0 0 0.9236994558945943 0.0029633708568288903 Penicillium-solitum
0 0 0.9443285676736317 0.0013628808633084986 Penicillium-chrysogenum
0 0 -0.6313135147455624 0.1283666838442968 Penicillium-cvjetkovicii
0 0 -0.2623280765730353 0.569821860487892 Penicillium-brevicompactum
0 0 0.7390593657669774 0.05770755625705679 Penicillium-verrucosum
0 0 -0.1881297244435123 0.6862427837849128 Penicillium-polonicum
0 0 0.9053773101623586 0.005024171649490796 Penicillium-mb
0 0 0.9439851267641423 0.001383737926136287 Penicillium-commune
0 0 0.9278764807548346 0.002580216984695592 Penicillium-solitum
0 0 0.9453192670126838 0.0013037599563046293 Penicillium-chrysogenum
0 0 -0.6313135147455645 0.12836668384429512 Penicillium-cvjetkovicii
0 0 -0.263215752071863 0.5684682515153192 Penicillium-brevicompactum
0 0 0.7316556013074735 0.061619345561656734 Penicillium-verrucosum
0 0 -0.19511060645876124 0.6750384384871071 Penicillium-polonicum
0 0 0.9031563576407399 0.005317651701868959 Penicillium-mb
0 0 0.9389320541929638 0.0017124943630138772 Penicillium-commune
0 0 0.9233649889493688 0.002995401758056082 Penicillium-solitum
0 0 0.943925777228944 0.0013873611545115751 Penicillium-chrysogenum
0 0 -0.6313135147455637 0.12836668384429575 Penicillium-cvjetkovicii
0 0 -0.26345904866121833 0.5680974283686533 Penicillium-brevicompactum
0 0 0.7268626627755712 0.06422593072353558 Penicillium-verrucosum
0 0 -0.19986045623465346 0.6674419615157068 Penicillium-polonicum
0 0 0.905083517573495 0.005062437777309768 Penicillium-mb
0 0 0.9379546904101038 0.0017808854926257313 Penicillium-commune
0 0 0.9231211366775717 0.0030188820494781916 Penicillium-solitum
0 0 0.9428655501878511 0.0014530313127917908 Penicillium-chrysogenum
0 0 -0.6313135147455626 0.12836668384429664 Penicillium-cvjetkovicii
0 0 -0.2625941310875996 0.5694160494202889 Penicillium-brevicompactum
0 0 0.7392427794116266 0.05761241474630553 Penicillium-verrucosum
0 0 -0.18880939205221864 0.6851498729799286 Penicillium-polonicum
0 0 0.9059260518952428 0.004953151153188696 Penicillium-mb
0 0 0.9418475546872642 0.0015177778505625975 Penicillium-commune
0 0 0.9253372914715172 0.0028094246410814527 Penicillium-solitum
0 0 0.9454465390694833 0.0012962768392248971 Penicillium-chrysogenum
0 0 -0.6313135147455615 0.12836668384429753 Penicillium-cvjetkovicii
0 0 -0.26281739403069837 0.5690755785185662 Penicillium-brevicompactum
0 0 0.7370935287897867 0.05873264528886116 Penicillium-verrucosum
0 0 -0.19063739003537242 0.6822126065645864 Penicillium-polonicum
0 0 0.9038071190136129 0.005230653883506624 Penicillium-mb
0 0 0.9422308301959424 0.0014932053678253846 Penicillium-commune
0 0 0.9263598882643975 0.0027157401716257816 Penicillium-solitum
0 0 0.9450009608761362 0.0013225865649970443 Penicillium-chrysogenum
0 0 -0.6313135147455625 0.12836668384429673 Penicillium-cvjetkovicii
0 0 -0.26271092025631587 0.5692379405722008 Penicillium-brevicompactum
0 0 0.7375751305872799 0.05848060670261974 Penicillium-verrucosum
0 0 -0.18480823646374228 0.6915899871341928 Penicillium-polonicum
0 0 0.9061768384155339 0.004920889234184903 Penicillium-mb
0 0 0.9407107338865494 0.0015920567707410995 Penicillium-commune
0 0 0.924387871726022 0.002898077506388783 Penicillium-solitum
0 0 0.9450961045255941 0.0013169424832116265 Penicillium-chrysogenum
0 0 -0.6313135147455624 0.1283666838442968 Penicillium-cvjetkovicii
0 0 -0.262864454949549 0.5690038199025843 Penicillium-brevicompactum
0 0 0.7329624047785891 0.06091878149562468 Penicillium-verrucosum
0 0 -0.19309995729445306 0.678260741125779 Penicillium-polonicum
0 0 0.9067348371434154 0.004849546858865486 Penicillium-mb
0 0 0.9405229536259536 0.0016045278349048199 Penicillium-commune
0 0 0.9249229145627277 0.002847918876840502 Penicillium-solitum
0 0 0.9441693043043567 0.0013725296430274238 Penicillium-chrysogenum
0 0 -0.6313135147455631 0.12836668384429628 Penicillium-cvjetkovicii
0 0 -0.26286034549109233 0.5690100859019335 Penicillium-brevicompactum
0 0 0.7350420186364881 0.0598128629205121 Penicillium-verrucosum
0 0 -0.19114321198000753 0.681400402316937 Penicillium-polonicum
0 0 0.905899487008132 0.004956575733758933 Penicillium-mb
0 0 0.9407295664375176 0.0015908092061993268 Penicillium-commune
0 0 0.9248014824414256 0.002859257743682616 Penicillium-solitum
0 0 0.9446109448639375 0.0013458720146294822 Penicillium-chrysogenum
0 0 -0.6313135147455637 0.12836668384429575 Penicillium-cvjetkovicii
0 0 -0.262809676353921 0.5690873467259342 Penicillium-brevicompactum
0 0 0.7382627436143636 0.0581217750893946 Penicillium-verrucosum
0 0 -0.18869098904330048 0.6853402346054183 Penicillium-polonicum
0 0 0.9037844015398219 0.00523367683196294 Penicillium-mb
0 0 0.9403732778458979 0.001614509356920904 Penicillium-commune
0 0 0.9236724120305665 0.002965953270098607 Penicillium-solitum
0 0 0.9452827804202772 0.0013059099202951845 Penicillium-chrysogenum
0 0 -0.6313135147455629 0.12836668384429642 Penicillium-cvjetkovicii
2 2 -0.26282701643405354 0.5690609060193401 Penicillium-brevicompactum
2 2 0.7355630198155203 0.059537519264354626 Penicillium-verrucosum
2 2 -0.19586942261939852 0.6738233679693404 Penicillium-polonicum
2 2 0.9057273156488558 0.004978804432021808 Penicillium-mb
2 2 0.9409471512598979 0.001576437048523829 Penicillium-commune
2 2 0.924900239916632 0.0028500341430091856 Penicillium-solitum
2 2 0.9447776536618993 0.001335889514182533 Penicillium-chrysogenum
2 2 -0.6313135147455624 0.1283666838442968 Penicillium-cvjetkovicii
0 0 -0.26284174476312394 0.5690384480989663 Penicillium-brevicompactum
0 0 0.7368909214303795 0.05883885244129265 Penicillium-verrucosum
0 0 -0.18773280101020823 0.6868812409142604 Penicillium-polonicum
0 0 0.9058023555266035 0.004969109061029868 Penicillium-mb
0 0 0.9407490879737255 0.0015895166080687935 Penicillium-commune
0 0 0.924537030451555 0.0028840427119806136 Penicillium-solitum
0 0 0.9449831080729956 0.0013236472108234694 Penicillium-chrysogenum
0 0 -0.6313135147455634 0.12836668384429606 Penicillium-cvjetkovicii
0 0 -0.26292576901129217 0.5689103323474924 Penicillium-brevicompactum
0 0 0.734356054015373 0.06017643877151166 Penicillium-verrucosum
0 0 -0.19075546818001637 0.6820229852571534 Penicillium-polonicum
0 0 0.9041723921429186 0.005182187569471182 Penicillium-mb
0 0 0.9421667162829683 0.0014972993622735986 Penicillium-commune
0 0 0.9268893232162769 0.0026679670812856933 Penicillium-solitum
0 0 0.9444143068641889 0.0013577030800253048 Penicillium-chrysogenum
0 0 -0.6313135147455636 0.12836668384429584 Penicillium-cvjetkovicii
0 0 -0.2627810857638617 0.5691309434164061 Penicillium-brevicompactum
0 0 0.7375295084755499 0.05850445707603779 Penicillium-verrucosum
0 0 -0.1875344381404265 0.6872003659477932 Penicillium-polonicum
0 0 0.9034303653384345 0.005280918843393889 Penicillium-mb
0 0 0.9417682954249001 0.0015228888292563255 Penicillium-commune
0 0 0.9255884971957231 0.002786237883420334 Penicillium-solitum
0 0 0.9450718734308907 0.0013183785608050576 Penicillium-chrysogenum
0 0 -0.6313135147455625 0.12836668384429673 Penicillium-cvjetkovicii
2 2 -0.2628871481125407 0.5689692183287485 Penicillium-brevicompactum
2 2 0.7402307919738509 0.05710137362245509 Penicillium-verrucosum
2 2 -0.18725662614550775 0.687647370317451 Penicillium-polonicum
2 2 0.9015017809781863 0.005542616678330524 Penicillium-mb
2 2 0.9380516062490609 0.0017740332960650656 Penicillium-commune
2 2 0.9207261874422982 0.0032552225762888247 Penicillium-solitum
2 2 0.9457264831142135 0.0012799065607541433 Penicillium-chrysogenum
2 2 -0.6313135147455627 0.1283666838442965 Penicillium-cvjetkovicii
0 0 -0.2628828743856421 0.5689757346756813 Penicillium-brevicompactum
0 0 0.7351013900865782 0.05978145095073397 Penicillium-verrucosum
0 0 -0.18900960284887958 0.6848280155674865 Penicillium-polonicum
0 0 0.9051423420549505 0.005054762419880356 Penicillium-mb
0 0 0.9441907239305898 0.0013712296230082748 Penicillium-commune
0 0 0.92930048295593 0.0024566576751624447 Penicillium-solitum
0 0 0.9445365583458385 0.0013503404240692684 Penicillium-chrysogenum
0 0 -0.6313135147455623 0.12836668384429692 Penicillium-cvjetkovicii
0 0 -0.2628382952421407 0.5690437079418958 Penicillium-brevicompactum
0 0 0.7351285878982793 0.05976706424748169 Penicillium-verrucosum
0 0 -0.18699023706627507 0.6880760629219245 Penicillium-polonicum
0 0 0.8993465613287188 0.00584381426171234 Penicillium-mb
0 0 0.940072277990549 0.0016346928539324548 Penicillium-commune
0 0 0.9242885554415095 0.002907444631693835 Penicillium-solitum
0 0 0.9445658758806489 0.001348578271878704 Penicillium-chrysogenum
0 0 -0.6313135147455643 0.12836668384429534 Penicillium-cvjetkovicii
0 0 -0.26276037197352214 0.5691625297375194 Penicillium-brevicompactum
0 0 0.7367307087659274 0.05892290995299394 Penicillium-verrucosum
0 0 -0.19004793315028817 0.6831594120475721 Penicillium-polonicum
0 0 0.9052354620397035 0.005042626083950454 Penicillium-mb
0 0 0.9416112187707666 0.0015330477509602235 Penicillium-commune
0 0 0.9255688591460406 0.0027880464528352174 Penicillium-solitum
0 0 0.9449369487612723 0.0013263918895093647 Penicillium-chrysogenum
0 0 -0.6313135147455625 0.12836668384429673 Penicillium-cvjetkovicii
0 0 -0.2629123889934784 0.5689307328839524 Penicillium-brevicompactum
0 0 0.7348251387652444 0.059927684747770764 Penicillium-verrucosum
0 0 -0.19156005389898437 0.6807312580677629 Penicillium-polonicum
0 0 0.9043372638478808 0.00516039753405654 Penicillium-mb
0 0 0.9406506362919087 0.0015960417977746288 Penicillium-commune
0 0 0.9245861170633819 0.0028794327370778466 Penicillium-solitum
0 0 0.9445585137942757 0.0013490206478841721 Penicillium-chrysogenum
0 0 -0.6313135147455614 0.12836668384429756 Penicillium-cvjetkovicii
0 0 -0.2625607516467541 0.5694669578357023 Penicillium-brevicompactum
0 0 0.7419936642155233 0.05619568850443412 Penicillium-verrucosum
0 0 -0.1837069390517925 0.6933652073559862 Penicillium-polonicum
0 0 0.9029487761101946 0.0053455783142815055 Penicillium-mb
0 0 0.9409299265426361 0.0015775719937775714 Penicillium-commune
0 0 0.9237078651910503 0.00296256812343818 Penicillium-solitum
0 0 0.9459628689595133 0.0012661789634309407 Penicillium-chrysogenum
0 0 -0.6313135147455627 0.1283666838442965 Penicillium-cvjetkovicii
0 0 -0.263021761419231 0.568763979338684 Penicillium-brevicompactum
0 0 0.7325055792904602 0.0611631879210394 Penicillium-verrucosum
0 0 -0.1967893023079911 0.6723511465422773 Penicillium-polonicum
0 0 0.9053956121071973 0.005021793437083969 Penicillium-mb
0 0 0.9401075907897364 0.0016323173076818584 Penicillium-commune
0 0 0.9245362661925882 0.0028841145216309556 Penicillium-solitum
0 0 0.9441220255147164 0.0013754017045873536 Penicillium-chrysogenum
0 0 -0.6313135147455624 0.1283666838442968 Penicillium-cvjetkovicii
0 0 -0.2628136067188397 0.5690813535462622 Penicillium-brevicompactum
0 0 0.7356079100555819 0.059513827479661705 Penicillium-verrucosum
0 0 -0.1938616918211985 0.6770395105207565 Penicillium-polonicum
0 0 0.9040774187587224 0.005194763862162734 Penicillium-mb
0 0 0.9420515103824276 0.0015046724493640751 Penicillium-commune
0 0 0.9263213426817098 0.0027192377320341106 Penicillium-solitum
0 0 0.944715381212372 0.001339613249527128 Penicillium-chrysogenum
0 0 -0.6313135147455625 0.12836668384429673 Penicillium-cvjetkovicii
0 0 -0.2627541835012668 0.5691719666051837 Penicillium-brevicompactum
0 0 0.7360011640501823 0.05930649790206253 Penicillium-verrucosum
0 0 -0.18907901755246428 0.6847164338415098 Penicillium-polonicum
0 0 0.904437908004262 0.005147122309754033 Penicillium-mb
0 0 0.942856623768413 0.001453591827136857 Penicillium-commune
0 0 0.927226418203614 0.0026378084821319417 Penicillium-solitum
0 0 0.9447361433771614 0.0013383710447801246 Penicillium-chrysogenum
0 0 -0.6313135147455615 0.12836668384429753 Penicillium-cvjetkovicii
0 0 -0.26287298533143205 0.568990813059536 Penicillium-brevicompactum
0 0 0.7371417350366881 0.05870739082191231 Penicillium-verrucosum
0 0 -0.18921034439206966 0.684505342972068 Penicillium-polonicum
0 0 0.90442097448052 0.0051493544923331995 Penicillium-mb
0 0 0.9413863243726152 0.001547662145112426 Penicillium-commune
0 0 0.9252466002671296 0.002817823302397063 Penicillium-solitum
0 0 0.9450279820707516 0.001320982173821414 Penicillium-chrysogenum
0 0 -0.6313135147455624 0.1283666838442968 Penicillium-cvjetkovicii
0 0 -0.262767418536418 0.5691517844184509 Penicillium-brevicompactum
0 0 0.7361097687032452 0.05924930900892296 Penicillium-verrucosum
0 0 -0.18905791396952756 0.6847503566364133 Penicillium-polonicum
0 0 0.9067383254134256 0.004849102778067945 Penicillium-mb
0 0 0.9420210733917366 0.001506623959554047 Penicillium-commune
0 0 0.926112628532726 0.0027382219728450874 Penicillium-solitum
0 0 0.9447926078883079 0.0013349961998178805 Penicillium-chrysogenum
0 0 -0.6313135147455627 0.1283666838442965 Penicillium-cvjetkovicii
0 0 -0.26273009620863846 0.5692086980466494 Penicillium-brevicompactum
0 0 0.7368011185307355 0.058885960597463025 Penicillium-verrucosum
0 0 -0.19006958711273 0.6831246248766081 Penicillium-polonicum
0 0 0.9044916039904307 0.005140047813565142 Penicillium-mb
0 0 0.9411433671668875 0.001563542243353585 Penicillium-commune
0 0 0.9248614591382389 0.002853654047893114 Penicillium-solitum
0 0 0.9449555995352868 0.0013252824919552369 Penicillium-chrysogenum
0 0 -0.6313135147455615 0.12836668384429753 Penicillium-cvjetkovicii
0 0 -0.2629989619987181 0.5687987389656615 Penicillium-brevicompactum
0 0 0.7341086173761561 0.0603078786029902 Penicillium-verrucosum
0 0 -0.19039017384317486 0.6826096532678674 Penicillium-polonicum
0 0 0.9029244128638875 0.005348861562940527 Penicillium-mb
0 0 0.9426648174673566 0.0014656666858705457 Penicillium-commune
0 0 0.9274943986873935 0.002613976692543373 Penicillium-solitum
0 0 0.944348076225428 0.0013617017213754619 Penicillium-chrysogenum
0 0 -0.6313135147455631 0.12836668384429628 Penicillium-cvjetkovicii
0 0 -0.2629442780251332 0.5688821120031393 Penicillium-brevicompactum
0 0 0.7339089275355271 0.06041406838576621 Penicillium-verrucosum
0 0 -0.1944294103180794 0.676129696361697 Penicillium-polonicum
0 0 0.9060327018263076 0.004939416381954189 Penicillium-mb
0 0 0.9402385249053112 0.0016235269278680668 Penicillium-commune
0 0 0.924278046020891 0.0029084368760931316 Penicillium-solitum
0 0 0.9444130654534761 0.001357777965771334 Penicillium-chrysogenum
0 0 -0.6313135147455627 0.1283666838442965 Penicillium-cvjetkovicii
0 0 -0.2624428531419223 0.5696467814022699 Penicillium-brevicompactum
0 0 0.7381664804619869 0.058171937931274814 Penicillium-verrucosum
0 0 -0.1864676537662901 0.6889172346036697 Penicillium-polonicum
0 0 0.9074047850181826 0.004764692240052752 Penicillium-mb
0 0 0.9422563569207557 0.00149157719783301 Penicillium-commune
0 0 0.9260382764065632 0.00274500362038834 Penicillium-solitum
0 0 0.9451814522531643 0.0013118916277131316 Penicillium-chrysogenum
0 0 -0.6313135147455639 0.12836668384429567 Penicillium-cvjetkovicii
2 2 -0.26253485125552256 0.5695064606226511 Penicillium-brevicompactum
2 2 0.7394196797276262 0.057520732675950925 Penicillium-verrucosum
2 2 -0.19357195030908544 0.6775039647722941 Penicillium-polonicum
2 2 0.9063228178013417 0.004902166544212653 Penicillium-mb
2 2 0.9432647330028797 0.0014280957226785122 Penicillium-commune
2 2 0.9263203257704069 0.0027193300405805748 Penicillium-solitum
2 2 0.945590692036877 0.0012878318750849274 Penicillium-chrysogenum
2 2 -0.6313135147455639 0.12836668384429567 Penicillium-cvjetkovicii
2 2 -0.2628103314145564 0.5690863478615512 Penicillium-brevicompactum
2 2 0.7350907020551392 0.05978710506419093 Penicillium-verrucosum
2 2 -0.2023484694625058 0.6634718073761678 Penicillium-polonicum
2 2 0.904401751990265 0.00515188909013117 Penicillium-mb
2 2 0.9434383067550319 0.00141733249686121 Penicillium-commune
2 2 0.927511926629675 0.002612422334622144 Penicillium-solitum
2 2 0.94478877178443 0.001335225321925417 Penicillium-chrysogenum
2 2 -0.6313135147455625 0.12836668384429673 Penicillium-cvjetkovicii
2 2 -0.2625894392943426 0.5694232049883694 Penicillium-brevicompactum
2 2 0.737155564604014 0.05870014682525708 Penicillium-verrucosum
2 2 -0.19650421744641328 0.6728073218622893 Penicillium-polonicum
2 2 0.9073539609654669 0.00477109895421973 Penicillium-mb
2 2 0.9423939211139298 0.001482820969954807 Penicillium-commune
2 2 0.9264257875160281 0.002709766700899356 Penicillium-solitum
2 2 0.9450725925069472 0.0013183359308180254 Penicillium-chrysogenum
2 2 -0.6313135147455643 0.12836668384429534 Penicillium-cvjetkovicii
2 2 -0.2633074961256407 0.5683284098220651 Penicillium-brevicompactum
2 2 0.7295516810920619 0.06275635010043402 Penicillium-verrucosum
2 2 -0.20350585304887922 0.661627080336232 Penicillium-polonicum
2 2 0.9026722316869745 0.00538291503253462 Penicillium-mb
2 2 0.9388976722532949 0.001714873506682245 Penicillium-commune
2 2 0.9234076513554448 0.0029913048759025473 Penicillium-solitum
2 2 0.9435821121351468 0.001408451550467181 Penicillium-chrysogenum
2 2 -0.6313135147455615 0.12836668384429753 Penicillium-cvjetkovicii
0 0 -0.26284992923205275 0.5690259684505974 Penicillium-brevicompactum
0 0 0.7361600594749279 0.05922283710030427 Penicillium-verrucosum
0 0 -0.19007294377593975 0.6831192324246054 Penicillium-polonicum
0 0 0.903428616867046 0.005281152769857851 Penicillium-mb
0 0 0.9425368611048406 0.0014737547477980874 Penicillium-commune
0 0 0.9269717680283284 0.0026605724744261446 Penicillium-solitum
0 0 0.9447874314915594 0.0013353053801612312 Penicillium-chrysogenum
0 0 -0.6313135147455634 0.12836668384429606 Penicillium-cvjetkovicii
0 0 -0.26293773864766806 0.5688920824180732 Penicillium-brevicompactum
0 0 0.7336107095777922 0.060572841312330566 Penicillium-verrucosum
0 0 -0.18756574327953646 0.6871499999675574 Penicillium-polonicum
0 0 0.9122995960113633 0.00417102107552717 Penicillium-mb
0 0 0.9410099628666799 0.0015723024379444557 Penicillium-commune
0 0 0.9252406267562294 0.0028183770087468083 Penicillium-solitum
0 0 0.9442976544955644 0.0013647505604103371 Penicillium-chrysogenum
0 0 -0.6313135147455625 0.12836668384429673 Penicillium-cvjetkovicii
0 0 -0.2626218473817378 0.569373779205143 Penicillium-brevicompactum
0 0 0.737391717107154 0.058576523840108044 Penicillium-verrucosum
0 0 -0.1934297091137887 0.6777320064474432 Penicillium-polonicum
0 0 0.9053878311369756 0.0050228044407464026 Penicillium-mb
0 0 0.9419498041470369 0.001511199321966853 Penicillium-commune
0 0 0.9257383501071866 0.0027724598102118196 Penicillium-solitum
0 0 0.9450997680676232 0.0013167254404797344 Penicillium-chrysogenum
0 0 -0.6313135147455625 0.12836668384429673 Penicillium-cvjetkovicii
0 0 -0.26271453505392955 0.5692324281206634 Penicillium-brevicompactum
0 0 0.7365046386622908 0.05904163114772419 Penicillium-verrucosum
0 0 -0.1926519599298508 0.6789792425903967 Penicillium-polonicum
0 0 0.9081337424925376 0.004673353727052867 Penicillium-mb
0 0 0.9416052805505458 0.0015334325861773243 Penicillium-commune
0 0 0.9255217769718738 0.0027923852965235753 Penicillium-solitum
0 0 0.9449397949308087 0.0013262225563692757 Penicillium-chrysogenum
0 0 -0.6313135147455625 0.12836668384429673 Penicillium-cvjetkovicii
0 0 -0.26275591675411936 0.5691693235443481 Penicillium-brevicompactum
0 0 0.7356844196381706 0.05947345969648032 Penicillium-verrucosum
0 0 -0.1914135583342593 0.6809664042076362 Penicillium-polonicum
0 0 0.9040186119670837 0.00520255990347304 Penicillium-mb
0 0 0.9420347610705737 0.0015057461703788515 Penicillium-commune
0 0 0.9263283747852877 0.0027185994540365613 Penicillium-solitum
0 0 0.9447014308337979 0.0013404482856282283 Penicillium-chrysogenum
0 0 -0.6313135147455625 0.12836668384429673 Penicillium-cvjetkovicii
2 2 -0.2624059089890038 0.5697031338074708 Penicillium-brevicompactum
2 2 0.7374950756160835 0.05852246141703689 Penicillium-verrucosum
2 2 -0.1986537699730194 0.6693697138307231 Penicillium-polonicum
2 2 0.9100950656878071 0.004432699735561352 Penicillium-mb
2 2 0.9425966155677691 0.0014699744295890434 Penicillium-commune
2 2 0.9269177869817306 0.002665412759786331 Penicillium-solitum
2 2 0.9451264744245187 0.0013151438880146288 Penicillium-chrysogenum
2 2 -0.6313135147455636 0.12836668384429584 Penicillium-cvjetkovicii
0 0 -0.2629684046480033 0.5688453272607744 Penicillium-brevicompactum
0 0 0.7337771219290952 0.06048421459094096 Penicillium-verrucosum
0 0 -0.1940257758937442 0.6767765205971175 Penicillium-polonicum
0 0 0.9060261138858065 0.004940264157459313 Penicillium-mb
0 0 0.9404527113222216 0.0016092075849328175 Penicillium-commune
0 0 0.9245832307561067 0.002879703685342449 Penicillium-solitum
0 0 0.9443733255852729 0.001360176485693168 Penicillium-chrysogenum
0 0 -0.6313135147455615 0.12836668384429753 Penicillium-cvjetkovicii
0 0 -0.26275250107742587 0.5691745321598781 Penicillium-brevicompactum
0 0 0.7336329232293242 0.06056100685535121 Penicillium-verrucosum
0 0 -0.19748055988442845 0.6712453703553967 Penicillium-polonicum
0 0 0.9025483885245311 0.0053996843407596185 Penicillium-mb
0 0 0.9426744375143051 0.001465059667802734 Penicillium-commune
0 0 0.9276318270607834 0.002601804245950207 Penicillium-solitum
0 0 0.9442808643898198 0.0013657666967906478 Penicillium-chrysogenum
0 0 -0.6313135147455615 0.12836668384429753 Penicillium-cvjetkovicii
0 0 -0.262964176960108 0.5688517729659848 Penicillium-brevicompactum
0 0 0.7358942455265214 0.05936282815301881 Penicillium-verrucosum
0 0 -0.18738232238836564 0.6874451138969537 Penicillium-polonicum
0 0 0.9046778690537617 0.005115551116809532 Penicillium-mb
0 0 0.9389369704269023 0.0017121543309651128 Penicillium-commune
0 0 0.922491500947192 0.0030800064828565526 Penicillium-solitum
0 0 0.9448136544264053 0.0013337395488862566 Penicillium-chrysogenum
0 0 -0.6313135147455631 0.12836668384429628 Penicillium-cvjetkovicii
0 0 -0.26300317016650315 0.5687923232107102 Penicillium-brevicompactum
0 0 0.7375469245636894 0.05849535165293792 Penicillium-verrucosum
0 0 -0.18410314392669375 0.6927264219155298 Penicillium-polonicum
0 0 0.9011777694811868 0.005587306860840376 Penicillium-mb
0 0 0.9380088363406162 0.0017770553201175818 Penicillium-commune
0 0 0.921079324905136 0.0032197172958512697 Penicillium-solitum
0 0 0.9451577637671559 0.0013132923576197378 Penicillium-chrysogenum
0 0 -0.6313135147455624 0.1283666838442968 Penicillium-cvjetkovicii
0 0 -0.26285396168653563 0.5690198198105256 Penicillium-brevicompactum
0 0 0.7360107018349807 0.059301474309229454 Penicillium-verrucosum
0 0 -0.19136570597562585 0.6810432184739679 Penicillium-polonicum
0 0 0.9050440697627331 0.005067588686076529 Penicillium-mb
0 0 0.9416335148996673 0.0015316033252917266 Penicillium-commune
0 0 0.925691812673552 0.0027767343593557 Penicillium-solitum
0 0 0.9447987324344069 0.0013346304421456444 Penicillium-chrysogenum
0 0 -0.6313135147455627 0.1283666838442965 Penicillium-cvjetkovicii
0 0 -0.26275849377400506 0.5691653938188652 Penicillium-brevicompactum
0 0 0.7364025344064644 0.05909529392368138 Penicillium-verrucosum
0 0 -0.19006878582508746 0.6831259121402378 Penicillium-polonicum
0 0 0.905181456671616 0.005049662538931452 Penicillium-mb
0 0 0.9413938976053537 0.0015471686808256706 Penicillium-commune
0 0 0.9253404577219702 0.002809131688932722 Penicillium-solitum
0 0 0.9448701428108822 0.0013303701809567502 Penicillium-chrysogenum
0 0 -0.6313135147455625 0.12836668384429673 Penicillium-cvjetkovicii
2 2 -0.2625604144137514 0.5694674721715398 Penicillium-brevicompactum
2 2 0.7377726261395005 0.05837742067535296 Penicillium-verrucosum
2 2 -0.19531343385630037 0.6747136017635329 Penicillium-polonicum
2 2 0.9045798586223903 0.0051284324894217605 Penicillium-mb
2 2 0.9421623448107364 0.001497578743361821 Penicillium-commune
2 2 0.9257371880870888 0.0027725664968928296 Penicillium-solitum
2 2 0.9452204521694529 0.0013095874351842572 Penicillium-chrysogenum
2 2 -0.6313135147455625 0.12836668384429673 Penicillium-cvjetkovicii
0 0 -0.2627276986256927 0.569212354234432 Penicillium-brevicompactum
0 0 0.7384878460905312 0.05800456565543287 Penicillium-verrucosum
0 0 -0.18549237832638246 0.6904877592213768 Penicillium-polonicum
0 0 0.9046850448801048 0.005114608749094176 Penicillium-mb
0 0 0.9415474420269412 0.0015371838765407824 Penicillium-commune
0 0 0.9252379097501678 0.0028186288789802537 Penicillium-solitum
0 0 0.9452668851701205 0.001306847198074958 Penicillium-chrysogenum
0 0 -0.6313135147455627 0.1283666838442965 Penicillium-cvjetkovicii
0 0 -0.26259886055071147 0.5694088364297455 Penicillium-brevicompactum
0 0 0.736436247505854 0.0590775724570025 Penicillium-verrucosum
0 0 -0.19134689320374035 0.6810734179880094 Penicillium-polonicum
0 0 0.9053146108009207 0.005032323974248279 Penicillium-mb
0 0 0.9415649493227615 0.0015360478183138809 Penicillium-commune
0 0 0.9253389237935291 0.002809273610917986 Penicillium-solitum
0 0 0.9448715179139482 0.0013302882227539702 Penicillium-chrysogenum
0 0 -0.6313135147455624 0.1283666838442968 Penicillium-cvjetkovicii
0 0 -0.26272706913352917 0.5692133141780747 Penicillium-brevicompactum
0 0 0.7361526587374445 0.05922673227602642 Penicillium-verrucosum
0 0 -0.190100967740315 0.6830742125728653 Penicillium-polonicum
0 0 0.9075285607512624 0.004749110459464803 Penicillium-mb
0 0 0.9419918299699076 0.0015085003472313022 Penicillium-commune
0 0 0.9261384753941586 0.0027358667883503117 Penicillium-solitum
0 0 0.9448162657125696 0.0013335836823822722 Penicillium-chrysogenum
0 0 -0.6313135147455615 0.12836668384429753 Penicillium-cvjetkovicii
0 0 -0.2628670020547313 0.5689999361513349 Penicillium-brevicompactum
0 0 0.7342532397437376 0.06023103545708574 Penicillium-verrucosum
0 0 -0.19205291463595034 0.6799402977007365 Penicillium-polonicum
0 0 0.9035564978893532 0.00526405958628143 Penicillium-mb
0 0 0.9425115665092583 0.0014753567150727388 Penicillium-commune
0 0 0.9273137908426132 0.002630024395763269 Penicillium-solitum
0 0 0.9443871424595662 0.0013593422779927483 Penicillium-chrysogenum
0 0 -0.6313135147455615 0.12836668384429753 Penicillium-cvjetkovicii
0 0 -0.2627523649806413 0.5691747396961749 Penicillium-brevicompactum
0 0 0.7357878830586456 0.059418894228505256 Penicillium-verrucosum
0 0 -0.19546338887862832 0.6744734682049831 Penicillium-polonicum
0 0 0.9049770120816446 0.005076351762264596 Penicillium-mb
0 0 0.9417117695716838 0.001526540049040053 Penicillium-commune
0 0 0.925654475243316 0.0027801666636752187 Penicillium-solitum
0 0 0.9447851149594002 0.0013354437577001773 Penicillium-chrysogenum
0 0 -0.6313135147455624 0.1283666838442968 Penicillium-cvjetkovicii
0 0 -0.2627303339082525 0.5692083355676549 Penicillium-brevicompactum
0 0 0.7378839038805991 0.05831932467374382 Penicillium-verrucosum
0 0 -0.1893977390284168 0.6842041586483922 Penicillium-polonicum
0 0 0.904021987332417 0.0052021122457442835 Penicillium-mb
0 0 0.9411384994976946 0.0015638613791862373 Penicillium-commune
0 0 0.9247782577715008 0.002861429384026942 Penicillium-solitum
0 0 0.9451811532514781 0.0013119093025611467 Penicillium-chrysogenum
0 0 -0.6313135147455634 0.12836668384429606 Penicillium-cvjetkovicii
