#SPECIES: Penicillium-brevicompactum Penicillium-verrucosum Penicillium-mb Penicillium-polonicum Penicillium-commune Penicillium-solitum Penicillium-chrysogenum Penicillium-cvjetkovicii 
#GENE_TREEs p: 0.07319259690800282 0.04836287022227389 0.03880102658507228 0.03933464432323266 0.27902230673799555 0.057192435369824504 0.043129112782336776 0.2705463675206973 
#GENE_TREEs r: -0.711130085802135 0.7579345690195087 0.7794580074463197 0.7781843064783504 0.477074662027055 0.7400543884684111 0.7693906478822162 -0.48448054431105897 
1 2 -0.7111190242494259 0.0731991230020021 Penicillium-brevicompactum
1 2 0.7488936796591948 0.05272644343367133 Penicillium-verrucosum
1 2 0.7698376042727069 0.042931590700944974 Penicillium-mb
1 2 0.7685733494995076 0.043491592230453506 Penicillium-polonicum
1 2 0.47143990846022427 0.2855497337268448 Penicillium-commune
1 2 0.7318115323453662 0.06153552461903555 Penicillium-solitum
1 2 0.7573834198106616 0.04862298219740373 Penicillium-chrysogenum
1 2 -0.44385453538292835 0.3184644984956699 Penicillium-cvjetkovicii
1 2 -0.7111115412801073 0.073203537980327 Penicillium-brevicompactum
1 2 0.7490941952604278 0.052627427337849676 Penicillium-verrucosum
1 2 0.7699020072423076 0.042903170500617975 Penicillium-mb
1 2 0.7686498127467098 0.04345760915204537 Penicillium-polonicum
1 2 0.47218198308685366 0.2846862412698518 Penicillium-commune
1 2 0.7322200071936276 0.06131624119764006 Penicillium-solitum
1 2 0.7573859289353755 0.04862179629567523 Penicillium-chrysogenum
1 2 -0.44288744575831274 0.3196468081741112 Penicillium-cvjetkovicii
3 4 -0.7109984900687562 0.07327025594302083 Penicillium-brevicompactum
3 4 0.7473286962683239 0.053502736246918085 Penicillium-verrucosum
3 4 0.7696671407928308 0.04300686413119377 Penicillium-mb
3 4 0.7683843008678476 0.04357567524394266 Penicillium-polonicum
3 4 0.46980389473888173 0.28745754830107534 Penicillium-commune
3 4 0.7321253425779204 0.06136702271019014 Penicillium-solitum
3 4 0.7591064175522162 0.047812364333632985 Penicillium-chrysogenum
3 4 -0.4270961431725107 0.3392176843835613 Penicillium-cvjetkovicii
1 2 -0.7111664562970824 0.07317114124260429 Penicillium-brevicompactum
1 2 0.7479368625533084 0.053200326421265605 Penicillium-verrucosum
1 2 0.7687129948158361 0.043429539764525356 Penicillium-mb
1 2 0.7674603263380457 0.043987918680268204 Penicillium-polonicum
1 2 0.4712851162549233 0.2857299999699833 Penicillium-commune
1 2 0.731214673695877 0.061856701051943276 Penicillium-solitum
1 2 0.7559691528986664 0.049293939037283005 Penicillium-chrysogenum
1 2 -0.44526757015118734 0.3167404084382575 Penicillium-cvjetkovicii
1 0 -0.7111300858021349 0.0731925969080029 Penicillium-brevicompactum
1 0 0.7547384795675741 0.04988189713712713 Penicillium-verrucosum
1 0 0.7748287274851585 0.040759807602796495 Penicillium-mb
1 0 0.7735857393572396 0.041294849135332976 Penicillium-polonicum
1 0 0.4739023734620551 0.28268885404198923 Penicillium-commune
1 0 0.7374824696414326 0.05852905361315114 Penicillium-solitum
1 0 0.7639411129980853 0.04557766270557744 Penicillium-chrysogenum
1 0 -0.46576203681782063 0.2921951113396491 Penicillium-cvjetkovicii
1 0 -0.7111300858021349 0.0731925969080029 Penicillium-brevicompactum
1 0 0.7486938871004595 0.05282520356090362 Penicillium-verrucosum
1 0 0.7686930824488746 0.043438384992206376 Penicillium-mb
1 0 0.7674655980841031 0.04398556055417671 Penicillium-polonicum
1 0 0.4727082551778931 0.2840745682508607 Penicillium-commune
1 0 0.7318416578596734 0.061519337726203056 Penicillium-solitum
1 0 0.7555440237253395 0.04949661419413881 Penicillium-chrysogenum
1 0 -0.4454864351445957 0.31647372645441896 Penicillium-cvjetkovicii
1 0 -0.7111300858021349 0.0731925969080029 Penicillium-brevicompactum
1 0 0.7527025036400475 0.05086297762917821 Penicillium-verrucosum
1 0 0.7728908747570279 0.041595632814470276 Penicillium-mb
1 0 0.7717058049062192 0.04211139255244755 Penicillium-polonicum
1 0 0.47759425671415767 0.278423802007171 Penicillium-commune
1 0 0.7364289481324097 0.05908140916615233 Penicillium-solitum
1 0 0.7604314334242949 0.0471940671606655 Penicillium-chrysogenum
1 0 -0.465692950208531 0.29227638818222823 Penicillium-cvjetkovicii
3 4 -0.7112884317759088 0.07309921011519352 Penicillium-brevicompactum
3 4 0.7458827362747662 0.05422549395988633 Penicillium-verrucosum
3 4 0.7672049118226527 0.04410225260856643 Penicillium-mb
3 4 0.7659258322140772 0.04467728063491464 Penicillium-polonicum
3 4 0.46976939059112216 0.28749784575441856 Penicillium-commune
3 4 0.7299332985431156 0.06254928070210054 Penicillium-solitum
3 4 0.7550209630782019 0.0497466021031183 Penicillium-chrysogenum
3 4 -0.44526757015118723 0.3167404084382576 Penicillium-cvjetkovicii
1 0 -0.711130085802135 0.07319259690800282 Penicillium-brevicompactum
1 0 0.7504218758946813 0.051974372360533455 Penicillium-verrucosum
1 0 0.7713302105980504 0.04227558916336215 Penicillium-mb
1 0 0.7700664211510412 0.0428306638298773 Penicillium-polonicum
1 0 0.47259575470526977 0.28420527540226287 Penicillium-commune
1 0 0.7332089923345442 0.060787074805273615 Penicillium-solitum
1 0 0.7592485141555453 0.047745845792474165 Penicillium-chrysogenum
1 0 -0.45120799250572396 0.30953676624854226 Penicillium-cvjetkovicii
1 2 -0.7109388361525413 0.07330547423549308 Penicillium-brevicompactum
1 2 0.7509774263834152 0.051702431669019284 Penicillium-verrucosum
1 2 0.7715561989485344 0.0421767527524016 Penicillium-mb
1 2 0.7702835228429243 0.04273502542087885 Penicillium-polonicum
1 2 0.470266738279391 0.28691723569713556 Penicillium-commune
1 2 0.7337268256036106 0.06051099364063876 Penicillium-solitum
1 2 0.7601405524908486 0.04732942364996555 Penicillium-chrysogenum
1 2 -0.41777886976342876 0.35099595345512224 Penicillium-cvjetkovicii
1 2 -0.7110661787312763 0.07323030509636379 Penicillium-brevicompactum
1 2 0.7498391988603657 0.05226042911485059 Penicillium-verrucosum
1 2 0.7709025812451458 0.04246296304554842 Penicillium-mb
1 2 0.7696372300545778 0.0430200796436131 Penicillium-polonicum
1 2 0.47055558644994744 0.28658027062029634 Penicillium-commune
1 2 0.7325314512000599 0.061149332020569346 Penicillium-solitum
1 2 0.7587044271436902 0.04800082010831448 Penicillium-chrysogenum
1 2 -0.43682472492771646 0.32710172166433615 Penicillium-cvjetkovicii
1 2 -0.7111297042907416 0.0731928219868772 Penicillium-brevicompactum
1 2 0.7485762950978189 0.05288337802619462 Penicillium-verrucosum
1 2 0.7693567899018484 0.043144095909191736 Penicillium-mb
1 2 0.7680663250677505 0.04371730298882359 Penicillium-polonicum
1 2 0.47109322266346904 0.28595354376274534 Penicillium-commune
1 2 0.7315823509429157 0.061658742716423375 Penicillium-solitum
1 2 0.7575308333955723 0.048553336185900645 Penicillium-chrysogenum
1 2 -0.44521916027585096 0.31679940790051797 Penicillium-cvjetkovicii
1 2 -0.7111135568502861 0.07320234877277321 Penicillium-brevicompactum
1 2 0.7501154912675169 0.052124680473528286 Penicillium-verrucosum
1 2 0.7707707016685716 0.0425208408326072 Penicillium-mb
1 2 0.7694902899833391 0.043085034944113317 Penicillium-polonicum
1 2 0.4725221485296679 0.28429080826985853 Penicillium-commune
1 2 0.7328637403440471 0.06097152313216459 Penicillium-solitum
1 2 0.7589772191506485 0.04787288904942432 Penicillium-chrysogenum
1 2 -0.44314883229894175 0.3193270649601267 Penicillium-cvjetkovicii
1 2 -0.7110546441760712 0.07323711213627543 Penicillium-brevicompactum
1 2 0.7493933258429492 0.05247990329773088 Penicillium-verrucosum
1 2 0.7697078526589133 0.04298887993581858 Penicillium-mb
1 2 0.7684891073158134 0.04352904950560673 Penicillium-polonicum
1 2 0.474180805132568 0.28236618359058563 Penicillium-commune
1 2 0.7322712041915975 0.0612887867655559 Penicillium-solitum
1 2 0.7562121590639296 0.04917829341290209 Penicillium-chrysogenum
1 2 -0.4352264133855324 0.3290793402779984 Penicillium-cvjetkovicii
1 2 -0.7111864121672581 0.07315937031606705 Penicillium-brevicompactum
1 2 0.74644230425076 0.053945168636970756 Penicillium-verrucosum
1 2 0.7688271950200889 0.043378830324074406 Penicillium-mb
1 2 0.7674754172180129 0.04398116850325214 Penicillium-polonicum
1 2 0.46665383330279875 0.2911468583969295 Penicillium-commune
1 2 0.7289635657894711 0.06307619191750867 Penicillium-solitum
1 2 0.757380791196219 0.04862422459124267 Penicillium-chrysogenum
1 2 -0.44526757015118695 0.316740408438258 Penicillium-cvjetkovicii
1 0 -0.711130085802135 0.07319259690800282 Penicillium-brevicompactum
1 0 0.7509654994132878 0.05170826170540048 Penicillium-verrucosum
1 0 0.772335906901782 0.04183672607519613 Penicillium-mb
1 0 0.771059243077729 0.042394265629719374 Penicillium-polonicum
1 0 0.47200449692271357 0.2848926614580454 Penicillium-commune
1 0 0.7337105975773659 0.06051963522722377 Penicillium-solitum
1 0 0.7607157210637288 0.04706198437455088 Penicillium-chrysogenum
1 0 -0.45310405736216414 0.30725270830096313 Penicillium-cvjetkovicii
1 2 -0.7110990594394874 0.07321090262764156 Penicillium-brevicompactum
1 2 0.7505387262788391 0.051917109624022906 Penicillium-verrucosum
1 2 0.7713928451475042 0.042248183041201044 Penicillium-mb
1 2 0.7701564649364672 0.042790983109691434 Penicillium-polonicum
1 2 0.4725232529777653 0.28428952477886504 Penicillium-commune
1 2 0.7332092743313502 0.060786924274277725 Penicillium-solitum
1 2 0.7586442969012804 0.04802904453657797 Penicillium-chrysogenum
1 2 -0.44125387127073085 0.3216482191358541 Penicillium-cvjetkovicii
1 0 -0.7111300858021352 0.07319259690800271 Penicillium-brevicompactum
1 0 0.7485900373647424 0.052876577724135204 Penicillium-verrucosum
1 0 0.7703572990385112 0.04270255211297878 Penicillium-mb
1 0 0.7690477434455173 0.04328099046239859 Penicillium-polonicum
1 0 0.4692618519885404 0.2880908914145071 Penicillium-commune
1 0 0.7302385398415077 0.06238392012920931 Penicillium-solitum
1 0 0.7578468985225861 0.048404194688847706 Penicillium-chrysogenum
1 0 -0.4462651359746234 0.3155256865196589 Penicillium-cvjetkovicii
3 4 -0.711109851873751 0.07320453475577225 Penicillium-brevicompactum
3 4 0.7473212163760548 0.05350646143531882 Penicillium-verrucosum
3 4 0.7683877957455686 0.043574120017846885 Penicillium-mb
3 4 0.7671092300773368 0.04414512574483982 Penicillium-polonicum
3 4 0.4702326590291181 0.2869570035693251 Penicillium-commune
3 4 0.7312861013802834 0.0618182173340956 Penicillium-solitum
3 4 0.7565892933034629 0.048999111478625686 Penicillium-chrysogenum
3 4 -0.44266784548574156 0.31991554280194395 Penicillium-cvjetkovicii
1 0 -0.711130085802135 0.07319259690800282 Penicillium-brevicompactum
1 0 0.7484678017296282 0.052937082267866566 Penicillium-verrucosum
1 0 0.7700723153118715 0.04282806575588241 Penicillium-mb
1 0 0.7687586297444239 0.04340927212073585 Penicillium-polonicum
1 0 0.46996729314107544 0.2872667491801983 Penicillium-commune
1 0 0.7302384264716233 0.06238398150194778 Penicillium-solitum
1 0 0.7576746200874321 0.048485456438152684 Penicillium-chrysogenum
1 0 -0.4496725892753671 0.31139176360866433 Penicillium-cvjetkovicii
1 2 -0.7111800654661846 0.07316311379389852 Penicillium-brevicompactum
1 2 0.7486086756651787 0.052867355403613675 Penicillium-verrucosum
1 2 0.7690833068075732 0.04326522521821118 Penicillium-mb
1 2 0.7678231886869633 0.04382576781390392 Penicillium-polonicum
1 2 0.471620764898559 0.28533917814944787 Penicillium-commune
1 2 0.7316837825546683 0.061604192121353506 Penicillium-solitum
1 2 0.7566213106095194 0.04898391609751211 Penicillium-chrysogenum
1 2 -0.44526757015118695 0.316740408438258 Penicillium-cvjetkovicii
1 2 -0.7109162852263888 0.07331879014092643 Penicillium-brevicompactum
1 2 0.7510471542206921 0.05166835511207982 Penicillium-verrucosum
1 2 0.7703465943240431 0.04270726305234679 Penicillium-mb
1 2 0.7692103235490735 0.043208944524567916 Penicillium-polonicum
1 2 0.4792559582500881 0.27651361560241244 Penicillium-commune
1 2 0.7346542145809076 0.0600182605692309 Penicillium-solitum
1 2 0.755983572643185 0.04928707258725726 Penicillium-chrysogenum
1 2 -0.4140598975051831 0.35574425244167507 Penicillium-cvjetkovicii
1 2 -0.7110814130103299 0.07322131520859042 Penicillium-brevicompactum
1 2 0.7490428764078779 0.052652759293243395 Penicillium-verrucosum
1 2 0.7688690980242577 0.04336023191002627 Penicillium-mb
1 2 0.7676120878318335 0.043920061484721815 Penicillium-polonicum
1 2 0.4735635033350934 0.2830817880368759 Penicillium-commune
1 2 0.7325611061888895 0.0611334521538313 Penicillium-solitum
1 2 0.7568825165413375 0.04886004451239655 Penicillium-chrysogenum
1 2 -0.43889988601903474 0.32454171874468196 Penicillium-cvjetkovicii
1 2 -0.7113575196783015 0.07305848454591175 Penicillium-brevicompactum
1 2 0.7450837451999638 0.05462713576005374 Penicillium-verrucosum
1 2 0.7671630676303683 0.04412099935739427 Penicillium-mb
1 2 0.765802563238988 0.04473291464117946 Penicillium-polonicum
1 2 0.46329813805365433 0.2950999463337092 Penicillium-commune
1 2 0.7260633513703649 0.0646663079905586 Penicillium-solitum
1 2 0.7543934493359318 0.05004742181185306 Penicillium-chrysogenum
1 2 -0.4452675701511882 0.31674040843825646 Penicillium-cvjetkovicii
1 2 -0.711152185884334 0.07317955923630569 Penicillium-brevicompactum
1 2 0.7479708649802104 0.0531834463690554 Penicillium-verrucosum
1 2 0.7696683146287348 0.04300634553893582 Penicillium-mb
1 2 0.7683593015159045 0.04358680088699828 Penicillium-polonicum
1 2 0.4682950745160152 0.28922204945041446 Penicillium-commune
1 2 0.7297562141244034 0.06264532243829528 Penicillium-solitum
1 2 0.7570999478939523 0.04875706322158044 Penicillium-chrysogenum
1 2 -0.4452675701511877 0.3167404084382571 Penicillium-cvjetkovicii
1 2 -0.7110261124909967 0.07325395137309396 Penicillium-brevicompactum
1 2 0.7487978571173349 0.05277379720342574 Penicillium-verrucosum
1 2 0.7679711341319565 0.04375975068535872 Penicillium-mb
1 2 0.7668604625803118 0.04425670102368906 Penicillium-polonicum
1 2 0.4781886533425914 0.27773984282582753 Penicillium-commune
1 2 0.7326082245062941 0.06110822549174817 Penicillium-solitum
1 2 0.7523718160540234 0.05102331420104918 Penicillium-chrysogenum
1 2 -0.4311694263401844 0.3341219811225966 Penicillium-cvjetkovicii
3 4 -0.7109915247733111 0.0732743676251196 Penicillium-brevicompactum
3 4 0.7476238105495581 0.05335587427844694 Penicillium-verrucosum
3 4 0.7690914353457075 0.04326162228049396 Penicillium-mb
3 4 0.7678769095720819 0.04380178980889714 Penicillium-polonicum
3 4 0.4737189393087109 0.2829015232748112 Penicillium-commune
3 4 0.7326898858554458 0.06106451819968368 Penicillium-solitum
3 4 0.7570667149898728 0.0487727955013973 Penicillium-chrysogenum
3 4 -0.4260456232727118 0.3405371945088767 Penicillium-cvjetkovicii
1 2 -0.7111844624794502 0.07316052029047597 Penicillium-brevicompactum
1 2 0.7473740585965888 0.05348014761313043 Penicillium-verrucosum
1 2 0.768381255095907 0.04357703064220453 Penicillium-mb
1 2 0.767133642363897 0.044134184891957064 Penicillium-polonicum
1 2 0.4714913020158939 0.28548989359039467 Penicillium-commune
1 2 0.730808480129813 0.06207579593774025 Penicillium-solitum
1 2 0.7553950526961795 0.0495677421082674 Penicillium-chrysogenum
1 2 -0.44526757015118573 0.31674040843825957 Penicillium-cvjetkovicii
1 0 -0.7111300858021349 0.0731925969080029 Penicillium-brevicompactum
1 0 0.7484280507523473 0.05295676645893546 Penicillium-verrucosum
1 0 0.7694611333713265 0.04309793013741148 Penicillium-mb
1 0 0.768197108061495 0.0436590210389685 Penicillium-polonicum
1 0 0.47094731767499987 0.2861235659215849 Penicillium-commune
1 0 0.7315908487004719 0.06165417156291027 Penicillium-solitum
1 0 0.7570686650902249 0.048771872257438134 Penicillium-chrysogenum
1 0 -0.44647961789674134 0.315264779147387 Penicillium-cvjetkovicii
1 2 -0.7111307460094957 0.07319220740876875 Penicillium-brevicompactum
1 2 0.7485397782162636 0.05290145056867601 Penicillium-verrucosum
1 2 0.7693280247738679 0.043156827557358585 Penicillium-mb
1 2 0.7680840411270383 0.043709405520248795 Penicillium-polonicum
1 2 0.4715941777428457 0.28537012694219527 Penicillium-commune
1 2 0.7316047461975742 0.06164669615152594 Penicillium-solitum
1 2 0.7564039777360526 0.04908711279996971 Penicillium-chrysogenum
1 2 -0.4452675701511887 0.316740408438256 Penicillium-cvjetkovicii
1 2 -0.7108323825280529 0.07336834450641519 Penicillium-brevicompactum
1 2 0.7509912543216487 0.05169567286789056 Penicillium-verrucosum
1 2 0.7711738372851361 0.042344054054739885 Penicillium-mb
1 2 0.7699815315360428 0.042868091775035526 Penicillium-polonicum
1 2 0.47685582001844845 0.2792745565111501 Penicillium-commune
1 2 0.7339215755780665 0.06040733948774997 Penicillium-solitum
1 2 0.7575502709090707 0.04854415695567659 Penicillium-chrysogenum
1 2 -0.3991845655460963 0.3750002979097719 Penicillium-cvjetkovicii
1 2 -0.7111395026011973 0.07318704143114721 Penicillium-brevicompactum
1 2 0.7482737751232711 0.053033199673959974 Penicillium-verrucosum
1 2 0.7686893574967668 0.043440039755030725 Penicillium-mb
1 2 0.7674707389948606 0.04398326101962203 Penicillium-polonicum
1 2 0.47226236121376064 0.2845927817642083 Penicillium-commune
1 2 0.7310808556799754 0.06192883424022522 Penicillium-solitum
1 2 0.7548285289485432 0.04983874628018953 Penicillium-chrysogenum
1 2 -0.445267570151189 0.3167404084382554 Penicillium-cvjetkovicii
3 4 -0.711135178217594 0.07318959258986331 Penicillium-brevicompactum
3 4 0.7457133078817557 0.05431052831680071 Penicillium-verrucosum
3 4 0.7682031409314504 0.043656333592997955 Penicillium-mb
3 4 0.7669217129560953 0.044229215083321616 Penicillium-polonicum
3 4 0.46765270232518225 0.2899747331028916 Penicillium-commune
3 4 0.7305037875565575 0.06224041781084726 Penicillium-solitum
3 4 0.7571920497262099 0.048713477243881316 Penicillium-chrysogenum
3 4 -0.44526757015118695 0.316740408438258 Penicillium-cvjetkovicii
1 0 -0.711130085802135 0.07319259690800282 Penicillium-brevicompactum
1 0 0.7488119221889744 0.052766845045737414 Penicillium-verrucosum
1 0 0.7695625181657392 0.04305309950592364 Penicillium-mb
1 0 0.7683170904628938 0.043605589931035464 Penicillium-polonicum
1 0 0.4727889021107771 0.28398088622638606 Penicillium-commune
1 0 0.7317107555560343 0.061589690260707264 Penicillium-solitum
1 0 0.7565376373155045 0.049023632803535694 Penicillium-chrysogenum
1 0 -0.44679999765865896 0.3148752262740892 Penicillium-cvjetkovicii
1 2 -0.7109447953410911 0.07330195566101282 Penicillium-brevicompactum
1 2 0.7510462683845605 0.05166878795034189 Penicillium-verrucosum
1 2 0.7721187164946505 0.041931289045834604 Penicillium-mb
1 2 0.7708385546014975 0.0424910568878089 Penicillium-polonicum
1 2 0.46980196503812877 0.2874598019355101 Penicillium-commune
1 2 0.7336463481632587 0.06055385524813233 Penicillium-solitum
1 2 0.7607146363698352 0.047062487947553334 Penicillium-chrysogenum
1 2 -0.4187430618667336 0.3497692519138763 Penicillium-cvjetkovicii
1 2 -0.7111055620988772 0.07320706582084868 Penicillium-brevicompactum
1 2 0.7480803861276316 0.05312909592499346 Penicillium-verrucosum
1 2 0.768750109777821 0.0434130556608125 Penicillium-mb
1 2 0.7675246470372172 0.043959151886248916 Penicillium-polonicum
1 2 0.472562329316135 0.284244115411532 Penicillium-commune
1 2 0.7312760343899009 0.06182364042989377 Penicillium-solitum
1 2 0.7552658904140251 0.049629457392186146 Penicillium-chrysogenum
1 2 -0.4421081255321523 0.32060093784157295 Penicillium-cvjetkovicii
1 0 -0.7111300858021352 0.07319259690800271 Penicillium-brevicompactum
1 0 0.755949637085373 0.049303232987735465 Penicillium-verrucosum
1 0 0.7752601336493782 0.04057501091561994 Penicillium-mb
1 0 0.7741393902260587 0.04105605508188203 Penicillium-polonicum
1 0 0.4845312047893379 0.2704887934943518 Penicillium-commune
1 0 0.7400419679344389 0.05719884998090448 Penicillium-solitum
1 0 0.7625423912804208 0.04621814295439465 Penicillium-chrysogenum
1 0 -0.4800478649395811 0.2756053703835998 Penicillium-cvjetkovicii
1 2 -0.7113098222401926 0.07308659967910969 Penicillium-brevicompactum
1 2 0.7486877156159627 0.052828255814498085 Penicillium-verrucosum
1 2 0.7694689331554134 0.043094480292086214 Penicillium-mb
1 2 0.7682164328588613 0.043650412796377526 Penicillium-polonicum
1 2 0.4711511424676073 0.2858860626735671 Penicillium-commune
1 2 0.7315212640651565 0.0616916082543384 Penicillium-solitum
1 2 0.756634499503935 0.048977657412660025 Penicillium-chrysogenum
1 2 -0.44526757015118695 0.316740408438258 Penicillium-cvjetkovicii
1 2 -0.7113127152447912 0.07308489423990554 Penicillium-brevicompactum
1 2 0.7448969736277443 0.05472125622796918 Penicillium-verrucosum
1 2 0.7669432060527694 0.044219572343236965 Penicillium-mb
1 2 0.7655808261011188 0.04483308543862168 Penicillium-polonicum
1 2 0.46438901145449846 0.29381228271216564 Penicillium-commune
1 2 0.7257616753926407 0.06483293736514366 Penicillium-solitum
1 2 0.7539798186753107 0.05024625254906231 Penicillium-chrysogenum
1 2 -0.44526757015118734 0.3167404084382575 Penicillium-cvjetkovicii
1 2 -0.7111714058718871 0.07316822165212815 Penicillium-brevicompactum
1 2 0.7475611151989541 0.05338705584383759 Penicillium-verrucosum
1 2 0.7689447617110581 0.043326660142040146 Penicillium-mb
1 2 0.767652201386843 0.043902135132785604 Penicillium-polonicum
1 2 0.4695411723323206 0.287764445562341 Penicillium-commune
1 2 0.7295586299873609 0.06275257625326926 Penicillium-solitum
1 2 0.7559484414265876 0.049303802423524 Penicillium-chrysogenum
1 2 -0.4452675701511887 0.316740408438256 Penicillium-cvjetkovicii
1 0 -0.7111300858021349 0.0731925969080029 Penicillium-brevicompactum
1 0 0.7517709761805004 0.051315342720345145 Penicillium-verrucosum
1 0 0.7721448515933835 0.04191990379374795 Penicillium-mb
1 0 0.7709023501956388 0.04246306440785573 Penicillium-polonicum
1 0 0.47425798983958395 0.2822767645231089 Penicillium-commune
1 0 0.7346685290867033 0.060010672208036575 Penicillium-solitum
1 0 0.7601310538568781 0.04733384726591762 Penicillium-chrysogenum
1 0 -0.4588346011889235 0.3003945666633358 Penicillium-cvjetkovicii
1 2 -0.7110988968582752 0.0732109985578807 Penicillium-brevicompactum
1 2 0.7491874280450438 0.05258142290405829 Penicillium-verrucosum
1 2 0.7703911856419929 0.04268764115923177 Penicillium-mb
1 2 0.7691134571000086 0.04325186206873168 Penicillium-polonicum
1 2 0.47107980877274197 0.2859691730041846 Penicillium-commune
1 2 0.7318166949995445 0.061532750483471094 Penicillium-solitum
1 2 0.7581088106837027 0.04828079692722076 Penicillium-chrysogenum
1 2 -0.44123242286063746 0.3216745329702312 Penicillium-cvjetkovicii
1 2 -0.7110866341855927 0.07321823428116303 Penicillium-brevicompactum
1 2 0.7486939851913433 0.052825155048514726 Penicillium-verrucosum
1 2 0.7703035877958126 0.04272619228925179 Penicillium-mb
1 2 0.7689953060616522 0.043304241739544856 Penicillium-polonicum
1 2 0.4671006412723497 0.2906222910551174 Penicillium-commune
1 2 0.7304918077618573 0.062246895174575066 Penicillium-solitum
1 2 0.75810550328761 0.048282354102876145 Penicillium-chrysogenum
1 2 -0.43960187803402123 0.32367766917690305 Penicillium-cvjetkovicii
1 2 -0.711132599772456 0.073191113759441 Penicillium-brevicompactum
1 2 0.7485988752142588 0.05287220460429803 Penicillium-verrucosum
1 2 0.7686243558908673 0.04346892148898085 Penicillium-mb
1 2 0.7674334783761888 0.04399992923133033 Penicillium-polonicum
1 2 0.4733966075579895 0.28327540028815446 Penicillium-commune
1 2 0.7316238336245764 0.06163642989601607 Penicillium-solitum
1 2 0.7543967088190511 0.050045856703936076 Penicillium-chrysogenum
1 2 -0.445267570151189 0.3167404084382554 Penicillium-cvjetkovicii
1 2 -0.7112010443316854 0.0731507402101051 Penicillium-brevicompactum
1 2 0.745938069828141 0.05419773835660948 Penicillium-verrucosum
1 2 0.7658887973271065 0.044693991291033935 Penicillium-mb
1 2 0.7647354870351571 0.045216102826786654 Penicillium-polonicum
1 2 0.47620690688812817 0.2800231316682151 Penicillium-commune
1 2 0.7300024794004171 0.06251178210887613 Penicillium-solitum
1 2 0.750407687573989 0.05198132772032606 Penicillium-chrysogenum
1 2 -0.44526757015118684 0.31674040843825824 Penicillium-cvjetkovicii
1 2 -0.7111632954591759 0.07317300574898274 Penicillium-brevicompactum
1 2 0.7476406427300046 0.0533475044772161 Penicillium-verrucosum
1 2 0.7686562296251302 0.043454757921236875 Penicillium-mb
1 2 0.7673989764279308 0.04401536647815173 Penicillium-polonicum
1 2 0.4721930730487999 0.2846733456243879 Penicillium-commune
1 2 0.7317171193942522 0.061586269053473475 Penicillium-solitum
1 2 0.7565093528596843 0.049037062407819985 Penicillium-chrysogenum
1 2 -0.4452675701511876 0.3167404084382571 Penicillium-cvjetkovicii
1 0 -0.7111300858021349 0.0731925969080029 Penicillium-brevicompactum
1 0 0.7526491062397943 0.05088884910849151 Penicillium-verrucosum
1 0 0.7733171233387335 0.04141098108047494 Penicillium-mb
1 0 0.7720559049300395 0.041958658674126896 Penicillium-polonicum
1 0 0.4738428180114886 0.28275789338829904 Penicillium-commune
1 0 0.7358764239962774 0.05937222028470598 Penicillium-solitum
1 0 0.7623520864590771 0.046305664093075447 Penicillium-chrysogenum
1 0 -0.4567694040184257 0.30285830646083317 Penicillium-cvjetkovicii
1 0 -0.7111300858021349 0.0731925969080029 Penicillium-brevicompactum
1 0 0.7493250803662426 0.052513540422205136 Penicillium-verrucosum
1 0 0.7715322046599499 0.04218724063941108 Penicillium-mb
1 0 0.7701921209000614 0.04277527575739226 Penicillium-polonicum
1 0 0.46919553520844987 0.2881684210146029 Penicillium-commune
1 0 0.7299892574411083 0.06251894796171482 Penicillium-solitum
1 0 0.7591932203668298 0.04777172399006647 Penicillium-chrysogenum
1 0 -0.45530259629517167 0.3046135417495321 Penicillium-cvjetkovicii
1 2 -0.7112985962658893 0.0730932176431738 Penicillium-brevicompactum
1 2 0.7457419824594117 0.05429613173673236 Penicillium-verrucosum
1 2 0.7668745640483394 0.04425037219478673 Penicillium-mb
1 2 0.7656153320206334 0.04481748912422025 Penicillium-polonicum
1 2 0.46972020865573905 0.2875552897675774 Penicillium-commune
1 2 0.7291133598958648 0.062994644157768 Penicillium-solitum
1 2 0.7535883211994322 0.05043484149422001 Penicillium-chrysogenum
1 2 -0.44526757015118856 0.316740408438256 Penicillium-cvjetkovicii
3 4 -0.7113118676216144 0.07308539391536788 Penicillium-brevicompactum
3 4 0.7439032814205171 0.055223495746779136 Penicillium-verrucosum
3 4 0.7662277824099937 0.044541164853386696 Penicillium-mb
3 4 0.7649287894452788 0.045128360693854785 Penicillium-polonicum
3 4 0.46783037190993504 0.2897664662370226 Penicillium-commune
3 4 0.7284613005740005 0.06335004077285672 Penicillium-solitum
3 4 0.7544969159925111 0.049997753240982504 Penicillium-chrysogenum
3 4 -0.445267570151187 0.3167404084382579 Penicillium-cvjetkovicii
1 2 -0.7112410851672294 0.07312712676087385 Penicillium-brevicompactum
1 2 0.7467457252131824 0.05379349584066486 Penicillium-verrucosum
1 2 0.7684579542177911 0.04354290585788567 Penicillium-mb
1 2 0.7671434246979808 0.044129801163105976 Penicillium-polonicum
1 2 0.46720825789983483 0.29049600831392514 Penicillium-commune
1 2 0.7287671510223304 0.06318320632816919 Penicillium-solitum
1 2 0.7558342604774542 0.04935819801642717 Penicillium-chrysogenum
1 2 -0.4452675701511873 0.3167404084382575 Penicillium-cvjetkovicii
1 2 -0.7111109640291192 0.07320387856637234 Penicillium-brevicompactum
1 2 0.7498263310827383 0.052266756042403745 Penicillium-verrucosum
1 2 0.7703844413681097 0.04269060857959279 Penicillium-mb
1 2 0.7691008442731683 0.04325745202255366 Penicillium-polonicum
1 2 0.4725206651946824 0.2842925320734438 Penicillium-commune
1 2 0.7331241967402424 0.06083234818398817 Penicillium-solitum
1 2 0.7590645155130575 0.047831989300159916 Penicillium-chrysogenum
1 2 -0.4428124634086734 0.31973855644978455 Penicillium-cvjetkovicii
1 2 -0.7111504867166485 0.07318056159525133 Penicillium-brevicompactum
1 2 0.7485511027563877 0.0528958455884206 Penicillium-verrucosum
1 2 0.7693993209884658 0.0431252751458642 Penicillium-mb
1 2 0.7681452960547778 0.04368210534446423 Penicillium-polonicum
1 2 0.4709205609772243 0.28615475021983405 Penicillium-commune
1 2 0.7315074048355129 0.061699066020098926 Penicillium-solitum
1 2 0.7566654748100563 0.04896296005110622 Penicillium-chrysogenum
1 2 -0.4452675701511869 0.31674040843825824 Penicillium-cvjetkovicii
1 0 -0.711130085802135 0.07319259690800282 Penicillium-brevicompactum
1 0 0.7516959379207715 0.051351877874265914 Penicillium-verrucosum
1 0 0.772443856842694 0.04178976938209745 Penicillium-mb
1 0 0.7712070118683876 0.04232952412522631 Penicillium-polonicum
1 0 0.4718310813949672 0.2850944118902119 Penicillium-commune
1 0 0.7340162093521198 0.06035700616486317 Penicillium-solitum
1 0 0.7599251596785832 0.04742979017797446 Penicillium-chrysogenum
1 0 -0.4594543033775481 0.29965700008114016 Penicillium-cvjetkovicii
1 2 -0.7114298918671662 0.07301583600710031 Penicillium-brevicompactum
1 2 0.7438377057823108 0.05525672741508164 Penicillium-verrucosum
1 2 0.7655006187170146 0.04486934987653212 Penicillium-mb
1 2 0.7641399639368347 0.0454870069380158 Penicillium-polonicum
1 2 0.46057095086598304 0.2983299869810184 Penicillium-commune
1 2 0.7257364783222781 0.06484686532562225 Penicillium-solitum
1 2 0.7533591736933207 0.05054540394466463 Penicillium-chrysogenum
1 2 -0.44526757015118723 0.3167404084382576 Penicillium-cvjetkovicii
1 2 -0.7110670158713753 0.07322981107696983 Penicillium-brevicompactum
1 2 0.7486834808343328 0.0528303502815894 Penicillium-verrucosum
1 2 0.769931611338797 0.04289011007638049 Penicillium-mb
1 2 0.7686360461947329 0.04346372643321184 Penicillium-polonicum
1 2 0.47004804239871184 0.28717247968683773 Penicillium-commune
1 2 0.7307739362513155 0.06209444774125712 Penicillium-solitum
1 2 0.7574827628268685 0.04857604126335761 Penicillium-chrysogenum
1 2 -0.4369398085954694 0.32695952378075294 Penicillium-cvjetkovicii
1 2 -0.7114107995886938 0.07302708568828134 Penicillium-brevicompactum
1 2 0.7454703147068569 0.05443261087055035 Penicillium-verrucosum
1 2 0.7662021174206962 0.0445527254535572 Penicillium-mb
1 2 0.7649431964003088 0.045121824969936525 Penicillium-polonicum
1 2 0.4674205760663022 0.29024693499981324 Penicillium-commune
1 2 0.7283256358887469 0.0634241188851082 Penicillium-solitum
1 2 0.7526030274596069 0.05091118044060511 Penicillium-chrysogenum
1 2 -0.4452675701511887 0.316740408438256 Penicillium-cvjetkovicii
1 2 -0.7110050234791239 0.07326639931919521 Penicillium-brevicompactum
1 2 0.7489975144596326 0.05267515635025607 Penicillium-verrucosum
1 2 0.7701870796282814 0.04277749637184092 Penicillium-mb
1 2 0.7689185916499751 0.04333827010407732 Penicillium-polonicum
1 2 0.4712910321178943 0.2857231096055392 Penicillium-commune
1 2 0.7309517638865172 0.06199846291844069 Penicillium-solitum
1 2 0.7570284759991499 0.04879090107831377 Penicillium-chrysogenum
1 2 -0.42807286208117906 0.33799281941632675 Penicillium-cvjetkovicii
1 0 -0.7111300858021351 0.07319259690800277 Penicillium-brevicompactum
1 0 0.7488411422779012 0.05275240358475232 Penicillium-verrucosum
1 0 0.7699773322635513 0.042869943707945 Penicillium-mb
1 0 0.7687055721379032 0.04343283685950157 Penicillium-polonicum
1 0 0.4696972019942905 0.2875821630739532 Penicillium-commune
1 0 0.7313419729292494 0.06178812396517976 Penicillium-solitum
1 0 0.7574358093043424 0.048598224347228186 Penicillium-chrysogenum
1 0 -0.4463076236978555 0.3154739947299867 Penicillium-cvjetkovicii
1 2 -0.7113917822283071 0.07303829214842712 Penicillium-brevicompactum
1 2 0.7456810575812954 0.054326722637825 Penicillium-verrucosum
1 2 0.7673255969345044 0.044048208669005606 Penicillium-mb
1 2 0.7660121104277072 0.04463836404612343 Penicillium-polonicum
1 2 0.4662519548239489 0.2916190355020052 Penicillium-commune
1 2 0.7277016185976114 0.06376545869896647 Penicillium-solitum
1 2 0.7543498520435094 0.05006835852532931 Penicillium-chrysogenum
1 2 -0.44526757015118795 0.31674040843825696 Penicillium-cvjetkovicii
1 0 -0.711130085802135 0.07319259690800282 Penicillium-brevicompactum
1 0 0.7485623312046156 0.05289028848806652 Penicillium-verrucosum
1 0 0.7691352402520439 0.04324220880174203 Penicillium-mb
1 0 0.7679114951034225 0.04378635658354104 Penicillium-polonicum
1 0 0.4736651800805568 0.28296386400407997 Penicillium-commune
1 0 0.7318810363533612 0.06149818254407282 Penicillium-solitum
1 0 0.7558306777954621 0.049359905331195116 Penicillium-chrysogenum
1 0 -0.4472602514838144 0.31431596490883057 Penicillium-cvjetkovicii
3 4 -0.7111433781237552 0.07318475511728215 Penicillium-brevicompactum
3 4 0.7469096368463725 0.053711657265216796 Penicillium-verrucosum
3 4 0.7673193102775575 0.04405102299254634 Penicillium-mb
3 4 0.7660485895385293 0.04462191541991089 Penicillium-polonicum
3 4 0.47190466403102216 0.2850087985745872 Penicillium-commune
3 4 0.7311064448211834 0.06191503716610756 Penicillium-solitum
3 4 0.7551903701958005 0.04966556134104806 Penicillium-chrysogenum
3 4 -0.4452675701511883 0.3167404084382563 Penicillium-cvjetkovicii
1 2 -0.7110828911968715 0.07322044294860901 Penicillium-brevicompactum
1 2 0.7496595260373013 0.0523488098892911 Penicillium-verrucosum
1 2 0.7702570346934837 0.04274668775873256 Penicillium-mb
1 2 0.7689750622517497 0.043313219895594925 Penicillium-polonicum
1 2 0.47045812925863717 0.286693942708045 Penicillium-commune
1 2 0.7319663535762148 0.06145236135658885 Penicillium-solitum
1 2 0.7581181127669785 0.04827641750340086 Penicillium-chrysogenum
1 2 -0.4390991028985181 0.32429641124424674 Penicillium-cvjetkovicii
1 2 -0.710861147123385 0.07335135362625143 Penicillium-brevicompactum
1 2 0.7513473818001043 0.05152177172011589 Penicillium-verrucosum
1 2 0.772552170273779 0.04174268383784884 Penicillium-mb
1 2 0.7712726197779963 0.042300797026851675 Penicillium-polonicum
1 2 0.4732166403842035 0.2834842426744919 Penicillium-commune
1 2 0.7344586398291519 0.060121990147877 Penicillium-solitum
1 2 0.7613769096924456 0.04675557572775349 Penicillium-chrysogenum
1 2 -0.40447669836976463 0.3681017497681887 Penicillium-cvjetkovicii
1 2 -0.7111011897245085 0.07320964566973201 Penicillium-brevicompactum
1 2 0.7498024758766825 0.05227848645972831 Penicillium-verrucosum
1 2 0.7709162420244726 0.04245697024640992 Penicillium-mb
1 2 0.7696372810342558 0.04302005711727038 Penicillium-polonicum
1 2 0.47042284108623295 0.28673510706754884 Penicillium-commune
1 2 0.7324396599485532 0.061198499215891704 Penicillium-solitum
1 2 0.7589700061954333 0.04787626929275439 Penicillium-chrysogenum
1 2 -0.44153450044173087 0.3213040166591918 Penicillium-cvjetkovicii
1 0 -0.7111300858021351 0.07319259690800277 Penicillium-brevicompactum
1 0 0.7522422337981551 0.05108621848592518 Penicillium-verrucosum
1 0 0.7727416314250962 0.041660392579904504 Penicillium-mb
1 0 0.7715109964579282 0.0421965119281526 Penicillium-polonicum
1 0 0.4754803123620069 0.28086238444517686 Penicillium-commune
1 0 0.7357458956714026 0.059441034638639305 Penicillium-solitum
1 0 0.7610568333189646 0.04690376855737147 Penicillium-chrysogenum
1 0 -0.4625581356865653 0.29597485965043296 Penicillium-cvjetkovicii
1 0 -0.7111300858021351 0.07319259690800277 Penicillium-brevicompactum
1 0 0.7507762894755432 0.051800797697923055 Penicillium-verrucosum
1 0 0.7711230722003359 0.042366293666020405 Penicillium-mb
1 0 0.7698886046277744 0.0429090840464347 Penicillium-polonicum
1 0 0.4729041240343906 0.2838470647435941 Penicillium-commune
1 0 0.7337422678805317 0.06050277109429977 Penicillium-solitum
1 0 0.758722541173958 0.047992319379479474 Penicillium-chrysogenum
1 0 -0.454054373155268 0.30611070955020003 Penicillium-cvjetkovicii
1 2 -0.7110806604785853 0.073221759270599 Penicillium-brevicompactum
1 2 0.7490232366126193 0.05266245562843091 Penicillium-verrucosum
1 2 0.7698600239404112 0.042921696012913596 Penicillium-mb
1 2 0.7686169233522937 0.04347222461379563 Penicillium-polonicum
1 2 0.4721573417193489 0.2847148957133913 Penicillium-commune
1 2 0.7321569687368207 0.06135005476662587 Penicillium-solitum
1 2 0.7571136303075331 0.04875058684836137 Penicillium-chrysogenum
1 2 -0.4387983224034983 0.3246668106981013 Penicillium-cvjetkovicii
1 0 -0.711130085802135 0.07319259690800282 Penicillium-brevicompactum
1 0 0.7509553142534044 0.05171324060985351 Penicillium-verrucosum
1 0 0.7720403138075149 0.041965453906305135 Penicillium-mb
1 0 0.7707801468330434 0.04251669420174715 Penicillium-polonicum
1 0 0.47315378986663786 0.283557193577663 Penicillium-commune
1 0 0.7340375053002997 0.06034568251992025 Penicillium-solitum
1 0 0.7602750601270402 0.04726680635940166 Penicillium-chrysogenum
1 0 -0.4571967052383477 0.3023478193238195 Penicillium-cvjetkovicii
1 2 -0.7109686071902618 0.07328789697069772 Penicillium-brevicompactum
1 2 0.7501374785568815 0.05211388591110055 Penicillium-verrucosum
1 2 0.7708700072526931 0.04247725469866273 Penicillium-mb
1 2 0.769574646167123 0.04304773843281577 Penicillium-polonicum
1 2 0.4723245704516227 0.28452045750061106 Penicillium-commune
1 2 0.7326902479809109 0.061064324418370085 Penicillium-solitum
1 2 0.7592741973539064 0.04773382834530962 Penicillium-chrysogenum
1 2 -0.42252052540621776 0.3449807167496472 Penicillium-cvjetkovicii
1 2 -0.7110188393453359 0.07325824427347874 Penicillium-brevicompactum
1 2 0.7497160823428617 0.05232098113607137 Penicillium-verrucosum
1 2 0.7707682325042243 0.04252192488578341 Penicillium-mb
1 2 0.7695150992942491 0.04307406412186939 Penicillium-polonicum
1 2 0.4706912210357254 0.28642210262315 Penicillium-commune
1 2 0.7328874639002453 0.06095883931242353 Penicillium-solitum
1 2 0.7586657630099525 0.04801896755314352 Penicillium-chrysogenum
1 2 -0.4301110688018935 0.33544284179339334 Penicillium-cvjetkovicii
1 2 -0.7110826042369465 0.07322061227975123 Penicillium-brevicompactum
1 2 0.7494953845394887 0.052429622129414426 Penicillium-verrucosum
1 2 0.770628118544362 0.04258346500577902 Penicillium-mb
1 2 0.7693421263650657 0.04315058583501594 Penicillium-polonicum
1 2 0.47090707024737616 0.2861704739207155 Penicillium-commune
1 2 0.7318636589565168 0.06150751766181169 Penicillium-solitum
1 2 0.7584490623265174 0.04812074810008786 Penicillium-chrysogenum
1 2 -0.43906045828750445 0.32434399040147843 Penicillium-cvjetkovicii
1 2 -0.7111109779671099 0.07320387034275554 Penicillium-brevicompactum
1 2 0.7480279069897123 0.05315513518820304 Penicillium-verrucosum
1 2 0.7683699548792062 0.04358205955201302 Penicillium-mb
1 2 0.7671246972396291 0.04413819365433952 Penicillium-polonicum
1 2 0.4700444204567466 0.2871767077728088 Penicillium-commune
1 2 0.730200073770262 0.062404745594675244 Penicillium-solitum
1 2 0.7546735304579814 0.049913032861578915 Penicillium-chrysogenum
1 2 -0.44281427453454425 0.3197363402252548 Penicillium-cvjetkovicii
1 2 -0.7110137206459415 0.07326126561458492 Penicillium-brevicompactum
1 2 0.747283091336183 0.0535254509336061 Penicillium-verrucosum
1 2 0.7694219517538993 0.04311526247466053 Penicillium-mb
1 2 0.7681002095057741 0.04370219866320198 Penicillium-polonicum
1 2 0.4692050448114102 0.28815730296099884 Penicillium-commune
1 2 0.7300479065411418 0.06248716552649662 Penicillium-solitum
1 2 0.7576377569013255 0.04850285408522823 Penicillium-chrysogenum
1 2 -0.4293601980281285 0.33638129363622093 Penicillium-cvjetkovicii
1 2 -0.7112460561572631 0.07312419548302522 Penicillium-brevicompactum
1 2 0.7476622207821042 0.05333677583936473 Penicillium-verrucosum
1 2 0.7683566658345785 0.043587973954601344 Penicillium-mb
1 2 0.7670411742669568 0.044175634199123695 Penicillium-polonicum
1 2 0.4676461381130005 0.28998242904078225 Penicillium-commune
1 2 0.7297608850101541 0.06264278816017922 Penicillium-solitum
1 2 0.7563066796224127 0.04913335167149183 Penicillium-chrysogenum
1 2 -0.4452675701511876 0.3167404084382571 Penicillium-cvjetkovicii
1 2 -0.7110700660998357 0.07322801106836975 Penicillium-brevicompactum
1 2 0.7480489994870784 0.05314466860981383 Penicillium-verrucosum
1 2 0.7702176651179965 0.04276402483997504 Penicillium-mb
1 2 0.7688846842476696 0.043353315173691856 Penicillium-polonicum
1 2 0.468217472082911 0.2893129320106869 Penicillium-commune
1 2 0.7294204511003046 0.06282764230068479 Penicillium-solitum
1 2 0.7578805648617433 0.048388323395243356 Penicillium-chrysogenum
1 2 -0.4373580902288521 0.32644291648433366 Penicillium-cvjetkovicii
1 2 -0.7112165395888982 0.07314160164310066 Penicillium-brevicompactum
1 2 0.7480887603085004 0.05312494144188367 Penicillium-verrucosum
1 2 0.7690037424198517 0.04330050050658215 Penicillium-mb
1 2 0.7677355667820095 0.04386489285602243 Penicillium-polonicum
1 2 0.4678926142498082 0.28969352058470993 Penicillium-commune
1 2 0.730708314040306 0.06212988849292372 Penicillium-solitum
1 2 0.7563912838473241 0.049093143949109574 Penicillium-chrysogenum
1 2 -0.44526757015118673 0.31674040843825824 Penicillium-cvjetkovicii
1 2 -0.7111225692433488 0.07319703149284093 Penicillium-brevicompactum
1 2 0.7484726280645734 0.05293469259858375 Penicillium-verrucosum
1 2 0.7689035391833631 0.0433449486859029 Penicillium-mb
1 2 0.7676898418244621 0.04388531765909371 Penicillium-polonicum
1 2 0.4739392562345981 0.28264610165951476 Penicillium-commune
1 2 0.73124310931777 0.06184137899060694 Penicillium-solitum
1 2 0.7548399894279907 0.04983325598782263 Penicillium-chrysogenum
1 2 -0.4443095198967027 0.3179089150127018 Penicillium-cvjetkovicii
1 2 -0.7111984047354487 0.07315229701365404 Penicillium-brevicompactum
1 2 0.7447956162693936 0.05477237056363517 Penicillium-verrucosum
1 2 0.7637137686477181 0.04568143019751485 Penicillium-mb
1 2 0.7626394756799548 0.04617352891433194 Penicillium-polonicum
1 2 0.4788401215886097 0.27699108061941086 Penicillium-commune
1 2 0.7286842616341573 0.06322839711327741 Penicillium-solitum
1 2 0.7455869421551942 0.054373997257948115 Penicillium-chrysogenum
1 2 -0.44526757015118723 0.3167404084382576 Penicillium-cvjetkovicii
1 2 -0.7110706496216709 0.07322766672167542 Penicillium-brevicompactum
1 2 0.74847010481741 0.05293594192977539 Penicillium-verrucosum
1 2 0.7689918466221883 0.0433057759327655 Penicillium-mb
1 2 0.7677321195107094 0.043866432529167235 Penicillium-polonicum
1 2 0.47058430670411205 0.28654677573078896 Penicillium-commune
1 2 0.7319390838957708 0.061467005030919085 Penicillium-solitum
1 2 0.7569078035168287 0.04884806180593862 Penicillium-chrysogenum
1 2 -0.43743792366493905 0.32634435638467374 Penicillium-cvjetkovicii
1 0 -0.7111300858021349 0.0731925969080029 Penicillium-brevicompactum
1 0 0.7491344031413727 0.052607584618489724 Penicillium-verrucosum
1 0 0.7720801579746422 0.04194808943876732 Penicillium-mb
1 0 0.7706679263467268 0.04256597583777722 Penicillium-polonicum
1 0 0.4636593545177239 0.2946732917543542 Penicillium-commune
1 0 0.7285221618381897 0.06331682339285802 Penicillium-solitum
1 0 0.7606405069068936 0.04709690982536225 Penicillium-chrysogenum
1 0 -0.4622529102819557 0.2963360644014222 Penicillium-cvjetkovicii
1 2 -0.7111093409202839 0.07320483622752057 Penicillium-brevicompactum
1 2 0.7503486006542651 0.05201029861719554 Penicillium-verrucosum
1 2 0.772157620104841 0.041914342058460265 Penicillium-mb
1 2 0.7708510517564038 0.04248557253574385 Penicillium-polonicum
1 2 0.4710390756812717 0.2860166356411958 Penicillium-commune
1 2 0.7325469418592824 0.06114103669232161 Penicillium-solitum
1 2 0.7605546172390325 0.047136809814379614 Penicillium-chrysogenum
1 2 -0.4426013362095929 0.31999695239928017 Penicillium-cvjetkovicii
3 4 -0.7111162159184199 0.07320077991049964 Penicillium-brevicompactum
3 4 0.7478804791697155 0.053228323644306935 Penicillium-verrucosum
3 4 0.7690670071023207 0.04327245048716116 Penicillium-mb
3 4 0.7678097365741399 0.043831773218229536 Penicillium-polonicum
3 4 0.4706757142257563 0.2864401836596836 Penicillium-commune
3 4 0.7318801394315076 0.06149866435069544 Penicillium-solitum
3 4 0.7570845454224747 0.04876435432364732 Penicillium-chrysogenum
3 4 -0.4434926569751115 0.31890668913878095 Penicillium-cvjetkovicii
3 2 -0.7111300858021349 0.0731925969080029 Penicillium-brevicompactum
3 2 0.747076732276084 0.05362829901800151 Penicillium-verrucosum
3 2 0.7680830647513416 0.043709840748738266 Penicillium-mb
3 2 0.7668039717493681 0.04428205946745766 Penicillium-polonicum
3 2 0.46795233942333436 0.28962353262619367 Penicillium-commune
3 2 0.7307981359251441 0.06208138092405259 Penicillium-solitum
3 2 0.756260767525694 0.049155178709165484 Penicillium-chrysogenum
3 2 -0.44726801797669286 0.3143065314279944 Penicillium-cvjetkovicii
1 0 -0.7111300858021348 0.07319259690800298 Penicillium-brevicompactum
1 0 0.748639104848816 0.05285230078460882 Penicillium-verrucosum
1 0 0.7700311215225945 0.04284622529345187 Penicillium-mb
1 0 0.7687526828100041 0.043411913011544345 Penicillium-polonicum
1 0 0.468105158360781 0.28944448848482435 Penicillium-commune
1 0 0.7312711048638111 0.061826296063451726 Penicillium-solitum
1 0 0.7578024695711904 0.04842514416024129 Penicillium-chrysogenum
1 0 -0.4486956704973821 0.3125745390144313 Penicillium-cvjetkovicii
1 2 -0.711230953746899 0.07313310121991624 Penicillium-brevicompactum
1 2 0.7474836304421644 0.053425606661729436 Penicillium-verrucosum
1 2 0.7687183904294517 0.04342714316211861 Penicillium-mb
1 2 0.7674401698623681 0.043996935597254996 Penicillium-polonicum
1 2 0.46772671529588 0.28988796594775146 Penicillium-commune
1 2 0.7307330470787681 0.06211652957429946 Penicillium-solitum
1 2 0.7566340732656182 0.04897785967380694 Penicillium-chrysogenum
1 2 -0.4452675701511868 0.31674040843825824 Penicillium-cvjetkovicii
1 2 -0.710928362562834 0.07331165853574753 Penicillium-brevicompactum
1 2 0.7507880160599645 0.05179506000546443 Penicillium-verrucosum
1 2 0.7720169648459282 0.04197563144982094 Penicillium-mb
1 2 0.7707442118838669 0.042532471609626574 Penicillium-polonicum
1 2 0.47065147722071293 0.28646844517643993 Penicillium-commune
1 2 0.7335365571860526 0.060612355518505724 Penicillium-solitum
1 2 0.7603742970829795 0.04722063778829039 Penicillium-chrysogenum
1 2 -0.4160655698512915 0.35318014564286315 Penicillium-cvjetkovicii
1 0 -0.7111300858021348 0.07319259690800298 Penicillium-brevicompactum
1 0 0.7524641228338779 0.05097853073698711 Penicillium-verrucosum
1 0 0.7737501506529987 0.0412238573521577 Penicillium-mb
1 0 0.7724843336112737 0.04177217006708827 Penicillium-polonicum
1 0 0.47535821200038536 0.2810035268418336 Penicillium-commune
1 0 0.7354278003238844 0.059608915148753355 Penicillium-solitum
1 0 0.7623965564821968 0.04628520419338925 Penicillium-chrysogenum
1 0 -0.4669179777541125 0.29083669334121026 Penicillium-cvjetkovicii
1 0 -0.7111300858021349 0.0731925969080029 Penicillium-brevicompactum
1 0 0.7519246996672858 0.051240541143994844 Penicillium-verrucosum
1 0 0.7728377912325166 0.041618660477464785 Penicillium-mb
1 0 0.7716036624232983 0.04215601073946078 Penicillium-polonicum
1 0 0.4763122606884882 0.2799015362279542 Penicillium-commune
1 0 0.7354598344817979 0.05959199692056995 Penicillium-solitum
1 0 0.7610308706090093 0.04691580038069105 Penicillium-chrysogenum
1 0 -0.46497395305131656 0.2931228458012046 Penicillium-cvjetkovicii
1 0 -0.711130085802135 0.07319259690800282 Penicillium-brevicompactum
1 0 0.7510061304262821 0.05168840228460103 Penicillium-verrucosum
1 0 0.7718394764733914 0.042053041130889056 Penicillium-mb
1 0 0.7705608173181046 0.04261304215532784 Penicillium-polonicum
1 0 0.47180251833040504 0.28512764807506463 Penicillium-commune
1 0 0.7337762994163595 0.06048465246609329 Penicillium-solitum
1 0 0.760388282180211 0.04721413341360262 Penicillium-chrysogenum
1 0 -0.45246069037281367 0.3080269001022704 Penicillium-cvjetkovicii
1 2 -0.7109576154469224 0.07329438639713762 Penicillium-brevicompactum
1 2 0.7494938747083497 0.05243036578477872 Penicillium-verrucosum
1 2 0.7713194098220058 0.042280316099088014 Penicillium-mb
1 2 0.7699872952831116 0.04286554996065843 Penicillium-polonicum
1 2 0.4698483076598558 0.2874056820760813 Penicillium-commune
1 2 0.7317945218147146 0.06154466565181627 Penicillium-solitum
1 2 0.7601560666308073 0.047322199036269254 Penicillium-chrysogenum
1 2 -0.4207916276413497 0.3471689272477993 Penicillium-cvjetkovicii
1 2 -0.7107496219732375 0.07341724186344442 Penicillium-brevicompactum
1 2 0.7520993414418145 0.05115563315413332 Penicillium-verrucosum
1 2 0.7727171127953072 0.0416710370410235 Penicillium-mb
1 2 0.7714630609361061 0.042217471362892715 Penicillium-polonicum
1 2 0.4743582397215003 0.28216064318863776 Penicillium-commune
1 2 0.7342709031421176 0.0602216538870175 Penicillium-solitum
1 2 0.7604166711253117 0.047200931418922544 Penicillium-chrysogenum
1 2 -0.3827312295561633 0.3967789278274293 Penicillium-cvjetkovicii
1 0 -0.7111300858021351 0.07319259690800277 Penicillium-brevicompactum
1 0 0.7489689079791351 0.05268928321865581 Penicillium-verrucosum
1 0 0.7696804052332772 0.04300100419750641 Penicillium-mb
1 0 0.7684347675582053 0.04355322045561138 Penicillium-polonicum
1 0 0.47365506718447886 0.2829755918920483 Penicillium-commune
1 0 0.7329215240967236 0.06094063149803677 Penicillium-solitum
1 0 0.7575915187546649 0.048524681100290575 Penicillium-chrysogenum
1 0 -0.4487943285230925 0.3124550032087479 Penicillium-cvjetkovicii
1 2 -0.7109036310581567 0.0733262627607603 Penicillium-brevicompactum
1 2 0.7522132097865465 0.05110031368408805 Penicillium-verrucosum
1 2 0.7730113662081185 0.04154338967358854 Penicillium-mb
1 2 0.7717465034747073 0.0420936217468091 Penicillium-polonicum
1 2 0.4738341811781439 0.28276790621826514 Penicillium-commune
1 2 0.7349456576450298 0.059863864189082634 Penicillium-solitum
1 2 0.7615044165867607 0.04669661278112421 Penicillium-chrysogenum
1 2 -0.41192325662547696 0.3584842868096846 Penicillium-cvjetkovicii
1 2 -0.710949747477824 0.07329903176427335 Penicillium-brevicompactum
1 2 0.7507365057218366 0.051820266051510674 Penicillium-verrucosum
1 2 0.7722538777254735 0.04187242707213117 Penicillium-mb
1 2 0.7709651580059509 0.04243551529429229 Penicillium-polonicum
1 2 0.46899187991595465 0.2884065682865729 Penicillium-commune
1 2 0.7324427207747033 0.06119685936578513 Penicillium-solitum
1 2 0.7601567582425899 0.04732187698108135 Penicillium-chrysogenum
1 2 -0.4195385169716954 0.3487585826913758 Penicillium-cvjetkovicii
1 2 -0.7112567209145054 0.07311790693464486 Penicillium-brevicompactum
1 2 0.7475007578342601 0.05341708400151149 Penicillium-verrucosum
1 2 0.768852552519452 0.043367575014556195 Penicillium-mb
1 2 0.767558104568384 0.04394419243632098 Penicillium-polonicum
1 2 0.46870071091869886 0.28874720294391554 Penicillium-commune
1 2 0.7298761025116945 0.06258029225818959 Penicillium-solitum
1 2 0.7562666118691743 0.049152399958883444 Penicillium-chrysogenum
1 2 -0.44526757015118684 0.31674040843825824 Penicillium-cvjetkovicii
1 2 -0.7108672310236253 0.07334776021378443 Penicillium-brevicompactum
1 2 0.751945514935194 0.05123041705762582 Penicillium-verrucosum
1 2 0.772840569723344 0.041617454992009736 Penicillium-mb
1 2 0.771582345493596 0.04216532575419734 Penicillium-polonicum
1 2 0.47269188437459436 0.2840935867778602 Penicillium-commune
1 2 0.7348465784527436 0.059916328703378575 Penicillium-solitum
1 2 0.7613117478939081 0.04678572424480405 Penicillium-chrysogenum
1 2 -0.4055696101293934 0.366683642080916 Penicillium-cvjetkovicii
1 2 -0.7113261319298263 0.07307698532241208 Penicillium-brevicompactum
1 2 0.7464764678141328 0.05392807946341856 Penicillium-verrucosum
1 2 0.7664039576136835 0.04446185264822206 Penicillium-mb
1 2 0.7652109853365818 0.04500043716394046 Penicillium-polonicum
1 2 0.4733594162657396 0.28331855317780547 Penicillium-commune
1 2 0.7301518893699962 0.06243083785123057 Penicillium-solitum
1 2 0.7519628856646148 0.051221969155968515 Penicillium-chrysogenum
1 2 -0.4452675701511864 0.3167404084382587 Penicillium-cvjetkovicii
1 2 -0.7111399257582279 0.07318679179332938 Penicillium-brevicompactum
1 2 0.7486471920995371 0.052848300069372994 Penicillium-verrucosum
1 2 0.7695251431887018 0.04306962309113473 Penicillium-mb
1 2 0.7682611249996087 0.043630508238526364 Penicillium-polonicum
1 2 0.4696840501163285 0.28759752584179804 Penicillium-commune
1 2 0.7313557183248766 0.06178072167614523 Penicillium-solitum
1 2 0.7569472153707285 0.04882938897349465 Penicillium-chrysogenum
1 2 -0.44526757015118823 0.31674040843825646 Penicillium-cvjetkovicii
1 0 -0.7111300858021349 0.0731925969080029 Penicillium-brevicompactum
1 0 0.7492730813125368 0.052539177840358095 Penicillium-verrucosum
1 0 0.7694633913486179 0.04309693141815713 Penicillium-mb
1 0 0.7682662838689115 0.04362821095276953 Penicillium-polonicum
1 0 0.47407532350439346 0.28248840533910086 Penicillium-commune
1 0 0.7322484879250206 0.061300967560513765 Penicillium-solitum
1 0 0.7555292760501934 0.04950365314457569 Penicillium-chrysogenum
1 0 -0.4476335111484398 0.3138627283707269 Penicillium-cvjetkovicii
