#SPECIES: Penicillium-cvjetkovicii Penicillium-polonicum Penicillium-mb Penicillium-verrucosum Penicillium-solitum Penicillium-commune Penicillium-chrysogenum Penicillium-brevicompactum 
#GENE_TREEs p: 0.7656884970189075 0.10233678979671695 0.01616857255045615 0.014308890481288155 0.016425717168693767 0.013988211467057615 0.006595524113098042 6.45653046487196e-06 
#GENE_TREEs r: -0.13937049062043508 0.6661020556718096 0.8469931198712488 0.8545395960504822 0.8459894109934913 0.8558965247014587 0.8942347907332309 0.9935252743576027 
0 0 -0.13937049062043513 0.7656884970189073 Penicillium-cvjetkovicii
0 0 0.6671473642881528 0.10160185265041743 Penicillium-polonicum
0 0 0.8475701779812992 0.01602177966188766 Penicillium-mb
0 0 0.8556808192872235 0.014038910743472199 Penicillium-verrucosum
0 0 0.8477156392899329 0.015984897410751927 Penicillium-solitum
0 0 0.8575204608359197 0.013609886494459055 Penicillium-commune
0 0 0.8949554059127399 0.006486350291930789 Penicillium-chrysogenum
0 0 0.9935457587565177 6.405654937878414e-06 Penicillium-brevicompactum
0 0 -0.13937049062043477 0.765688497018908 Penicillium-cvjetkovicii
0 0 0.6738133182692019 0.0969802307722171 Penicillium-polonicum
0 0 0.8512163471764717 0.015111865758549385 Penicillium-mb
0 0 0.8592239214306697 0.013219401926366536 Penicillium-verrucosum
0 0 0.8514062480895535 0.015065305856942242 Penicillium-solitum
0 0 0.860472298148046 0.01293736253601584 Penicillium-commune
0 0 0.9001084231992976 0.005736282835066161 Penicillium-chrysogenum
0 0 0.9936255022926475 6.209892347694466e-06 Penicillium-brevicompactum
0 0 -0.1393704906204347 0.7656884970189081 Penicillium-cvjetkovicii
0 0 0.67000047969707 0.09960995859600474 Penicillium-polonicum
0 0 0.8472434156274707 0.016104808219456344 Penicillium-mb
0 0 0.855747112069865 0.014023318158998429 Penicillium-verrucosum
0 0 0.8474947001749387 0.01604093643759772 Penicillium-solitum
0 0 0.8565786313815218 0.013828579547894428 Penicillium-commune
0 0 0.8973727070248289 0.006127824830906657 Penicillium-chrysogenum
0 0 0.9935563355534265 6.379480467698398e-06 Penicillium-brevicompactum
0 0 -0.13937049062043552 0.7656884970189067 Penicillium-cvjetkovicii
0 0 0.6676083215102389 0.1012786407986293 Penicillium-polonicum
0 0 0.846903700657775 0.016191387452980408 Penicillium-mb
0 0 0.8549913251912138 0.014201673049437261 Penicillium-verrucosum
0 0 0.8465874301461879 0.016272229584959406 Penicillium-solitum
0 0 0.8561581289968653 0.013926864880636188 Penicillium-commune
0 0 0.8954752039927157 0.0064082561668859644 Penicillium-chrysogenum
0 0 0.9935398081417006 6.4204091856878595e-06 Penicillium-brevicompactum
2 2 -0.13937049062043372 0.7656884970189096 Penicillium-cvjetkovicii
2 2 0.6669787685977402 0.10172020212426552 Penicillium-polonicum
2 2 0.8452596113285855 0.01661414073121265 Penicillium-mb
2 2 0.8557818757776574 0.014015145422210036 Penicillium-verrucosum
2 2 0.8453411481320721 0.01659302835982367 Penicillium-solitum
2 2 0.8549758541340691 0.014205337464666653 Penicillium-commune
2 2 0.8944029950951627 0.006569946394829505 Penicillium-chrysogenum
2 2 0.9935324770674167 6.438614170165508e-06 Penicillium-brevicompactum
0 0 -0.13937049062043755 0.7656884970189034 Penicillium-cvjetkovicii
0 0 0.6624107353886104 0.10495420295057134 Penicillium-polonicum
0 0 0.84253686882832 0.017327937554357638 Penicillium-mb
0 0 0.8494148912847936 0.01555763178135666 Penicillium-verrucosum
0 0 0.8412456031503421 0.01767244197265277 Penicillium-solitum
0 0 0.85087372542904 0.015196077329013296 Penicillium-commune
0 0 0.8919791327888453 0.006944112547394402 Penicillium-chrysogenum
0 0 0.9934912127508275 6.54166087645333e-06 Penicillium-brevicompactum
0 0 -0.13937049062043513 0.7656884970189073 Penicillium-cvjetkovicii
0 0 0.6693947971209836 0.10003109055097943 Penicillium-polonicum
0 0 0.8456805550764734 0.016505309801409095 Penicillium-mb
0 0 0.8529328622645451 0.014693987990207484 Penicillium-verrucosum
0 0 0.8460104113566634 0.016420313301945745 Penicillium-solitum
0 0 0.8546450273651682 0.014283825221007294 Penicillium-commune
0 0 0.8973862700385687 0.006125846551539396 Penicillium-chrysogenum
0 0 0.9935241832535879 6.459247119274327e-06 Penicillium-brevicompactum
0 0 -0.13937049062043663 0.7656884970189048 Penicillium-cvjetkovicii
0 0 0.668780916131561 0.10045887095445234 Penicillium-polonicum
0 0 0.8491684523168006 0.015619188045505425 Penicillium-mb
0 0 0.8581515443064065 0.013464464094171175 Penicillium-verrucosum
0 0 0.8481202482014901 0.015882562141604082 Penicillium-solitum
0 0 0.8579322105029101 0.013514904440600084 Penicillium-commune
0 0 0.8954348484266366 0.006414299510161173 Penicillium-chrysogenum
0 0 0.9935644052098813 6.3595535859410686e-06 Penicillium-brevicompactum
0 0 -0.13937049062043513 0.7656884970189073 Penicillium-cvjetkovicii
0 0 0.6682339999428363 0.10084079104054548 Penicillium-polonicum
0 0 0.8474250711062591 0.016058620338410184 Penicillium-mb
0 0 0.8543531676172581 0.014353273511163013 Penicillium-verrucosum
0 0 0.8469035550782676 0.016191424611876296 Penicillium-solitum
0 0 0.8562151393834976 0.013913516327938358 Penicillium-commune
0 0 0.8960482413503751 0.006322798992207344 Penicillium-chrysogenum
0 0 0.9935385460040199 6.423541205555532e-06 Penicillium-brevicompactum
0 0 -0.13937049062043372 0.7656884970189096 Penicillium-cvjetkovicii
0 0 0.6651674425948468 0.10299624007418329 Penicillium-polonicum
0 0 0.8444146218535793 0.016833835219186723 Penicillium-mb
0 0 0.8528668628067004 0.014709931604016924 Penicillium-verrucosum
0 0 0.8440741051258487 0.016922833310789476 Penicillium-solitum
0 0 0.8535627180429739 0.014542329294363983 Penicillium-commune
0 0 0.8934739747439734 0.006711937232489077 Penicillium-chrysogenum
0 0 0.9935177453528778 6.4752902791943226e-06 Penicillium-brevicompactum
2 2 -0.13937049062043508 0.7656884970189075 Penicillium-cvjetkovicii
2 2 0.6686451141644718 0.10055363289744278 Penicillium-polonicum
2 2 0.8473442933998074 0.016079149611428794 Penicillium-mb
2 2 0.8584934396451156 0.01338605344173297 Penicillium-verrucosum
2 2 0.8470270780806658 0.01615991307295023 Penicillium-solitum
2 2 0.8564538411470062 0.013857705607203697 Penicillium-commune
2 2 0.895118281657422 0.006461820882028656 Penicillium-chrysogenum
2 2 0.9935501849408978 6.394693619826666e-06 Penicillium-brevicompactum
0 0 -0.13937049062043508 0.7656884970189075 Penicillium-cvjetkovicii
0 0 0.6716725247432046 0.09845220746652933 Penicillium-polonicum
0 0 0.8460288621332135 0.016415566337388637 Penicillium-mb
0 0 0.855347404328338 0.014117482871480583 Penicillium-verrucosum
0 0 0.8477345658956569 0.015980102063052438 Penicillium-solitum
0 0 0.8562427560494755 0.013907052726162375 Penicillium-commune
0 0 0.8990740723147561 0.005882556225577775 Penicillium-chrysogenum
0 0 0.9935349927654485 6.4323635514514025e-06 Penicillium-brevicompactum
0 0 -0.13937049062043527 0.7656884970189071 Penicillium-cvjetkovicii
0 0 0.6652707301522012 0.10292325316590538 Penicillium-polonicum
0 0 0.8455905134072196 0.016528554949171492 Penicillium-mb
0 0 0.8541778896642713 0.014395073626520672 Penicillium-verrucosum
0 0 0.8448359677346529 0.016724081214893827 Penicillium-solitum
0 0 0.8546905708589606 0.014273005472328746 Penicillium-commune
0 0 0.8934219829078756 0.006719935696906316 Penicillium-chrysogenum
0 0 0.9935231503713298 6.4618194425218855e-06 Penicillium-brevicompactum
0 0 -0.13937049062043527 0.7656884970189071 Penicillium-cvjetkovicii
0 0 0.6670701465997106 0.10165604838529349 Penicillium-polonicum
0 0 0.8480771785019577 0.015893437676432354 Penicillium-mb
0 0 0.8552365497215486 0.01414366228543866 Penicillium-verrucosum
0 0 0.8473854661858241 0.01606868387375151 Penicillium-solitum
0 0 0.8574074982635485 0.013636011174381018 Penicillium-commune
0 0 0.8953018713545847 0.006434236547646412 Penicillium-chrysogenum
0 0 0.9935298337317019 6.445185840964239e-06 Penicillium-brevicompactum
0 0 -0.13937049062043463 0.7656884970189082 Penicillium-cvjetkovicii
0 0 0.6664412660778936 0.10209799417346489 Penicillium-polonicum
0 0 0.846032580154976 0.016414609869745835 Penicillium-mb
0 0 0.8545914000595963 0.014296571447022188 Penicillium-verrucosum
0 0 0.8457591272639956 0.016485040840332477 Penicillium-solitum
0 0 0.8554912499979167 0.014083553631530903 Penicillium-commune
0 0 0.8945505753434977 0.006547552323255646 Penicillium-chrysogenum
0 0 0.9935275976835238 6.450748077793105e-06 Penicillium-brevicompactum
0 0 -0.13937049062043372 0.7656884970189096 Penicillium-cvjetkovicii
0 0 0.662441340682459 0.10493235994890601 Penicillium-polonicum
0 0 0.8437258117233918 0.017014140441775044 Penicillium-mb
0 0 0.8511426161970311 0.015129965229107598 Penicillium-verrucosum
0 0 0.8425930888875005 0.0173130258806053 Penicillium-solitum
0 0 0.8525128439220063 0.014795621260837104 Penicillium-commune
0 0 0.8915513294524955 0.007011401568821036 Penicillium-chrysogenum
0 0 0.9935004354104429 6.5185446746933214e-06 Penicillium-brevicompactum
0 0 -0.13937049062043508 0.7656884970189075 Penicillium-cvjetkovicii
0 0 0.6724139301538358 0.09794111349999543 Penicillium-polonicum
0 0 0.8526063953655654 0.01477294965379391 Penicillium-mb
0 0 0.8601037422580567 0.013020266065084368 Penicillium-verrucosum
0 0 0.8522063829297697 0.01487002929065292 Penicillium-solitum
0 0 0.8619361305057477 0.012611077992688494 Penicillium-commune
0 0 0.8987912021231017 0.0059229316268057 Penicillium-chrysogenum
0 0 0.9936156942410889 6.233774052353708e-06 Penicillium-brevicompactum
0 0 -0.139370490620437 0.7656884970189043 Penicillium-cvjetkovicii
0 0 0.6688747742892599 0.10039340448694406 Penicillium-polonicum
0 0 0.8467626374090935 0.0162274163802522 Penicillium-mb
0 0 0.8557678568666691 0.014018440855250187 Penicillium-verrucosum
0 0 0.8469923580597417 0.016168766845725747 Penicillium-solitum
0 0 0.8562376786630167 0.013908240945055956 Penicillium-commune
0 0 0.8962254322246377 0.006296509205431065 Penicillium-chrysogenum
0 0 0.9935527319821464 6.388391041325302e-06 Penicillium-brevicompactum
0 0 -0.13937049062043738 0.7656884970189036 Penicillium-cvjetkovicii
0 0 0.6640013410191795 0.10382212366845055 Penicillium-polonicum
0 0 0.8456499825733738 0.016513200305834436 Penicillium-mb
0 0 0.8542626556495401 0.014374850040808483 Penicillium-verrucosum
0 0 0.8453295805723382 0.016596022623883048 Penicillium-solitum
0 0 0.8556905177527716 0.01403662896911045 Penicillium-commune
0 0 0.8927844108603772 0.006818469887550836 Penicillium-chrysogenum
0 0 0.9935326559416685 6.438169610921715e-06 Penicillium-brevicompactum
0 0 -0.13937049062043472 0.7656884970189081 Penicillium-cvjetkovicii
0 0 0.6681926931755162 0.1008696669597932 Penicillium-polonicum
0 0 0.8468659465990032 0.01620102573390739 Penicillium-mb
0 0 0.8565515178217541 0.0138349048755639 Penicillium-verrucosum
0 0 0.8466777889399111 0.016249109492047092 Penicillium-solitum
0 0 0.8562983311225132 0.01389405074649039 Penicillium-commune
0 0 0.8955274073960283 0.006400443485696845 Penicillium-chrysogenum
0 0 0.9935393775839398 6.421477520567151e-06 Penicillium-brevicompactum
0 0 -0.13937049062043527 0.7656884970189071 Penicillium-cvjetkovicii
0 0 0.6671804127921517 0.10157866195555122 Penicillium-polonicum
0 0 0.8452908205920224 0.016606057892264308 Penicillium-mb
0 0 0.8541355638404228 0.014405177863932318 Penicillium-verrucosum
0 0 0.8451871881994032 0.01663290611826524 Penicillium-solitum
0 0 0.8545125470272487 0.014315325170970344 Penicillium-commune
0 0 0.8951014652528315 0.006464350969339807 Penicillium-chrysogenum
0 0 0.9935289414667935 6.447405032107414e-06 Penicillium-brevicompactum
2 2 -0.13937049062043372 0.7656884970189096 Penicillium-cvjetkovicii
2 2 0.6689444150355462 0.10034484418459724 Penicillium-polonicum
2 2 0.8478678377264536 0.015946358811706137 Penicillium-mb
2 2 0.859978095108222 0.013048598694096105 Penicillium-verrucosum
2 2 0.8479412494457834 0.0159277889823442 Penicillium-solitum
2 2 0.8576831182644356 0.013572319323135882 Penicillium-commune
2 2 0.8952994752251653 0.006434596124837308 Penicillium-chrysogenum
2 2 0.9935538531765231 6.385617858625933e-06 Penicillium-brevicompactum
0 0 -0.13937049062043508 0.7656884970189075 Penicillium-cvjetkovicii
0 0 0.6605831928846014 0.10626281058650829 Penicillium-polonicum
0 0 0.8407687792510455 0.01780063263157147 Penicillium-mb
0 0 0.8491680791294243 0.015619281366537768 Penicillium-verrucosum
0 0 0.8409893239824197 0.01774127528526317 Penicillium-solitum
0 0 0.8509724035247053 0.015171796257174075 Penicillium-commune
0 0 0.8908010164799675 0.00713032726666883 Penicillium-chrysogenum
0 0 0.9934776618800913 6.575714496079566e-06 Penicillium-brevicompactum
0 0 -0.13937049062043472 0.7656884970189081 Penicillium-cvjetkovicii
0 0 0.6645167829215826 0.10345664131243915 Penicillium-polonicum
0 0 0.8433839432283184 0.0171040353542912 Penicillium-mb
0 0 0.8518236432923989 0.01496325712290082 Penicillium-verrucosum
0 0 0.843495607143292 0.01707464347914169 Penicillium-solitum
0 0 0.8530199838769335 0.014672956982665087 Penicillium-commune
0 0 0.8934538028159869 0.0067150398416119025 Penicillium-chrysogenum
0 0 0.9935196643146489 6.470505759439739e-06 Penicillium-brevicompactum
0 0 -0.13937049062043527 0.7656884970189071 Penicillium-cvjetkovicii
0 0 0.6697533430551282 0.09978168083203111 Penicillium-polonicum
0 0 0.848473491165444 0.01579352487504898 Penicillium-mb
0 0 0.8556297302135031 0.014050934058124883 Penicillium-verrucosum
0 0 0.8477105893928802 0.015986177018761 Penicillium-solitum
0 0 0.8567357756063771 0.013791951928814005 Penicillium-commune
0 0 0.8966672718284424 0.006231230338225699 Penicillium-chrysogenum
0 0 0.9935477594736186 6.400698827208365e-06 Penicillium-brevicompactum
0 0 -0.1393704906204355 0.7656884970189067 Penicillium-cvjetkovicii
0 0 0.6580461822298658 0.10809341394924926 Penicillium-polonicum
0 0 0.8399352099412933 0.01802599808417801 Penicillium-mb
0 0 0.8479953217811838 0.01591411902865643 Penicillium-verrucosum
0 0 0.839006737208719 0.01827892089247103 Penicillium-solitum
0 0 0.8492220918374314 0.015605777997213173 Penicillium-commune
0 0 0.8883560432282409 0.007525926113676543 Penicillium-chrysogenum
0 0 0.9934592595557734 6.62212956603067e-06 Penicillium-brevicompactum
0 0 -0.13937049062043508 0.7656884970189075 Penicillium-cvjetkovicii
0 0 0.6679211882962722 0.10105957274205639 Penicillium-polonicum
0 0 0.8475431392392233 0.01602864077653333 Penicillium-mb
0 0 0.8571795245451962 0.013688821646416162 Penicillium-verrucosum
0 0 0.8475822948215467 0.01601870554193173 Penicillium-solitum
0 0 0.8574550773690404 0.013625004132875122 Penicillium-commune
0 0 0.8953011000302773 0.006434352295809135 Penicillium-chrysogenum
0 0 0.993551284358149 6.39197268768421e-06 Penicillium-brevicompactum
0 0 -0.13937049062043644 0.7656884970189052 Penicillium-cvjetkovicii
0 0 0.6645773792203377 0.10341371867090224 Penicillium-polonicum
0 0 0.8461362765943584 0.016387946570880767 Penicillium-mb
0 0 0.854790899199863 0.01424918704580148 Penicillium-verrucosum
0 0 0.8439626168449094 0.016952030171536146 Penicillium-solitum
0 0 0.8540105784734269 0.014435038665623637 Penicillium-commune
0 0 0.8922302678513517 0.0069047867270733 Penicillium-chrysogenum
0 0 0.9935096598071722 6.495473122023495e-06 Penicillium-brevicompactum
0 0 -0.13937049062043508 0.7656884970189075 Penicillium-cvjetkovicii
0 0 0.6664006104652811 0.10212659934850571 Penicillium-polonicum
0 0 0.8459378265526083 0.016438995308916276 Penicillium-mb
0 0 0.8543788802311304 0.014347147435791822 Penicillium-verrucosum
0 0 0.847607438920435 0.016012327396113885 Penicillium-solitum
0 0 0.8577105190481291 0.013565996718726726 Penicillium-commune
0 0 0.8957244743663618 0.006371000587805064 Penicillium-chrysogenum
0 0 0.9935275062864095 6.450975491982699e-06 Penicillium-brevicompactum
0 0 -0.13937049062043563 0.7656884970189066 Penicillium-cvjetkovicii
0 0 0.6634173576344602 0.10423701820421785 Penicillium-polonicum
0 0 0.8448816767074399 0.01671219932155009 Penicillium-mb
0 0 0.8539702269814846 0.014444686765258508 Penicillium-verrucosum
0 0 0.8441291930924549 0.016908417297821495 Penicillium-solitum
0 0 0.8544847311048015 0.01432194402318029 Penicillium-commune
0 0 0.8921290857481201 0.006920615493485101 Penicillium-chrysogenum
0 0 0.9935074887726714 6.5008987858398e-06 Penicillium-brevicompactum
0 0 -0.13937049062043327 0.7656884970189104 Penicillium-cvjetkovicii
0 0 0.6667121617576963 0.10190749952129828 Penicillium-polonicum
0 0 0.8474102631446153 0.01606238259274201 Penicillium-mb
0 0 0.85618118323302 0.013921466023016731 Penicillium-verrucosum
0 0 0.8476984126980376 0.015989262746858007 Penicillium-solitum
0 0 0.8578655809472543 0.013530248669484518 Penicillium-commune
0 0 0.8948613492096001 0.0065005399876767005 Penicillium-chrysogenum
0 0 0.9935382450009812 6.424288285710715e-06 Penicillium-brevicompactum
0 0 -0.13937049062043472 0.7656884970189081 Penicillium-cvjetkovicii
0 0 0.6646291742997442 0.10337703762594658 Penicillium-polonicum
0 0 0.8460383312150795 0.01641313046195969 Penicillium-mb
0 0 0.8557670327501529 0.014018634594559442 Penicillium-verrucosum
0 0 0.8463531674195813 0.016332257624722683 Penicillium-solitum
0 0 0.8569247284195326 0.01374798385646163 Penicillium-commune
0 0 0.8933140989234234 0.006736550281525955 Penicillium-chrysogenum
0 0 0.9935373129272476 6.426601993685174e-06 Penicillium-brevicompactum
2 2 -0.13937049062043513 0.7656884970189073 Penicillium-cvjetkovicii
2 2 0.6652281116785308 0.10295336572668111 Penicillium-polonicum
2 2 0.8461150303304036 0.016393407576787804 Penicillium-mb
2 2 0.8552113347694955 0.01414962091837228 Penicillium-verrucosum
2 2 0.8450706093593238 0.016663137934223183 Penicillium-solitum
2 2 0.8549584455935972 0.014209461431119652 Penicillium-commune
2 2 0.8927235809007191 0.006827914395224711 Penicillium-chrysogenum
2 2 0.9935148358073831 6.482548647609501e-06 Penicillium-brevicompactum
0 0 -0.1393704906204353 0.7656884970189071 Penicillium-cvjetkovicii
0 0 0.663840996273715 0.10393595568911994 Penicillium-polonicum
0 0 0.8443985705087097 0.016838024428436373 Penicillium-mb
0 0 0.8518839945160437 0.014948534652841334 Penicillium-verrucosum
0 0 0.8438008916028693 0.016994434165753487 Penicillium-solitum
0 0 0.8537255445689697 0.014503269605932071 Penicillium-commune
0 0 0.8930518101704782 0.006777043127188646 Penicillium-chrysogenum
0 0 0.9935067565907256 6.502729204161797e-06 Penicillium-brevicompactum
0 0 -0.13937049062043527 0.7656884970189071 Penicillium-cvjetkovicii
0 0 0.6695645237912612 0.0999129856472816 Penicillium-polonicum
0 0 0.8493200957481006 0.015581293682269931 Penicillium-mb
0 0 0.8574383376920943 0.013628876141799433 Penicillium-verrucosum
0 0 0.8487147180804724 0.015732885996603874 Penicillium-solitum
0 0 0.8582434823041647 0.013443353158525913 Penicillium-commune
0 0 0.8963710661482269 0.006274949117751769 Penicillium-chrysogenum
0 0 0.9935712869899849 6.342589485585178e-06 Penicillium-brevicompactum
0 0 -0.13937049062043472 0.7656884970189081 Penicillium-cvjetkovicii
0 0 0.6696936795829905 0.09982316101952401 Penicillium-polonicum
0 0 0.8458401684414605 0.016464149827975297 Penicillium-mb
0 0 0.8542014902835041 0.014389441325646965 Penicillium-verrucosum
0 0 0.8460448863615628 0.01641144430293608 Penicillium-solitum
0 0 0.8547377506273114 0.014261801937421239 Penicillium-commune
0 0 0.8971826140060056 0.006155590538575738 Penicillium-chrysogenum
0 0 0.9935384560056711 6.423764573197586e-06 Penicillium-brevicompactum
0 0 -0.13937049062043472 0.7656884970189081 Penicillium-cvjetkovicii
0 0 0.661304224175873 0.10574550991911894 Penicillium-polonicum
0 0 0.8435085802565752 0.017071230596801972 Penicillium-mb
0 0 0.8525999347914268 0.014774514695117832 Penicillium-verrucosum
0 0 0.8432988293888886 0.01712645811686331 Penicillium-solitum
0 0 0.8538908035823293 0.01446368777814929 Penicillium-commune
0 0 0.8907819278637987 0.007133367966725359 Penicillium-chrysogenum
0 0 0.9935092332566731 6.4965389064124185e-06 Penicillium-brevicompactum
0 0 -0.13937049062043508 0.7656884970189075 Penicillium-cvjetkovicii
0 0 0.6620130899671048 0.105238217715444 Penicillium-polonicum
0 0 0.8431311045182506 0.017170693237266763 Penicillium-mb
0 0 0.8517799558758582 0.01497391967992936 Penicillium-verrucosum
0 0 0.8427443999322882 0.017272928785707357 Penicillium-solitum
0 0 0.8528711562239507 0.014708894134688021 Penicillium-commune
0 0 0.8912255457358843 0.00706289638303955 Penicillium-chrysogenum
0 0 0.9934966857254875 6.527937187827409e-06 Penicillium-brevicompactum
0 0 -0.13937049062043563 0.7656884970189066 Penicillium-cvjetkovicii
0 0 0.6630687539816945 0.10448509674831973 Penicillium-polonicum
0 0 0.8455626303555105 0.01653575701433327 Penicillium-mb
0 0 0.8541981523052972 0.014390237859501267 Penicillium-verrucosum
0 0 0.8448701584404065 0.016715193002950518 Penicillium-solitum
0 0 0.8554857859644555 0.014084841593812366 Penicillium-commune
0 0 0.8919967062012581 0.006941356472643584 Penicillium-chrysogenum
0 0 0.9935083130495507 6.498838504043665e-06 Penicillium-brevicompactum
0 0 -0.139370490620437 0.7656884970189043 Penicillium-cvjetkovicii
0 0 0.6679221297795053 0.1010589138932799 Penicillium-polonicum
0 0 0.8482820531223164 0.01584174269033946 Penicillium-mb
0 0 0.8563059044240438 0.013892279485142751 Penicillium-verrucosum
0 0 0.847252448656221 0.01610250968679871 Penicillium-solitum
0 0 0.8569611291571162 0.013739522872567233 Penicillium-commune
0 0 0.895183933288147 0.006451948864596042 Penicillium-chrysogenum
0 0 0.9935509392976231 6.3928265984058086e-06 Penicillium-brevicompactum
0 0 -0.13937049062043472 0.7656884970189081 Penicillium-cvjetkovicii
0 0 0.6672385535169408 0.10153787033418689 Penicillium-polonicum
0 0 0.8469760650037748 0.01617292260656091 Penicillium-mb
0 0 0.8563189444600134 0.013889229953968777 Penicillium-verrucosum
0 0 0.8466280549961053 0.016261832591713574 Penicillium-solitum
0 0 0.8564501639927112 0.013858564387366448 Penicillium-commune
0 0 0.8947461446396656 0.006517944639201251 Penicillium-chrysogenum
0 0 0.9935420295318959 6.414898983287456e-06 Penicillium-brevicompactum
0 0 -0.1393704906204366 0.765688497018905 Penicillium-cvjetkovicii
0 0 0.6667297853728725 0.10189511297634762 Penicillium-polonicum
0 0 0.8478304602612123 0.015955818352448043 Penicillium-mb
0 0 0.8555469618946641 0.01407042526850515 Penicillium-verrucosum
0 0 0.8457183129494871 0.01649556777899644 Penicillium-solitum
0 0 0.8555181601958827 0.014077211439367748 Penicillium-commune
0 0 0.8940427669484635 0.0066247943982172585 Penicillium-chrysogenum
0 0 0.9935310910813568 6.442059408163378e-06 Penicillium-brevicompactum
0 0 -0.13937049062043563 0.7656884970189066 Penicillium-cvjetkovicii
0 0 0.6599921007819438 0.10668786645732142 Penicillium-polonicum
0 0 0.841785258078269 0.01752799494838292 Penicillium-mb
0 0 0.8505380278731063 0.015278846240915227 Penicillium-verrucosum
0 0 0.8407712011625849 0.017799980186728695 Penicillium-solitum
0 0 0.8510827913240727 0.015144660121098339 Penicillium-commune
0 0 0.8896046536185447 0.0073223541964146524 Penicillium-chrysogenum
0 0 0.9934896565472763 6.545566267076968e-06 Penicillium-brevicompactum
0 0 -0.13937049062043527 0.7656884970189071 Penicillium-cvjetkovicii
0 0 0.6679921834666886 0.10100989670712679 Penicillium-polonicum
0 0 0.8478049431674577 0.015962278091246618 Penicillium-mb
0 0 0.8566836210972636 0.013804102086732599 Penicillium-verrucosum
0 0 0.8472864660499927 0.0160938553436819 Penicillium-solitum
0 0 0.8570499520396991 0.013718889399475128 Penicillium-commune
0 0 0.895312524951868 0.006432637947738841 Penicillium-chrysogenum
0 0 0.9935473294301005 6.401763923051951e-06 Penicillium-brevicompactum
0 0 -0.13937049062043527 0.7656884970189071 Penicillium-cvjetkovicii
0 0 0.6641765563397313 0.10369780905753789 Penicillium-polonicum
0 0 0.8475473733324297 0.016027566259484212 Penicillium-mb
0 0 0.8529327637525813 0.014694011780567735 Penicillium-verrucosum
0 0 0.8445625890987223 0.016795245489328373 Penicillium-solitum
0 0 0.8547097649815829 0.014268446936675358 Penicillium-commune
0 0 0.8926851034098737 0.0068338923549923864 Penicillium-chrysogenum
0 0 0.9935293177100046 6.446469205345851e-06 Penicillium-brevicompactum
0 0 -0.13937049062043555 0.7656884970189067 Penicillium-cvjetkovicii
0 0 0.6710771765602648 0.09886362412323203 Penicillium-polonicum
0 0 0.8425156719882171 0.017333561649800603 Penicillium-mb
0 0 0.850386993293986 0.015316168748594629 Penicillium-verrucosum
0 0 0.8448821787227816 0.01671206885105571 Penicillium-solitum
0 0 0.8523757477430988 0.014828881544774939 Penicillium-commune
0 0 0.8996417840854838 0.005802007880222262 Penicillium-chrysogenum
0 0 0.9935251405495068 6.4568635863467344e-06 Penicillium-brevicompactum
0 0 -0.13937049062043658 0.765688497018905 Penicillium-cvjetkovicii
0 0 0.6666342958629026 0.10196223603293594 Penicillium-polonicum
0 0 0.8495797069774272 0.015516540998421868 Penicillium-mb
0 0 0.856196796985856 0.013917810263256208 Penicillium-verrucosum
0 0 0.8456547292536531 0.01651197508691391 Penicillium-solitum
0 0 0.8557068305120149 0.014032791517162713 Penicillium-commune
0 0 0.8935926423777092 0.006693702003985913 Penicillium-chrysogenum
0 0 0.993526405512579 6.453714813250299e-06 Penicillium-brevicompactum
0 0 -0.1393704906204355 0.7656884970189067 Penicillium-cvjetkovicii
0 0 0.6677379294897446 0.10118785975207291 Penicillium-polonicum
0 0 0.8460899928063004 0.016399844395147977 Penicillium-mb
0 0 0.8539532182847214 0.014448754672965322 Penicillium-verrucosum
0 0 0.8463089291505911 0.016343607485471527 Penicillium-solitum
0 0 0.8553638975903084 0.014113590194414306 Penicillium-commune
0 0 0.8953853193524097 0.006421721127700237 Penicillium-chrysogenum
0 0 0.9935314114442203 6.4412629627456945e-06 Penicillium-brevicompactum
0 0 -0.13937049062043527 0.7656884970189071 Penicillium-cvjetkovicii
0 0 0.6675362374263851 0.10132914890500423 Penicillium-polonicum
0 0 0.8466977260554583 0.01624401070773955 Penicillium-mb
0 0 0.8553518527481601 0.01411643291186584 Penicillium-verrucosum
0 0 0.8464021531494643 0.016319694987820325 Penicillium-solitum
0 0 0.8559940703790103 0.013965318830929696 Penicillium-commune
0 0 0.8952435155646856 0.006442997075393546 Penicillium-chrysogenum
0 0 0.9935352488175498 6.431727556514199e-06 Penicillium-brevicompactum
0 0 -0.13937049062043527 0.7656884970189071 Penicillium-cvjetkovicii
0 0 0.6648932126026929 0.10319015233073102 Penicillium-polonicum
0 0 0.8451345800956971 0.01664654484685101 Penicillium-mb
0 0 0.8537051938089762 0.014508148171135828 Penicillium-verrucosum
0 0 0.8450809635664721 0.016660451563355747 Penicillium-solitum
0 0 0.8549775196564281 0.014204942949467047 Penicillium-commune
0 0 0.8934171882029143 0.0067206735962912646 Penicillium-chrysogenum
0 0 0.9935152060546107 6.4816247309307355e-06 Penicillium-brevicompactum
0 0 -0.1393704906204355 0.7656884970189067 Penicillium-cvjetkovicii
0 0 0.6644984255858415 0.10346964633778202 Penicillium-polonicum
0 0 0.8459419503505412 0.016437933594106058 Penicillium-mb
0 0 0.8537069289858275 0.014507732171065536 Penicillium-verrucosum
0 0 0.8454737296828128 0.016558731588067466 Penicillium-solitum
0 0 0.8555293406628578 0.014074576908666874 Penicillium-commune
0 0 0.8930367715397075 0.00677936909806211 Penicillium-chrysogenum
0 0 0.9935121855868712 6.489164323230577e-06 Penicillium-brevicompactum
0 0 -0.13937049062043697 0.7656884970189043 Penicillium-cvjetkovicii
0 0 0.6654576893379474 0.1027912093442828 Penicillium-polonicum
0 0 0.846200703772155 0.01637139295324525 Penicillium-mb
0 0 0.8549811751332143 0.014204077092239763 Penicillium-verrucosum
0 0 0.8465711766074354 0.016276390364041528 Penicillium-solitum
0 0 0.8566818016985759 0.013804526052847519 Penicillium-commune
0 0 0.8938729506372977 0.0066507422543407215 Penicillium-chrysogenum
0 0 0.9935301471246513 6.444406496200304e-06 Penicillium-brevicompactum
0 0 -0.1393704906204355 0.7656884970189067 Penicillium-cvjetkovicii
0 0 0.6682421748179782 0.10083507682233266 Penicillium-polonicum
0 0 0.8477413788060962 0.015978376107829553 Penicillium-mb
0 0 0.8554643171455295 0.014089902798738093 Penicillium-verrucosum
0 0 0.8468320796361746 0.016209674455033355 Penicillium-solitum
0 0 0.8561996083774044 0.013917152070371513 Penicillium-commune
0 0 0.8954632344901436 0.006410048283860883 Penicillium-chrysogenum
0 0 0.993539844339489 6.420319373646825e-06 Penicillium-brevicompactum
0 0 -0.13937049062043685 0.7656884970189045 Penicillium-cvjetkovicii
0 0 0.6658765235591791 0.10249571989048169 Penicillium-polonicum
0 0 0.8459600098136023 0.01643328445710063 Penicillium-mb
0 0 0.8539852085209704 0.014441104227620093 Penicillium-verrucosum
0 0 0.8458188211525662 0.016469651325200025 Penicillium-solitum
0 0 0.8555486113528813 0.014070036684705816 Penicillium-commune
0 0 0.8941500808867523 0.006608427210555329 Penicillium-chrysogenum
0 0 0.9935261671004263 6.454308203528529e-06 Penicillium-brevicompactum
0 0 -0.13937049062043508 0.7656884970189075 Penicillium-cvjetkovicii
0 0 0.6692135821412624 0.10015727017055583 Penicillium-polonicum
0 0 0.8468210180653128 0.016212499855880514 Penicillium-mb
0 0 0.8567770339833574 0.013782344521341569 Penicillium-verrucosum
0 0 0.8470512561638274 0.016153749177846753 Penicillium-solitum
0 0 0.8563891573112847 0.013872816621883022 Penicillium-commune
0 0 0.8962903847268979 0.006286888135921541 Penicillium-chrysogenum
0 0 0.9935461616021464 6.404656837200811e-06 Penicillium-brevicompactum
0 0 -0.13937049062043372 0.7656884970189096 Penicillium-cvjetkovicii
0 0 0.6654351252517673 0.10280714100852345 Penicillium-polonicum
0 0 0.8440565768866192 0.01692742175639533 Penicillium-mb
0 0 0.8529575209853472 0.014688033671134769 Penicillium-verrucosum
0 0 0.8441956682814434 0.01689103066665996 Penicillium-solitum
0 0 0.8536512602629465 0.014521081871247647 Penicillium-commune
0 0 0.8938339331799992 0.006656712418130173 Penicillium-chrysogenum
0 0 0.9935137172763201 6.485340314340598e-06 Penicillium-brevicompactum
0 0 -0.13937049062043472 0.7656884970189081 Penicillium-cvjetkovicii
0 0 0.66396096215256 0.1038507833290159 Penicillium-polonicum
0 0 0.8449560151328982 0.016692885569473435 Penicillium-mb
0 0 0.85436216849339 0.014351128866564153 Penicillium-verrucosum
0 0 0.8448070659687771 0.016731596613512926 Penicillium-solitum
0 0 0.855129214119662 0.014169037083726783 Penicillium-commune
0 0 0.8926823900740134 0.0068343140201741785 Penicillium-chrysogenum
0 0 0.9935145235497421 6.483327918106033e-06 Penicillium-brevicompactum
0 0 -0.139370490620437 0.7656884970189043 Penicillium-cvjetkovicii
0 0 0.6650793929210751 0.10305848062352896 Penicillium-polonicum
0 0 0.846875605765956 0.01619855952186725 Penicillium-mb
0 0 0.8550732381639669 0.014182280464251207 Penicillium-verrucosum
0 0 0.846860880367226 0.016202319347350932 Penicillium-solitum
0 0 0.8572254649305694 0.013678170084215364 Penicillium-commune
0 0 0.8936714476894118 0.006681608171265781 Penicillium-chrysogenum
0 0 0.9935238211630562 6.460148811375821e-06 Penicillium-brevicompactum
0 0 -0.13937049062043524 0.7656884970189071 Penicillium-cvjetkovicii
0 0 0.670716913311399 0.09911302100742976 Penicillium-polonicum
0 0 0.8436253356832297 0.017040532811528907 Penicillium-mb
0 0 0.8532707679201906 0.014612514199939862 Penicillium-verrucosum
0 0 0.8449140257943862 0.016703793191744316 Penicillium-solitum
0 0 0.8530175264130482 0.014673549974350402 Penicillium-commune
0 0 0.898382696002428 0.005981523054800639 Penicillium-chrysogenum
0 0 0.9935233800436574 6.461247406127321e-06 Penicillium-brevicompactum
0 0 -0.13937049062043474 0.765688497018908 Penicillium-cvjetkovicii
0 0 0.66496059525271 0.10314248739226675 Penicillium-polonicum
0 0 0.8443684294844229 0.016845892479500708 Penicillium-mb
0 0 0.8527483748297315 0.01473857975737621 Penicillium-verrucosum
0 0 0.8447532931523343 0.016745584411157446 Penicillium-solitum
0 0 0.8545818852320946 0.014298833625771251 Penicillium-commune
0 0 0.8941034864087636 0.006615530770270041 Penicillium-chrysogenum
0 0 0.9935293099347635 6.4464885438182995e-06 Penicillium-brevicompactum
0 0 -0.1393704906204366 0.765688497018905 Penicillium-cvjetkovicii
0 0 0.6705925445118045 0.09919919327117473 Penicillium-polonicum
0 0 0.8487102798514118 0.015734000463590515 Penicillium-mb
0 0 0.8567014665679381 0.013799944033616646 Penicillium-verrucosum
0 0 0.8485419545709736 0.015776301232675347 Penicillium-solitum
0 0 0.857619166326093 0.013587082498789206 Penicillium-commune
0 0 0.8973946578237968 0.0061246233083305695 Penicillium-chrysogenum
0 0 0.9935703179480282 6.344976604682324e-06 Penicillium-brevicompactum
2 2 -0.1393704906204366 0.765688497018905 Penicillium-cvjetkovicii
2 2 0.6670023281094516 0.10170365967975296 Penicillium-polonicum
2 2 0.8462112140061807 0.016368693407276556 Penicillium-mb
2 2 0.8575830230978836 0.013595430153158932 Penicillium-verrucosum
2 2 0.8459447444847691 0.016437214237297174 Penicillium-solitum
2 2 0.855651640516767 0.014045776961240888 Penicillium-commune
2 2 0.8939911070452358 0.0066326817812783845 Penicillium-chrysogenum
2 2 0.9935375675406034 6.425969911588009e-06 Penicillium-brevicompactum
2 2 -0.13937049062043472 0.7656884970189081 Penicillium-cvjetkovicii
2 2 0.6693419708025433 0.10006786481977777 Penicillium-polonicum
2 2 0.847225714342269 0.016109313007649045 Penicillium-mb
2 2 0.8582349671574603 0.013445307621935174 Penicillium-verrucosum
2 2 0.8470827297535871 0.016145727394127923 Penicillium-solitum
2 2 0.8564365723354718 0.01386173891211736 Penicillium-commune
2 2 0.8958773244617528 0.006348218179453242 Penicillium-chrysogenum
2 2 0.9935524159998913 6.389172727876223e-06 Penicillium-brevicompactum
0 0 -0.13937049062043372 0.7656884970189096 Penicillium-cvjetkovicii
0 0 0.6675941945412192 0.10128853829215398 Penicillium-polonicum
0 0 0.8490096662514811 0.01565892358218302 Penicillium-mb
0 0 0.8582461442911776 0.013442742191715052 Penicillium-verrucosum
0 0 0.8475625495080586 0.016023715226919408 Penicillium-solitum
0 0 0.8576854248913537 0.013571787014616078 Penicillium-commune
0 0 0.8943308695948748 0.006580906978773922 Penicillium-chrysogenum
0 0 0.9935345624351087 6.433432512178458e-06 Penicillium-brevicompactum
0 0 -0.13937049062043533 0.7656884970189071 Penicillium-cvjetkovicii
0 0 0.6732428066155802 0.09737137025182087 Penicillium-polonicum
0 0 0.8518093960885894 0.014966733886077822 Penicillium-mb
0 0 0.8590681336860493 0.013254842933793032 Penicillium-verrucosum
0 0 0.8501724127241383 0.015369283647731545 Penicillium-solitum
0 0 0.8592358478246441 0.013216690964903789 Penicillium-commune
0 0 0.8990296068792446 0.005888892358087164 Penicillium-chrysogenum
0 0 0.9936068438004616 6.255371199886732e-06 Penicillium-brevicompactum
0 0 -0.13937049062043527 0.7656884970189071 Penicillium-cvjetkovicii
0 0 0.6676432862524677 0.10125414632868872 Penicillium-polonicum
0 0 0.8460720661152342 0.01640445399634591 Penicillium-mb
0 0 0.856196873986476 0.013917792235910642 Penicillium-verrucosum
0 0 0.8479604871981599 0.01592292474527871 Penicillium-solitum
0 0 0.8580235486556574 0.013493886223202163 Penicillium-commune
0 0 0.8963649245996643 0.006275857464195018 Penicillium-chrysogenum
0 0 0.9935247301082226 6.457885463211863e-06 Penicillium-brevicompactum
0 0 -0.1393704906204355 0.7656884970189067 Penicillium-cvjetkovicii
0 0 0.655443206913105 0.10998849600509558 Penicillium-polonicum
0 0 0.8405117184780528 0.017869960207881282 Penicillium-mb
0 0 0.8482072599724281 0.015860603739956673 Penicillium-verrucosum
0 0 0.8377272624430521 0.01863074400233694 Penicillium-solitum
0 0 0.848746479045559 0.015724911934337074 Penicillium-commune
0 0 0.8859921276633459 0.007920216236150423 Penicillium-chrysogenum
0 0 0.9934474812563248 6.651939929134665e-06 Penicillium-brevicompactum
0 0 -0.13937049062043608 0.7656884970189057 Penicillium-cvjetkovicii
0 0 0.6671737593373677 0.10158333057518339 Penicillium-polonicum
0 0 0.8458888473723445 0.01645160849795577 Penicillium-mb
0 0 0.8548422859425547 0.01423699639527015 Penicillium-verrucosum
0 0 0.845999371783168 0.01642315390670619 Penicillium-solitum
0 0 0.8555483876126838 0.014070089393663006 Penicillium-commune
0 0 0.895110418153815 0.006463003902302525 Penicillium-chrysogenum
0 0 0.9935283370562921 6.448908547886067e-06 Penicillium-brevicompactum
0 0 -0.13937049062043508 0.7656884970189075 Penicillium-cvjetkovicii
0 0 0.6634854417185622 0.10418860305074097 Penicillium-polonicum
0 0 0.8443142448795813 0.01686004216085595 Penicillium-mb
0 0 0.853191255279558 0.014631662526431492 Penicillium-verrucosum
0 0 0.8439506174659213 0.016955174310332336 Penicillium-solitum
0 0 0.8540439915915228 0.014427052329739558 Penicillium-commune
0 0 0.8922608181606508 0.00690001161501166 Penicillium-chrysogenum
0 0 0.9935170541108803 6.477014261809759e-06 Penicillium-brevicompactum
4 4 -0.13937049062043608 0.7656884970189057 Penicillium-cvjetkovicii
4 4 0.6697917068380971 0.09975501371587553 Penicillium-polonicum
4 4 0.8472278693862241 0.016108764533561755 Penicillium-mb
4 4 0.858317651371435 0.013426336169745062 Penicillium-verrucosum
4 4 0.8482640056272949 0.01584629266685957 Penicillium-solitum
4 4 0.8583193451128478 0.013425947710095624 Penicillium-commune
4 4 0.8955166685543258 0.006402050192349385 Penicillium-chrysogenum
4 4 0.9935452364689088 6.406949109743497e-06 Penicillium-brevicompactum
0 0 -0.13937049062043624 0.7656884970189055 Penicillium-cvjetkovicii
0 0 0.6703891960992786 0.09934017309990475 Penicillium-polonicum
0 0 0.84934825585283 0.015574262500232887 Penicillium-mb
0 0 0.8589108179832291 0.013290686699224218 Penicillium-verrucosum
0 0 0.8492731587224883 0.015593017221615513 Penicillium-solitum
0 0 0.8588735562342463 0.01329918476299062 Penicillium-commune
0 0 0.8969160646722484 0.0061946465747810256 Penicillium-chrysogenum
0 0 0.9935883312834266 6.3006908095120455e-06 Penicillium-brevicompactum
0 0 -0.13937049062043372 0.7656884970189096 Penicillium-cvjetkovicii
0 0 0.6626847496771352 0.10475872320797258 Penicillium-polonicum
0 0 0.8445676840203321 0.01679391763629667 Penicillium-mb
0 0 0.8519608560743315 0.014929796526307527 Penicillium-verrucosum
0 0 0.8438258449797893 0.016987887511430544 Penicillium-solitum
0 0 0.8539190636810347 0.014456925281774703 Penicillium-commune
0 0 0.8917558550163474 0.006979184896845428 Penicillium-chrysogenum
0 0 0.9935078712339769 6.499942774366815e-06 Penicillium-brevicompactum
2 2 -0.1393704906204353 0.7656884970189071 Penicillium-cvjetkovicii
2 2 0.6675876936558531 0.10129309304614958 Penicillium-polonicum
2 2 0.8466727774325323 0.01625039129506824 Penicillium-mb
2 2 0.8570669675369917 0.01371493874042493 Penicillium-verrucosum
2 2 0.8457015913112876 0.01649988177491064 Penicillium-solitum
2 2 0.8553046127789149 0.014127585233143586 Penicillium-commune
2 2 0.8945256707732663 0.006551328272737038 Penicillium-chrysogenum
2 2 0.9935461804898327 6.4046100428700175e-06 Penicillium-brevicompactum
0 0 -0.13937049062043624 0.7656884970189055 Penicillium-cvjetkovicii
0 0 0.6625039809869336 0.10488766093761571 Penicillium-polonicum
0 0 0.8433072175929569 0.01712424754890346 Penicillium-mb
0 0 0.8522291588871016 0.014864492005543599 Penicillium-verrucosum
0 0 0.8428237814850928 0.01725191400482273 Penicillium-solitum
0 0 0.8528635795253955 0.014710725010426372 Penicillium-commune
0 0 0.8914308106439498 0.007030425854542685 Penicillium-chrysogenum
0 0 0.9934997738316547 6.52020126216042e-06 Penicillium-brevicompactum
0 0 -0.13937049062043372 0.7656884970189096 Penicillium-cvjetkovicii
0 0 0.6673593787970105 0.10145312649944083 Penicillium-polonicum
0 0 0.8475660464026723 0.016022827946731284 Penicillium-mb
0 0 0.8559223865055261 0.013982139966034434 Penicillium-verrucosum
0 0 0.8477429460464203 0.015977979084532214 Penicillium-solitum
0 0 0.8575021482325406 0.013614119674682847 Penicillium-commune
0 0 0.8950358463547977 0.006474229061389377 Penicillium-chrysogenum
0 0 0.9935535521465061 6.386362360967178e-06 Penicillium-brevicompactum
0 0 -0.13937049062043513 0.7656884970189073 Penicillium-cvjetkovicii
0 0 0.6664166798055052 0.10211529250589439 Penicillium-polonicum
0 0 0.8476891298535959 0.015991615364866884 Penicillium-mb
0 0 0.8550237865837517 0.0141939861255212 Penicillium-verrucosum
0 0 0.8456584667366895 0.01651101039966581 Penicillium-solitum
0 0 0.8554839910550757 0.014085264698082392 Penicillium-commune
0 0 0.8939852585761179 0.006633575062845114 Penicillium-chrysogenum
0 0 0.9935260044941338 6.454712937349205e-06 Penicillium-brevicompactum
0 0 -0.13937049062043508 0.7656884970189075 Penicillium-cvjetkovicii
0 0 0.6664030589072251 0.10212487651325657 Penicillium-polonicum
0 0 0.8466406243142178 0.01625861653182512 Penicillium-mb
0 0 0.8567567667760442 0.01378706345562305 Penicillium-verrucosum
0 0 0.8481002505169727 0.015887611231290556 Penicillium-solitum
0 0 0.8582058016040446 0.013452003161780515 Penicillium-commune
0 0 0.8943150704457478 0.006583309318873664 Penicillium-chrysogenum
0 0 0.9935424394550826 6.41388247035725e-06 Penicillium-brevicompactum
0 0 -0.1393704906204347 0.7656884970189081 Penicillium-cvjetkovicii
0 0 0.6629489412301653 0.10457043062672838 Penicillium-polonicum
0 0 0.8451649027805249 0.016638682868660135 Penicillium-mb
0 0 0.8534777228015266 0.014562742254082323 Penicillium-verrucosum
0 0 0.8458286042075736 0.016467129964048293 Penicillium-solitum
0 0 0.8564995269080046 0.013847038475483605 Penicillium-commune
0 0 0.8926395360105512 0.006840975744301418 Penicillium-chrysogenum
0 0 0.9935199184205037 6.469872359763739e-06 Penicillium-brevicompactum
0 0 -0.139370490620437 0.7656884970189043 Penicillium-cvjetkovicii
0 0 0.665548778197085 0.10272690797466363 Penicillium-polonicum
0 0 0.8473624045899751 0.016074545437459127 Penicillium-mb
0 0 0.8553480193419383 0.014117337707286862 Penicillium-verrucosum
0 0 0.8465793972583623 0.01627428586578363 Penicillium-solitum
0 0 0.8568279721949529 0.013770488355690304 Penicillium-commune
0 0 0.8937473636654093 0.00666996974399129 Penicillium-chrysogenum
0 0 0.9935337302549151 6.435499988551157e-06 Penicillium-brevicompactum
0 0 -0.13937049062043372 0.7656884970189096 Penicillium-cvjetkovicii
0 0 0.6679132251864905 0.10106514540597378 Penicillium-polonicum
0 0 0.8477292067258396 0.01598145980818917 Penicillium-mb
0 0 0.8549512933133488 0.01421115595670275 Penicillium-verrucosum
0 0 0.8476707560929858 0.015996272541032617 Penicillium-solitum
0 0 0.8574468153145511 0.013626915127421924 Penicillium-commune
0 0 0.8962496832875471 0.006292916024982517 Penicillium-chrysogenum
0 0 0.9935358251064279 6.430296279320591e-06 Penicillium-brevicompactum
0 0 -0.13937049062043527 0.7656884970189071 Penicillium-cvjetkovicii
0 0 0.6666006554952423 0.1019858885700136 Penicillium-polonicum
0 0 0.8480243017107155 0.015906795406683084 Penicillium-mb
0 0 0.8552692598923932 0.014135934569778397 Penicillium-verrucosum
0 0 0.8462601973328587 0.01635611542146196 Penicillium-solitum
0 0 0.856143663674249 0.013930252991703057 Penicillium-commune
0 0 0.8942180466481353 0.0065980734305886544 Penicillium-chrysogenum
0 0 0.9935286742079217 6.4480698324039974e-06 Penicillium-brevicompactum
0 0 -0.13937049062043735 0.7656884970189037 Penicillium-cvjetkovicii
0 0 0.6657401726153503 0.10259186738027674 Penicillium-polonicum
0 0 0.8458902013680878 0.01645125974093973 Penicillium-mb
0 0 0.8540274587283065 0.014431003665513007 Penicillium-verrucosum
0 0 0.8454541251122492 0.01656380043686005 Penicillium-solitum
0 0 0.8552602001545175 0.014138074673802637 Penicillium-commune
0 0 0.894053753778631 0.006623117641845392 Penicillium-chrysogenum
0 0 0.9935242134177303 6.459172006740296e-06 Penicillium-brevicompactum
0 0 -0.13937049062043608 0.7656884970189057 Penicillium-cvjetkovicii
0 0 0.6715156086646966 0.09856055749373883 Penicillium-polonicum
0 0 0.845175114644534 0.016636035642216114 Penicillium-mb
0 0 0.8529742282600846 0.01468400016413331 Penicillium-verrucosum
0 0 0.8457636366893617 0.016483877991986508 Penicillium-solitum
0 0 0.8537565438225929 0.014495840143439938 Penicillium-commune
0 0 0.8990911953737454 0.005880117320696357 Penicillium-chrysogenum
0 0 0.9935341343170323 6.434496083102611e-06 Penicillium-brevicompactum
0 0 -0.1393704906204346 0.7656884970189082 Penicillium-cvjetkovicii
0 0 0.6681513874748416 0.10089854645319016 Penicillium-polonicum
0 0 0.8476042522734583 0.016013135652721115 Penicillium-mb
0 0 0.8552094641517696 0.014150063027733459 Penicillium-verrucosum
0 0 0.8468885072550245 0.016195265802692094 Penicillium-solitum
0 0 0.8563746399339366 0.01387620937126445 Penicillium-commune
0 0 0.8957759656717847 0.006363320482886648 Penicillium-chrysogenum
0 0 0.9935482763081805 6.3994189149855795e-06 Penicillium-brevicompactum
0 0 -0.13937049062043527 0.7656884970189071 Penicillium-cvjetkovicii
0 0 0.6633401770075342 0.10429191615662235 Penicillium-polonicum
0 0 0.8433216566878411 0.01712044275238513 Penicillium-mb
0 0 0.8516540749080472 0.015004667040290522 Penicillium-verrucosum
0 0 0.8437116625877299 0.017017855632704713 Penicillium-solitum
0 0 0.8534365745580603 0.014572630538222987 Penicillium-commune
0 0 0.8923877656221505 0.006880189826408838 Penicillium-chrysogenum
0 0 0.993501774506695 6.5151923609615214e-06 Penicillium-brevicompactum
2 2 -0.1393704906204353 0.7656884970189071 Penicillium-cvjetkovicii
2 2 0.667792066891279 0.10114995299594146 Penicillium-polonicum
2 2 0.844507712732229 0.01680955131479348 Penicillium-mb
2 2 0.8562835677122027 0.013897504018563508 Penicillium-verrucosum
2 2 0.8446477113926402 0.01677306851812021 Penicillium-solitum
2 2 0.8537059196212445 0.014507974160403992 Penicillium-commune
2 2 0.894882226973873 0.006497388747487359 Penicillium-chrysogenum
2 2 0.9935195523500269 6.470784861038088e-06 Penicillium-brevicompactum
0 0 -0.13937049062043447 0.7656884970189084 Penicillium-cvjetkovicii
0 0 0.6705076135900871 0.09925806246016945 Penicillium-polonicum
0 0 0.8466814836701737 0.016248164520582087 Penicillium-mb
0 0 0.8546902571896025 0.014273079974596014 Penicillium-verrucosum
0 0 0.8485512279203001 0.0157739691193228 Penicillium-solitum
0 0 0.8572903566752015 0.013663132616573863 Penicillium-commune
0 0 0.8983018685627961 0.005993155740586764 Penicillium-chrysogenum
0 0 0.9935565454861208 6.378961595380822e-06 Penicillium-brevicompactum
0 0 -0.1393704906204347 0.7656884970189081 Penicillium-cvjetkovicii
0 0 0.6687747597368727 0.1004631658457542 Penicillium-polonicum
0 0 0.849509272622255 0.015534093649514276 Penicillium-mb
0 0 0.8552041312659213 0.014151323466909328 Penicillium-verrucosum
0 0 0.8468666227931587 0.016200853078701817 Penicillium-solitum
0 0 0.856202338441198 0.013916512934689818 Penicillium-commune
0 0 0.8958078921057561 0.006358561246136362 Penicillium-chrysogenum
0 0 0.9935496735070805 6.395959596468245e-06 Penicillium-brevicompactum
0 0 -0.13937049062043372 0.7656884970189096 Penicillium-cvjetkovicii
0 0 0.6561723165485662 0.10945594873803056 Penicillium-polonicum
0 0 0.8373690579117302 0.01872992420901599 Penicillium-mb
0 0 0.8457383699918506 0.016490394133806745 Penicillium-verrucosum
0 0 0.837565088872698 0.0186756098179508 Penicillium-solitum
0 0 0.8477061408882046 0.015987304286601795 Penicillium-commune
0 0 0.8873591256976467 0.007690786945084826 Penicillium-chrysogenum
0 0 0.993439348424426 6.672570588084911e-06 Penicillium-brevicompactum
0 0 -0.13937049062043513 0.7656884970189073 Penicillium-cvjetkovicii
0 0 0.6687180641035643 0.10050272298446075 Penicillium-polonicum
0 0 0.8468436565967526 0.016206717711401582 Penicillium-mb
0 0 0.8554139829087366 0.014101773010252325 Penicillium-verrucosum
0 0 0.8476982346758105 0.01598930786245488 Penicillium-solitum
0 0 0.8569265431223463 0.013747561976524318 Penicillium-commune
0 0 0.8962687008604763 0.006290099102257757 Penicillium-chrysogenum
0 0 0.993549650443112 6.396016691351485e-06 Penicillium-brevicompactum
2 2 -0.1393704906204347 0.7656884970189081 Penicillium-cvjetkovicii
2 2 0.6646384594626696 0.10337046263202626 Penicillium-polonicum
2 2 0.8448922215520928 0.01670945890747648 Penicillium-mb
2 2 0.8560997410720399 0.013940543563971378 Penicillium-verrucosum
2 2 0.8445547475285398 0.016797289298581104 Penicillium-solitum
2 2 0.8551366176617435 0.014167286005574731 Penicillium-commune
2 2 0.8924288707369514 0.006873778689682571 Penicillium-chrysogenum
2 2 0.9935084576277169 6.498477170927815e-06 Penicillium-brevicompactum
0 0 -0.13937049062043524 0.7656884970189071 Penicillium-cvjetkovicii
0 0 0.6625747344074094 0.1048371844774092 Penicillium-polonicum
0 0 0.8430735204107129 0.017185895228459157 Penicillium-mb
0 0 0.8507745039976606 0.01522051444815052 Penicillium-verrucosum
0 0 0.8431370653379132 0.017169120040247055 Penicillium-solitum
0 0 0.8528106745378595 0.014723512895538903 Penicillium-commune
0 0 0.891726002771483 0.006983881834397062 Penicillium-chrysogenum
0 0 0.9935019257475362 6.514813807266589e-06 Penicillium-brevicompactum
0 0 -0.13937049062043463 0.7656884970189082 Penicillium-cvjetkovicii
0 0 0.6652819101097782 0.10291535460217353 Penicillium-polonicum
0 0 0.8444603818447953 0.016821895666199314 Penicillium-mb
0 0 0.8531513815608197 0.01464127035622122 Penicillium-verrucosum
0 0 0.8450820971692058 0.016660157468194405 Penicillium-solitum
0 0 0.8545741505425084 0.014300672722177386 Penicillium-commune
0 0 0.8936261995498379 0.006688550612225476 Penicillium-chrysogenum
0 0 0.9935109407516026 6.492273167730891e-06 Penicillium-brevicompactum
0 0 -0.13937049062043513 0.7656884970189073 Penicillium-cvjetkovicii
0 0 0.6667429486686425 0.10188586182579393 Penicillium-polonicum
0 0 0.8432684411020769 0.017134467790985458 Penicillium-mb
0 0 0.8517491555584615 0.014981439557796622 Penicillium-verrucosum
0 0 0.8440132848132854 0.01693875755103461 Penicillium-solitum
0 0 0.8528352379777108 0.014717574774607894 Penicillium-commune
0 0 0.895198433380385 0.006449769670629801 Penicillium-chrysogenum
0 0 0.9935093151996252 6.496334154605475e-06 Penicillium-brevicompactum
0 0 -0.13937049062043472 0.7656884970189081 Penicillium-cvjetkovicii
0 0 0.6689948354473206 0.1003096938340123 Penicillium-polonicum
0 0 0.8488037428442963 0.015710540833009885 Penicillium-mb
0 0 0.8571302405276156 0.01370025372621717 Penicillium-verrucosum
0 0 0.8495994424651532 0.0155116248308127 Penicillium-solitum
0 0 0.8594817459960403 0.013160867364827885 Penicillium-commune
0 0 0.8967794387704684 0.006214721256637443 Penicillium-chrysogenum
0 0 0.9935705778959704 6.344336201181516e-06 Penicillium-brevicompactum
0 0 -0.1393704906204355 0.7656884970189067 Penicillium-cvjetkovicii
0 0 0.6671854989194889 0.1015750931793376 Penicillium-polonicum
0 0 0.8461044600299843 0.016396124886470353 Penicillium-mb
0 0 0.8547620807387694 0.014256026357689161 Penicillium-verrucosum
0 0 0.8460181847990238 0.016418313276946348 Penicillium-solitum
0 0 0.855550110479824 0.014069683521676105 Penicillium-commune
0 0 0.8950817103862417 0.006467323892834895 Penicillium-chrysogenum
0 0 0.9935320997319189 6.439552028838601e-06 Penicillium-brevicompactum
0 0 -0.13937049062043527 0.7656884970189071 Penicillium-cvjetkovicii
0 0 0.6667529994284771 0.10187879845749107 Penicillium-polonicum
0 0 0.8474354332043722 0.01605598794209268 Penicillium-mb
0 0 0.8556811834374246 0.014038825065406766 Penicillium-verrucosum
0 0 0.8480617843141601 0.01589732589445415 Penicillium-solitum
0 0 0.857977422238332 0.013504498232068715 Penicillium-commune
0 0 0.8947734933883633 0.006513810453834659 Penicillium-chrysogenum
0 0 0.9935588826348811 6.373186775693091e-06 Penicillium-brevicompactum
0 0 -0.13937049062043508 0.7656884970189075 Penicillium-cvjetkovicii
0 0 0.6673906101921558 0.10143122758893948 Penicillium-polonicum
0 0 0.8476582281366459 0.015999448431186558 Penicillium-mb
0 0 0.8561165381524221 0.013936607683415252 Penicillium-verrucosum
0 0 0.8471705183131358 0.01612336441968536 Penicillium-solitum
0 0 0.8570379994014292 0.013721664952996567 Penicillium-commune
0 0 0.8950532335052812 0.0064716107942439675 Penicillium-chrysogenum
0 0 0.9935473711076029 6.4016606950525985e-06 Penicillium-brevicompactum
0 0 -0.13937049062043372 0.7656884970189096 Penicillium-cvjetkovicii
0 0 0.6687013512616402 0.10051438526312718 Penicillium-polonicum
0 0 0.8521970433446308 0.014872300268842526 Penicillium-mb
0 0 0.8568914344991189 0.013755725301987211 Penicillium-verrucosum
0 0 0.8477651833193635 0.015972346403074912 Penicillium-solitum
0 0 0.857657925699572 0.013578133879172399 Penicillium-commune
0 0 0.8953975958991788 0.00641988110075671 Penicillium-chrysogenum
0 0 0.9935837212324473 6.312006936903067e-06 Penicillium-brevicompactum
0 0 -0.1393704906204347 0.7656884970189081 Penicillium-cvjetkovicii
0 0 0.6659904472404168 0.10241542299205779 Penicillium-polonicum
0 0 0.8469464066960186 0.016180488915476885 Penicillium-mb
0 0 0.8542671518578566 0.014373777783103744 Penicillium-verrucosum
0 0 0.8457700534238023 0.016482223385219867 Penicillium-solitum
0 0 0.855636992552125 0.014049224578712247 Penicillium-commune
0 0 0.8941510336461403 0.006608282003840475 Penicillium-chrysogenum
0 0 0.9935344677926573 6.433667622733201e-06 Penicillium-brevicompactum
