#SPECIES: Penicillium-brevicompactum Penicillium-mb Penicillium-polonicum Penicillium-verrucosum Penicillium-solitum Penicillium-commune Penicillium-chrysogenum Penicillium-cvjetkovicii 
#GENE_TREEs p: 9.463835009615154e-05 0.0074150896156398305 0.01058095516512027 0.03152355739056652 0.00853802835818867 0.009312071065345531 0.012268980175769845 0.1181681910375152 
#GENE_TREEs r: 0.9809971144086462 0.8890333997594911 0.8715750371324589 0.7979035844588505 0.882421198653141 0.878151916192452 0.8634944173958911 -0.6444658784209525 
0 0 0.9809433453641917 9.530646092702564e-05 Penicillium-brevicompactum
0 0 0.8877231273174128 0.007630352089165237 Penicillium-mb
0 0 0.8703616145737634 0.010825301472529731 Penicillium-polonicum
0 0 0.7968482831928919 0.031917307204189095 Penicillium-verrucosum
0 0 0.8814284531104918 0.008714562496537678 Penicillium-solitum
0 0 0.8771788428535472 0.009493934890807092 Penicillium-commune
0 0 0.8598874741618997 0.013069055040435996 Penicillium-chrysogenum
0 0 -0.6444658784209513 0.11816819103751618 Penicillium-cvjetkovicii
0 0 0.9810744622433409 9.368217395743589e-05 Penicillium-brevicompactum
0 0 0.8906817746690598 0.007149334070886123 Penicillium-mb
0 0 0.8737968433872841 0.010141849053287449 Penicillium-polonicum
0 0 0.8003273857268208 0.030629521829391798 Penicillium-verrucosum
0 0 0.8852331011399512 0.008049294199107795 Penicillium-solitum
0 0 0.8810711260549019 0.008778615000370808 Penicillium-commune
0 0 0.8641147584228422 0.012134293758277506 Penicillium-chrysogenum
0 0 -0.6444658784209524 0.1181681910375152 Penicillium-cvjetkovicii
0 0 0.9808821960410407 9.606968666010546e-05 Penicillium-brevicompactum
0 0 0.8861733839672693 0.007889570693278756 Penicillium-mb
0 0 0.868255036495246 0.011257140385291063 Penicillium-polonicum
0 0 0.7953733158557595 0.032472217157148334 Penicillium-verrucosum
0 0 0.8789905014735997 0.009156967961065045 Penicillium-solitum
0 0 0.8746688491100698 0.00997243292643198 Penicillium-commune
0 0 0.8588802530913537 0.013297657221640263 Penicillium-chrysogenum
0 0 -0.6444658784209509 0.11816819103751636 Penicillium-cvjetkovicii
0 0 0.9808987434678066 9.586279401917953e-05 Penicillium-brevicompactum
0 0 0.886562314360208 0.00782404490426811 Penicillium-mb
0 0 0.869229712686561 0.011056129019481744 Penicillium-polonicum
0 0 0.7946898166556656 0.03273117288665406 Penicillium-verrucosum
0 0 0.8795190606845719 0.009059978159178896 Penicillium-solitum
0 0 0.8752290471003742 0.009864462265276498 Penicillium-commune
0 0 0.8581948370563373 0.01345452078799297 Penicillium-chrysogenum
0 0 -0.6444658784209513 0.11816819103751618 Penicillium-cvjetkovicii
0 0 0.9809528234675196 9.518848649066708e-05 Penicillium-brevicompactum
0 0 0.8882230838985093 0.007547794221011619 Penicillium-mb
0 0 0.8707721551971014 0.010742271854298477 Penicillium-polonicum
0 0 0.7969067684850446 0.0318954139559492 Penicillium-verrucosum
0 0 0.881725324230882 0.0086615528979164 Penicillium-solitum
0 0 0.8774476104160875 0.009443500419225497 Penicillium-commune
0 0 0.861438752924302 0.012721406498072246 Penicillium-chrysogenum
0 0 -0.6444658784209513 0.11816819103751618 Penicillium-cvjetkovicii
0 0 0.9809451936414292 9.528344848222861e-05 Penicillium-brevicompactum
0 0 0.8882588119681436 0.007541914339295161 Penicillium-mb
0 0 0.8714690866920437 0.010602162538893477 Penicillium-polonicum
0 0 0.7983194745977238 0.031369131642774835 Penicillium-verrucosum
0 0 0.8839220854076548 0.008275089082350442 Penicillium-solitum
0 0 0.8798034824519096 0.009008033697456964 Penicillium-commune
0 0 0.8604274732050675 0.01294742932258014 Penicillium-chrysogenum
0 0 -0.6444658784209523 0.1181681910375154 Penicillium-cvjetkovicii
0 0 0.9809948788231474 9.466607264674633e-05 Penicillium-brevicompactum
0 0 0.8890054161987154 0.007419649743470646 Penicillium-mb
0 0 0.8717742485643987 0.010541146520679697 Penicillium-polonicum
0 0 0.7973072935501592 0.03174570768808312 Penicillium-verrucosum
0 0 0.8835923169609384 0.008332453752205591 Penicillium-solitum
0 0 0.8793450005784329 0.009091852115467515 Penicillium-commune
0 0 0.8643386185563046 0.012085899333510071 Penicillium-chrysogenum
0 0 -0.644465878420951 0.11816819103751633 Penicillium-cvjetkovicii
0 0 0.9809820262777714 9.482554563219196e-05 Penicillium-brevicompactum
0 0 0.8895990590067435 0.007323259130463326 Penicillium-mb
0 0 0.8726608350481194 0.010365025305599568 Penicillium-polonicum
0 0 0.7988766445900596 0.031162910463723346 Penicillium-verrucosum
0 0 0.8833520924132854 0.008374386120721222 Penicillium-solitum
0 0 0.8791610265923635 0.009125611741458435 Penicillium-commune
0 0 0.8615455268651433 0.012697675414354424 Penicillium-chrysogenum
0 0 -0.644465878420951 0.11816819103751633 Penicillium-cvjetkovicii
0 0 0.9809949232596299 9.466552156152009e-05 Penicillium-brevicompactum
0 0 0.8890556296107779 0.007411468254248977 Penicillium-mb
0 0 0.8720441937148027 0.010487340807048119 Penicillium-polonicum
0 0 0.7986752308827774 0.03123737051920871 Penicillium-verrucosum
0 0 0.8840859423681717 0.008246670595861318 Penicillium-solitum
0 0 0.8799124470879629 0.008988178945444836 Penicillium-commune
0 0 0.8618344483186234 0.012633588383029552 Penicillium-chrysogenum
0 0 -0.6444658784209515 0.11816819103751591 Penicillium-cvjetkovicii
0 0 0.9810133124897701 9.443762924569821e-05 Penicillium-brevicompactum
0 0 0.8893094763190584 0.007370187888341144 Penicillium-mb
0 0 0.8720123720648776 0.010493675289744537 Penicillium-polonicum
0 0 0.7987822036585411 0.03119781169762932 Penicillium-verrucosum
0 0 0.8827951890625793 0.008472064507339795 Penicillium-solitum
0 0 0.8785619248742752 0.009236048890277297 Penicillium-commune
0 0 0.8618492183733282 0.0126303171613354 Penicillium-chrysogenum
0 0 -0.6444658784209513 0.11816819103751618 Penicillium-cvjetkovicii
0 0 0.9810453584039194 9.404127662529625e-05 Penicillium-brevicompactum
0 0 0.8905847099067951 0.007164827565936738 Penicillium-mb
0 0 0.8736486086449642 0.010170812127203981 Penicillium-polonicum
0 0 0.8012883765758839 0.030279030306461265 Penicillium-verrucosum
0 0 0.8862097339163437 0.00788343317116368 Penicillium-solitum
0 0 0.8820913025570956 0.008596460393272328 Penicillium-commune
0 0 0.8640395793811888 0.012150570972955535 Penicillium-chrysogenum
0 0 -0.6444658784209499 0.11816819103751713 Penicillium-cvjetkovicii
0 0 0.9809782144758312 9.487287285324547e-05 Penicillium-brevicompactum
0 0 0.8878365277490438 0.007611580675471011 Penicillium-mb
0 0 0.8706419380028082 0.010768567761247539 Penicillium-polonicum
0 0 0.7958818513259689 0.03228029374539245 Penicillium-verrucosum
0 0 0.8810764442599619 0.008777659701915484 Penicillium-solitum
0 0 0.8768046244941539 0.009564415396076609 Penicillium-commune
0 0 0.8607591593266332 0.01287304545133832 Penicillium-chrysogenum
0 0 -0.6444658784209513 0.11816819103751618 Penicillium-cvjetkovicii
0 0 0.9810473102890969 9.401716730901432e-05 Penicillium-brevicompactum
0 0 0.8902519621702621 0.007218088375689026 Penicillium-mb
0 0 0.8726647588867701 0.01036424962607151 Penicillium-polonicum
0 0 0.8003912702830521 0.030606151918177105 Penicillium-verrucosum
0 0 0.8833273200863312 0.008378717171259627 Penicillium-solitum
0 0 0.8790805428665833 0.009140403384714172 Penicillium-commune
0 0 0.8641973804862425 0.012116419474141361 Penicillium-chrysogenum
0 0 -0.6444658784209493 0.11816819103751769 Penicillium-cvjetkovicii
0 0 0.9811172112841586 9.315619337523724e-05 Penicillium-brevicompactum
0 0 0.8909995652251876 0.007098744195153756 Penicillium-mb
0 0 0.8741187051977017 0.010079125283146084 Penicillium-polonicum
0 0 0.8011206412705514 0.030340044050409985 Penicillium-verrucosum
0 0 0.884491762974977 0.00817653038368951 Penicillium-solitum
0 0 0.8803245074809232 0.008913324770204081 Penicillium-commune
0 0 0.8619097861975764 0.012616907883547034 Penicillium-chrysogenum
0 0 -0.6444658784209519 0.11816819103751564 Penicillium-cvjetkovicii
0 0 0.9809679660031585 9.500018746738716e-05 Penicillium-brevicompactum
0 0 0.8877626744970225 0.007623802721611178 Penicillium-mb
0 0 0.8703292221620478 0.010831868316113913 Penicillium-polonicum
0 0 0.795996033162349 0.032237288301795994 Penicillium-verrucosum
0 0 0.8816263353954372 0.008679207685106872 Penicillium-solitum
0 0 0.8773453261492077 0.0094626758956726 Penicillium-commune
0 0 0.8627442226843778 0.012433000368776896 Penicillium-chrysogenum
0 0 -0.644465878420951 0.11816819103751633 Penicillium-cvjetkovicii
0 0 0.9809726680564345 9.494176220340186e-05 Penicillium-brevicompactum
0 0 0.8889045869028467 0.007436094086172093 Penicillium-mb
0 0 0.8716017660262557 0.0105756088846723 Penicillium-polonicum
0 0 0.7980104680430588 0.03148382959619551 Penicillium-verrucosum
0 0 0.882605706521398 0.008505448205742599 Penicillium-solitum
0 0 0.8783626236907309 0.009272957622645687 Penicillium-commune
0 0 0.8617138900765399 0.01266030737576258 Penicillium-chrysogenum
0 0 -0.6444658784209504 0.11816819103751683 Penicillium-cvjetkovicii
0 0 0.9810761327545088 9.366158694606822e-05 Penicillium-brevicompactum
0 0 0.8912340834727568 0.007061544083553105 Penicillium-mb
0 0 0.8743612332358061 0.01003200991547248 Penicillium-polonicum
0 0 0.8021407866172949 0.029970027333612863 Penicillium-verrucosum
0 0 0.8865659446947483 0.007823434765706336 Penicillium-solitum
0 0 0.8824603917026558 0.008531101682388381 Penicillium-commune
0 0 0.8647879570040375 0.011989095441558809 Penicillium-chrysogenum
0 0 -0.6444658784209525 0.1181681910375152 Penicillium-cvjetkovicii
0 0 0.9809730616072972 9.493687311804884e-05 Penicillium-brevicompactum
0 0 0.8885877169390078 0.007487909974969997 Penicillium-mb
0 0 0.8712679994506817 0.010642479998679004 Penicillium-polonicum
0 0 0.7969385825528306 0.03188350827361429 Penicillium-verrucosum
0 0 0.8827074739188344 0.008487509039730274 Penicillium-solitum
0 0 0.8784442296023122 0.009257834697869017 Penicillium-commune
0 0 0.8631239546049974 0.012349820842731087 Penicillium-chrysogenum
0 0 -0.6444658784209524 0.1181681910375152 Penicillium-cvjetkovicii
0 0 0.9809990738876713 9.461405540939194e-05 Penicillium-brevicompactum
0 0 0.8897393878872822 0.007300580353627284 Penicillium-mb
0 0 0.8725902519401453 0.010378984153204396 Penicillium-polonicum
0 0 0.7992450984700185 0.031026954718899828 Penicillium-verrucosum
0 0 0.883539287737017 0.008341699800463774 Penicillium-solitum
0 0 0.8793296799074333 0.009094660736199888 Penicillium-commune
0 0 0.8622136575470909 0.01254975619213472 Penicillium-chrysogenum
0 0 -0.6444658784209524 0.1181681910375152 Penicillium-cvjetkovicii
0 0 0.9810363625786191 9.415243903544723e-05 Penicillium-brevicompactum
0 0 0.8907268173822055 0.00714215094540457 Penicillium-mb
0 0 0.873446709376198 0.010210337051820296 Penicillium-polonicum
0 0 0.8014764216965938 0.030210710535984918 Penicillium-verrucosum
0 0 0.8856107101269802 0.007984928204197283 Penicillium-solitum
0 0 0.8814372885512259 0.008712982134381866 Penicillium-commune
0 0 0.8634863251274827 0.012270742779936386 Penicillium-chrysogenum
0 0 -0.6444658784209509 0.11816819103751636 Penicillium-cvjetkovicii
0 0 0.9809751702441545 9.491068006518079e-05 Penicillium-brevicompactum
0 0 0.8894513842401873 0.007347169093929631 Penicillium-mb
0 0 0.8721442961949688 0.010467428554632792 Penicillium-polonicum
0 0 0.7993077839289454 0.03100385748202481 Penicillium-verrucosum
0 0 0.8826782527970469 0.008492657787370312 Penicillium-solitum
0 0 0.8784548172067682 0.009255873683135655 Penicillium-commune
0 0 0.8612470813442354 0.012764070271852303 Penicillium-chrysogenum
0 0 -0.6444658784209513 0.11816819103751618 Penicillium-cvjetkovicii
0 0 0.9809829861139966 9.481363055452553e-05 Penicillium-brevicompactum
0 0 0.8888561927688066 0.0074439942178551695 Penicillium-mb
0 0 0.8715658027485093 0.010582802576590247 Penicillium-polonicum
0 0 0.7977824359160571 0.03156862119398779 Penicillium-verrucosum
0 0 0.8831568461338283 0.008408556952620551 Penicillium-solitum
0 0 0.8789202381891424 0.009169906054815371 Penicillium-commune
0 0 0.8631869121289703 0.012336061063520939 Penicillium-chrysogenum
0 0 -0.6444658784209503 0.11816819103751695 Penicillium-cvjetkovicii
0 0 0.9809307238232333 9.546369727151855e-05 Penicillium-brevicompactum
0 0 0.8869373706803367 0.007761155838279616 Penicillium-mb
0 0 0.8694742532378879 0.011006022916316097 Penicillium-polonicum
0 0 0.7951133879768006 0.03257056022070605 Penicillium-verrucosum
0 0 0.8808521981067434 0.008817992695111495 Penicillium-solitum
0 0 0.8765624399685454 0.00961018882605141 Penicillium-commune
0 0 0.8607446964979022 0.01287628376268526 Penicillium-chrysogenum
0 0 -0.644465878420951 0.11816819103751633 Penicillium-cvjetkovicii
0 0 0.9810566928244111 9.390132748470596e-05 Penicillium-brevicompactum
0 0 0.8897252345474106 0.00730286585050395 Penicillium-mb
0 0 0.8727081646281863 0.010355671241273904 Penicillium-polonicum
0 0 0.7986842019290687 0.031234051926085207 Penicillium-verrucosum
0 0 0.8829422684798593 0.008446203816744916 Penicillium-solitum
0 0 0.8787184269679614 0.009207125657218417 Penicillium-commune
0 0 0.8617143310158751 0.012660209592621263 Penicillium-chrysogenum
0 0 -0.6444658784209513 0.11816819103751618 Penicillium-cvjetkovicii
0 0 0.980936169366167 9.539583894247647e-05 Penicillium-brevicompactum
0 0 0.8881225655980821 0.007564351068397082 Penicillium-mb
0 0 0.8704111518658495 0.010815263313740556 Penicillium-polonicum
0 0 0.7976640371257974 0.03161269690875433 Penicillium-verrucosum
0 0 0.8807540644034157 0.008835676647147142 Penicillium-solitum
0 0 0.8764675484521826 0.009628157897889447 Penicillium-commune
0 0 0.8609373941121514 0.012833175962650165 Penicillium-chrysogenum
0 0 -0.6444658784209514 0.11816819103751612 Penicillium-cvjetkovicii
0 0 0.9809096788029641 9.572621544427525e-05 Penicillium-brevicompactum
0 0 0.8850034368191969 0.008088588247945595 Penicillium-mb
0 0 0.8676903951514666 0.011374541711145852 Penicillium-polonicum
0 0 0.7933557263100887 0.033239923590979964 Penicillium-verrucosum
0 0 0.879575634298889 0.009049632283859028 Penicillium-solitum
0 0 0.8753175413956334 0.00984746808716121 Penicillium-commune
0 0 0.8575599017823464 0.013600771800524478 Penicillium-chrysogenum
0 0 -0.6444658784209508 0.11816819103751645 Penicillium-cvjetkovicii
0 0 0.9809810120523015 9.483813685006309e-05 Penicillium-brevicompactum
0 0 0.8885577352776189 0.007492823491023566 Penicillium-mb
0 0 0.8710619592457316 0.010683881860070524 Penicillium-polonicum
0 0 0.7971737282058203 0.031795587375902955 Penicillium-verrucosum
0 0 0.8825900205749136 0.008508215210634001 Penicillium-solitum
0 0 0.8783115831995785 0.009282423507897866 Penicillium-commune
0 0 0.8630512515533646 0.012365721518147974 Penicillium-chrysogenum
0 0 -0.6444658784209499 0.11816819103751713 Penicillium-cvjetkovicii
0 0 0.9810721219769606 9.371101942499102e-05 Penicillium-brevicompactum
0 0 0.8913462738536879 0.007043788092753513 Penicillium-mb
0 0 0.874799420931958 0.0099472064280754 Penicillium-polonicum
0 0 0.8011964422536825 0.030312462922868353 Penicillium-verrucosum
0 0 0.8855539704975063 0.007994580779458938 Penicillium-solitum
0 0 0.8814335415107339 0.00871365233325247 Penicillium-commune
0 0 0.862902603596518 0.012398268414058234 Penicillium-chrysogenum
0 0 -0.6444658784209524 0.1181681910375152 Penicillium-cvjetkovicii
0 0 0.9808478028485546 9.650055682522777e-05 Penicillium-brevicompactum
0 0 0.884614786007476 0.00815533602155397 Penicillium-mb
0 0 0.86714182492407 0.011489272243888396 Penicillium-polonicum
0 0 0.7925508631284396 0.03354897229945098 Penicillium-verrucosum
0 0 0.877660856410095 0.009403594790340699 Penicillium-solitum
0 0 0.8733482516730697 0.01022964370436434 Penicillium-commune
0 0 0.8556578508334909 0.01404431541643161 Penicillium-chrysogenum
0 0 -0.644465878420951 0.11816819103751633 Penicillium-cvjetkovicii
0 0 0.9810395293981741 9.411329735797005e-05 Penicillium-brevicompactum
0 0 0.8896208031542481 0.0073197423562041865 Penicillium-mb
0 0 0.8724363120744935 0.010409465541392288 Penicillium-polonicum
0 0 0.7981517317657851 0.03143136590096725 Penicillium-verrucosum
0 0 0.8834227686964947 0.00836203659982475 Penicillium-solitum
0 0 0.8791734515697343 0.009123329457599973 Penicillium-commune
0 0 0.8633904960340099 0.01229162668200233 Penicillium-chrysogenum
0 0 -0.6444658784209509 0.11816819103751636 Penicillium-cvjetkovicii
2 2 0.9809698927300671 9.497624436924751e-05 Penicillium-brevicompactum
2 2 0.8903144237465197 0.007208073124462842 Penicillium-mb
2 2 0.8724917644260374 0.010398479580587051 Penicillium-polonicum
2 2 0.8003867120164078 0.03060781906880053 Penicillium-verrucosum
2 2 0.8825388951689057 0.008517237354436366 Penicillium-solitum
2 2 0.8783749708737637 0.009270668571264677 Penicillium-commune
2 2 0.8640490920860627 0.012148510659996113 Penicillium-chrysogenum
2 2 -0.6444658784209512 0.11816819103751623 Penicillium-cvjetkovicii
0 0 0.9809417989245974 9.532571781352546e-05 Penicillium-brevicompactum
0 0 0.887190110410437 0.007718942240249303 Penicillium-mb
0 0 0.8697617498453631 0.010947282449990013 Penicillium-polonicum
0 0 0.7971950992506365 0.03178760346712037 Penicillium-verrucosum
0 0 0.8803079706186004 0.008916321869649562 Penicillium-solitum
0 0 0.8760708617913767 0.009703485816472667 Penicillium-commune
0 0 0.857329344629996 0.013654102427543197 Penicillium-chrysogenum
0 0 -0.6444658784209524 0.1181681910375152 Penicillium-cvjetkovicii
0 0 0.9810019918825816 9.457788341918446e-05 Penicillium-brevicompactum
0 0 0.8889575920302953 0.007427446803017365 Penicillium-mb
0 0 0.8717326155869259 0.010549458948977027 Penicillium-polonicum
0 0 0.7987053571463464 0.031226226912266425 Penicillium-verrucosum
0 0 0.882807487428637 0.00846990035914166 Penicillium-solitum
0 0 0.8785973137469246 0.009229504075221344 Penicillium-commune
0 0 0.8610857678054425 0.012800040174336174 Penicillium-chrysogenum
0 0 -0.6444658784209516 0.11816819103751586 Penicillium-cvjetkovicii
0 0 0.9810146175777037 9.442146812961211e-05 Penicillium-brevicompactum
0 0 0.8897906432369727 0.007292307050574534 Penicillium-mb
0 0 0.8727089657086542 0.010355512960171617 Penicillium-polonicum
0 0 0.7995485706212753 0.030915226002316585 Penicillium-verrucosum
0 0 0.8837229269965239 0.008309706168624363 Penicillium-solitum
0 0 0.8795318255955408 0.009057643185628631 Penicillium-commune
0 0 0.8620101089196366 0.012594715122244308 Penicillium-chrysogenum
0 0 -0.6444658784209524 0.1181681910375152 Penicillium-cvjetkovicii
0 0 0.9808273983411736 9.675672379020067e-05 Penicillium-brevicompactum
0 0 0.8842644039387737 0.008215783434890822 Penicillium-mb
0 0 0.8667242359713262 0.011577052418865906 Penicillium-polonicum
0 0 0.7920581640321492 0.03373894400900616 Penicillium-verrucosum
0 0 0.8788189644092512 0.009188572884314898 Penicillium-solitum
0 0 0.8745139335439153 0.010002410389608826 Penicillium-commune
0 0 0.8572469281258338 0.013673195335992004 Penicillium-chrysogenum
0 0 -0.644465878420951 0.11816819103751633 Penicillium-cvjetkovicii
0 0 0.9809599759253014 9.509951720123017e-05 Penicillium-brevicompactum
0 0 0.8891583631196122 0.007394745722106047 Penicillium-mb
0 0 0.872571023152038 0.010382788803138351 Penicillium-polonicum
0 0 0.7990527938945634 0.0310978717142948 Penicillium-verrucosum
0 0 0.8847963432701438 0.008124115490048744 Penicillium-solitum
0 0 0.8806976485535689 0.008845852192513902 Penicillium-commune
0 0 0.861330705724282 0.012745446428848015 Penicillium-chrysogenum
0 0 -0.6444658784209499 0.11816819103751713 Penicillium-cvjetkovicii
0 0 0.9810514063539111 9.396658548336748e-05 Penicillium-brevicompactum
0 0 0.8901946502448531 0.007227285006387094 Penicillium-mb
0 0 0.8731416334006347 0.010270227942787362 Penicillium-polonicum
0 0 0.7997730193914786 0.030832736061118148 Penicillium-verrucosum
0 0 0.8841880670207916 0.00822898721500283 Penicillium-solitum
0 0 0.8799955810182714 0.008973047881185333 Penicillium-commune
0 0 0.8631922132018242 0.012334902880913162 Penicillium-chrysogenum
0 0 -0.6444658784209509 0.11816819103751636 Penicillium-cvjetkovicii
0 0 0.980930339277589 9.54684902833565e-05 Penicillium-brevicompactum
0 0 0.8878221826052267 0.007613953779021693 Penicillium-mb
0 0 0.8706286999032268 0.010771243118459487 Penicillium-polonicum
0 0 0.7960099595975099 0.03223204523869301 Penicillium-verrucosum
0 0 0.8808758969050401 0.008813725175261997 Penicillium-solitum
0 0 0.8766016995951391 0.009602760110102882 Penicillium-commune
0 0 0.8592628404966745 0.013210556497973423 Penicillium-chrysogenum
0 0 -0.6444658784209497 0.1181681910375173 Penicillium-cvjetkovicii
0 0 0.981091692233805 9.34699650198408e-05 Penicillium-brevicompactum
0 0 0.8908852904799137 0.007116911910815775 Penicillium-mb
0 0 0.8739485354969824 0.010112259685646762 Penicillium-polonicum
0 0 0.8002759544866526 0.030648343381221757 Penicillium-verrucosum
0 0 0.8850028983442491 0.008088680507489118 Penicillium-solitum
0 0 0.8808128657579815 0.008825078031886539 Penicillium-commune
0 0 0.8633424645483356 0.012302101782023265 Penicillium-chrysogenum
0 0 -0.644465878420951 0.11816819103751633 Penicillium-cvjetkovicii
0 0 0.9808817870360315 9.607480382441429e-05 Penicillium-brevicompactum
0 0 0.8856665977483992 0.007975427165655975 Penicillium-mb
0 0 0.8680570009175622 0.011298236642532718 Penicillium-polonicum
0 0 0.7938589263180901 0.03304751609392718 Penicillium-verrucosum
0 0 0.8794117565602205 0.009079620097010455 Penicillium-solitum
0 0 0.8751035217224784 0.009888596744136741 Penicillium-commune
0 0 0.8589562911743911 0.01328032011516758 Penicillium-chrysogenum
0 0 -0.6444658784209493 0.11816819103751769 Penicillium-cvjetkovicii
0 0 0.9810245866707787 9.42980736766609e-05 Penicillium-brevicompactum
0 0 0.8894580516956427 0.007346088595777339 Penicillium-mb
0 0 0.8721035544696865 0.010475530216383264 Penicillium-polonicum
0 0 0.7983001038596848 0.03137631486025812 Penicillium-verrucosum
0 0 0.8835622418053687 0.008337696856766988 Penicillium-solitum
0 0 0.879307728871465 0.0090986857231557 Penicillium-commune
0 0 0.8636812481236024 0.012228326329767258 Penicillium-chrysogenum
0 0 -0.6444658784209508 0.11816819103751645 Penicillium-cvjetkovicii
0 0 0.9809795169386932 9.485669992777632e-05 Penicillium-brevicompactum
0 0 0.8888075974224326 0.007451932084597133 Penicillium-mb
0 0 0.8714323642722712 0.010609518716170836 Penicillium-polonicum
0 0 0.7975670211136129 0.03164883816719982 Penicillium-verrucosum
0 0 0.8824496135755647 0.00853300620128983 Penicillium-solitum
0 0 0.878187145073873 0.00930552494821501 Penicillium-commune
0 0 0.8626180120246332 0.01246071748596591 Penicillium-chrysogenum
0 0 -0.6444658784209513 0.11816819103751618 Penicillium-cvjetkovicii
0 0 0.9809174301526707 9.562947411305917e-05 Penicillium-brevicompactum
0 0 0.8854265722430116 0.008016278412787653 Penicillium-mb
0 0 0.8683178880976563 0.011244115436217382 Penicillium-polonicum
0 0 0.7945824588729643 0.03277195155485028 Penicillium-verrucosum
0 0 0.8803885983264158 0.008901714601077805 Penicillium-solitum
0 0 0.87618716059067 0.009681366456890009 Penicillium-commune
0 0 0.8568965904390513 0.01375452628845243 Penicillium-chrysogenum
0 0 -0.6444658784209513 0.11816819103751618 Penicillium-cvjetkovicii
0 0 0.9808385978799827 9.661606979570266e-05 Penicillium-brevicompactum
0 0 0.8849831217242252 0.008092069353979726 Penicillium-mb
0 0 0.8678053245076912 0.011350588636413335 Penicillium-polonicum
0 0 0.7938071962186048 0.03306726730538976 Penicillium-verrucosum
0 0 0.8796681108916168 0.009032735354434716 Penicillium-solitum
0 0 0.8754453727643128 0.009822949539994278 Penicillium-commune
0 0 0.856176144097082 0.013922645989233859 Penicillium-chrysogenum
0 0 -0.6444658784209507 0.11816819103751655 Penicillium-cvjetkovicii
0 0 0.9809697836595582 9.497759967321776e-05 Penicillium-brevicompactum
0 0 0.8887626232378529 0.007459282813114291 Penicillium-mb
0 0 0.8714376300963905 0.010608463694281381 Penicillium-polonicum
0 0 0.7980616616871059 0.031464811228754865 Penicillium-verrucosum
0 0 0.8825160049680345 0.008521278598034395 Penicillium-solitum
0 0 0.8782745617663156 0.009289292927856505 Penicillium-commune
0 0 0.8608371585043705 0.012855589028522992 Penicillium-chrysogenum
0 0 -0.6444658784209508 0.11816819103751645 Penicillium-cvjetkovicii
0 0 0.9811145659275218 9.318869033537567e-05 Penicillium-brevicompactum
0 0 0.8920186947140003 0.006937908861751763 Penicillium-mb
0 0 0.8750483228627651 0.009899220460727191 Penicillium-polonicum
0 0 0.8016469204134207 0.030148840265370853 Penicillium-verrucosum
0 0 0.8849015014841215 0.008106064173081297 Penicillium-solitum
0 0 0.8807042271251164 0.00884466528845857 Penicillium-commune
0 0 0.864679306731512 0.012012461724435037 Penicillium-chrysogenum
0 0 -0.6444658784209525 0.1181681910375152 Penicillium-cvjetkovicii
0 0 0.9810133006919152 9.443777534798097e-05 Penicillium-brevicompactum
0 0 0.8892526170978492 0.007379422690020924 Penicillium-mb
0 0 0.8716323200826341 0.010569499404220207 Penicillium-polonicum
0 0 0.7983753148986314 0.03134842962169246 Penicillium-verrucosum
0 0 0.8834199992127765 0.00836252032340654 Penicillium-solitum
0 0 0.8791450730602055 0.009128542651433922 Penicillium-commune
0 0 0.8643120788398659 0.012091630932030594 Penicillium-chrysogenum
0 0 -0.644465878420951 0.11816819103751633 Penicillium-cvjetkovicii
0 0 0.980926673870547 9.551418345687424e-05 Penicillium-brevicompactum
0 0 0.8871117407360573 0.007732017606285425 Penicillium-mb
0 0 0.870230898655582 0.010851815256525453 Penicillium-polonicum
0 0 0.7960916626599215 0.03220129502819129 Penicillium-verrucosum
0 0 0.8811655029787931 0.008761671182412766 Penicillium-solitum
0 0 0.8769750872077521 0.009532273076915423 Penicillium-commune
0 0 0.857873508694538 0.013528422453261389 Penicillium-chrysogenum
0 0 -0.644465878420951 0.11816819103751633 Penicillium-cvjetkovicii
0 0 0.9810175332610716 9.438536871043253e-05 Penicillium-brevicompactum
0 0 0.8906523630207774 0.007154026711517809 Penicillium-mb
0 0 0.8738854336705402 0.010124562407029459 Penicillium-polonicum
0 0 0.7996715198964693 0.030870024136299565 Penicillium-verrucosum
0 0 0.8845871638811357 0.0081600919826108 Penicillium-solitum
0 0 0.8804088726176681 0.008898043696298114 Penicillium-commune
0 0 0.863115343798142 0.012351703474949249 Penicillium-chrysogenum
0 0 -0.6444658784209512 0.11816819103751623 Penicillium-cvjetkovicii
0 0 0.9809302612385287 9.546946298681854e-05 Penicillium-brevicompactum
0 0 0.8870721154004524 0.007738633657861393 Penicillium-mb
0 0 0.8696850774624248 0.010962930254946275 Penicillium-polonicum
0 0 0.7965690336670065 0.03202195645465323 Penicillium-verrucosum
0 0 0.8814317443614068 0.008713973783482579 Penicillium-solitum
0 0 0.8772007512636473 0.009489817959046775 Penicillium-commune
0 0 0.8593860685197183 0.013182571902983426 Penicillium-chrysogenum
0 0 -0.644465878420951 0.11816819103751633 Penicillium-cvjetkovicii
0 0 0.9809662496223429 9.50215196643584e-05 Penicillium-brevicompactum
0 0 0.8883421842107151 0.007528203821401602 Penicillium-mb
0 0 0.8708715414975077 0.010722226781699826 Penicillium-polonicum
0 0 0.7970649061007429 0.031836259082397636 Penicillium-verrucosum
0 0 0.8821833196235749 0.008580138944070934 Penicillium-solitum
0 0 0.8779105725754653 0.009356988176246644 Penicillium-commune
0 0 0.8624386457332438 0.012500169015508327 Penicillium-chrysogenum
0 0 -0.6444658784209499 0.11816819103751713 Penicillium-cvjetkovicii
0 0 0.980957921487304 9.512506723581531e-05 Penicillium-brevicompactum
0 0 0.8881031923372595 0.0075675445444333515 Penicillium-mb
0 0 0.8710112800744028 0.010694079540662354 Penicillium-polonicum
0 0 0.7971542242275008 0.031802874753118805 Penicillium-verrucosum
0 0 0.8825297441322565 0.008518852828542143 Penicillium-solitum
0 0 0.8783109993114543 0.009282531827055846 Penicillium-commune
0 0 0.8588987137860655 0.013293446889824562 Penicillium-chrysogenum
0 0 -0.644465878420951 0.11816819103751633 Penicillium-cvjetkovicii
0 0 0.9809597731293841 9.510203909210264e-05 Penicillium-brevicompactum
0 0 0.8890511331542541 0.007412200668363992 Penicillium-mb
0 0 0.8715595370085321 0.010584056193057525 Penicillium-polonicum
0 0 0.7974699175396137 0.031685035138724844 Penicillium-verrucosum
0 0 0.8820366027167122 0.00860617122287498 Penicillium-solitum
0 0 0.8777419674016027 0.009388441723695837 Penicillium-commune
0 0 0.8633541617608793 0.012299550286568497 Penicillium-chrysogenum
0 0 -0.6444658784209505 0.1181681910375167 Penicillium-cvjetkovicii
0 0 0.9809452621091147 9.528259607162577e-05 Penicillium-brevicompactum
0 0 0.8879287468688505 0.007596335176867728 Penicillium-mb
0 0 0.8708088925937612 0.010734859835300108 Penicillium-polonicum
0 0 0.7969563091789891 0.031876875568491315 Penicillium-verrucosum
0 0 0.8820548980987233 0.00860292254994069 Penicillium-solitum
0 0 0.8778362813154678 0.009370839819990243 Penicillium-commune
0 0 0.8598306206192117 0.013081898263745166 Penicillium-chrysogenum
0 0 -0.6444658784209513 0.11816819103751618 Penicillium-cvjetkovicii
0 0 0.981158879621822 9.264520944688066e-05 Penicillium-brevicompactum
0 0 0.8923663084223793 0.006883537867820663 Penicillium-mb
0 0 0.8755716368872836 0.00979876616493248 Penicillium-polonicum
0 0 0.8020730281800212 0.029994525242625674 Penicillium-verrucosum
0 0 0.8862110724381157 0.007883207220648128 Penicillium-solitum
0 0 0.8820472740176746 0.008604276256055664 Penicillium-commune
0 0 0.8653053451429059 0.011878184220665892 Penicillium-chrysogenum
0 0 -0.6444658784209513 0.11816819103751618 Penicillium-cvjetkovicii
0 0 0.9809464732829184 9.526751792365891e-05 Penicillium-brevicompactum
0 0 0.8888394512438256 0.007446728329790404 Penicillium-mb
0 0 0.8717651491512569 0.010542962984913404 Penicillium-polonicum
0 0 0.7973726149060333 0.031721329490420155 Penicillium-verrucosum
0 0 0.8816309988121099 0.008678375492669551 Penicillium-solitum
0 0 0.8773843101505933 0.009455364826357737 Penicillium-commune
0 0 0.8605119231889078 0.012928467279422571 Penicillium-chrysogenum
0 0 -0.644465878420951 0.11816819103751633 Penicillium-cvjetkovicii
0 0 0.9808509542984105 9.646102828795107e-05 Penicillium-brevicompactum
0 0 0.8839188707803272 0.008275647175580065 Penicillium-mb
0 0 0.8664329535999087 0.011638509337504696 Penicillium-polonicum
0 0 0.7907958635104523 0.03422838184625238 Penicillium-verrucosum
0 0 0.877028993564607 0.009522121516198452 Penicillium-solitum
0 0 0.8726788688414049 0.010361460592049277 Penicillium-commune
0 0 0.8561041983421571 0.013939499077473183 Penicillium-chrysogenum
0 0 -0.6444658784209508 0.11816819103751645 Penicillium-cvjetkovicii
0 0 0.9810431337911808 9.406875911861224e-05 Penicillium-brevicompactum
0 0 0.8887823651734994 0.007456055609556824 Penicillium-mb
0 0 0.8718600749639398 0.010524022343394689 Penicillium-polonicum
0 0 0.799129568457544 0.031069548373914447 Penicillium-verrucosum
0 0 0.8840105506503427 0.008259739118930628 Penicillium-solitum
0 0 0.8798705950041531 0.008995801940304027 Penicillium-commune
0 0 0.8601486503168538 0.0130101481430185 Penicillium-chrysogenum
0 0 -0.6444658784209509 0.11816819103751636 Penicillium-cvjetkovicii
0 0 0.9809271026790909 9.550883723122922e-05 Penicillium-brevicompactum
0 0 0.8873921648935149 0.007685290089616459 Penicillium-mb
0 0 0.8701578690585533 0.01086664446972916 Penicillium-polonicum
0 0 0.7966372109427066 0.03199638925593557 Penicillium-verrucosum
0 0 0.8816570232370349 0.0086737322482124 Penicillium-solitum
0 0 0.8774362069289628 0.009445637147402864 Penicillium-commune
0 0 0.8596383051705058 0.013125395926232096 Penicillium-chrysogenum
0 0 -0.64446587842095 0.11816819103751713 Penicillium-cvjetkovicii
0 0 0.9809801764328332 9.484851149284919e-05 Penicillium-brevicompactum
0 0 0.8897143209869682 0.007304628467180972 Penicillium-mb
0 0 0.8729582887664477 0.010306318233186805 Penicillium-polonicum
0 0 0.7963007291616092 0.032122684194934685 Penicillium-verrucosum
0 0 0.8819880288388972 0.008614799822944377 Penicillium-solitum
0 0 0.8777017651242823 0.009395950507659082 Penicillium-commune
0 0 0.8632262860511454 0.012327460106540839 Penicillium-chrysogenum
0 0 -0.6444658784209525 0.1181681910375152 Penicillium-cvjetkovicii
0 0 0.9810103000196881 9.44749394541372e-05 Penicillium-brevicompactum
0 0 0.8896353533991407 0.007317389629049422 Penicillium-mb
0 0 0.8723960161601693 0.010417452968832713 Penicillium-polonicum
0 0 0.7995302486221411 0.030921965185543722 Penicillium-verrucosum
0 0 0.8835663380347342 0.00833698263498949 Penicillium-solitum
0 0 0.8793606385504875 0.009088985842597364 Penicillium-commune
0 0 0.8621520097960016 0.012563362946579202 Penicillium-chrysogenum
0 0 -0.6444658784209513 0.11816819103751618 Penicillium-cvjetkovicii
0 0 0.9809329176492919 9.543635597039831e-05 Penicillium-brevicompactum
0 0 0.8872609858180929 0.00770712826037369 Penicillium-mb
0 0 0.8698260508922209 0.010934169376255232 Penicillium-polonicum
0 0 0.7968083651371531 0.03193225485202268 Penicillium-verrucosum
0 0 0.8809047219248083 0.008808536167532561 Penicillium-solitum
0 0 0.8766609229388025 0.009591560119949442 Penicillium-commune
0 0 0.8590319269669112 0.013263087581924054 Penicillium-chrysogenum
0 0 -0.6444658784209509 0.11816819103751636 Penicillium-cvjetkovicii
0 0 0.980920100899452 9.559615516582069e-05 Penicillium-brevicompactum
0 0 0.8868839680187184 0.007770092415673579 Penicillium-mb
0 0 0.8695319019685844 0.0109942298080059 Penicillium-polonicum
0 0 0.7955590206722112 0.0324020578005365 Penicillium-verrucosum
0 0 0.8805505165531119 0.008872421735309988 Penicillium-solitum
0 0 0.8762842382220407 0.009662925128048639 Penicillium-commune
0 0 0.8585947135318188 0.013362877502600436 Penicillium-chrysogenum
0 0 -0.6444658784209507 0.11816819103751655 Penicillium-cvjetkovicii
0 0 0.9810100774393183 9.447769651752756e-05 Penicillium-brevicompactum
0 0 0.8900060587435601 0.00725759548065544 Penicillium-mb
0 0 0.8731876806761292 0.0102611752629908 Penicillium-polonicum
0 0 0.7983439113460864 0.0313600711160026 Penicillium-verrucosum
0 0 0.8832199147733245 0.00839751026591877 Penicillium-solitum
0 0 0.8790008104251033 0.009155070584821616 Penicillium-commune
0 0 0.8622977971676078 0.01253119872457232 Penicillium-chrysogenum
0 0 -0.6444658784209523 0.1181681910375154 Penicillium-cvjetkovicii
0 0 0.9810152006336496 9.441424858638688e-05 Penicillium-brevicompactum
0 0 0.8891377242994289 0.007398103467444924 Penicillium-mb
0 0 0.8719382838571716 0.010508431968923773 Penicillium-polonicum
0 0 0.7978568892555816 0.03154092241642715 Penicillium-verrucosum
0 0 0.8827203621952072 0.00848523870489311 Penicillium-solitum
0 0 0.8784755927002622 0.009252026384610371 Penicillium-commune
0 0 0.8625094598315927 0.012484584945126283 Penicillium-chrysogenum
0 0 -0.6444658784209523 0.1181681910375154 Penicillium-cvjetkovicii
0 0 0.980631535286949 9.923632042579185e-05 Penicillium-brevicompactum
0 0 0.8783688323035219 0.00927180656359426 Penicillium-mb
0 0 0.8607378455411635 0.012877817894606097 Penicillium-polonicum
0 0 0.7850290426560979 0.03651440422020219 Penicillium-verrucosum
0 0 0.8725009751922009 0.010396655433249823 Penicillium-solitum
0 0 0.8681401269903676 0.011280975875645778 Penicillium-commune
0 0 0.8483051423945018 0.015835922711559716 Penicillium-chrysogenum
0 0 -0.644465878420951 0.11816819103751633 Penicillium-cvjetkovicii
0 0 0.9810356257087228 9.416154809078732e-05 Penicillium-brevicompactum
0 0 0.8903577041265666 0.007201138160693943 Penicillium-mb
0 0 0.8737144290777309 0.010157945829584548 Penicillium-polonicum
0 0 0.7994131584348255 0.03096505259531186 Penicillium-verrucosum
0 0 0.8858164321986072 0.007949987202134245 Penicillium-solitum
0 0 0.8816782227103477 0.00866995092606769 Penicillium-commune
0 0 0.8645016251093975 0.012050730135772259 Penicillium-chrysogenum
0 0 -0.6444658784209513 0.11816819103751618 Penicillium-cvjetkovicii
0 0 0.9810612537734081 9.384504730800869e-05 Penicillium-brevicompactum
0 0 0.8905337286084388 0.00717297299472302 Penicillium-mb
0 0 0.8735913114230554 0.010182019979824064 Penicillium-polonicum
0 0 0.8001571781828974 0.030691834943014158 Penicillium-verrucosum
0 0 0.8846579277568658 0.008147911108044442 Penicillium-solitum
0 0 0.8804785239166976 0.00888543914791344 Penicillium-commune
0 0 0.862858689905287 0.012407892832143065 Penicillium-chrysogenum
0 0 -0.6444658784209523 0.1181681910375154 Penicillium-cvjetkovicii
0 0 0.9809829183320934 9.481447194650482e-05 Penicillium-brevicompactum
0 0 0.8888629642078039 0.007442888517639806 Penicillium-mb
0 0 0.8716541557225901 0.010565134471900623 Penicillium-polonicum
0 0 0.7984832391050117 0.031308439847989596 Penicillium-verrucosum
0 0 0.8829833301424469 0.008438992179303426 Penicillium-solitum
0 0 0.8787763571011477 0.009196432828680814 Penicillium-commune
0 0 0.8615444543470614 0.012697913660999385 Penicillium-chrysogenum
0 0 -0.644465878420951 0.11816819103751633 Penicillium-cvjetkovicii
0 0 0.9809351569560794 9.54084526695362e-05 Penicillium-brevicompactum
0 0 0.8876668809397273 0.007639672601170565 Penicillium-mb
0 0 0.8704352910010944 0.010810373738201226 Penicillium-polonicum
0 0 0.7959275929372703 0.032263061784988736 Penicillium-verrucosum
0 0 0.8814496442378292 0.008710772396614913 Penicillium-solitum
0 0 0.8771905529294006 0.009491734256937025 Penicillium-commune
0 0 0.8609790306685974 0.012823872457427582 Penicillium-chrysogenum
0 0 -0.644465878420951 0.11816819103751633 Penicillium-cvjetkovicii
0 0 0.9808803165316654 9.609320301701611e-05 Penicillium-brevicompactum
0 0 0.8863028198348609 0.007867728637091984 Penicillium-mb
0 0 0.8690168340306279 0.011099854193839081 Penicillium-polonicum
0 0 0.794614526854593 0.032759767920171726 Penicillium-verrucosum
0 0 0.8793269698041112 0.009095157610695678 Penicillium-solitum
0 0 0.8750501946221173 0.00989886010938466 Penicillium-commune
0 0 0.8573839919583481 0.013641451045633928 Penicillium-chrysogenum
0 0 -0.6444658784209523 0.1181681910375154 Penicillium-cvjetkovicii
0 0 0.9809458321875933 9.527549887182656e-05 Penicillium-brevicompactum
0 0 0.8890092514398987 0.0074190246666029375 Penicillium-mb
0 0 0.8716890333383917 0.010558164607704569 Penicillium-polonicum
0 0 0.7991836422693684 0.031049608352419863 Penicillium-verrucosum
0 0 0.8825948495168816 0.008507363328663923 Penicillium-solitum
0 0 0.8783893748826789 0.009267998615701212 Penicillium-commune
0 0 0.8611210845815999 0.012792160233241846 Penicillium-chrysogenum
0 0 -0.6444658784209513 0.11816819103751618 Penicillium-cvjetkovicii
0 0 0.9809558739411425 9.515053563489113e-05 Penicillium-brevicompactum
0 0 0.8881110383336178 0.007566251121353117 Penicillium-mb
0 0 0.8710546502186072 0.010685352239688391 Penicillium-polonicum
0 0 0.7977417430345627 0.0315837658523355 Penicillium-verrucosum
0 0 0.8838374873568049 0.00828978344437375 Penicillium-solitum
0 0 0.8796631627894758 0.009033638989156134 Penicillium-commune
0 0 0.8602072477261287 0.012996952744468852 Penicillium-chrysogenum
0 0 -0.6444658784209508 0.11816819103751645 Penicillium-cvjetkovicii
0 0 0.9810655293794589 9.379230642506918e-05 Penicillium-brevicompactum
0 0 0.889340896297069 0.00736508767898928 Penicillium-mb
0 0 0.872087751594537 0.010478673654924373 Penicillium-polonicum
0 0 0.7984365286338765 0.031325744245873526 Penicillium-verrucosum
0 0 0.8828251477191761 0.008466793229731213 Penicillium-solitum
0 0 0.8785839392213455 0.009231977244224495 Penicillium-commune
0 0 0.862599387248079 0.012464810669497384 Penicillium-chrysogenum
0 0 -0.6444658784209506 0.11816819103751665 Penicillium-cvjetkovicii
0 0 0.9810148155321109 9.441901697214905e-05 Penicillium-brevicompactum
0 0 0.8907161281591931 0.007143855216105896 Penicillium-mb
0 0 0.8730339748719015 0.010291411044102318 Penicillium-polonicum
0 0 0.8012974052076113 0.030275748088602925 Penicillium-verrucosum
0 0 0.8835694364690713 0.00833644241302766 Penicillium-solitum
0 0 0.8793254308663772 0.00909543976887078 Penicillium-commune
0 0 0.8646011889876791 0.01202927783121379 Penicillium-chrysogenum
0 0 -0.6444658784209524 0.1181681910375152 Penicillium-cvjetkovicii
0 0 0.9808617974763585 9.632509645805764e-05 Penicillium-brevicompactum
0 0 0.8859014199972556 0.007935578257440668 Penicillium-mb
0 0 0.8683828678181597 0.011230658580146338 Penicillium-polonicum
0 0 0.7917195129669924 0.0338698655078447 Penicillium-verrucosum
0 0 0.8772529945690192 0.00948000478224365 Penicillium-solitum
0 0 0.8728473283309558 0.01032819553740577 Penicillium-commune
0 0 0.8605085243305933 0.012929230137192195 Penicillium-chrysogenum
0 0 -0.644465878420951 0.11816819103751633 Penicillium-cvjetkovicii
0 0 0.9809711173543818 9.49610280489745e-05 Penicillium-brevicompactum
0 0 0.888616802786111 0.007483145051814078 Penicillium-mb
0 0 0.871448342869532 0.010606317547965767 Penicillium-polonicum
0 0 0.7970361535510428 0.031847010049532616 Penicillium-verrucosum
0 0 0.881621405916778 0.008680087406736436 Penicillium-solitum
0 0 0.8773616923023324 0.009459606186418367 Penicillium-commune
0 0 0.8609493045371127 0.01283051423578165 Penicillium-chrysogenum
0 0 -0.6444658784209525 0.1181681910375152 Penicillium-cvjetkovicii
0 0 0.9809674828777449 9.500619174706505e-05 Penicillium-brevicompactum
0 0 0.8885840499756819 0.007488510831605807 Penicillium-mb
0 0 0.8715950895793868 0.010576944153690102 Penicillium-polonicum
0 0 0.7976573340231067 0.03161519326590941 Penicillium-verrucosum
0 0 0.8828491238539451 0.008462575952705644 Penicillium-solitum
0 0 0.878652773890449 0.009219252664431668 Penicillium-commune
0 0 0.8610815242929467 0.012800987181455925 Penicillium-chrysogenum
0 0 -0.6444658784209503 0.11816819103751695 Penicillium-cvjetkovicii
0 0 0.9809347283839238 9.541379259627995e-05 Penicillium-brevicompactum
0 0 0.8877241237852546 0.007630187025178583 Penicillium-mb
0 0 0.8701150599703485 0.010875342594131256 Penicillium-polonicum
0 0 0.797178572605043 0.031793777481308336 Penicillium-verrucosum
0 0 0.8808391258091184 0.008820347176758947 Penicillium-solitum
0 0 0.8765674774337222 0.009609235450488356 Penicillium-commune
0 0 0.8604697759014954 0.0129379288630739 Penicillium-chrysogenum
0 0 -0.6444658784209524 0.1181681910375152 Penicillium-cvjetkovicii
0 0 0.9810060939027813 9.452704799360612e-05 Penicillium-brevicompactum
0 0 0.8898997477110704 0.007274714211231218 Penicillium-mb
0 0 0.8729043224216554 0.010316955069724935 Penicillium-polonicum
0 0 0.7991901433702555 0.031047211516730278 Penicillium-verrucosum
0 0 0.8849321851034093 0.008100801439521764 Penicillium-solitum
0 0 0.8807441727070611 0.008837460291769638 Penicillium-commune
0 0 0.8625004110494753 0.012486575690882878 Penicillium-chrysogenum
0 0 -0.6444658784209526 0.11816819103751502 Penicillium-cvjetkovicii
0 0 0.9810093164857226 9.44871226767945e-05 Penicillium-brevicompactum
0 0 0.8881653476696706 0.007557301662772713 Penicillium-mb
0 0 0.8707552037866466 0.01074569290859182 Penicillium-polonicum
0 0 0.7968143772221595 0.031930003326894725 Penicillium-verrucosum
0 0 0.8815310106579979 0.008696228601410831 Penicillium-solitum
0 0 0.8772560469528463 0.00947943161548367 Penicillium-commune
0 0 0.8617237999759387 0.012658109851186516 Penicillium-chrysogenum
0 0 -0.644465878420951 0.11816819103751633 Penicillium-cvjetkovicii
0 0 0.9808456058370345 9.652811958877266e-05 Penicillium-brevicompactum
0 0 0.8837096366083105 0.00831201923515545 Penicillium-mb
0 0 0.8664142631341726 0.011642459171731663 Penicillium-polonicum
0 0 0.789223902940147 0.034843377667974476 Penicillium-verrucosum
0 0 0.876033466555546 0.009710604356306557 Penicillium-solitum
0 0 0.8716507634594511 0.010565812515355625 Penicillium-commune
0 0 0.8566925085645399 0.013802031188158497 Penicillium-chrysogenum
0 0 -0.6444658784209523 0.1181681910375154 Penicillium-cvjetkovicii
0 0 0.9809778286322027 9.48776642617779e-05 Penicillium-brevicompactum
0 0 0.8891084407929225 0.007402869138168533 Penicillium-mb
0 0 0.8722140851667646 0.010453559108354986 Penicillium-polonicum
0 0 0.7982342304212313 0.031400749469168356 Penicillium-verrucosum
0 0 0.8834470202511536 0.008357801465391538 Penicillium-solitum
0 0 0.8792643105555792 0.009106650021307786 Penicillium-commune
0 0 0.8615095225328436 0.01270567473294177 Penicillium-chrysogenum
0 0 -0.6444658784209493 0.11816819103751769 Penicillium-cvjetkovicii
0 0 0.9810534980505959 9.394076163029033e-05 Penicillium-brevicompactum
0 0 0.8904419229931293 0.007187654565957908 Penicillium-mb
0 0 0.8734203443852072 0.010215504926010725 Penicillium-polonicum
0 0 0.799894211818862 0.03078824634892238 Penicillium-verrucosum
0 0 0.8842610000652326 0.008216371932168674 Penicillium-solitum
0 0 0.8800635367816643 0.008960690297696075 Penicillium-commune
0 0 0.8630637732536671 0.012362982096572042 Penicillium-chrysogenum
0 0 -0.6444658784209498 0.11816819103751722 Penicillium-cvjetkovicii
0 0 0.9809508196581511 9.521342074035495e-05 Penicillium-brevicompactum
0 0 0.8866719689985664 0.007805627745324784 Penicillium-mb
0 0 0.8686851969062015 0.011168170042281635 Penicillium-polonicum
0 0 0.79246401607908 0.03358241483279461 Penicillium-verrucosum
0 0 0.8798116971863935 0.009006535986351 Penicillium-solitum
0 0 0.8753821180802231 0.009835077629276346 Penicillium-commune
0 0 0.8677601006605024 0.011360010531252351 Penicillium-chrysogenum
0 0 -0.6444658784209513 0.11816819103751618 Penicillium-cvjetkovicii
0 0 0.98113879604884 9.289128739605907e-05 Penicillium-brevicompactum
0 0 0.892465310742309 0.006868098064281908 Penicillium-mb
0 0 0.8762596438870048 0.009667595268221063 Penicillium-polonicum
0 0 0.8033007068710729 0.029552397070132734 Penicillium-verrucosum
0 0 0.8873724501465738 0.00768856983265159 Penicillium-solitum
0 0 0.8833317181601114 0.008377948142966659 Penicillium-commune
0 0 0.8627761428723202 0.012425995985360637 Penicillium-chrysogenum
0 0 -0.644465878420951 0.11816819103751633 Penicillium-cvjetkovicii
0 0 0.9809071591416442 9.575767484632585e-05 Penicillium-brevicompactum
0 0 0.8864344704389387 0.007845548774355027 Penicillium-mb
0 0 0.8690369784149283 0.011095712296663937 Penicillium-polonicum
0 0 0.7951894109656508 0.03254177994694131 Penicillium-verrucosum
0 0 0.8804195666640173 0.008896107762418844 Penicillium-solitum
0 0 0.8761588174372466 0.009686754479714526 Penicillium-commune
0 0 0.8589899810995217 0.013272642765084455 Penicillium-chrysogenum
0 0 -0.6444658784209513 0.11816819103751618 Penicillium-cvjetkovicii
0 0 0.9810095313951538 9.448446047267965e-05 Penicillium-brevicompactum
0 0 0.8884484507438258 0.0075107492828297455 Penicillium-mb
0 0 0.8713830186427025 0.010619408177926806 Penicillium-polonicum
0 0 0.7973735578443014 0.03172097765856173 Penicillium-verrucosum
0 0 0.8828157145303694 0.008468452811210581 Penicillium-solitum
0 0 0.878605248517384 0.009228036986765463 Penicillium-commune
0 0 0.8616737804635527 0.012669203933998984 Penicillium-chrysogenum
0 0 -0.6444658784209523 0.1181681910375154 Penicillium-cvjetkovicii
0 0 0.9809436701527448 9.530241682457573e-05 Penicillium-brevicompactum
0 0 0.8866382202566785 0.007811293375452968 Penicillium-mb
0 0 0.8691880665407097 0.011064675312299179 Penicillium-polonicum
0 0 0.7954470237858419 0.03244436013720662 Penicillium-verrucosum
0 0 0.880583029419863 0.00886654650348118 Penicillium-solitum
0 0 0.8763135003252911 0.009657370334486307 Penicillium-commune
0 0 0.8590085913328214 0.01326840290549697 Penicillium-chrysogenum
0 0 -0.6444658784209509 0.11816819103751636 Penicillium-cvjetkovicii
0 0 0.9810421620586897 9.408076524279131e-05 Penicillium-brevicompactum
0 0 0.8903750546904818 0.007198359106205649 Penicillium-mb
0 0 0.8735019109915185 0.0101995217080774 Penicillium-polonicum
0 0 0.7998780911578871 0.03079416216916996 Penicillium-verrucosum
0 0 0.8847616812169475 0.008130070619233622 Penicillium-solitum
0 0 0.8805932246169599 0.008864704644900207 Penicillium-commune
0 0 0.8631641061673268 0.01234104443952286 Penicillium-chrysogenum
0 0 -0.6444658784209525 0.1181681910375152 Penicillium-cvjetkovicii
0 0 0.9809614758910733 9.508086545141514e-05 Penicillium-brevicompactum
0 0 0.88896349021133 0.007426484931006402 Penicillium-mb
0 0 0.872043819386151 0.010487415308880609 Penicillium-polonicum
0 0 0.7977114531868111 0.03159504145022657 Penicillium-verrucosum
0 0 0.8827248801768531 0.00848444292272206 Penicillium-solitum
0 0 0.87851426457534 0.009244867411454952 Penicillium-commune
0 0 0.8605097634093949 0.01292895202879307 Penicillium-chrysogenum
0 0 -0.6444658784209513 0.11816819103751618 Penicillium-cvjetkovicii
0 0 0.9809537557485766 9.517688705033207e-05 Penicillium-brevicompactum
0 0 0.8874329818667445 0.007678502356505347 Penicillium-mb
0 0 0.8704104244055693 0.010815410686396965 Penicillium-polonicum
0 0 0.7970639830122301 0.031836604206186774 Penicillium-verrucosum
0 0 0.8825806002024749 0.008509877216600114 Penicillium-solitum
0 0 0.8784088239621168 0.0092643941997776 Penicillium-commune
0 0 0.859524052543183 0.013151276610401955 Penicillium-chrysogenum
0 0 -0.644465878420951 0.11816819103751633 Penicillium-cvjetkovicii
0 0 0.9809659677069141 9.502502374947237e-05 Penicillium-brevicompactum
0 0 0.888730640351786 0.007464512754402763 Penicillium-mb
0 0 0.8715008873364731 0.010595794655609751 Penicillium-polonicum
0 0 0.7980841235516515 0.03145646870338757 Penicillium-verrucosum
0 0 0.8827208308277757 0.008485156159516023 Penicillium-solitum
0 0 0.8785008716646387 0.009247346357589793 Penicillium-commune
0 0 0.8615003655866639 0.01270770965234551 Penicillium-chrysogenum
0 0 -0.6444658784209512 0.11816819103751623 Penicillium-cvjetkovicii
0 0 0.9810594367652986 9.38674660048671e-05 Penicillium-brevicompactum
0 0 0.8910062629682602 0.007097680204123405 Penicillium-mb
0 0 0.8735931809693345 0.010181654167554873 Penicillium-polonicum
0 0 0.802302772871158 0.029911506963005225 Penicillium-verrucosum
0 0 0.8840766083680308 0.008248287917882778 Penicillium-solitum
0 0 0.8798862775736607 0.008992945059036502 Penicillium-commune
0 0 0.8626623309502524 0.012450980576379028 Penicillium-chrysogenum
0 0 -0.6444658784209523 0.1181681910375154 Penicillium-cvjetkovicii
0 0 0.9810198705923354 9.435643588473369e-05 Penicillium-brevicompactum
0 0 0.8877546775791622 0.007625126820356952 Penicillium-mb
0 0 0.8703618367703243 0.010825256435010564 Penicillium-polonicum
0 0 0.7965514339326117 0.03202855839224863 Penicillium-verrucosum
0 0 0.8816635888723418 0.008672561042696727 Penicillium-solitum
0 0 0.8774045182685241 0.009451576273156922 Penicillium-commune
0 0 0.8619268438020531 0.012613132927074151 Penicillium-chrysogenum
0 0 -0.644465878420951 0.11816819103751633 Penicillium-cvjetkovicii
0 0 0.9809185893451828 9.561501173608766e-05 Penicillium-brevicompactum
0 0 0.8874413867167844 0.007677105087559562 Penicillium-mb
0 0 0.8701051519192802 0.010877356322559782 Penicillium-polonicum
0 0 0.7960678772078574 0.03221024536061688 Penicillium-verrucosum
0 0 0.8803034576387969 0.008917139891813664 Penicillium-solitum
0 0 0.8760297393165138 0.00971131403669575 Penicillium-commune
0 0 0.859064692361225 0.013255626433138393 Penicillium-chrysogenum
0 0 -0.6444658784209513 0.11816819103751618 Penicillium-cvjetkovicii
0 0 0.9809549642996819 9.516185151361294e-05 Penicillium-brevicompactum
0 0 0.8882233751567037 0.007547746277002357 Penicillium-mb
0 0 0.8711199862239103 0.010672212523562036 Penicillium-polonicum
0 0 0.7968823173638324 0.03190456591160046 Penicillium-verrucosum
0 0 0.8822201932274369 0.008573603547803246 Penicillium-solitum
0 0 0.8779839200478516 0.009343324094038498 Penicillium-commune
0 0 0.8597309513825109 0.013104430999240947 Penicillium-chrysogenum
0 0 -0.64446587842095 0.11816819103751713 Penicillium-cvjetkovicii
0 0 0.9808700041963283 9.622229172332119e-05 Penicillium-brevicompactum
0 0 0.8851191675039054 0.008068773661497226 Penicillium-mb
0 0 0.8675330282389577 0.01140738650377137 Penicillium-polonicum
0 0 0.7917632423207999 0.033852943987252394 Penicillium-verrucosum
0 0 0.8787731430299923 0.009197025898804917 Penicillium-solitum
0 0 0.8744122757213415 0.010022110201746601 Penicillium-commune
0 0 0.8596455236164242 0.013123761773269304 Penicillium-chrysogenum
0 0 -0.6444658784209513 0.11816819103751618 Penicillium-cvjetkovicii
0 0 0.9810719519664847 9.371311513293054e-05 Penicillium-brevicompactum
0 0 0.8905223502972189 0.007174791672216134 Penicillium-mb
0 0 0.8733445625248727 0.01023036752067604 Penicillium-polonicum
0 0 0.8005383586401649 0.03055238274643564 Penicillium-verrucosum
0 0 0.884323473860528 0.008205574688995241 Penicillium-solitum
0 0 0.880129359563302 0.008948729962400323 Penicillium-commune
0 0 0.8637957307202174 0.012203453477406626 Penicillium-chrysogenum
0 0 -0.6444658784209508 0.11816819103751645 Penicillium-cvjetkovicii
0 0 0.9810268967583379 9.42694938436394e-05 Penicillium-brevicompactum
0 0 0.8895862464182045 0.00732533182348573 Penicillium-mb
0 0 0.8725083615394584 0.010395192736269432 Penicillium-polonicum
0 0 0.799319502843623 0.03099954056869013 Penicillium-verrucosum
0 0 0.8841967878511988 0.00822747817756283 Penicillium-solitum
0 0 0.8800113118538622 0.008970186394201137 Penicillium-commune
0 0 0.8620971858239429 0.012575470674352504 Penicillium-chrysogenum
0 0 -0.6444658784209499 0.11816819103751713 Penicillium-cvjetkovicii
