#SPECIES: Penicillium-brevicompactum Penicillium-mb Penicillium-polonicum Penicillium-solitum Penicillium-commune Penicillium-verrucosum Penicillium-chrysogenum Penicillium-cvjetkovicii 
#GENE_TREEs p: 0.59761122154971 0.6688256976477818 0.5738263582053125 0.4610076039409111 0.4664709576298668 0.5509483532014764 0.5875977905654659 0.015858965437498908 
#GENE_TREEs r: -0.24424630127816607 0.19899420789204061 0.25970587258554517 0.33615991772778825 0.33231592330102 0.2747667129801805 0.25073132990193864 0.8482137546188265 
1 4 -0.24457359889589705 0.5971046203061314 Penicillium-brevicompactum
1 4 0.20415211425446042 0.6605976104261841 Penicillium-mb
1 4 0.26471920884391825 0.566177969125012 Penicillium-polonicum
1 4 0.34135444540121074 0.4536626740935492 Penicillium-solitum
1 4 0.3375048822348036 0.45910166064193125 Penicillium-commune
1 4 0.2821185943214416 0.5398904549972852 Penicillium-verrucosum
1 4 0.25653693740978095 0.5786775087954034 Penicillium-chrysogenum
1 4 0.8407291406689109 0.017811312901493303 Penicillium-cvjetkovicii
1 4 -0.24464638220606108 0.5969919816559461 Penicillium-brevicompactum
1 4 0.2077069860953059 0.6549424676149175 Penicillium-mb
1 4 0.2674743904371282 0.5619885171847685 Penicillium-polonicum
1 4 0.34190976359773506 0.45288006683084947 Penicillium-solitum
1 4 0.3381093706811624 0.45824599547678496 Penicillium-commune
1 4 0.2843357118143768 0.5365702497829777 Penicillium-verrucosum
1 4 0.25720074251330804 0.5776602708181815 Penicillium-chrysogenum
1 4 0.8350097238644866 0.019390661577750885 Penicillium-cvjetkovicii
3 0 -0.24441072625266605 0.5973567033928692 Penicillium-brevicompactum
3 0 0.20292116414850575 0.6625588330762269 Penicillium-mb
3 0 0.2634499009390209 0.5681113695832514 Penicillium-polonicum
3 0 0.3397773688956541 0.45588798570841793 Penicillium-solitum
3 0 0.3359386492556886 0.46132144219070986 Penicillium-commune
3 0 0.2792649128618054 0.5441739019073784 Penicillium-verrucosum
3 0 0.2554508264971423 0.5803431022860458 Penicillium-chrysogenum
3 0 0.8482137546188273 0.015858965437498707 Penicillium-cvjetkovicii
1 4 -0.24447214786263727 0.5972616354833106 Penicillium-brevicompactum
1 4 0.20913241699263008 0.6526785319871562 Penicillium-mb
1 4 0.26754486272491906 0.5618814892839963 Penicillium-polonicum
1 4 0.34023952395901147 0.45523544827641826 Penicillium-solitum
1 4 0.336291382137807 0.4608211775223207 Penicillium-commune
1 4 0.2840945374865714 0.5369310862115522 Penicillium-verrucosum
1 4 0.2567264849997215 0.5783869826723926 Penicillium-chrysogenum
1 4 0.853205790497318 0.014628161068167321 Penicillium-cvjetkovicii
1 4 -0.24447214786263743 0.5972616354833102 Penicillium-brevicompactum
1 4 0.20210163093138048 0.6638654127848863 Penicillium-mb
1 4 0.2630879132655211 0.5686631291086303 Penicillium-polonicum
1 4 0.3377436459973194 0.45876361519105 Penicillium-solitum
1 4 0.3341333662369963 0.46388492636466183 Penicillium-commune
1 4 0.2816888879296895 0.5405347396373142 Penicillium-verrucosum
1 4 0.2483971402423559 0.5911960532655554 Penicillium-chrysogenum
1 4 0.8552584730542749 0.014138482672876653 Penicillium-cvjetkovicii
1 4 -0.24447214786263735 0.5972616354833105 Penicillium-brevicompactum
1 4 0.2008104882580236 0.6659252507858979 Penicillium-mb
1 4 0.26223270319725894 0.5699673550476345 Penicillium-polonicum
1 4 0.34010426709017394 0.4554263875023614 Penicillium-solitum
1 4 0.3362445999009587 0.4608875150573738 Penicillium-commune
1 4 0.28086548890809404 0.5417700211741376 Penicillium-verrucosum
1 4 0.2491192974112964 0.5900820981456427 Penicillium-chrysogenum
1 4 0.8544925544203967 0.014320082273406533 Penicillium-cvjetkovicii
1 2 -0.2441034203691137 0.597832417509812 Penicillium-brevicompactum
1 2 0.20079599645581872 0.6659483799320716 Penicillium-mb
1 2 0.2597684761486504 0.5737306505369544 Penicillium-polonicum
1 2 0.3338802974732574 0.46424469983649697 Penicillium-solitum
1 2 0.3299288277988352 0.46987555157751254 Penicillium-commune
1 2 0.27601150424025733 0.5490709107041701 Penicillium-verrucosum
1 2 0.2463439091578474 0.5943667266576078 Penicillium-chrysogenum
1 2 0.8482137546188271 0.015858965437498772 Penicillium-cvjetkovicii
1 2 -0.24432413549864482 0.5974907356504158 Penicillium-brevicompactum
1 2 0.20505568723787226 0.6591589654577836 Penicillium-mb
1 2 0.2645679343781465 0.5664082795162242 Penicillium-polonicum
1 2 0.33880150585416874 0.45726699189683456 Penicillium-solitum
1 2 0.3349575342823225 0.46271396587192704 Penicillium-commune
1 2 0.2816517886534635 0.5405903767382704 Penicillium-verrucosum
1 2 0.2546715405707375 0.5815390822647117 Penicillium-chrysogenum
1 2 0.8482137546188276 0.015858965437498634 Penicillium-cvjetkovicii
1 4 -0.24447214786263738 0.5972616354833103 Penicillium-brevicompactum
1 4 0.2061370878779986 0.6574382853548899 Penicillium-mb
1 4 0.2659456130219783 0.5643119088604628 Penicillium-polonicum
1 4 0.33979545596094946 0.4558624412321799 Penicillium-solitum
1 4 0.33603402025926143 0.46118616214010544 Penicillium-commune
1 4 0.2831966462685434 0.5382751879501615 Penicillium-verrucosum
1 4 0.2526097180459999 0.5847070553141158 Penicillium-chrysogenum
1 4 0.8527016965082703 0.014749874437376494 Penicillium-cvjetkovicii
1 4 -0.24462523562605 0.5970247072110426 Penicillium-brevicompactum
1 4 0.2087319237192425 0.6533144008509361 Penicillium-mb
1 4 0.26761884678762055 0.5617691349850114 Penicillium-polonicum
1 4 0.34132490550189054 0.45370431865354754 Penicillium-solitum
1 4 0.33735544547440194 0.45931328246901915 Penicillium-commune
1 4 0.2847799432824057 0.5359058179083319 Penicillium-verrucosum
1 4 0.2566516449287193 0.5785016872058278 Penicillium-chrysogenum
1 4 0.8367029629129268 0.01891514899975289 Penicillium-cvjetkovicii
1 2 -0.244395488444983 0.5973802890629054 Penicillium-brevicompactum
1 2 0.2070222431677343 0.6560307566036845 Penicillium-mb
1 2 0.26704470962009375 0.562641224409458 Penicillium-polonicum
1 2 0.3413903305990593 0.45361208601964503 Penicillium-solitum
1 2 0.337672194711996 0.45886476735785325 Penicillium-commune
1 2 0.28418740282136457 0.5367921348527208 Penicillium-verrucosum
1 2 0.2585253474945213 0.575632068529341 Penicillium-chrysogenum
1 2 0.8482137546188272 0.01585896543749876 Penicillium-cvjetkovicii
1 4 -0.24453651944663696 0.5971620065140673 Penicillium-brevicompactum
1 4 0.20371334645388303 0.6612965048545261 Penicillium-mb
1 4 0.2638570732655446 0.5674909400655292 Penicillium-polonicum
1 4 0.3380279845804824 0.45836116461084525 Penicillium-solitum
1 4 0.3342950755033623 0.46365508728151084 Penicillium-commune
1 4 0.2816007176201698 0.5406669701246688 Penicillium-verrucosum
1 4 0.24984477202470828 0.5889636709740569 Penicillium-chrysogenum
1 4 0.8435283996909841 0.017066017378618622 Penicillium-cvjetkovicii
1 4 -0.244628614945836 0.5970194774820416 Penicillium-brevicompactum
1 4 0.20773432549411455 0.6548990260904973 Penicillium-mb
1 4 0.26715547244197757 0.5624729468320786 Penicillium-polonicum
1 4 0.34078822748684995 0.4544611611193813 Penicillium-solitum
1 4 0.3369726929107829 0.45985547442076363 Penicillium-commune
1 4 0.2843255660925085 0.5365854278235609 Penicillium-verrucosum
1 4 0.256389966827671 0.5789028069010439 Penicillium-chrysogenum
1 4 0.8364341368220533 0.0189901961931702 Penicillium-cvjetkovicii
1 2 -0.24422192438855783 0.597648958016036 Penicillium-brevicompactum
1 2 0.20411798172770876 0.6606519716418485 Penicillium-mb
1 2 0.2636231281146678 0.5678473881380484 Penicillium-polonicum
1 2 0.33644020722853063 0.4606101659953134 Penicillium-solitum
1 2 0.3327447023748244 0.4658603736660135 Penicillium-commune
1 2 0.2808903340375518 0.5417327343266054 Penicillium-verrucosum
1 2 0.25238240792549693 0.5850566400047633 Penicillium-chrysogenum
1 2 0.8482137546188285 0.015858965437498415 Penicillium-cvjetkovicii
1 4 -0.24490394189421796 0.596593436522758 Penicillium-brevicompactum
1 4 0.20940134633577098 0.6522516427808432 Penicillium-mb
1 4 0.2687209466990085 0.5600963068591641 Penicillium-polonicum
1 4 0.3434507901426602 0.4507109509300908 Penicillium-solitum
1 4 0.33951421227249945 0.4562597036794707 Penicillium-commune
1 4 0.28564686829856495 0.5346099587019715 Penicillium-verrucosum
1 4 0.26136287912465894 0.5712948347578287 Penicillium-chrysogenum
1 4 0.8120949803924649 0.026492376088210118 Penicillium-cvjetkovicii
1 2 -0.2443420624889361 0.5974629860445724 Penicillium-brevicompactum
1 2 0.20426129886756814 0.6604237253665162 Penicillium-mb
1 2 0.2641695910661429 0.567014886291836 Penicillium-polonicum
1 2 0.3393962517045243 0.4564263636878823 Penicillium-solitum
1 2 0.3355074395302695 0.46193327928043365 Penicillium-commune
1 2 0.2819833252121884 0.5400932446752604 Penicillium-verrucosum
1 2 0.25415655594536946 0.5823298538269464 Penicillium-chrysogenum
1 2 0.8482137546188281 0.01585896543749852 Penicillium-cvjetkovicii
3 2 -0.24447214786263743 0.5972616354833102 Penicillium-brevicompactum
3 2 0.21099761450543592 0.6497193370562084 Penicillium-mb
3 2 0.2721169351200774 0.5549517828317778 Penicillium-polonicum
3 2 0.34978815651142847 0.4418317855296044 Penicillium-solitum
3 2 0.3458958402447769 0.44727736233170295 Penicillium-commune
3 2 0.28845219074591866 0.5304238244871926 Penicillium-verrucosum
3 2 0.2685401368209014 0.5603706404457587 Penicillium-chrysogenum
3 2 0.8814215905546983 0.00871579009036787 Penicillium-cvjetkovicii
1 2 -0.24433561991862557 0.597472958604582 Penicillium-brevicompactum
1 2 0.20825903708015328 0.6540654243590154 Penicillium-mb
1 2 0.2654574564816292 0.5650544385880898 Penicillium-polonicum
1 2 0.33663332280787744 0.460336410515016 Penicillium-solitum
1 2 0.332540861542609 0.4661506076122988 Penicillium-commune
1 2 0.28217023971175137 0.5398130370840344 Penicillium-verrucosum
1 2 0.2549077640166263 0.5811764666005774 Penicillium-chrysogenum
1 2 0.8482137546188275 0.015858965437498658 Penicillium-cvjetkovicii
1 4 -0.24447214786263727 0.5972616354833106 Penicillium-brevicompactum
1 4 0.20293527541938086 0.6625363414579664 Penicillium-mb
1 4 0.26313533209674883 0.5685908413336372 Penicillium-polonicum
1 4 0.34004975320103464 0.45550335201861725 Penicillium-solitum
1 4 0.3359471559528063 0.4613093751770341 Penicillium-commune
1 4 0.28329660646999183 0.5381254969146093 Penicillium-verrucosum
1 4 0.2544417705056532 0.5818918587915228 Penicillium-chrysogenum
1 4 0.8569253178446236 0.013747846826809918 Penicillium-cvjetkovicii
1 4 -0.24447214786263727 0.5972616354833106 Penicillium-brevicompactum
1 4 0.21337747554234363 0.6459489222068635 Penicillium-mb
1 4 0.2722115418175481 0.5548086841617564 Penicillium-polonicum
1 4 0.34622062588313535 0.44682200738975775 Penicillium-solitum
1 4 0.34222262327829817 0.45243937737857054 Penicillium-commune
1 4 0.289145408425692 0.5293910990706985 Penicillium-verrucosum
1 4 0.26433156111938505 0.5667682095433941 Penicillium-chrysogenum
1 4 0.8665955834027327 0.011604173452777667 Penicillium-cvjetkovicii
1 4 -0.24454983427814841 0.5971413995528069 Penicillium-brevicompactum
1 4 0.20878910898907227 0.6532235967726767 Penicillium-mb
1 4 0.26825508029612216 0.5608032296067371 Penicillium-polonicum
1 4 0.34238009753211307 0.4522176221472289 Penicillium-solitum
1 4 0.338531489019661 0.45764882983041094 Penicillium-commune
1 4 0.285361307438952 0.5350366928007075 Penicillium-verrucosum
1 4 0.25898174597014245 0.5749337588970744 Penicillium-chrysogenum
1 4 0.8425318558194828 0.0173292675475371 Penicillium-cvjetkovicii
1 2 -0.24405233069092241 0.5979115161390116 Penicillium-brevicompactum
1 2 0.20216862298247287 0.6637585820836901 Penicillium-mb
1 2 0.2612807930029341 0.5714201605202135 Penicillium-polonicum
1 2 0.33548109980029767 0.4619706620361292 Penicillium-solitum
1 2 0.3315411315995662 0.4675750096982948 Penicillium-commune
1 2 0.2784019346187499 0.5454714486599515 Penicillium-verrucosum
1 2 0.25101853406779195 0.5871555160506423 Penicillium-chrysogenum
1 2 0.8482137546188279 0.015858965437498564 Penicillium-cvjetkovicii
1 2 -0.24418292296262412 0.5977093353799312 Penicillium-brevicompactum
1 2 0.20291078981123958 0.6625753686136218 Penicillium-mb
1 2 0.2625157295701669 0.5695356252109384 Penicillium-polonicum
1 2 0.3370300171031031 0.4597742561886786 Penicillium-solitum
1 2 0.3331432867784263 0.4652930505901264 Penicillium-commune
1 2 0.28032471083658084 0.5425818150172205 Penicillium-verrucosum
1 2 0.25151988321924873 0.5863837177770116 Penicillium-chrysogenum
1 2 0.8482137546188281 0.01585896543749852 Penicillium-cvjetkovicii
1 4 -0.24447214786263743 0.5972616354833102 Penicillium-brevicompactum
1 4 0.20635898844483366 0.6570853546757998 Penicillium-mb
1 4 0.2661868023268972 0.5639451531789441 Penicillium-polonicum
1 4 0.341164030176002 0.45393114140908436 Penicillium-solitum
1 4 0.337297773042397 0.4593949637702885 Penicillium-commune
1 4 0.2835824422243847 0.5376975323687989 Penicillium-verrucosum
1 4 0.256622992716952 0.5785456032353973 Penicillium-chrysogenum
1 4 0.8514729174301047 0.015048979322889332 Penicillium-cvjetkovicii
1 4 -0.24448642767492676 0.5972395339489218 Penicillium-brevicompactum
1 4 0.20216408755469864 0.6637658144844709 Penicillium-mb
1 4 0.2613492992649933 0.571315567339377 Penicillium-polonicum
1 4 0.33591078272141145 0.4613609725504793 Penicillium-solitum
1 4 0.3318482492045242 0.4671372629465962 Penicillium-commune
1 4 0.2788920897737063 0.544734342277923 Penicillium-verrucosum
1 4 0.2421074940237751 0.6009249065632192 Penicillium-chrysogenum
1 4 0.8471929846505349 0.016117644256702375 Penicillium-cvjetkovicii
1 2 -0.24413119646868253 0.5977894150087769 Penicillium-brevicompactum
1 2 0.19964672209682988 0.667783308787113 Penicillium-mb
1 2 0.25981308170401946 0.5736624610880796 Penicillium-polonicum
1 2 0.3350968541569657 0.4625161309639614 Penicillium-solitum
1 2 0.3312526028992368 0.4679863978477069 Penicillium-commune
1 2 0.2773493108656902 0.5470555131139263 Penicillium-verrucosum
1 2 0.24440621522852637 0.5973636857018808 Penicillium-chrysogenum
1 2 0.848213754618828 0.01585896543749854 Penicillium-cvjetkovicii
1 2 -0.24443212123061422 0.5973235878887769 Penicillium-brevicompactum
1 2 0.20478400184642387 0.6595914481629002 Penicillium-mb
1 2 0.2645689901569498 0.5664066720247123 Penicillium-polonicum
1 2 0.3390799190501397 0.4568734043903284 Penicillium-solitum
1 2 0.335268934499878 0.46227181911301257 Penicillium-commune
1 2 0.2816471769110641 0.5405972930157539 Penicillium-verrucosum
1 2 0.2540698872066747 0.5824629684645458 Penicillium-chrysogenum
1 2 0.848213754618828 0.01585896543749854 Penicillium-cvjetkovicii
1 2 -0.2436199759145153 0.5985810271654695 Penicillium-brevicompactum
1 2 0.19742990526847448 0.6713263844742007 Penicillium-mb
1 2 0.25707843364527166 0.5778476592935237 Penicillium-polonicum
1 2 0.33106914789031305 0.46824803941922166 Penicillium-solitum
1 2 0.32730440615482664 0.47362906090596973 Penicillium-commune
1 2 0.27407357464790927 0.5519946755782712 Penicillium-verrucosum
1 2 0.24499151736228114 0.5964579414429911 Penicillium-chrysogenum
1 2 0.8482137546188281 0.01585896543749852 Penicillium-cvjetkovicii
1 4 -0.24466363122070295 0.5969652882086407 Penicillium-brevicompactum
1 4 0.20843098123784268 0.6537923212541183 Penicillium-mb
1 4 0.26783300618679445 0.5614439469648385 Penicillium-polonicum
1 4 0.3414946923906899 0.45346497709603983 Penicillium-solitum
1 4 0.33768394373764266 0.4588481339276177 Penicillium-commune
1 4 0.28488639318020365 0.5357466427614547 Penicillium-verrucosum
1 4 0.2581771893645026 0.5761649438586449 Penicillium-chrysogenum
1 4 0.8336089364355576 0.01978911493118347 Penicillium-cvjetkovicii
1 4 -0.2444721478626374 0.5972616354833103 Penicillium-brevicompactum
1 4 0.20804401068217232 0.6544069991958645 Penicillium-mb
1 4 0.2681581619765857 0.5609503329245498 Penicillium-polonicum
1 4 0.3433216732949499 0.45089254350460334 Penicillium-solitum
1 4 0.3395115366080718 0.4562634837279796 Penicillium-commune
1 4 0.28555824518867057 0.5347423824175597 Penicillium-verrucosum
1 4 0.2595121680862206 0.5741225233075421 Penicillium-chrysogenum
1 4 0.8579146603240708 0.013518945133011044 Penicillium-cvjetkovicii
1 2 -0.24434088423301453 0.597464809882452 Penicillium-brevicompactum
1 2 0.20225080497077688 0.6636275345160736 Penicillium-mb
1 2 0.2627046617922228 0.5692474845710291 Penicillium-polonicum
1 2 0.3386526746425861 0.4574774434067728 Penicillium-solitum
1 2 0.3348260474024793 0.4629007065063047 Penicillium-commune
1 2 0.2804673779727981 0.5423676100209461 Penicillium-verrucosum
1 2 0.2522459666839171 0.5852665065329095 Penicillium-chrysogenum
1 2 0.8482137546188272 0.01585896543749876 Penicillium-cvjetkovicii
1 2 -0.24437718666346941 0.597408617640967 Penicillium-brevicompactum
1 2 0.2045266774856329 0.6600011397291691 Penicillium-mb
1 2 0.26439380435349913 0.5666734235563191 Penicillium-polonicum
1 2 0.3393595993991484 0.45647815232463124 Penicillium-solitum
1 2 0.3355012829929892 0.46194201686791886 Penicillium-commune
1 2 0.2818343688167005 0.5403165829155876 Penicillium-verrucosum
1 2 0.25380656253363565 0.5828674668582283 Penicillium-chrysogenum
1 2 0.8482137546188281 0.01585896543749852 Penicillium-cvjetkovicii
1 2 -0.24423346499553078 0.5976310925741642 Penicillium-brevicompactum
1 2 0.20269561429182897 0.6629183589582183 Penicillium-mb
1 2 0.2627478030195626 0.5691816963218878 Penicillium-polonicum
1 2 0.33594456200038936 0.4613130547666243 Penicillium-solitum
1 2 0.3323561478263187 0.4664136651857807 Penicillium-commune
1 2 0.28019601166398084 0.5427750719980702 Penicillium-verrucosum
1 2 0.25329407524859143 0.5836549574950101 Penicillium-chrysogenum
1 2 0.8482137546188272 0.01585896543749876 Penicillium-cvjetkovicii
1 4 -0.2444721478626373 0.5972616354833106 Penicillium-brevicompactum
1 4 0.20807930949288106 0.6543509228592568 Penicillium-mb
1 4 0.26738797068255654 0.562119773772199 Penicillium-polonicum
1 4 0.34175841208776786 0.4530933157904561 Penicillium-solitum
1 4 0.33785620746094736 0.458604280928527 Penicillium-commune
1 4 0.28401211659711945 0.5370544199100957 Penicillium-verrucosum
1 4 0.25770088466247065 0.576894204008096 Penicillium-chrysogenum
1 4 0.8560012596525632 0.013963632455353394 Penicillium-cvjetkovicii
1 4 -0.24447214786263757 0.5972616354833099 Penicillium-brevicompactum
1 4 0.21558129982395074 0.6424627634812323 Penicillium-mb
1 4 0.2744553086670485 0.5514183516354387 Penicillium-polonicum
1 4 0.3479157338389925 0.44444827267185844 Penicillium-solitum
1 4 0.34396347700044805 0.44999016801172437 Penicillium-commune
1 4 0.29159750150213665 0.5257435241691935 Penicillium-verrucosum
1 4 0.2648022015448952 0.5660516281091653 Penicillium-chrysogenum
1 4 0.8755489310781773 0.00980311247690752 Penicillium-cvjetkovicii
1 2 -0.2443897129690336 0.5973892286419376 Penicillium-brevicompactum
1 2 0.2061247209294672 0.657457956354069 Penicillium-mb
1 2 0.26483733080707567 0.5659981530119721 Penicillium-polonicum
1 2 0.33872474521422685 0.4573755291061533 Penicillium-solitum
1 2 0.3347197785964259 0.4630516521626305 Penicillium-commune
1 2 0.2815316646722758 0.5407705374555135 Penicillium-verrucosum
1 2 0.25453308793384144 0.5817516470274091 Penicillium-chrysogenum
1 2 0.8482137546188283 0.015858965437498467 Penicillium-cvjetkovicii
1 2 -0.2443267408623006 0.5974867027232427 Penicillium-brevicompactum
1 2 0.20490868361267492 0.6593929639876405 Penicillium-mb
1 2 0.26472361627103275 0.5661712594083717 Penicillium-polonicum
1 2 0.3387875504968471 0.4572867236360761 Penicillium-solitum
1 2 0.3350294495677461 0.4626118419159988 Penicillium-commune
1 2 0.28199151481880114 0.5400809664493005 Penicillium-verrucosum
1 2 0.2540704592354025 0.5824620898539972 Penicillium-chrysogenum
1 2 0.8482137546188272 0.01585896543749876 Penicillium-cvjetkovicii
3 6 -0.24447214786263735 0.5972616354833105 Penicillium-brevicompactum
3 6 0.21039911020698474 0.6506684863915708 Penicillium-mb
3 6 0.2699948285746781 0.5581647339497595 Penicillium-polonicum
3 6 0.34140879969211496 0.4535860505937602 Penicillium-solitum
3 6 0.33712097902898486 0.4596453901425268 Penicillium-commune
3 6 0.2869879849088428 0.5326073542911198 Penicillium-verrucosum
3 6 0.2618262885965972 0.5705874824348187 Penicillium-chrysogenum
3 6 0.8661681984638215 0.011694531512933282 Penicillium-cvjetkovicii
1 4 -0.24468552604297686 0.5969314057309324 Penicillium-brevicompactum
1 4 0.20768999704281102 0.6549694631241008 Penicillium-mb
1 4 0.2672690559038403 0.562300400673403 Penicillium-polonicum
1 4 0.34050041454174207 0.45486723883775093 Penicillium-solitum
1 4 0.33675971796435866 0.4601572687182027 Penicillium-commune
1 4 0.28481690737955384 0.5358505434946419 Penicillium-verrucosum
1 4 0.2568456378490474 0.5782043762327789 Penicillium-chrysogenum
1 4 0.8318049947283438 0.020309025224025737 Penicillium-cvjetkovicii
1 4 -0.24455693592661387 0.5971304086342226 Penicillium-brevicompactum
1 4 0.20670502656696602 0.6565350855003855 Penicillium-mb
1 4 0.26647474015853545 0.5635074106148378 Penicillium-polonicum
1 4 0.34087993021091245 0.4543318053598857 Penicillium-solitum
1 4 0.3370558909836714 0.45973759921987517 Penicillium-commune
1 4 0.284106642855094 0.5369129726669275 Penicillium-verrucosum
1 4 0.2569055445763476 0.5781125735912382 Penicillium-chrysogenum
1 4 0.8419963960694803 0.017471664049640734 Penicillium-cvjetkovicii
3 4 -0.24468603214168635 0.5969306225444755 Penicillium-brevicompactum
3 4 0.2067555068242442 0.6564548221933286 Penicillium-mb
3 4 0.2668367723367846 0.562957178728744 Penicillium-polonicum
3 4 0.34306444094080424 0.4512544019423391 Penicillium-solitum
3 4 0.33920422927024585 0.45669771002756976 Penicillium-commune
3 4 0.28320930611113854 0.5382562289911048 Penicillium-verrucosum
3 4 0.2592790622056712 0.5744789947682577 Penicillium-chrysogenum
3 4 0.8317629503238199 0.020321233926290396 Penicillium-cvjetkovicii
1 4 -0.24447214786263738 0.5972616354833103 Penicillium-brevicompactum
1 4 0.2098208120258457 0.6515859479426691 Penicillium-mb
1 4 0.26817449418092165 0.5609255429221851 Penicillium-polonicum
1 4 0.34088367807389863 0.4543265189204795 Penicillium-solitum
1 4 0.3368863189869143 0.45997786100692595 Penicillium-commune
1 4 0.2855283783322424 0.5347870129736902 Penicillium-verrucosum
1 4 0.25830785936714157 0.5759649281108135 Penicillium-chrysogenum
1 4 0.8571142627909478 0.013703961145898462 Penicillium-cvjetkovicii
1 4 -0.24465211023701244 0.5969831172898846 Penicillium-brevicompactum
1 4 0.20318088291697178 0.6621449058124338 Penicillium-mb
1 4 0.2635031024578676 0.5680302914854491 Penicillium-polonicum
1 4 0.3395187734638998 0.4562532598770447 Penicillium-solitum
1 4 0.3356492220068774 0.4617320731816419 Penicillium-commune
1 4 0.2809350341611968 0.541665651815495 Penicillium-verrucosum
1 4 0.25186593465129026 0.5858511731854645 Penicillium-chrysogenum
1 4 0.8345465241785127 0.019521909916466677 Penicillium-cvjetkovicii
1 4 -0.24447214786263755 0.5972616354833101 Penicillium-brevicompactum
1 4 0.20819894716711954 0.6541608738688197 Penicillium-mb
1 4 0.26772888373567033 0.5616020430470214 Penicillium-polonicum
1 4 0.34202647144514536 0.45271565517066475 Penicillium-solitum
1 4 0.3381619311247604 0.4581716231151771 Penicillium-commune
1 4 0.28487745720101804 0.5357600041768517 Penicillium-verrucosum
1 4 0.25738062377866355 0.5773847105230162 Penicillium-chrysogenum
1 4 0.8560488768405106 0.013952465913990601 Penicillium-cvjetkovicii
1 4 -0.24447214786263727 0.5972616354833106 Penicillium-brevicompactum
1 4 0.20816747504707647 0.6542108670885656 Penicillium-mb
1 4 0.26853959055018967 0.5603714693396606 Penicillium-polonicum
1 4 0.34175928725115307 0.4530920826082747 Penicillium-solitum
1 4 0.3382153465222403 0.45809604559208256 Penicillium-commune
1 4 0.28656734792356964 0.5332351942816926 Penicillium-verrucosum
1 4 0.2596574793483205 0.5739003447075605 Penicillium-chrysogenum
1 4 0.8575157402650431 0.013610977639551733 Penicillium-cvjetkovicii
1 4 -0.24455716812094105 0.5971300492779891 Penicillium-brevicompactum
1 4 0.2069076878110218 0.6562128712243 Penicillium-mb
1 4 0.2667846710532114 0.5630363539036893 Penicillium-polonicum
1 4 0.34160286303128706 0.4533125179894672 Penicillium-solitum
1 4 0.33775180811656097 0.45875206076681113 Penicillium-commune
1 4 0.28467532683473606 0.5360622668364738 Penicillium-verrucosum
1 4 0.25786008440977176 0.5766504245766659 Penicillium-chrysogenum
1 4 0.8419788422145619 0.017476343427279932 Penicillium-cvjetkovicii
1 4 -0.24447214786263743 0.5972616354833102 Penicillium-brevicompactum
1 4 0.21663486846310664 0.6407979937473233 Penicillium-mb
1 4 0.2758528171129796 0.5493101325380625 Penicillium-polonicum
1 4 0.34961638681095814 0.4420715698249589 Penicillium-solitum
1 4 0.3457203745714146 0.447523440716631 Penicillium-commune
1 4 0.29321798397047905 0.5233376828155041 Penicillium-verrucosum
1 4 0.26781301099448246 0.5614743058975835 Penicillium-chrysogenum
1 4 0.8761639851775408 0.009685771965427798 Penicillium-cvjetkovicii
1 4 -0.2444721478626374 0.5972616354833103 Penicillium-brevicompactum
1 4 0.20814083991021148 0.6542531776003281 Penicillium-mb
1 4 0.2682047975756285 0.5608795475362531 Penicillium-polonicum
1 4 0.34310990897927707 0.4511904324376237 Penicillium-solitum
1 4 0.3392957135495901 0.45656842638475653 Penicillium-commune
1 4 0.2860298172294901 0.5340378690910802 Penicillium-verrucosum
1 4 0.2593081743542951 0.5744344719396135 Penicillium-chrysogenum
1 4 0.8578006648073405 0.013545207899233148 Penicillium-cvjetkovicii
1 2 -0.2443752145026797 0.5974116702920121 Penicillium-brevicompactum
1 2 0.20493361211943276 0.6593532815481054 Penicillium-mb
1 2 0.2645089269766262 0.5664981244039486 Penicillium-polonicum
1 2 0.33873848103865123 0.4573561063657251 Penicillium-solitum
1 2 0.3349067886225199 0.46278603271088664 Penicillium-commune
1 2 0.2816325016782341 0.5406193018080651 Penicillium-verrucosum
1 2 0.2543497365371762 0.5820331813287066 Penicillium-chrysogenum
1 2 0.8482137546188278 0.015858965437498606 Penicillium-cvjetkovicii
3 2 -0.2440995162293664 0.5978384619093889 Penicillium-brevicompactum
3 2 0.20010673996244346 0.6670486869393756 Penicillium-mb
3 2 0.26028334765766126 0.5729437104228428 Penicillium-polonicum
3 2 0.33634229844736346 0.46074898185542945 Penicillium-solitum
3 2 0.33249601660584666 0.4662144679221637 Penicillium-commune
3 2 0.2767504944437028 0.5479573267983232 Penicillium-verrucosum
3 2 0.24951624982819218 0.5894700566395423 Penicillium-chrysogenum
3 2 0.8482137546188281 0.01585896543749852 Penicillium-cvjetkovicii
1 4 -0.24457569257641804 0.5971013800598031 Penicillium-brevicompactum
1 4 0.20863145816827758 0.6534739376086822 Penicillium-mb
1 4 0.2671769800963444 0.5624402729677085 Penicillium-polonicum
1 4 0.340251006476761 0.45521924002455777 Penicillium-solitum
1 4 0.3362854920502769 0.4608295295128916 Penicillium-commune
1 4 0.28420015997061804 0.5367730476829558 Penicillium-verrucosum
1 4 0.2578352760802356 0.5766884109673855 Penicillium-chrysogenum
1 4 0.840568824548371 0.017854545842515383 Penicillium-cvjetkovicii
1 2 -0.24405199712454057 0.5979120325871999 Penicillium-brevicompactum
1 2 0.20075743291031029 0.666009928987181 Penicillium-mb
1 2 0.26096800303422707 0.5718977948648205 Penicillium-polonicum
1 2 0.33629134268156047 0.46082123347006365 Penicillium-solitum
1 2 0.3324797762205414 0.4662375954286021 Penicillium-commune
1 2 0.27869126220337925 0.5450363117112822 Penicillium-verrucosum
1 2 0.24983678959441885 0.5889759735541991 Penicillium-chrysogenum
1 2 0.8482137546188264 0.015858965437498946 Penicillium-cvjetkovicii
1 2 -0.2444525588452911 0.5972919547235593 Penicillium-brevicompactum
1 2 0.20638862448437584 0.6570382226768827 Penicillium-mb
1 2 0.26579622123463387 0.5645391141063334 Penicillium-polonicum
1 2 0.3401846940900529 0.4553128468363622 Penicillium-solitum
1 2 0.3362940545639295 0.4608173881101997 Penicillium-commune
1 2 0.2827631856642788 0.5389244578133909 Penicillium-verrucosum
1 2 0.25581124210506695 0.5797902260958008 Penicillium-chrysogenum
1 2 0.8482137546188275 0.015858965437498658 Penicillium-cvjetkovicii
1 4 -0.24455306930562698 0.5971363928311355 Penicillium-brevicompactum
1 4 0.20851700952370084 0.6536556919457122 Penicillium-mb
1 4 0.26754011542439926 0.5618886989147824 Penicillium-polonicum
1 4 0.3409414172633036 0.454245079479256 Penicillium-solitum
1 4 0.33706476210518327 0.4597250312566244 Penicillium-commune
1 4 0.2844926049689281 0.5363355551900089 Penicillium-verrucosum
1 4 0.2578203808615213 0.5767112188273182 Penicillium-chrysogenum
1 4 0.8422882783473342 0.017393960674477384 Penicillium-cvjetkovicii
1 4 -0.24468016245052548 0.5969397058955368 Penicillium-brevicompactum
1 4 0.20894457643620948 0.6529767483253779 Penicillium-mb
1 4 0.267797670045445 0.5614975985948945 Penicillium-polonicum
1 4 0.3412627838459385 0.4537919007545107 Penicillium-solitum
1 4 0.3373256762594871 0.4593554438516493 Penicillium-commune
1 4 0.2847256512482757 0.5359870071674673 Penicillium-verrucosum
1 4 0.2570881443227335 0.5778327809474801 Penicillium-chrysogenum
1 4 0.8322496114192245 0.020180173386501216 Penicillium-cvjetkovicii
1 2 -0.244228452394776 0.5976388523133074 Penicillium-brevicompactum
1 2 0.20348705754372304 0.6616570272209157 Penicillium-mb
1 2 0.262765230168463 0.5691551214586358 Penicillium-polonicum
1 2 0.33724167025816143 0.4594744271451961 Penicillium-solitum
1 2 0.3332814378095602 0.46509647332345055 Penicillium-commune
1 2 0.28070674565964077 0.5420082784254578 Penicillium-verrucosum
1 2 0.2537701746636456 0.5829233698261839 Penicillium-chrysogenum
1 2 0.8482137546188268 0.015858965437498845 Penicillium-cvjetkovicii
1 2 -0.24418664091633988 0.5977035796075643 Penicillium-brevicompactum
1 2 0.2028974515787031 0.6625966284297808 Penicillium-mb
1 2 0.26236349194170916 0.5697678364095473 Penicillium-polonicum
1 2 0.33702884381419485 0.4597759184781162 Penicillium-solitum
1 2 0.3330994604214344 0.4653554181800473 Penicillium-commune
1 2 0.27970518760723584 0.5435123103756403 Penicillium-verrucosum
1 2 0.2503405839418638 0.58819967598296 Penicillium-chrysogenum
1 2 0.8482137546188272 0.01585896543749876 Penicillium-cvjetkovicii
1 4 -0.24447214786263735 0.5972616354833105 Penicillium-brevicompactum
1 4 0.20931098095769615 0.6523950772705914 Penicillium-mb
1 4 0.2704229228719184 0.5575161012064915 Penicillium-polonicum
1 4 0.347611874111564 0.444873430345303 Penicillium-solitum
1 4 0.34378766170847963 0.45023729683512964 Penicillium-commune
1 4 0.2887920417124334 0.5299174448092483 Penicillium-verrucosum
1 4 0.2636238293649991 0.5678463195793988 Penicillium-chrysogenum
1 4 0.8731318036972351 0.010272161011964018 Penicillium-cvjetkovicii
1 2 -0.24359552141930157 0.5986189022223429 Penicillium-brevicompactum
1 2 0.1977207965758088 0.6708611838824894 Penicillium-mb
1 2 0.2568665836416329 0.5781722778344727 Penicillium-polonicum
1 2 0.3318543425145642 0.46712857943409697 Penicillium-solitum
1 2 0.32786638433470155 0.47282439111477487 Penicillium-commune
1 2 0.27355619814309035 0.5527760983016073 Penicillium-verrucosum
1 2 0.24629985199706048 0.594434817632365 Penicillium-chrysogenum
1 2 0.8482137546188271 0.015858965437498772 Penicillium-cvjetkovicii
1 4 -0.24451098321122894 0.5972015287708301 Penicillium-brevicompactum
1 4 0.20704205930047198 0.6559992552378725 Penicillium-mb
1 4 0.26603013165747524 0.5641833800455394 Penicillium-polonicum
1 4 0.33970017603652763 0.4559970116544041 Penicillium-solitum
1 4 0.3357925889850586 0.46152865140269744 Penicillium-commune
1 4 0.2827537302550928 0.5389386237295402 Penicillium-verrucosum
1 4 0.2560247488710403 0.5794627846705608 Penicillium-chrysogenum
1 4 0.8454130592102124 0.01657442107289637 Penicillium-cvjetkovicii
1 2 -0.24409883488252568 0.5978395167742696 Penicillium-brevicompactum
1 2 0.20197466261275157 0.664067898688128 Penicillium-mb
1 2 0.26218655169299565 0.5700377645742534 Penicillium-polonicum
1 2 0.33778770549650766 0.45870124515215915 Penicillium-solitum
1 2 0.33394546845745504 0.4641520401372855 Penicillium-commune
1 2 0.28019476166113366 0.54277694913599 Penicillium-verrucosum
1 2 0.2531504292885646 0.5838757434635337 Penicillium-chrysogenum
1 2 0.848213754618827 0.015858965437498797 Penicillium-cvjetkovicii
1 2 -0.2440539598287574 0.597908993808566 Penicillium-brevicompactum
1 2 0.20388721290128747 0.6610195370268221 Penicillium-mb
1 2 0.2619945627313883 0.5703306956799766 Penicillium-polonicum
1 2 0.33457392590152046 0.463258852847037 Penicillium-solitum
1 2 0.33055940136519557 0.46897531548190197 Penicillium-commune
1 2 0.2785313468971667 0.5452768037456968 Penicillium-verrucosum
1 2 0.24907469915132185 0.5901508741240871 Penicillium-chrysogenum
1 2 0.8482137546188269 0.015858965437498835 Penicillium-cvjetkovicii
1 4 -0.24458872735297763 0.5970812071455809 Penicillium-brevicompactum
1 4 0.206898933258572 0.6562267893491408 Penicillium-mb
1 4 0.2660509220282949 0.5641517652321193 Penicillium-polonicum
1 4 0.3400662414874491 0.4554800727985442 Penicillium-solitum
1 4 0.3361215822721387 0.4610619717478908 Penicillium-commune
1 4 0.28356996731134027 0.5377162079390431 Penicillium-verrucosum
1 4 0.25559994284816107 0.5801143385347709 Penicillium-chrysogenum
1 4 0.8395652221517259 0.018126545463331232 Penicillium-cvjetkovicii
1 4 -0.24447214786263752 0.5972616354833101 Penicillium-brevicompactum
1 4 0.20757733421249397 0.6551484912856858 Penicillium-mb
1 4 0.26666697886283075 0.5632152167024483 Penicillium-polonicum
1 4 0.3404802561298687 0.45489568557403676 Penicillium-solitum
1 4 0.33657218060561045 0.46042307755370004 Penicillium-commune
1 4 0.283603453967862 0.5376660772226622 Penicillium-verrucosum
1 4 0.2567029256638322 0.5784230904081653 Penicillium-chrysogenum
1 4 0.8490889314232455 0.015639080611088485 Penicillium-cvjetkovicii
1 4 -0.24481607617494686 0.5967293899944667 Penicillium-brevicompactum
1 4 0.20477860232617504 0.6596000441594421 Penicillium-mb
1 4 0.2661376821744458 0.564019839777193 Penicillium-polonicum
1 4 0.3435950177994863 0.4505081385874234 Penicillium-solitum
1 4 0.33982685012584507 0.4558181043195464 Penicillium-commune
1 4 0.2845722749624217 0.5362163908883437 Penicillium-verrucosum
1 4 0.2598320609512858 0.5736334478853431 Penicillium-chrysogenum
1 4 0.8204162883402808 0.02376880834409308 Penicillium-cvjetkovicii
1 4 -0.24491885057186055 0.5965703694483179 Penicillium-brevicompactum
1 4 0.2088082257099058 0.6531932422276867 Penicillium-mb
1 4 0.2687900805114042 0.5599914250470414 Penicillium-polonicum
1 4 0.3437193100513117 0.45033338675328527 Penicillium-solitum
1 4 0.33990106807179665 0.4557132952151789 Penicillium-commune
1 4 0.28634193323035484 0.5335717486018309 Penicillium-verrucosum
1 4 0.2606432197283686 0.5723938760309575 Penicillium-chrysogenum
1 4 0.8106268426389006 0.02699019455233389 Penicillium-cvjetkovicii
1 2 -0.2443248871679199 0.5974895721162472 Penicillium-brevicompactum
1 2 0.20791184460441497 0.6546169721128774 Penicillium-mb
1 2 0.2656057858571191 0.5648287834752374 Penicillium-polonicum
1 2 0.3374978832542272 0.4591115712994208 Penicillium-solitum
1 2 0.3334625609878815 0.4648387965893394 Penicillium-commune
1 2 0.28212333984172344 0.5398833411736106 Penicillium-verrucosum
1 2 0.25502618154858314 0.5809947156911013 Penicillium-chrysogenum
1 2 0.8482137546188266 0.015858965437498884 Penicillium-cvjetkovicii
1 2 -0.24416318058191025 0.5977398988824341 Penicillium-brevicompactum
1 2 0.20262574687192156 0.6630297378779031 Penicillium-mb
1 2 0.26182925636177706 0.570582953301909 Penicillium-polonicum
1 2 0.33503807831721616 0.4625995891403735 Penicillium-solitum
1 2 0.3311987981589567 0.4680631280419012 Penicillium-commune
1 2 0.2797863093749391 0.5433904393265925 Penicillium-verrucosum
1 2 0.25157177911024037 0.586303844816444 Penicillium-chrysogenum
1 2 0.8482137546188289 0.015858965437498318 Penicillium-cvjetkovicii
1 4 -0.24447214786263743 0.5972616354833102 Penicillium-brevicompactum
1 4 0.20539524301736964 0.6586185492816762 Penicillium-mb
1 4 0.26536383705959643 0.5651968776094202 Penicillium-polonicum
1 4 0.34066690490184287 0.4546323197067058 Penicillium-solitum
1 4 0.3367695145914974 0.4601433848852993 Penicillium-commune
1 4 0.28375026078427357 0.5374463205271618 Penicillium-verrucosum
1 4 0.25728349570247083 0.5775334960338807 Penicillium-chrysogenum
1 4 0.8532062101549303 0.014628059981945959 Penicillium-cvjetkovicii
1 4 -0.24482232360609377 0.5967197231181791 Penicillium-brevicompactum
1 4 0.20671154559175836 0.6565247201423634 Penicillium-mb
1 4 0.2666248063965829 0.5632793127539102 Penicillium-polonicum
1 4 0.3426570066323569 0.451827777318428 Penicillium-solitum
1 4 0.3387373311949957 0.4573577322567408 Penicillium-commune
1 4 0.2831873097753298 0.5382891701137975 Penicillium-verrucosum
1 4 0.2583367188639857 0.5759207559864762 Penicillium-chrysogenum
1 4 0.8198427900502876 0.023951187103794992 Penicillium-cvjetkovicii
1 4 -0.24451062132753396 0.5972020888614065 Penicillium-brevicompactum
1 4 0.2042111158701084 0.6605036442185515 Penicillium-mb
1 4 0.26410864253725846 0.5671077183466906 Penicillium-polonicum
1 4 0.33745466034776556 0.4591727773147475 Penicillium-solitum
1 4 0.3337608422660204 0.46441455818009075 Penicillium-commune
1 4 0.2814306265883266 0.5409220887118262 Penicillium-verrucosum
1 4 0.24866931044729362 0.5907761451553009 Penicillium-chrysogenum
1 4 0.8454395191448497 0.016567577449115783 Penicillium-cvjetkovicii
1 2 -0.24430697484044547 0.5975172993962339 Penicillium-brevicompactum
1 2 0.20522414160765284 0.6588908490608216 Penicillium-mb
1 2 0.2648694965417178 0.5659491905166378 Penicillium-polonicum
1 2 0.33964191697576485 0.4560793022302069 Penicillium-solitum
1 2 0.3357836119369695 0.46154138786281923 Penicillium-commune
1 2 0.2816444138263292 0.5406014368563576 Penicillium-verrucosum
1 2 0.2549377767033146 0.5811304005303102 Penicillium-chrysogenum
1 2 0.8482137546188275 0.015858965437498658 Penicillium-cvjetkovicii
1 4 -0.24447214786263755 0.5972616354833101 Penicillium-brevicompactum
1 4 0.20815047484913965 0.654237872199017 Penicillium-mb
1 4 0.26824191792098406 0.5608232068283772 Penicillium-polonicum
1 4 0.34301331702936955 0.4513263328117598 Penicillium-solitum
1 4 0.33921761087787183 0.4566787985742309 Penicillium-commune
1 4 0.2858814917995742 0.534259429029109 Penicillium-verrucosum
1 4 0.257911692678357 0.5765714047547501 Penicillium-chrysogenum
1 4 0.8611511258466056 0.012785459562370824 Penicillium-cvjetkovicii
1 4 -0.24447214786263735 0.5972616354833105 Penicillium-brevicompactum
1 4 0.21423123260096477 0.6445977767319613 Penicillium-mb
1 4 0.27447637808317554 0.5513865477301776 Penicillium-polonicum
1 4 0.3494760510780318 0.44226750997187286 Penicillium-solitum
1 4 0.3456994298242456 0.4475528176643952 Penicillium-commune
1 4 0.29194258115933625 0.5252308901069284 Penicillium-verrucosum
1 4 0.26606806078928136 0.5641257036524926 Penicillium-chrysogenum
1 4 0.879374544853891 0.009086437404122063 Penicillium-cvjetkovicii
3 0 -0.2444488244666163 0.5972977347252867 Penicillium-brevicompactum
3 0 0.20153346170385014 0.6647716410870089 Penicillium-mb
3 0 0.26188746701065085 0.5704941198032414 Penicillium-polonicum
3 0 0.3380160701837358 0.45837802552493484 Penicillium-solitum
3 0 0.33417295958549315 0.4638286480433649 Penicillium-commune
3 0 0.2780376289792289 0.5460195116891698 Penicillium-verrucosum
3 0 0.25014346663604015 0.5885033770991268 Penicillium-chrysogenum
3 0 0.8482137546188272 0.01585896543749876 Penicillium-cvjetkovicii
1 2 -0.24431471476655336 0.5975053183764922 Penicillium-brevicompactum
1 2 0.20624044852622125 0.6572738849592279 Penicillium-mb
1 2 0.26466156155957665 0.5662657317088261 Penicillium-polonicum
1 2 0.3372702038518824 0.45943401183659577 Penicillium-solitum
1 2 0.33331188426535435 0.4650531546915355 Penicillium-commune
1 2 0.2820457941094528 0.5399995908356945 Penicillium-verrucosum
1 2 0.2546449051758451 0.5815799734169034 Penicillium-chrysogenum
1 2 0.8482137546188279 0.015858965437498564 Penicillium-cvjetkovicii
3 4 -0.24447214786263752 0.5972616354833101 Penicillium-brevicompactum
3 4 0.21348043947917972 0.6457859316448675 Penicillium-mb
3 4 0.2730794164393086 0.5534965260305276 Penicillium-polonicum
3 4 0.3494059925845999 0.4423653396271763 Penicillium-solitum
3 4 0.34546330193995584 0.44788405902513984 Penicillium-commune
3 4 0.2885265556727429 0.5303130064744634 Penicillium-verrucosum
3 4 0.26557148534782477 0.564880962668012 Penicillium-chrysogenum
3 4 0.8815651284606723 0.008690134409862485 Penicillium-cvjetkovicii
1 4 -0.24466646013226057 0.596960910404382 Penicillium-brevicompactum
1 4 0.20818026150370075 0.6541905557770347 Penicillium-mb
1 4 0.2671491375309961 0.5624825707783108 Penicillium-polonicum
1 4 0.3410660684843798 0.45406928112764705 Penicillium-solitum
1 4 0.33709114225053527 0.45968765852643245 Penicillium-commune
1 4 0.2844615685097944 0.5363819795455886 Penicillium-verrucosum
1 4 0.2566633010925769 0.5784838217810748 Penicillium-chrysogenum
1 4 0.8333774967328567 0.019855390518986684 Penicillium-cvjetkovicii
1 4 -0.24447533248831618 0.5972567064676402 Penicillium-brevicompactum
1 4 0.2075277126346783 0.6552273471868881 Penicillium-mb
1 4 0.2658587290251169 0.5644440444396341 Penicillium-polonicum
1 4 0.33869398920735255 0.4574190198478535 Penicillium-solitum
1 4 0.33471399028646487 0.46305987447777563 Penicillium-commune
1 4 0.28257750093447476 0.5392026697780762 Penicillium-verrucosum
1 4 0.2564000834343953 0.5788872978057398 Penicillium-chrysogenum
1 4 0.8479870090051621 0.015916220134906046 Penicillium-cvjetkovicii
1 2 -0.24440419908257535 0.5973668063657109 Penicillium-brevicompactum
1 2 0.20679666224873494 0.6563893872572704 Penicillium-mb
1 2 0.2657672078502034 0.5645832430232526 Penicillium-polonicum
1 2 0.33932213669617567 0.4565310882865345 Penicillium-solitum
1 2 0.3353914800029831 0.4620978636161691 Penicillium-commune
1 2 0.2827163427499853 0.5389946381958022 Penicillium-verrucosum
1 2 0.25280455062815227 0.5844074696552493 Penicillium-chrysogenum
1 2 0.8482137546188275 0.015858965437498658 Penicillium-cvjetkovicii
1 4 -0.24447214786263727 0.5972616354833106 Penicillium-brevicompactum
1 4 0.207809753093364 0.6547791777993525 Penicillium-mb
1 4 0.266562647947815 0.5633737888528234 Penicillium-polonicum
1 4 0.33895701952567975 0.4570471296200642 Penicillium-solitum
1 4 0.3351195340020699 0.4624839284258762 Penicillium-commune
1 4 0.28344513339736926 0.5379031024346242 Penicillium-verrucosum
1 4 0.2555364541410501 0.5802117349954725 Penicillium-chrysogenum
1 4 0.8531880794138614 0.014632427639681153 Penicillium-cvjetkovicii
1 2 -0.24445569749376134 0.5972870967949627 Penicillium-brevicompactum
1 2 0.20744289255940898 0.6553621445125069 Penicillium-mb
1 2 0.2668839678381506 0.5628854616437033 Penicillium-polonicum
1 2 0.33996688034131006 0.45562036394127053 Penicillium-solitum
1 2 0.3362336980236977 0.46090297450177037 Penicillium-commune
1 2 0.2838303762812971 0.5373264073771757 Penicillium-verrucosum
1 2 0.2562827521176502 0.5790671785627441 Penicillium-chrysogenum
1 2 0.8482137546188281 0.01585896543749852 Penicillium-cvjetkovicii
1 4 -0.24448529224813384 0.5972412912931465 Penicillium-brevicompactum
1 4 0.20398754259526328 0.6608597266268845 Penicillium-mb
1 4 0.2643230302863133 0.5667812009607311 Penicillium-polonicum
1 4 0.3399152417188957 0.455693280492951 Penicillium-solitum
1 4 0.3361010060367726 0.4610911541910023 Penicillium-commune
1 4 0.28229608704944714 0.5396244037341154 Penicillium-verrucosum
1 4 0.25595572631620345 0.5795686337858111 Penicillium-chrysogenum
1 4 0.847274531112738 0.016096891401304703 Penicillium-cvjetkovicii
3 2 -0.2445056697058236 0.5972097525457467 Penicillium-brevicompactum
3 2 0.2019401312636842 0.6641229712307071 Penicillium-mb
3 2 0.2624805250998164 0.5695893206595268 Penicillium-polonicum
3 2 0.3388364638741552 0.4572175654902766 Penicillium-solitum
3 2 0.3349866326441291 0.4626726434768663 Penicillium-commune
3 2 0.27808633212245887 0.5459462320047894 Penicillium-verrucosum
3 2 0.2532660494467419 0.5836980315461584 Penicillium-chrysogenum
3 2 0.8458008773372162 0.016474276509417327 Penicillium-cvjetkovicii
1 2 -0.24443842335445765 0.5973138334616176 Penicillium-brevicompactum
1 2 0.20847391850889302 0.6537241277264564 Penicillium-mb
1 2 0.26578282498296335 0.5645594894650924 Penicillium-polonicum
1 2 0.33638610149529197 0.46068687562871385 Penicillium-solitum
1 2 0.33240093726942854 0.466349873894628 Penicillium-commune
1 2 0.28216008971685413 0.5398282519255957 Penicillium-verrucosum
1 2 0.25486607067630507 0.581240463025952 Penicillium-chrysogenum
1 2 0.8482137546188276 0.015858965437498634 Penicillium-cvjetkovicii
1 4 -0.24504650635736777 0.5963728682689864 Penicillium-brevicompactum
1 4 0.20942077940517234 0.6522207983144356 Penicillium-mb
1 4 0.2700043843717911 0.5581502527082507 Penicillium-polonicum
1 4 0.3445103454702799 0.4492218059733356 Penicillium-solitum
1 4 0.3408615749689925 0.45435769614494886 Penicillium-commune
1 4 0.2880360960288402 0.5310440289499792 Penicillium-verrucosum
1 4 0.2597561908697106 0.573749431747246 Penicillium-chrysogenum
1 4 0.7973392689226843 0.03173377304144117 Penicillium-cvjetkovicii
1 4 -0.2444721478626373 0.5972616354833106 Penicillium-brevicompactum
1 4 0.2134022793426812 0.6459096570868121 Penicillium-mb
1 4 0.27368795010404184 0.5525770718660326 Penicillium-polonicum
1 4 0.3491757080145977 0.44268696657182105 Penicillium-solitum
1 4 0.34530521555646476 0.4481058748353724 Penicillium-commune
1 4 0.29203290202243903 0.5250967416476574 Penicillium-verrucosum
1 4 0.264638050288879 0.5663015266535929 Penicillium-chrysogenum
1 4 0.8815145609143888 0.00869916776976387 Penicillium-cvjetkovicii
1 4 -0.24447214786263743 0.5972616354833102 Penicillium-brevicompactum
1 4 0.20641783868019667 0.6569917624458599 Penicillium-mb
1 4 0.2665304909155811 0.5634226670722704 Penicillium-polonicum
1 4 0.34130280604917457 0.4537354748032654 Penicillium-solitum
1 4 0.337510443755654 0.4590937855046703 Penicillium-commune
1 4 0.28424709436559187 0.5367028266682934 Penicillium-verrucosum
1 4 0.25575780562234657 0.5798721871347419 Penicillium-chrysogenum
1 4 0.8560239979303021 0.013958299543357379 Penicillium-cvjetkovicii
1 2 -0.2442174020358746 0.5976559588899728 Penicillium-brevicompactum
1 2 0.20450924468030174 0.6600288973106636 Penicillium-mb
1 2 0.26350922140154126 0.5680209665671907 Penicillium-polonicum
1 2 0.33589478873942014 0.4613836615438826 Penicillium-solitum
1 2 0.3321441268674511 0.46671567914638545 Penicillium-commune
1 2 0.2800809257868036 0.5429479062277651 Penicillium-verrucosum
1 2 0.251866420450051 0.5858504256857164 Penicillium-chrysogenum
1 2 0.8482137546188272 0.01585896543749876 Penicillium-cvjetkovicii
1 4 -0.24479523282968937 0.5967616419981379 Penicillium-brevicompactum
1 4 0.20883835566302658 0.6531454010589461 Penicillium-mb
1 4 0.26798028327949297 0.5612203506348719 Penicillium-polonicum
1 4 0.3410189499566369 0.4541357304387735 Penicillium-solitum
1 4 0.33724096653237184 0.45947542392709045 Penicillium-commune
1 4 0.28443147656425816 0.5364269923745428 Penicillium-verrucosum
1 4 0.25840897519147155 0.5758101656497856 Penicillium-chrysogenum
1 4 0.8223101979742049 0.023172103118778847 Penicillium-cvjetkovicii
1 4 -0.2444721478626373 0.5972616354833106 Penicillium-brevicompactum
1 4 0.20566024562095503 0.658196869372001 Penicillium-mb
1 4 0.26576181768856294 0.5645914414982061 Penicillium-polonicum
1 4 0.3409212866628948 0.4542734724856349 Penicillium-solitum
1 4 0.3370554858835689 0.459738173139433 Penicillium-commune
1 4 0.2839027429430175 0.53721809997091 Penicillium-verrucosum
1 4 0.254109106890516 0.5824027297323325 Penicillium-chrysogenum
1 4 0.8557021276018959 0.014033897779261794 Penicillium-cvjetkovicii
1 2 -0.2441220117843247 0.5978036344832718 Penicillium-brevicompactum
1 2 0.20366063746809743 0.6613804759039503 Penicillium-mb
1 2 0.26386687124876973 0.5674760130186451 Penicillium-polonicum
1 2 0.3389961278210257 0.45699184523464026 Penicillium-solitum
1 2 0.33522075959959313 0.46234021084689864 Penicillium-commune
1 2 0.281560071882452 0.5407279308199053 Penicillium-verrucosum
1 2 0.2552014596043526 0.5807257258098137 Penicillium-chrysogenum
1 2 0.8482137546188272 0.01585896543749876 Penicillium-cvjetkovicii
1 4 -0.24482778117391255 0.5967112784646154 Penicillium-brevicompactum
1 4 0.20881011613201939 0.6531902405356688 Penicillium-mb
1 4 0.26807978750594175 0.5610692992940716 Penicillium-polonicum
1 4 0.3422272371434248 0.4524328795564865 Penicillium-solitum
1 4 0.3383219088749595 0.45794528418297775 Penicillium-commune
1 4 0.2850603439075001 0.5354865671554068 Penicillium-verrucosum
1 4 0.25789436086520423 0.5765979419235667 Penicillium-chrysogenum
1 4 0.8193395762144648 0.02411186230255002 Penicillium-cvjetkovicii
1 2 -0.24436451621548036 0.5974282299453035 Penicillium-brevicompactum
1 2 0.20157756589736897 0.6647012833940433 Penicillium-mb
1 2 0.26194890980274205 0.5704003585610085 Penicillium-polonicum
1 2 0.33834470521167603 0.45791303495975566 Penicillium-solitum
1 2 0.3344737733376796 0.46340115097248924 Penicillium-commune
1 2 0.279231068503306 0.5442247700698588 Penicillium-verrucosum
1 2 0.25246034581437293 0.5849367705550095 Penicillium-chrysogenum
1 2 0.8482137546188274 0.01585896543749869 Penicillium-cvjetkovicii
1 4 -0.24449735998465227 0.5972226136674497 Penicillium-brevicompactum
1 4 0.20515055073076707 0.6590079746629609 Penicillium-mb
1 4 0.2651888251443511 0.5654631833897714 Penicillium-polonicum
1 4 0.339503291929235 0.4562751314822814 Penicillium-solitum
1 4 0.3357431268860026 0.46159882887351233 Penicillium-commune
1 4 0.28286299866546494 0.5387749273862963 Penicillium-verrucosum
1 4 0.25331299987666983 0.5836258719807224 Penicillium-chrysogenum
1 4 0.8464044208187383 0.016319113566034753 Penicillium-cvjetkovicii
1 4 -0.24447214786263735 0.5972616354833105 Penicillium-brevicompactum
1 4 0.20712965139499734 0.6558600164431114 Penicillium-mb
1 4 0.2663823643127277 0.5636478348126506 Penicillium-polonicum
1 4 0.34025192243972746 0.4552179470979941 Penicillium-solitum
1 4 0.3363758430524227 0.46070142030197125 Penicillium-commune
1 4 0.2832613550850315 0.538178284509186 Penicillium-verrucosum
1 4 0.2555668061368964 0.5801651721139511 Penicillium-chrysogenum
1 4 0.8528324029084803 0.014718260072272052 Penicillium-cvjetkovicii
1 4 -0.24447214786263727 0.5972616354833106 Penicillium-brevicompactum
1 4 0.20904695178299232 0.6528142123045608 Penicillium-mb
1 4 0.26884393563872183 0.5599097266528428 Penicillium-polonicum
1 4 0.34379222793536346 0.45023087782968974 Penicillium-solitum
1 4 0.3398679277020067 0.45576009427698283 Penicillium-commune
1 4 0.2873186379107264 0.5321139976922593 Penicillium-verrucosum
1 4 0.259896738075928 0.5735345806917298 Penicillium-chrysogenum
1 4 0.865462132736721 0.011844690829103431 Penicillium-cvjetkovicii
1 2 -0.24397442376616618 0.5980321401202235 Penicillium-brevicompactum
1 2 0.19717295923601585 0.6717373683210472 Penicillium-mb
1 2 0.25731550375419066 0.5774844632237276 Penicillium-polonicum
1 2 0.33339066610957685 0.4649410722847899 Penicillium-solitum
1 2 0.32948208849897076 0.47051371911039575 Penicillium-commune
1 2 0.2744322796104951 0.5514531142652341 Penicillium-verrucosum
1 2 0.24290916169159954 0.5996822276038017 Penicillium-chrysogenum
1 2 0.8482137546188278 0.015858965437498606 Penicillium-cvjetkovicii
1 4 -0.2447369977555159 0.5968517549725327 Penicillium-brevicompactum
1 4 0.20826009739800588 0.6540637401362663 Penicillium-mb
1 4 0.26702262823094763 0.562674773713745 Penicillium-polonicum
1 4 0.3409979188314655 0.4541653909349378 Penicillium-solitum
1 4 0.336957949607481 0.4598763639298947 Penicillium-commune
1 4 0.28442091853046714 0.5364427858345129 Penicillium-verrucosum
1 4 0.2567017838992117 0.5784248403282488 Penicillium-chrysogenum
1 4 0.8274470321232092 0.02159663649026221 Penicillium-cvjetkovicii
1 4 -0.2445300860880732 0.5971719633048828 Penicillium-brevicompactum
1 4 0.20659896312007123 0.6567037342965273 Penicillium-mb
1 4 0.2626366153106101 0.5693512569910746 Penicillium-polonicum
1 4 0.3340041087144848 0.46406867160486265 Penicillium-solitum
1 4 0.3295758102364328 0.47037981129363005 Penicillium-commune
1 4 0.27801821772160956 0.5460487191393183 Penicillium-verrucosum
1 4 0.24442298835809478 0.5973377238337617 Penicillium-chrysogenum
1 4 0.8440064776917295 0.01694054035199799 Penicillium-cvjetkovicii
