#SPECIES: Penicillium-verrucosum Penicillium-solitum Penicillium-commune Penicillium-polonicum Penicillium-mb Penicillium-chrysogenum Penicillium-brevicompactum Penicillium-cvjetkovicii 
#GENE_TREEs p: 0.5105963261867892 0.27430970648979514 0.29894449728753747 0.6536662789412022 0.3104573171725859 0.24148436117893396 0.43266013631806644 0.35267784631920185 
#GENE_TREEs r: 0.3018428669847005 0.48117960114895547 0.46005358483582354 -0.20851034327677942 -0.4504455420795187 -0.5107130077635348 -0.3563851081744398 -0.41645918485195327 
1 4 0.31521737812016754 0.49105506209423433 Penicillium-verrucosum
1 4 0.4882499499453163 0.2662777135790131 Penicillium-solitum
1 4 0.4670472822190559 0.2906849142750733 Penicillium-commune
1 4 -0.19972987892290203 0.6676504965342176 Penicillium-polonicum
1 4 -0.44845064238693605 0.31287150538307607 Penicillium-mb
1 4 -0.5105447316351275 0.24166594015118079 Penicillium-chrysogenum
1 4 -0.35676118657296474 0.43213949235944066 Penicillium-brevicompactum
1 4 -0.42005424286017445 0.34810398039841883 Penicillium-cvjetkovicii
1 2 0.3125965790411999 0.49486312089841167 Penicillium-verrucosum
1 2 0.4868245147822643 0.26788832756951547 Penicillium-solitum
1 2 0.4658870757942943 0.29204803489156284 Penicillium-commune
1 2 -0.21095783232769716 0.6497824147108646 Penicillium-polonicum
1 2 -0.4578596514259041 0.3015565609375026 Penicillium-mb
1 2 -0.5091619304966505 0.24316045322349952 Penicillium-chrysogenum
1 2 -0.35641423990804455 0.432619797693745 Penicillium-brevicompactum
1 2 -0.41645918485195316 0.35267784631920196 Penicillium-cvjetkovicii
1 4 0.3075306045898904 0.5022534305238476 Penicillium-verrucosum
1 4 0.48102299016911276 0.2744888380394635 Penicillium-solitum
1 4 0.4597216839375419 0.29933901145427694 Penicillium-commune
1 4 -0.20010698936376586 0.6670482887171991 Penicillium-polonicum
1 4 -0.4446001360916028 0.3175542619808612 Penicillium-mb
1 4 -0.5130270414377893 0.23899382315073206 Penicillium-chrysogenum
1 4 -0.35688496151835547 0.4319681904861983 Penicillium-brevicompactum
1 4 -0.4255003466119015 0.3412229459866143 Penicillium-cvjetkovicii
1 2 0.31252432662807267 0.4949682521786025 Penicillium-verrucosum
1 2 0.48748662237524465 0.26713965750049634 Penicillium-solitum
1 2 0.4664048655910913 0.2914393368082081 Penicillium-commune
1 2 -0.19947907401282536 0.6680510854972511 Penicillium-polonicum
1 2 -0.4473606547169197 0.31419402075712327 Penicillium-mb
1 2 -0.5100559214867362 0.2421937515362124 Penicillium-chrysogenum
1 2 -0.35659268682056283 0.43237273420320643 Penicillium-brevicompactum
1 2 -0.41645918485195416 0.3526778463192007 Penicillium-cvjetkovicii
1 4 0.30601575416184046 0.5044707682180445 Penicillium-verrucosum
1 4 0.4816238889436119 0.27380181716739177 Penicillium-solitum
1 4 0.46033328175315863 0.29861221333881416 Penicillium-commune
1 4 -0.20696070225515206 0.6561285897173882 Penicillium-polonicum
1 4 -0.4505422669307484 0.3103404696365872 Penicillium-mb
1 4 -0.512418277927908 0.23964785777860875 Penicillium-chrysogenum
1 4 -0.35674993514442616 0.43215506538503834 Penicillium-brevicompactum
1 4 -0.41956846531793085 0.3487205556402211 Penicillium-cvjetkovicii
1 2 0.3052298525006564 0.5056224613953345 Penicillium-verrucosum
1 2 0.4747902793493739 0.2816604481042149 Penicillium-solitum
1 2 0.45389621332110097 0.30630064194168083 Penicillium-commune
1 2 -0.19904622049697573 0.6687425921889832 Penicillium-polonicum
1 2 -0.4420129148747489 0.32071758933122696 Penicillium-mb
1 2 -0.5113404499093578 0.24080787578571822 Penicillium-chrysogenum
1 2 -0.35655248967775816 0.43242838327620853 Penicillium-brevicompactum
1 2 -0.41645918485195327 0.35267784631920185 Penicillium-cvjetkovicii
3 6 0.3118004844965391 0.4960219181011736 Penicillium-verrucosum
3 6 0.47151540158480826 0.28546183516025125 Penicillium-solitum
3 6 0.4547978751844347 0.30521853704500285 Penicillium-commune
3 6 -0.19615159194062565 0.6733716818999804 Penicillium-polonicum
3 6 -0.44254383393425767 0.3200673443308822 Penicillium-mb
3 6 -0.5113989302857789 0.2407448692384118 Penicillium-chrysogenum
3 6 -0.3567419287558289 0.4321661471038122 Penicillium-brevicompactum
3 6 -0.41922377426962487 0.34915833388462486 Penicillium-cvjetkovicii
1 4 0.306390915925852 0.5039213134946264 Penicillium-verrucosum
1 4 0.47882729092907456 0.2770058187135887 Penicillium-solitum
1 4 0.4557024748106422 0.30413459176850677 Penicillium-commune
1 4 -0.1935178704210437 0.6775906635684883 Penicillium-polonicum
1 4 -0.4361095093579803 0.327986039158313 Penicillium-mb
1 4 -0.5121217393074091 0.2399667495521172 Penicillium-chrysogenum
1 4 -0.35672522526811706 0.4321892669106468 Penicillium-brevicompactum
1 4 -0.41850730882481085 0.35006902454326366 Penicillium-cvjetkovicii
1 4 0.31139354820941584 0.49661462503876874 Penicillium-verrucosum
1 4 0.48538557824843764 0.269518660067548 Penicillium-solitum
1 4 0.463778277150146 0.2945328847765321 Penicillium-commune
1 4 -0.20348312072122016 0.6616632998069369 Penicillium-polonicum
1 4 -0.4496206955543756 0.31145454332211975 Penicillium-mb
1 4 -0.5114922714256074 0.2406443196890767 Penicillium-chrysogenum
1 4 -0.35667699932023716 0.4322560205733362 Penicillium-brevicompactum
1 4 -0.41301719742543513 0.3570803214724599 Penicillium-cvjetkovicii
1 4 0.30930779854400603 0.49965645254960844 Penicillium-verrucosum
1 4 0.4817172559196788 0.2736951382915895 Penicillium-solitum
1 4 0.4607951782380622 0.2980638301862216 Penicillium-commune
1 4 -0.20631905594946695 0.6571488631839955 Penicillium-polonicum
1 4 -0.45122740022208824 0.3095133497320982 Penicillium-mb
1 4 -0.514183603884263 0.237753542213722 Penicillium-chrysogenum
1 4 -0.357340606819069 0.4313378113414252 Penicillium-brevicompactum
1 4 -0.44661692731741864 0.31509779770562835 Penicillium-cvjetkovicii
1 4 0.3101143044139976 0.49847948098136163 Penicillium-verrucosum
1 4 0.47965373501863434 0.27605723366677115 Penicillium-solitum
1 4 0.4570596642885323 0.3025114978833088 Penicillium-commune
1 4 -0.19044034511053393 0.6825290699535747 Penicillium-polonicum
1 4 -0.4351780097280357 0.32913931056924045 Penicillium-mb
1 4 -0.5110581217859775 0.2411121627517709 Penicillium-chrysogenum
1 4 -0.35673928132454646 0.43216981146262246 Penicillium-brevicompactum
1 4 -0.4191099777770124 0.34930291281034415 Penicillium-cvjetkovicii
1 2 0.3052660527965614 0.5055693918631121 Penicillium-verrucosum
1 2 0.4804173902101337 0.27518201852367 Penicillium-solitum
1 2 0.4591415133737904 0.30002918153664104 Penicillium-commune
1 2 -0.20621471339042136 0.6573148169821064 Penicillium-polonicum
1 2 -0.44962806465355937 0.311445628036418 Penicillium-mb
1 2 -0.5084061678286941 0.24397907554198453 Penicillium-chrysogenum
1 2 -0.3560393218267007 0.43313905553892895 Penicillium-brevicompactum
1 2 -0.41645918485195155 0.3526778463192039 Penicillium-cvjetkovicii
1 4 0.30793461815416634 0.5016626393020515 Penicillium-verrucosum
1 4 0.4811895349981735 0.2742983459356693 Penicillium-solitum
1 4 0.45980339510664625 0.2992418641746136 Penicillium-commune
1 4 -0.21007296254983113 0.651185871832114 Penicillium-polonicum
1 4 -0.45374207885601275 0.3064857898874044 Penicillium-mb
1 4 -0.5123592941100771 0.23971127211247234 Penicillium-chrysogenum
1 4 -0.3567815166462451 0.43211135418841523 Penicillium-brevicompactum
1 4 -0.4209360396821551 0.34698592687269847 Penicillium-cvjetkovicii
1 4 0.3038258367161909 0.5076822392755242 Penicillium-verrucosum
1 4 0.4807634894429061 0.27478577077704464 Penicillium-solitum
1 4 0.459619482805571 0.29946053900985775 Penicillium-commune
1 4 -0.20513829517520452 0.6590274808704768 Penicillium-polonicum
1 4 -0.4481657614497238 0.3132169262078953 Penicillium-mb
1 4 -0.5124175300386739 0.23964866179606265 Penicillium-chrysogenum
1 4 -0.35684801223729296 0.43201932477654 Penicillium-brevicompactum
1 4 -0.42385561319818593 0.3432949271063523 Penicillium-cvjetkovicii
1 4 0.3120083873449313 0.4957192018542621 Penicillium-verrucosum
1 4 0.48676000990953183 0.26796131643439397 Penicillium-solitum
1 4 0.4640879493750879 0.2941674066176512 Penicillium-commune
1 4 -0.18950718876631523 0.6840282642735389 Penicillium-polonicum
1 4 -0.43616193270325243 0.3279211863649381 Penicillium-mb
1 4 -0.5151947473681852 0.2366716678143861 Penicillium-chrysogenum
1 4 -0.35667699932023733 0.4322560205733358 Penicillium-brevicompactum
1 4 -0.397121466646614 0.37770381966243066 Penicillium-cvjetkovicii
1 4 0.30986633252842327 0.4988412540235291 Penicillium-verrucosum
1 4 0.4829822653349718 0.2722516169986756 Penicillium-solitum
1 4 0.4621175776412879 0.29649627973422354 Penicillium-commune
1 4 -0.2009410709740074 0.6657168481917497 Penicillium-polonicum
1 4 -0.4468491365181119 0.3148154963358867 Penicillium-mb
1 4 -0.5140033247869594 0.23794667338152742 Penicillium-chrysogenum
1 4 -0.35667699932023716 0.4322560205733362 Penicillium-brevicompactum
1 4 -0.4058370367098709 0.36633698595239417 Penicillium-cvjetkovicii
3 4 0.3024235035809211 0.5097424494662706 Penicillium-verrucosum
3 4 0.48031954324545006 0.27529408976904035 Penicillium-solitum
3 4 0.4595883772776089 0.2994975309612143 Penicillium-commune
3 4 -0.20592109090071972 0.6577818750163884 Penicillium-polonicum
3 4 -0.44907432151660825 0.3121158670420848 Penicillium-mb
3 4 -0.5128294414539664 0.2392060267160129 Penicillium-chrysogenum
3 4 -0.35667699932023733 0.4322560205733358 Penicillium-brevicompactum
3 4 -0.41201009579254305 0.3583727536304343 Penicillium-cvjetkovicii
1 4 0.3072885865251295 0.5026074513763392 Penicillium-verrucosum
1 4 0.47744692025137697 0.2785934556454452 Penicillium-solitum
1 4 0.4572210548548142 0.30231874077059157 Penicillium-commune
1 4 -0.2018008780036692 0.6643450723678753 Penicillium-polonicum
1 4 -0.4463022294842056 0.31548055728241825 Penicillium-mb
1 4 -0.5124289398740772 0.23963639580205823 Penicillium-chrysogenum
1 4 -0.3567930524030967 0.43209538824712806 Penicillium-brevicompactum
1 4 -0.4214386839153511 0.3463492874038247 Penicillium-cvjetkovicii
1 4 0.3054243062371606 0.5053374155456 Penicillium-verrucosum
1 4 0.47651189633605784 0.27967118912241573 Penicillium-solitum
1 4 0.45562191528495366 0.30423105446693494 Penicillium-commune
1 4 -0.2011105166462353 0.6654464480125358 Penicillium-polonicum
1 4 -0.4442622198085176 0.31796665380673284 Penicillium-mb
1 4 -0.5125545505955161 0.2395013789292722 Penicillium-chrysogenum
1 4 -0.3566769993202374 0.4322560205733358 Penicillium-brevicompactum
1 4 -0.4138722594417422 0.35598452955969845 Penicillium-cvjetkovicii
1 4 0.30835238851719216 0.501051987572404 Penicillium-verrucosum
1 4 0.4824425116916271 0.2728671167958924 Penicillium-solitum
1 4 0.4608825763829563 0.29796011737649347 Penicillium-commune
1 4 -0.20274241129296758 0.6628437604308091 Penicillium-polonicum
1 4 -0.4473569986809801 0.3141984608135502 Penicillium-mb
1 4 -0.5122867266296842 0.23978930112953944 Penicillium-chrysogenum
1 4 -0.3566769993202371 0.4322560205733362 Penicillium-brevicompactum
1 4 -0.41232889083588764 0.35796342810340886 Penicillium-cvjetkovicii
1 2 0.3104723726868136 0.49795724821129106 Penicillium-verrucosum
1 2 0.48486647837714913 0.27010790537681095 Penicillium-solitum
1 2 0.4633700202204789 0.29501502021586534 Penicillium-commune
1 2 -0.1989680780273993 0.6688674488181802 Penicillium-polonicum
1 2 -0.4453963259460171 0.31658351066852297 Penicillium-mb
1 2 -0.5084544559452843 0.24392673302041618 Penicillium-chrysogenum
1 2 -0.35628153144352237 0.43280357036197614 Penicillium-brevicompactum
1 2 -0.41645918485195316 0.35267784631920196 Penicillium-cvjetkovicii
1 4 0.3077503309569409 0.501932093275817 Penicillium-verrucosum
1 4 0.47966426724861244 0.276045154312494 Penicillium-solitum
1 4 0.45796731573650695 0.3014281443411503 Penicillium-commune
1 4 -0.19810864649791618 0.6702410546176557 Penicillium-polonicum
1 4 -0.44222787202291797 0.3204542511989258 Penicillium-mb
1 4 -0.5119553711911107 0.24014574480530476 Penicillium-chrysogenum
1 4 -0.35667699932023744 0.43225602057333573 Penicillium-brevicompactum
1 4 -0.41499619362118795 0.3545463029170401 Penicillium-cvjetkovicii
1 4 0.30309950326728385 0.508748956637074 Penicillium-verrucosum
1 4 0.4782756314199258 0.27763982242220786 Penicillium-solitum
1 4 0.45594958744661157 0.3038387805292012 Penicillium-commune
1 4 -0.2011772688247589 0.665339933276692 Penicillium-polonicum
1 4 -0.4426875398151439 0.319891437994458 Penicillium-mb
1 4 -0.5121111805078185 0.23997810790907423 Penicillium-chrysogenum
1 4 -0.35667699932023716 0.4322560205733362 Penicillium-brevicompactum
1 4 -0.4144122766702862 0.3552932012210625 Penicillium-cvjetkovicii
1 4 0.30698968624683254 0.5030447991729131 Penicillium-verrucosum
1 4 0.4802775788990492 0.27534216088152225 Penicillium-solitum
1 4 0.45918684183621716 0.29997523367240186 Penicillium-commune
1 4 -0.2036294750995238 0.6614301222157379 Penicillium-polonicum
1 4 -0.4477160176082394 0.3137625819012956 Penicillium-mb
1 4 -0.5120961044174337 0.23999432605825088 Penicillium-chrysogenum
1 4 -0.3566823991567351 0.43224854600116874 Penicillium-brevicompactum
1 4 -0.4166869856020166 0.3523872820743087 Penicillium-cvjetkovicii
1 4 0.30387005988436255 0.5076173167672138 Penicillium-verrucosum
1 4 0.480541020651758 0.2750404449659474 Penicillium-solitum
1 4 0.45869272913946063 0.30056353429602156 Penicillium-commune
1 4 -0.20179888676725022 0.664348248419836 Penicillium-polonicum
1 4 -0.44448739181160224 0.3176918289592086 Penicillium-mb
1 4 -0.511364259323935 0.24078222268428162 Penicillium-chrysogenum
1 4 -0.3566769993202374 0.4322560205733358 Penicillium-brevicompactum
1 4 -0.41640544622711595 0.35274640555930203 Penicillium-cvjetkovicii
1 4 0.30549310608093105 0.5052365766401435 Penicillium-verrucosum
1 4 0.47872959811205223 0.2771180463216436 Penicillium-solitum
1 4 0.4580922231748493 0.3012791911227227 Penicillium-commune
1 4 -0.20327088785255584 0.6620014762232415 Penicillium-polonicum
1 4 -0.4469899919324145 0.3146443090811051 Penicillium-mb
1 4 -0.5124883848879247 0.2395724949388586 Penicillium-chrysogenum
1 4 -0.3567596879162201 0.43214156662762776 Penicillium-brevicompactum
1 4 -0.4199894459907926 0.34818619763421593 Penicillium-cvjetkovicii
1 4 0.31683862929967255 0.4887045948855938 Penicillium-verrucosum
1 4 0.4909793223271148 0.26320607935682105 Penicillium-solitum
1 4 0.47039660694315627 0.286765711426744 Penicillium-commune
1 4 -0.20194514821212212 0.6641149698438723 Penicillium-polonicum
1 4 -0.452208046554108 0.30833115016959334 Penicillium-mb
1 4 -0.5093087855631107 0.2430015315448867 Penicillium-chrysogenum
1 4 -0.35667699932023733 0.4322560205733358 Penicillium-brevicompactum
1 4 -0.4162262864542976 0.3529750161623243 Penicillium-cvjetkovicii
3 2 0.30628281923494105 0.5040796084040629 Penicillium-verrucosum
3 2 0.48653250264882275 0.2682188184759948 Penicillium-solitum
3 2 0.465321689644002 0.29271332868076794 Penicillium-commune
3 2 -0.2032212938024092 0.6620805070318483 Penicillium-polonicum
3 2 -0.447970519471923 0.313453754588492 Penicillium-mb
3 2 -0.5116705296794885 0.2404523493632938 Penicillium-chrysogenum
3 2 -0.3568672274688357 0.43199273243457487 Penicillium-brevicompactum
3 2 -0.42470901547505596 0.3422191777533674 Penicillium-cvjetkovicii
1 4 0.306397025384839 0.5039123674275623 Penicillium-verrucosum
1 4 0.4815017325813248 0.27394141840518477 Penicillium-solitum
1 4 0.46110692194640257 0.2976939659398045 Penicillium-commune
1 4 -0.20306368269214792 0.6623316854288973 Penicillium-polonicum
1 4 -0.44779252666341524 0.313669727493648 Penicillium-mb
1 4 -0.5149734035541372 0.2369082984727578 Penicillium-chrysogenum
1 4 -0.357451337181806 0.43118467065951777 Penicillium-brevicompactum
1 4 -0.4517288459962099 0.30890859470113957 Penicillium-cvjetkovicii
1 4 0.30884105050613975 0.5003380449743726 Penicillium-verrucosum
1 4 0.483638026984953 0.2715046735883781 Penicillium-solitum
1 4 0.4625346418725431 0.29600265539643866 Penicillium-commune
1 4 -0.20411693395879368 0.660653640391209 Penicillium-polonicum
1 4 -0.44949718538806255 0.3116039849578479 Penicillium-mb
1 4 -0.5115743235417451 0.2405559470823592 Penicillium-chrysogenum
1 4 -0.356838338323111 0.4320327129364536 Penicillium-brevicompactum
1 4 -0.4234275834164953 0.3438350129327058 Penicillium-cvjetkovicii
1 4 0.3073404834151587 0.5025315299366553 Penicillium-verrucosum
1 4 0.47745429520120836 0.27858496250310666 Penicillium-solitum
1 4 0.4558957084068367 0.3039032667799082 Penicillium-commune
1 4 -0.19722944820647156 0.6716470089288866 Penicillium-polonicum
1 4 -0.4409472456543218 0.322024488819198 Penicillium-mb
1 4 -0.5117378834269454 0.24037983311521746 Penicillium-chrysogenum
1 4 -0.3566769993202374 0.4322560205733358 Penicillium-brevicompactum
1 4 -0.4148655218969787 0.35471339046772193 Penicillium-cvjetkovicii
3 4 0.30174813130699796 0.5107356901652114 Penicillium-verrucosum
3 4 0.4806406454550175 0.27492638497548116 Penicillium-solitum
3 4 0.4596651253986513 0.2994062626342148 Penicillium-commune
3 4 -0.20535914331484048 0.6586759977523653 Penicillium-polonicum
3 4 -0.4482287069034625 0.31314058999620736 Penicillium-mb
3 4 -0.512788017008366 0.239250523727112 Penicillium-chrysogenum
3 4 -0.35667699932023733 0.4322560205733358 Penicillium-brevicompactum
3 4 -0.41287019220767324 0.357268854969344 Penicillium-cvjetkovicii
1 2 0.30901975994323944 0.5000770369539045 Penicillium-verrucosum
1 2 0.4814900888446109 0.27395472663207077 Penicillium-solitum
1 2 0.46026371131881927 0.29869484880256386 Penicillium-commune
1 2 -0.19909713852315822 0.6686612382455361 Penicillium-polonicum
1 2 -0.44447819217809365 0.31770305519643016 Penicillium-mb
1 2 -0.5100349606707251 0.24221639671586231 Penicillium-chrysogenum
1 2 -0.356445956880412 0.4325758809336326 Penicillium-brevicompactum
1 2 -0.41645918485195166 0.3526778463192038 Penicillium-cvjetkovicii
1 4 0.31357710173633246 0.49343718703767825 Penicillium-verrucosum
1 4 0.48588509793204626 0.26895219065171905 Penicillium-solitum
1 4 0.4647196809274993 0.29342245358313257 Penicillium-commune
1 4 -0.19725220283446177 0.6716106116607553 Penicillium-polonicum
1 4 -0.44512252701663346 0.31691719376717725 Penicillium-mb
1 4 -0.5119486299878024 0.2401529989646615 Penicillium-chrysogenum
1 4 -0.35700936029047725 0.4317960514594755 Penicillium-brevicompactum
1 4 -0.43114302298021995 0.33415490630068834 Penicillium-cvjetkovicii
1 2 0.30990185991077607 0.4987894164788337 Penicillium-verrucosum
1 2 0.48345586503038557 0.27171207167567574 Penicillium-solitum
1 2 0.4622343711603047 0.29635800992535294 Penicillium-commune
1 2 -0.20086543927866773 0.6658375499970712 Penicillium-polonicum
1 2 -0.4467900478383022 0.3148873212141995 Penicillium-mb
1 2 -0.5102856684090536 0.24194560702743062 Penicillium-chrysogenum
1 2 -0.35647895935098634 0.43253018602571025 Penicillium-brevicompactum
1 2 -0.41645918485195155 0.3526778463192039 Penicillium-cvjetkovicii
1 4 0.31447028999465515 0.4921395289310059 Penicillium-verrucosum
1 4 0.4861638109365987 0.268636356780672 Penicillium-solitum
1 4 0.46576948323661593 0.29218635160903583 Penicillium-commune
1 4 -0.20159532232718502 0.6646729578090713 Penicillium-polonicum
1 4 -0.4501223502416771 0.3108478849622148 Penicillium-mb
1 4 -0.5119459281852231 0.24015590638314002 Penicillium-chrysogenum
1 4 -0.3566769993202373 0.4322560205733358 Penicillium-brevicompactum
1 4 -0.4102272987064453 0.3606654026456045 Penicillium-cvjetkovicii
1 4 0.3098533789409114 0.49886015490690716 Penicillium-verrucosum
1 4 0.4830167891872456 0.27221226959924755 Penicillium-solitum
1 4 0.4618762256807474 0.2967821023087808 Penicillium-commune
1 4 -0.2035381087843035 0.6615756880976533 Penicillium-polonicum
1 4 -0.44906464816656416 0.3121275810312288 Penicillium-mb
1 4 -0.5123401516112408 0.239731854158461 Penicillium-chrysogenum
1 4 -0.3568684844011485 0.431990992962736 Penicillium-brevicompactum
1 4 -0.42476498623439835 0.3421486740758706 Penicillium-cvjetkovicii
1 4 0.3050856984634276 0.5058338100509183 Penicillium-verrucosum
1 4 0.4762570464430617 0.27996525950539414 Penicillium-solitum
1 4 0.4556908963538101 0.30414845509157634 Penicillium-commune
1 4 -0.2001219542165295 0.6670243942653592 Penicillium-polonicum
1 4 -0.4435393845973003 0.31884957627359284 Penicillium-mb
1 4 -0.5119661444744409 0.24013415196556667 Penicillium-chrysogenum
1 4 -0.35667961449542307 0.4322524005842805 Penicillium-brevicompactum
1 4 -0.4165694617461818 0.3525371735179432 Penicillium-cvjetkovicii
1 4 0.31189319720378733 0.4958869160148237 Penicillium-verrucosum
1 4 0.4820774180375654 0.2732838012752793 Penicillium-solitum
1 4 0.4614780889296264 0.29725386383352226 Penicillium-commune
1 4 -0.19952103342013341 0.6679840630057294 Penicillium-polonicum
1 4 -0.4462919638575167 0.3154930465161957 Penicillium-mb
1 4 -0.5127930866713759 0.23924507782657856 Penicillium-chrysogenum
1 4 -0.3566769993202371 0.4322560205733362 Penicillium-brevicompactum
1 4 -0.40947229831177906 0.3616381478842209 Penicillium-cvjetkovicii
1 4 0.30807054340955103 0.5014639298044217 Penicillium-verrucosum
1 4 0.4813130261895832 0.27415713657077584 Penicillium-solitum
1 4 0.4596560268488277 0.29941708192600125 Penicillium-commune
1 4 -0.1980121994667243 0.6703952489007141 Penicillium-polonicum
1 4 -0.44264608522444615 0.3199421771115325 Penicillium-mb
1 4 -0.5118794454332546 0.24022745383795704 Penicillium-chrysogenum
1 4 -0.3566769993202371 0.4322560205733362 Penicillium-brevicompactum
1 4 -0.41396826042892415 0.3558615884884632 Penicillium-cvjetkovicii
1 2 0.3105675234777397 0.4978185057898724 Penicillium-verrucosum
1 2 0.48386913549917265 0.27124165100058223 Penicillium-solitum
1 2 0.46203403817995387 0.2965951981099814 Penicillium-commune
1 2 -0.20711748533891033 0.655879355465955 Penicillium-polonicum
1 2 -0.4521720687213899 0.3083744876748275 Penicillium-mb
1 2 -0.5103339699502607 0.24189345262111991 Penicillium-chrysogenum
1 2 -0.3565483697084596 0.43243408713181386 Penicillium-brevicompactum
1 2 -0.41645918485195355 0.35267784631920124 Penicillium-cvjetkovicii
1 2 0.30669286167285054 0.5034792413780943 Penicillium-verrucosum
1 2 0.48295335449060256 0.2722845691361985 Penicillium-solitum
1 2 0.4617869803134493 0.29688782247625495 Penicillium-commune
1 2 -0.20315069716124656 0.6621930109075378 Penicillium-polonicum
1 2 -0.44779738769647737 0.31366382835542705 Penicillium-mb
1 2 -0.5107907686189379 0.2414004744344837 Penicillium-chrysogenum
1 2 -0.35654008715321955 0.43244555393040235 Penicillium-brevicompactum
1 2 -0.4164591848519541 0.3526778463192007 Penicillium-cvjetkovicii
1 2 0.31183890232499406 0.4959659750372598 Penicillium-verrucosum
1 2 0.4837336742839226 0.27139580426147086 Penicillium-solitum
1 2 0.4628830248407891 0.29559059854353886 Penicillium-commune
1 2 -0.20311433634481918 0.6622509580248793 Penicillium-polonicum
1 2 -0.44981218652635857 0.31122290972080835 Penicillium-mb
1 2 -0.5105696599829795 0.2416390371311903 Penicillium-chrysogenum
1 2 -0.35662664008003847 0.4323257313212139 Penicillium-brevicompactum
1 2 -0.41645918485195155 0.3526778463192039 Penicillium-cvjetkovicii
1 2 0.30065929543338593 0.5123384004958897 Penicillium-verrucosum
1 2 0.4784938514147497 0.27738895167001837 Penicillium-solitum
1 2 0.4570216271641834 0.302556935444348 Penicillium-commune
1 2 -0.2053309638019302 0.6587208430910962 Penicillium-polonicum
1 2 -0.44667863262851726 0.31502277061711664 Penicillium-mb
1 2 -0.5105536656472821 0.24165629828116622 Penicillium-chrysogenum
1 2 -0.3563322058855946 0.43273339363887786 Penicillium-brevicompactum
1 2 -0.4164591848519537 0.3526778463192011 Penicillium-cvjetkovicii
1 2 0.3054831774432961 0.5052511284633863 Penicillium-verrucosum
1 2 0.4824957024924212 0.27280643362296936 Penicillium-solitum
1 2 0.4610873032820531 0.2977172362772869 Penicillium-commune
1 2 -0.2053021412330499 0.658766712640382 Penicillium-polonicum
1 2 -0.449031547057179 0.31216766642338467 Penicillium-mb
1 2 -0.511252622052686 0.24090251558178968 Penicillium-chrysogenum
1 2 -0.35656773332255626 0.43240727959535 Penicillium-brevicompactum
1 2 -0.41645918485195366 0.3526778463192011 Penicillium-cvjetkovicii
1 4 0.3085505122702411 0.5007624827309257 Penicillium-verrucosum
1 4 0.4805670010855182 0.27501069803047157 Penicillium-solitum
1 4 0.4600291505657178 0.2989735332816686 Penicillium-commune
1 4 -0.20218559336233707 0.6637315205229923 Penicillium-polonicum
1 4 -0.44747534536783085 0.3140547490410936 Penicillium-mb
1 4 -0.5118125339071351 0.240299472725901 Penicillium-chrysogenum
1 4 -0.3566769993202373 0.4322560205733358 Penicillium-brevicompactum
1 4 -0.4157025759492441 0.3536436334299163 Penicillium-cvjetkovicii
3 2 0.2993576832597742 0.5142565780645638 Penicillium-verrucosum
3 2 0.47895572741684006 0.27685830446452725 Penicillium-solitum
3 2 0.45763392779499595 0.30182587077545275 Penicillium-commune
3 2 -0.20717650173306118 0.6557855451113332 Penicillium-polonicum
3 2 -0.4483617878392248 0.31297922458598765 Penicillium-mb
3 2 -0.5102484265326723 0.24198582313373415 Penicillium-chrysogenum
3 2 -0.3563038542275082 0.4327726560202339 Penicillium-brevicompactum
3 2 -0.41645918485195127 0.3526778463192044 Penicillium-cvjetkovicii
3 4 0.29631563641902525 0.5187492172179282 Penicillium-verrucosum
3 4 0.47870262434028915 0.27714903686525993 Penicillium-solitum
3 4 0.457366207028313 0.3021454240849759 Penicillium-commune
3 4 -0.21136944906245114 0.6491298456395 Penicillium-polonicum
3 4 -0.4523263774305946 0.30818863212888936 Penicillium-mb
3 4 -0.5122936780184814 0.2397818260578334 Penicillium-chrysogenum
3 4 -0.35676351933187667 0.4321362636306153 Penicillium-brevicompactum
3 4 -0.420155160017428 0.3479759483209389 Penicillium-cvjetkovicii
1 4 0.31098235687989034 0.4972137829823451 Penicillium-verrucosum
1 4 0.48600405131297275 0.2688173737068165 Penicillium-solitum
1 4 0.4656107790082944 0.2923730714165044 Penicillium-commune
1 4 -0.2026284122028989 0.6630254888587006 Penicillium-polonicum
1 4 -0.4500325092217526 0.310956493166881 Penicillium-mb
1 4 -0.5105963539736611 0.24161023014538408 Penicillium-chrysogenum
1 4 -0.3567261707593899 0.4321879582146924 Penicillium-brevicompactum
1 4 -0.4185477676524959 0.35001757132615485 Penicillium-cvjetkovicii
1 4 0.3063565246214851 0.5039716736387698 Penicillium-verrucosum
1 4 0.4774447386109084 0.2785959680892873 Penicillium-solitum
1 4 0.45599633423320596 0.303782835525049 Penicillium-commune
1 4 -0.1962591302599371 0.6731995591112461 Penicillium-polonicum
1 4 -0.4398409345947637 0.3233836516249889 Penicillium-mb
1 4 -0.5122041699298955 0.2398780855172443 Penicillium-chrysogenum
1 4 -0.35681021607947605 0.43207163346191235 Penicillium-brevicompactum
1 4 -0.4221895790829717 0.34539913431540903 Penicillium-cvjetkovicii
1 4 0.3104013990273745 0.4980607460427233 Penicillium-verrucosum
1 4 0.48349604992653095 0.2716663135437965 Penicillium-solitum
1 4 0.46245310219168506 0.29609913468106525 Penicillium-commune
1 4 -0.1982872469090361 0.6699555422599106 Penicillium-polonicum
1 4 -0.44463606993660787 0.3175104220658048 Penicillium-mb
1 4 -0.512335458285331 0.2397369005554801 Penicillium-chrysogenum
1 4 -0.3566769993202374 0.4322560205733358 Penicillium-brevicompactum
1 4 -0.40955877610166724 0.3615266745606148 Penicillium-cvjetkovicii
1 4 0.3163097012702725 0.4894709860751004 Penicillium-verrucosum
1 4 0.4922679470862191 0.2617614974951512 Penicillium-solitum
1 4 0.4715078636343723 0.285470611245453 Penicillium-commune
1 4 -0.1989323078861585 0.6689246046438942 Penicillium-polonicum
1 4 -0.4493281856682096 0.31180851741089505 Penicillium-mb
1 4 -0.5110054494305591 0.24116895158394464 Penicillium-chrysogenum
1 4 -0.3566769993202373 0.4322560205733358 Penicillium-brevicompactum
1 4 -0.41306880731935414 0.35701414184525027 Penicillium-cvjetkovicii
1 2 0.30483371446565205 0.506203325364033 Penicillium-verrucosum
1 2 0.4747028230866831 0.28176166877758974 Penicillium-solitum
1 2 0.4528019498172958 0.3076161416110204 Penicillium-commune
1 2 -0.19488740838349017 0.6753959460539759 Penicillium-polonicum
1 2 -0.4371771940911822 0.32666629296936 Penicillium-mb
1 2 -0.5109092368431585 0.2412726994488115 Penicillium-chrysogenum
1 2 -0.35643337510949363 0.4325933020207787 Penicillium-brevicompactum
1 2 -0.416459184851952 0.3526778463192034 Penicillium-cvjetkovicii
1 2 0.3138220767545001 0.4930811574142081 Penicillium-verrucosum
1 2 0.485550286378715 0.2693318167874872 Penicillium-solitum
1 2 0.4652263472995505 0.29282558476391457 Penicillium-commune
1 2 -0.20138419049521475 0.6650097821086074 Penicillium-polonicum
1 2 -0.44981238506208204 0.31122266960457945 Penicillium-mb
1 2 -0.5092213921958559 0.24309609994677808 Penicillium-chrysogenum
1 2 -0.35651168332176847 0.43248487855014195 Penicillium-brevicompactum
1 2 -0.41645918485195205 0.3526778463192034 Penicillium-cvjetkovicii
3 2 0.3017211019502068 0.5107754549847507 Penicillium-verrucosum
3 2 0.4813359012049013 0.274130983108604 Penicillium-solitum
3 2 0.46005387160708167 0.2989441565158117 Penicillium-commune
3 2 -0.2102970834198245 0.6508303249616659 Penicillium-polonicum
3 2 -0.45242491490693454 0.30806997526722985 Penicillium-mb
3 2 -0.5115636721769812 0.24056741807259363 Penicillium-chrysogenum
3 2 -0.35661850808375434 0.43233698859721564 Penicillium-brevicompactum
3 2 -0.4164591848519537 0.3526778463192011 Penicillium-cvjetkovicii
1 2 0.3036870483889715 0.5078860083538813 Penicillium-verrucosum
1 2 0.47757403241724933 0.27844708694834247 Penicillium-solitum
1 2 0.4562549089802367 0.303473463438974 Penicillium-commune
1 2 -0.2031032909456207 0.6622685610038288 Penicillium-polonicum
1 2 -0.44553420428801394 0.31641553378155657 Penicillium-mb
1 2 -0.5101905074878531 0.2420483738981551 Penicillium-chrysogenum
1 2 -0.3562920463663669 0.43278900836702017 Penicillium-brevicompactum
1 2 -0.4164591848519516 0.3526778463192038 Penicillium-cvjetkovicii
1 4 0.309811262148457 0.4989216102466304 Penicillium-verrucosum
1 4 0.4815868871576687 0.27384409970882095 Penicillium-solitum
1 4 0.4607472029010673 0.29812076787217284 Penicillium-commune
1 4 -0.20385804546368885 0.6610659983716454 Penicillium-polonicum
1 4 -0.4492872223299538 0.31185810221471827 Penicillium-mb
1 4 -0.5126005390989123 0.23945195549678147 Penicillium-chrysogenum
1 4 -0.35681807215917116 0.43206076069677 Penicillium-brevicompactum
1 4 -0.42253446928743477 0.34496309209974607 Penicillium-cvjetkovicii
1 2 0.3021204022047906 0.5101881247614439 Penicillium-verrucosum
1 2 0.47778794574953787 0.27820084531405626 Penicillium-solitum
1 2 0.45656801997313384 0.303099026460413 Penicillium-commune
1 2 -0.20184901376623235 0.6642682963189837 Penicillium-polonicum
1 2 -0.4439416131507925 0.3183581350134964 Penicillium-mb
1 2 -0.51188541375387 0.24022103044203538 Penicillium-chrysogenum
1 2 -0.3566557566307381 0.4322854256504902 Penicillium-brevicompactum
1 2 -0.4164591848519516 0.3526778463192038 Penicillium-cvjetkovicii
1 4 0.3077376036141208 0.5019507043229563 Penicillium-verrucosum
1 4 0.4776890035029935 0.27831472835160076 Penicillium-solitum
1 4 0.4571969351075929 0.30234754480594817 Penicillium-commune
1 4 -0.20241495135954002 0.6633658067437127 Penicillium-polonicum
1 4 -0.4468252928153846 0.3148444785454422 Penicillium-mb
1 4 -0.5119831399724605 0.24011586409688457 Penicillium-chrysogenum
1 4 -0.35667699932023716 0.4322560205733362 Penicillium-brevicompactum
1 4 -0.41627122395371396 0.3529176694138824 Penicillium-cvjetkovicii
1 4 0.30839837475519777 0.5009847857657179 Penicillium-verrucosum
1 4 0.4808537827111493 0.2746824366379636 Penicillium-solitum
1 4 0.45812433629455784 0.30124090117348995 Penicillium-commune
1 4 -0.1924913375492391 0.6792368970270559 Penicillium-polonicum
1 4 -0.4365943920951331 0.3273864015254896 Penicillium-mb
1 4 -0.5124371346879282 0.23962758625485833 Penicillium-chrysogenum
1 4 -0.3569408234046471 0.4318908873507633 Penicillium-brevicompactum
1 4 -0.42801526072832924 0.33806500289542696 Penicillium-cvjetkovicii
1 2 0.3069798153550799 0.5030592444278799 Penicillium-verrucosum
1 2 0.48060342258349853 0.274968998781287 Penicillium-solitum
1 2 0.4590206923748591 0.30017299801719854 Penicillium-commune
1 2 -0.20712214847892335 0.6558719429741642 Penicillium-polonicum
1 2 -0.4505136090617716 0.3103750875046387 Penicillium-mb
1 2 -0.511603921819881 0.2405240725420231 Penicillium-chrysogenum
1 2 -0.3566404618108509 0.4323065978957201 Penicillium-brevicompactum
1 2 -0.416459184851953 0.35267784631920207 Penicillium-cvjetkovicii
1 4 0.30741885961113097 0.5024168787699321 Penicillium-verrucosum
1 4 0.47926417190701975 0.27650418838461654 Penicillium-solitum
1 4 0.4574403130632439 0.3020569557595292 Penicillium-commune
1 4 -0.2004984435781943 0.6664233255325833 Penicillium-polonicum
1 4 -0.4440879163060267 0.3181794636773333 Penicillium-mb
1 4 -0.5120350817614295 0.24005997656363154 Penicillium-chrysogenum
1 4 -0.3567230231650905 0.43219231494394544 Penicillium-brevicompactum
1 4 -0.41841312288792437 0.3501888170912651 Penicillium-cvjetkovicii
1 4 0.31155236345245396 0.49638327927504344 Penicillium-verrucosum
1 4 0.48474135721170863 0.2702500210970239 Penicillium-solitum
1 4 0.4636650699878692 0.2946665430609053 Penicillium-commune
1 4 -0.20179285936006117 0.6643578622490504 Penicillium-polonicum
1 4 -0.4484302187767949 0.3128962636910618 Penicillium-mb
1 4 -0.5123831362308477 0.23968563817359875 Penicillium-chrysogenum
1 4 -0.3566769993202371 0.4322560205733362 Penicillium-brevicompactum
1 4 -0.40886738358460367 0.3624183048448153 Penicillium-cvjetkovicii
1 4 0.30845881011560705 0.5008964735960832 Penicillium-verrucosum
1 4 0.4806758862042814 0.2748860431006538 Penicillium-solitum
1 4 0.458714393317054 0.30053772985938326 Penicillium-commune
1 4 -0.19449522186123017 0.6760242483484757 Penicillium-polonicum
1 4 -0.43915493739145756 0.3242276732429505 Penicillium-mb
1 4 -0.5114329696103376 0.2407081989168474 Penicillium-chrysogenum
1 4 -0.3566769993202374 0.4322560205733358 Penicillium-brevicompactum
1 4 -0.41358211228358593 0.35635620616047947 Penicillium-cvjetkovicii
3 2 0.296574086675391 0.5183670054064027 Penicillium-verrucosum
3 2 0.479508982722962 0.27622327333517743 Penicillium-solitum
3 2 0.4578589167306689 0.3015574373277305 Penicillium-commune
3 2 -0.20158636835409396 0.6646872414136352 Penicillium-polonicum
3 2 -0.43981800385640885 0.3234118493368359 Penicillium-mb
3 2 -0.5119548666527612 0.24014628773179225 Penicillium-chrysogenum
3 2 -0.3566769993202372 0.4322560205733362 Penicillium-brevicompactum
3 2 -0.4150703407826569 0.35445150689514665 Penicillium-cvjetkovicii
3 4 0.3028603578446715 0.5091003434338195 Penicillium-verrucosum
3 4 0.4821014190361386 0.2732563999257492 Penicillium-solitum
3 4 0.4610458974326823 0.2977663517379092 Penicillium-commune
3 4 -0.20473933647400888 0.65966255600256 Penicillium-polonicum
3 4 -0.44826709589554536 0.31309403825635707 Penicillium-mb
3 4 -0.5118546368873398 0.2402541548524756 Penicillium-chrysogenum
3 4 -0.35667699932023744 0.43225602057333573 Penicillium-brevicompactum
3 4 -0.4132105619362803 0.3568323954441036 Penicillium-cvjetkovicii
1 4 0.3060966269848366 0.5043523057681834 Penicillium-verrucosum
1 4 0.4787588735982709 0.27708441306859316 Penicillium-solitum
1 4 0.4567294241068357 0.3029060888947451 Penicillium-commune
1 4 -0.1980668826965586 0.6703078231893436 Penicillium-polonicum
1 4 -0.4411889840060303 0.32172782847217485 Penicillium-mb
1 4 -0.511640170854189 0.2404850384394907 Penicillium-chrysogenum
1 4 -0.3566769993202373 0.4322560205733358 Penicillium-brevicompactum
1 4 -0.41608912432332573 0.3531500789488276 Penicillium-cvjetkovicii
1 4 0.3066173242371455 0.5035898213653509 Penicillium-verrucosum
1 4 0.4842151726846084 0.27084804445909527 Penicillium-solitum
1 4 0.46246439942438394 0.29608576675415993 Penicillium-commune
1 4 -0.20415597664735166 0.6605914590555162 Penicillium-polonicum
1 4 -0.44833917476957874 0.3130066411952714 Penicillium-mb
1 4 -0.5123569651357303 0.23971377618561648 Penicillium-chrysogenum
1 4 -0.3569496601241127 0.43187865935327036 Penicillium-brevicompactum
1 4 -0.42841604088806656 0.33756289836678993 Penicillium-cvjetkovicii
1 2 0.30651971394627353 0.5037327265804151 Penicillium-verrucosum
1 2 0.4762921426266263 0.2799247539184634 Penicillium-solitum
1 2 0.4549192457682992 0.3050730054626729 Penicillium-commune
1 2 -0.1986546933571303 0.6693682381171946 Penicillium-polonicum
1 2 -0.44197172345944474 0.3207680624633041 Penicillium-mb
1 2 -0.5108270094713122 0.24136138319948083 Penicillium-chrysogenum
1 2 -0.35645340431061834 0.4325655691309562 Penicillium-brevicompactum
1 2 -0.4164591848519535 0.35267784631920124 Penicillium-cvjetkovicii
1 4 0.30927918626552503 0.499698225690829 Penicillium-verrucosum
1 4 0.48287607194384924 0.27237266343685734 Penicillium-solitum
1 4 0.4617977572019057 0.2968750552793762 Penicillium-commune
1 4 -0.1999914748025895 0.6672327388922213 Penicillium-polonicum
1 4 -0.4456811014252009 0.31623661180624696 Penicillium-mb
1 4 -0.5123199869354143 0.23975353613888262 Penicillium-chrysogenum
1 4 -0.35667699932023716 0.4322560205733362 Penicillium-brevicompactum
1 4 -0.4120518126747647 0.3583191790573972 Penicillium-cvjetkovicii
1 4 0.3104619629414566 0.4979724278209253 Penicillium-verrucosum
1 4 0.48304123568798707 0.2721844090748881 Penicillium-solitum
1 4 0.46221580374972815 0.2963799896551858 Penicillium-commune
1 4 -0.2007369467923233 0.666042626306689 Penicillium-polonicum
1 4 -0.44692929002500054 0.31471807759907744 Penicillium-mb
1 4 -0.5134485430842416 0.238541463178176 Penicillium-chrysogenum
1 4 -0.3566769993202373 0.4322560205733358 Penicillium-brevicompactum
1 4 -0.40797706721598986 0.36356780821949375 Penicillium-cvjetkovicii
1 4 0.3141399542557473 0.49261931216822163 Penicillium-verrucosum
1 4 0.48675344490263317 0.26796874540788673 Penicillium-solitum
1 4 0.466213787292837 0.2916638971360612 Penicillium-commune
1 4 -0.2022221274824477 0.6636732629241812 Penicillium-polonicum
1 4 -0.4506373189458659 0.3102256616252285 Penicillium-mb
1 4 -0.5112213303082923 0.240936238488447 Penicillium-chrysogenum
1 4 -0.3568480825928386 0.43201922740895454 Penicillium-brevicompactum
1 4 -0.42385873012889064 0.34329099549225695 Penicillium-cvjetkovicii
1 2 0.30552723595473963 0.5051865555949786 Penicillium-verrucosum
1 2 0.47416049573127306 0.28238971429082194 Penicillium-solitum
1 2 0.45321485032840264 0.3071194721694728 Penicillium-commune
1 2 -0.19691060453265885 0.6721570703716332 Penicillium-polonicum
1 2 -0.44000352412518356 0.3231837471624588 Penicillium-mb
1 2 -0.5107419143286532 0.24145317581683445 Penicillium-chrysogenum
1 2 -0.3565174337920076 0.4324769170117714 Penicillium-brevicompactum
1 2 -0.41645918485195366 0.3526778463192011 Penicillium-cvjetkovicii
1 2 0.30775852672368076 0.5019201088281652 Penicillium-verrucosum
1 2 0.48128077503743094 0.2741940118676235 Penicillium-solitum
1 2 0.4602548769000401 0.29870534300808405 Penicillium-commune
1 2 -0.20260785071499116 0.6630582677718057 Penicillium-polonicum
1 2 -0.4474004746212432 0.3141456634170194 Penicillium-mb
1 2 -0.510642296150469 0.24156065509072205 Penicillium-chrysogenum
1 2 -0.35643662402746024 0.43258880344844536 Penicillium-brevicompactum
1 2 -0.4164591848519527 0.3526778463192026 Penicillium-cvjetkovicii
1 2 0.2982248989246565 0.5159279612344518 Penicillium-verrucosum
1 2 0.47332724345489186 0.28335588551554475 Penicillium-solitum
1 2 0.44860888418844846 0.3126797072725061 Penicillium-commune
1 2 -0.19080004708860793 0.6819513995903571 Penicillium-polonicum
1 2 -0.4284998175720523 0.3374579814526774 Penicillium-mb
1 2 -0.5110165390519261 0.24115699476502594 Penicillium-chrysogenum
1 2 -0.3563751428312238 0.4326739356293633 Penicillium-brevicompactum
1 2 -0.4164591848519529 0.3526778463192024 Penicillium-cvjetkovicii
1 4 0.30559132957049984 0.5050926240883222 Penicillium-verrucosum
1 4 0.4808526412257889 0.27468374287645114 Penicillium-solitum
1 4 0.4595227633519705 0.29957556829028 Penicillium-commune
1 4 -0.20207564417136148 0.6639068544983477 Penicillium-polonicum
1 4 -0.4457833114929693 0.3161121449326662 Penicillium-mb
1 4 -0.5120729471113913 0.24001923859095792 Penicillium-chrysogenum
1 4 -0.3567271732217922 0.4321865706641554 Penicillium-brevicompactum
1 4 -0.4185906770107344 0.3499630051275222 Penicillium-cvjetkovicii
1 4 0.30831934480006074 0.5011002778281415 Penicillium-verrucosum
1 4 0.4849987950126127 0.2699576536470335 Penicillium-solitum
1 4 0.4641844119958759 0.2940536015048244 Penicillium-commune
1 4 -0.20389993675724383 0.6609992692348703 Penicillium-polonicum
1 4 -0.4497193846689972 0.31133515644631254 Penicillium-mb
1 4 -0.5114672205474828 0.24067130324423358 Penicillium-chrysogenum
1 4 -0.3567651734421479 0.43213397421252325 Penicillium-brevicompactum
1 4 -0.4202267598942451 0.347885122628103 Penicillium-cvjetkovicii
1 2 0.30997144333805854 0.49868789368677635 Penicillium-verrucosum
1 2 0.48209934086541717 0.2732587724731269 Penicillium-solitum
1 2 0.460518747251869 0.2983919674400589 Penicillium-commune
1 2 -0.20063947201046137 0.6661982088349055 Penicillium-polonicum
1 2 -0.44596567023834377 0.3158901292987814 Penicillium-mb
1 2 -0.5101284714661269 0.24211537918443404 Penicillium-chrysogenum
1 2 -0.35658807791522557 0.43237911464963696 Penicillium-brevicompactum
1 2 -0.4164591848519535 0.35267784631920124 Penicillium-cvjetkovicii
1 4 0.3083031996355304 0.5011238730465906 Penicillium-verrucosum
1 4 0.4812503067532227 0.2742288507232603 Penicillium-solitum
1 4 0.45993604033013796 0.29908419041975187 Penicillium-commune
1 4 -0.2007761041401069 0.6659801287260682 Penicillium-polonicum
1 4 -0.44552396605063554 0.3164280056768561 Penicillium-mb
1 4 -0.5121580321214191 0.23992771039598246 Penicillium-chrysogenum
1 4 -0.35667699932023733 0.4322560205733358 Penicillium-brevicompactum
1 4 -0.41332648641841463 0.3566837949924356 Penicillium-cvjetkovicii
1 2 0.30747229232869283 0.5023387209549603 Penicillium-verrucosum
1 2 0.48045526386369153 0.27513864458861903 Penicillium-solitum
1 2 0.45990865920961305 0.29911673502559677 Penicillium-commune
1 2 -0.20252696910048518 0.663187212556985 Penicillium-polonicum
1 2 -0.44747723980004306 0.31405244880989336 Penicillium-mb
1 2 -0.5109019222011894 0.24128058781347425 Penicillium-chrysogenum
1 2 -0.3565744641996325 0.4323979613272475 Penicillium-brevicompactum
1 2 -0.4164591848519541 0.3526778463192007 Penicillium-cvjetkovicii
1 4 0.30632509840636823 0.5040176934562368 Penicillium-verrucosum
1 4 0.4806731887639856 0.27488913090328626 Penicillium-solitum
1 4 0.4598604433460315 0.29917404714555695 Penicillium-commune
1 4 -0.20480821767837404 0.6595528971025243 Penicillium-polonicum
1 4 -0.4488948187100026 0.3123332679626705 Penicillium-mb
1 4 -0.5128571565852107 0.23917625802523998 Penicillium-chrysogenum
1 4 -0.3568382251864318 0.4320328695122739 Penicillium-brevicompactum
1 4 -0.42342258407561706 0.3438413231911143 Penicillium-cvjetkovicii
1 4 0.3090860887342779 0.49998017484530466 Penicillium-verrucosum
1 4 0.48043195441593106 0.27516533883600514 Penicillium-solitum
1 4 0.45728783943673673 0.3022389922636222 Penicillium-commune
1 4 -0.18862808353386923 0.6854413758890386 Penicillium-polonicum
1 4 -0.43282167351231216 0.33206436742685375 Penicillium-mb
1 4 -0.5120918251386682 0.23999892959791364 Penicillium-chrysogenum
1 4 -0.35672349600274394 0.43219166046664625 Penicillium-brevicompactum
1 4 -0.41843334127296594 0.350163100426331 Penicillium-cvjetkovicii
1 4 0.30779405998203013 0.5018681506658687 Penicillium-verrucosum
1 4 0.48114335799230484 0.274351156706262 Penicillium-solitum
1 4 0.45926116071907946 0.29988679197148527 Penicillium-commune
1 4 -0.19561198147620168 0.6742355380482408 Penicillium-polonicum
1 4 -0.44017053576869886 0.32297846108154066 Penicillium-mb
1 4 -0.5110483591263968 0.24112268791910832 Penicillium-chrysogenum
1 4 -0.35674998115055717 0.4321550017078281 Penicillium-brevicompactum
1 4 -0.4195704483415744 0.34871803774818655 Penicillium-cvjetkovicii
1 4 0.3083975067173497 0.5009860542401312 Penicillium-verrucosum
1 4 0.47905898333478125 0.2767397366826493 Penicillium-solitum
1 4 0.45866968586095086 0.30059098246397786 Penicillium-commune
1 4 -0.20066953441001514 0.6661502242902542 Penicillium-polonicum
1 4 -0.44586063612041876 0.3160179965476212 Penicillium-mb
1 4 -0.5115877150220213 0.24054152548435845 Penicillium-chrysogenum
1 4 -0.35667699932023733 0.4322560205733358 Penicillium-brevicompactum
1 4 -0.41593403353521124 0.35334806811122094 Penicillium-cvjetkovicii
1 2 0.3062576775875432 0.5041164278814663 Penicillium-verrucosum
1 2 0.4782238356536262 0.2776993829930088 Penicillium-solitum
1 2 0.45529552963452213 0.3046220087317912 Penicillium-commune
1 2 -0.19158106416547344 0.6806975352974849 Penicillium-polonicum
1 2 -0.4343450400455806 0.3301720604925481 Penicillium-mb
1 2 -0.5122827070129008 0.23979362361357945 Penicillium-chrysogenum
1 2 -0.3566589492024585 0.43228100630159166 Penicillium-brevicompactum
1 2 -0.4164591848519512 0.3526778463192044 Penicillium-cvjetkovicii
3 2 0.3023934567590442 0.5097866238001506 Penicillium-verrucosum
3 2 0.4864804236635283 0.26827777936785513 Penicillium-solitum
3 2 0.4645266218271918 0.29365002481164176 Penicillium-commune
3 2 -0.20035147488097788 0.6666579455522699 Penicillium-polonicum
3 2 -0.44213780200875513 0.32056458215433775 Penicillium-mb
3 2 -0.5151159406848865 0.23675590455756038 Penicillium-chrysogenum
3 2 -0.35667699932023716 0.4322560205733362 Penicillium-brevicompactum
3 2 -0.3998235548518585 0.3741645625436147 Penicillium-cvjetkovicii
1 4 0.3096321989476406 0.4991829226650327 Penicillium-verrucosum
1 4 0.48430480178921687 0.2707461362610219 Penicillium-solitum
1 4 0.4631459029681275 0.29527984211920427 Penicillium-commune
1 4 -0.20271180826333499 0.6628925440957003 Penicillium-polonicum
1 4 -0.4485866250628335 0.31270668351534764 Penicillium-mb
1 4 -0.5110171381070955 0.24115634887216017 Penicillium-chrysogenum
1 4 -0.3566814187179013 0.4322499031424391 Penicillium-brevicompactum
1 4 -0.4166455953954971 0.352440068639023 Penicillium-cvjetkovicii
3 2 0.3014330166513465 0.5111993443485527 Penicillium-verrucosum
3 2 0.48098163153887713 0.27453615281046156 Penicillium-solitum
3 2 0.4600582803712324 0.29893891758077246 Penicillium-commune
3 2 -0.20514242917709558 0.6590209010864165 Penicillium-polonicum
3 2 -0.4463905613970286 0.3153731009127956 Penicillium-mb
3 2 -0.513114193816072 0.2389002576239765 Penicillium-chrysogenum
3 2 -0.35714111121888253 0.4316137674141127 Penicillium-brevicompactum
3 2 -0.43725846645195715 0.32656592708422033 Penicillium-cvjetkovicii
1 4 0.310840722685915 0.4974202209215173 Penicillium-verrucosum
1 4 0.4841716279702837 0.27089756101008755 Penicillium-solitum
1 4 0.4632371083692987 0.29517205912633343 Penicillium-commune
1 4 -0.19987726858487265 0.667415113034964 Penicillium-polonicum
1 4 -0.44638162870764236 0.3153839668684772 Penicillium-mb
1 4 -0.514046511319434 0.23790040143949964 Penicillium-chrysogenum
1 4 -0.35667699932023733 0.4322560205733358 Penicillium-brevicompactum
1 4 -0.4075079017285159 0.3641741613134019 Penicillium-cvjetkovicii
1 2 0.30355039661635674 0.5080866682750151 Penicillium-verrucosum
1 2 0.47649989011643007 0.2796850399464332 Penicillium-solitum
1 2 0.4563366655827823 0.3033756744114012 Penicillium-commune
1 2 -0.2097497046006365 0.6516987829681612 Penicillium-polonicum
1 2 -0.4522822980611 0.30824171808366035 Penicillium-mb
1 2 -0.5115027138397373 0.24063307205677523 Penicillium-chrysogenum
1 2 -0.35658329119163085 0.4323857413011055 Penicillium-brevicompactum
1 2 -0.41645918485195155 0.3526778463192039 Penicillium-cvjetkovicii
1 4 0.3102519030149643 0.4982787744036966 Penicillium-verrucosum
1 4 0.4833855868342791 0.2717921051076933 Penicillium-solitum
1 4 0.46204190291511027 0.2965858849219727 Penicillium-commune
1 4 -0.20351620108052057 0.6616105929669516 Penicillium-polonicum
1 4 -0.4490115772904511 0.31219185086274603 Penicillium-mb
1 4 -0.5129865808234593 0.2390372668684492 Penicillium-chrysogenum
1 4 -0.35667699932023744 0.43225602057333573 Penicillium-brevicompactum
1 4 -0.4092769474207941 0.3618900153517044 Penicillium-cvjetkovicii
1 2 0.31301189724746803 0.49425896296965965 Penicillium-verrucosum
1 2 0.48955743054680495 0.26480425458823653 Penicillium-solitum
1 2 0.4691018891368286 0.2882779165394514 Penicillium-commune
1 2 -0.20203970069153393 0.6639641755550234 Penicillium-polonicum
1 2 -0.4509117462959124 0.30989430006315083 Penicillium-mb
1 2 -0.5093444023837279 0.24296299545724043 Penicillium-chrysogenum
1 2 -0.35663081923542866 0.43231994608114926 Penicillium-brevicompactum
1 2 -0.4164591848519535 0.35267784631920124 Penicillium-cvjetkovicii
1 2 0.30424675035859183 0.5070644273966238 Penicillium-verrucosum
1 2 0.4753804250867136 0.2809778471735554 Penicillium-solitum
1 2 0.4541648146075917 0.3059781121936617 Penicillium-commune
1 2 -0.20060696975989536 0.6662500888017444 Penicillium-polonicum
1 2 -0.44294175678056696 0.3195803603998781 Penicillium-mb
1 2 -0.5117961636447383 0.2403170940581988 Penicillium-chrysogenum
1 2 -0.3565169861693013 0.4324775367443543 Penicillium-brevicompactum
1 2 -0.4164591848519529 0.3526778463192024 Penicillium-cvjetkovicii
1 2 0.304728065054618 0.5063582801049206 Penicillium-verrucosum
1 2 0.47957007880872093 0.2761531869395983 Penicillium-solitum
1 2 0.4581354892157456 0.30122760353311334 Penicillium-commune
1 2 -0.20377491300030037 0.6611984263372833 Penicillium-polonicum
1 2 -0.44671835332955667 0.31497447857360666 Penicillium-mb
1 2 -0.5114650920644691 0.24067359600460994 Penicillium-chrysogenum
1 2 -0.356557692828234 0.43242117986100775 Penicillium-brevicompactum
1 2 -0.4164591848519512 0.3526778463192044 Penicillium-cvjetkovicii
1 4 0.3051784134791466 0.5056978741932295 Penicillium-verrucosum
1 4 0.4817185558935664 0.2736936531047745 Penicillium-solitum
1 4 0.4603340786707932 0.29861126682181705 Penicillium-commune
1 4 -0.20258657581849493 0.6630921844432567 Penicillium-polonicum
1 4 -0.4462807400642393 0.31550670170749406 Penicillium-mb
1 4 -0.5117679726774425 0.24034744087951118 Penicillium-chrysogenum
1 4 -0.35668044295882917 0.43225125380751833 Penicillium-brevicompactum
1 4 -0.4166044154405336 0.3524925903411648 Penicillium-cvjetkovicii
1 4 0.31084873048924927 0.4974085483980325 Penicillium-verrucosum
1 4 0.4835182647270438 0.2716410192706974 Penicillium-solitum
1 4 0.4624754090609058 0.29607273939399115 Penicillium-commune
1 4 -0.19896083217622282 0.6688790266012681 Penicillium-polonicum
1 4 -0.4454560355543314 0.31651076184116494 Penicillium-mb
1 4 -0.5112594400459238 0.24089516816614112 Penicillium-chrysogenum
1 4 -0.3566769993202374 0.4322560205733358 Penicillium-brevicompactum
1 4 -0.4141500030246989 0.3556288931829638 Penicillium-cvjetkovicii
1 4 0.30842735451991166 0.5009424379243267 Penicillium-verrucosum
1 4 0.4823798487922866 0.2729386141043731 Penicillium-solitum
1 4 0.4614828676810519 0.2972481994193479 Penicillium-commune
1 4 -0.20132283567858847 0.6651076715003663 Penicillium-polonicum
1 4 -0.4466464758238816 0.3150618689008772 Penicillium-mb
1 4 -0.5131565165570888 0.23885482668976513 Penicillium-chrysogenum
1 4 -0.35667699932023733 0.4322560205733358 Penicillium-brevicompactum
1 4 -0.41146680768849947 0.3590707707814156 Penicillium-cvjetkovicii
3 0 0.29961015778999284 0.5138843149965538 Penicillium-verrucosum
3 0 0.477255725504904 0.278813679961349 Penicillium-solitum
3 0 0.4564495692518051 0.30324065312018905 Penicillium-commune
3 0 -0.21357972066448333 0.6456287814940607 Penicillium-polonicum
3 0 -0.4536587165348051 0.30658594597337374 Penicillium-mb
3 0 -0.5107947381549767 0.24139619254684852 Penicillium-chrysogenum
3 0 -0.3564978082421132 0.4325040888586292 Penicillium-brevicompactum
3 0 -0.41645918485195366 0.3526778463192011 Penicillium-cvjetkovicii
1 4 0.31807833986655554 0.486909993112525 Penicillium-verrucosum
1 4 0.4906478404763236 0.2635782643282814 Penicillium-solitum
1 4 0.4702691064395533 0.286914472327013 Penicillium-commune
1 4 -0.20035668863139874 0.666649621980268 Penicillium-polonicum
1 4 -0.4512160196726005 0.3095270809203136 Penicillium-mb
1 4 -0.5101421449083756 0.24210060972108913 Penicillium-chrysogenum
1 4 -0.35672961830633754 0.4321831863265539 Penicillium-brevicompactum
1 4 -0.418695390905782 0.34982985941537187 Penicillium-cvjetkovicii
1 4 0.31407042807845736 0.49272031386662773 Penicillium-verrucosum
1 4 0.485328522444528 0.2695833972834681 Penicillium-solitum
1 4 0.46440913357579716 0.29378855402196935 Penicillium-commune
1 4 -0.19634839193114725 0.6730566980162316 Penicillium-polonicum
1 4 -0.4445849740779755 0.317572760686501 Penicillium-mb
1 4 -0.5112398324209623 0.2409162986188255 Penicillium-chrysogenum
1 4 -0.35695035631659994 0.431877695987824 Penicillium-brevicompactum
1 4 -0.4284476487804278 0.3375233129051017 Penicillium-cvjetkovicii
