#SPECIES: Penicillium-brevicompactum Penicillium-cvjetkovicii Penicillium-solitum Penicillium-commune Penicillium-polonicum Penicillium-mb Penicillium-verrucosum Penicillium-chrysogenum 
#GENE_TREEs p: 0.1535235230071063 0.015160951917139903 4.3420815359911954e-05 1.368213965258637e-05 3.166121662321479e-05 5.2312593556149865e-05 0.33505088282773865 0.009260540302831502 
#GENE_TREEs r: -0.600983561883598 -0.851016503966872 0.9861006578179089 0.991252269800031 0.9877546421227453 0.9850218404328589 0.4304249459551823 0.8784296240461291 
3 2 -0.600983561883598 0.1535235230071063 Penicillium-brevicompactum
3 2 -0.8467193608390551 0.016238478787946188 Penicillium-cvjetkovicii
3 2 0.9845586449836567 5.6437180837188e-05 Penicillium-solitum
3 2 0.9908351567171108 1.5368477106861003e-05 Penicillium-commune
3 2 0.9884009745297884 2.7656908795872948e-05 Penicillium-polonicum
3 2 0.9855352429160645 4.795766518418267e-05 Penicillium-mb
3 2 0.4401568809932578 0.32299524304550187 Penicillium-verrucosum
3 2 0.8773552985197 0.009460805364677098 Penicillium-chrysogenum
1 2 -0.6009835618835981 0.1535235230071061 Penicillium-brevicompactum
1 2 -0.8534644639517533 0.014565928053250295 Penicillium-cvjetkovicii
1 2 0.9860908687914831 4.349707756674076e-05 Penicillium-solitum
1 2 0.991359056997091 1.3269157194783e-05 Penicillium-commune
1 2 0.9873730287422873 3.417887076103957e-05 Penicillium-polonicum
1 2 0.9844944775389638 5.702335875833604e-05 Penicillium-mb
1 2 0.43013972859688376 0.33540704434544666 Penicillium-verrucosum
1 2 0.8784415120892903 0.009258338068795575 Penicillium-chrysogenum
1 4 -0.6006474993796019 0.15381495773249437 Penicillium-brevicompactum
1 4 -0.8557602334549029 0.014020233080817176 Penicillium-cvjetkovicii
1 4 0.985870813784144 4.5232594372729606e-05 Penicillium-solitum
1 4 0.9913504393735599 1.330220372057258e-05 Penicillium-commune
1 4 0.9862980063100493 4.1900373793391485e-05 Penicillium-polonicum
1 4 0.9832426622546748 6.919209562777233e-05 Penicillium-mb
1 4 0.4280442313022775 0.33802869743068964 Penicillium-verrucosum
1 4 0.879083305395025 0.009139895446336865 Penicillium-chrysogenum
1 4 -0.600655405771313 0.15380809810542426 Penicillium-brevicompactum
1 4 -0.8557602334549019 0.014020233080817415 Penicillium-cvjetkovicii
1 4 0.9858198433457008 4.5640383095746745e-05 Penicillium-solitum
1 4 0.9914209426786954 1.3033283810062015e-05 Penicillium-commune
1 4 0.9860195438310151 4.405515678369798e-05 Penicillium-polonicum
1 4 0.9827890778366527 7.395169508303872e-05 Penicillium-mb
1 4 0.4289905560465996 0.33684368793793334 Penicillium-verrucosum
1 4 0.8793536648887396 0.009090263975715478 Penicillium-chrysogenum
1 2 -0.6009835618835982 0.15352352300710603 Penicillium-brevicompactum
1 2 -0.8235866810670132 0.022774751085925096 Penicillium-cvjetkovicii
1 2 0.987270181307002 3.487717041586373e-05 Penicillium-solitum
1 2 0.9923504806272819 9.789424589425915e-06 Penicillium-commune
1 2 0.9874254370645865 3.3826278730608775e-05 Penicillium-polonicum
1 2 0.9844267979436186 5.764554495838967e-05 Penicillium-mb
1 2 0.42221954314953136 0.34536124176188054 Penicillium-verrucosum
1 2 0.8738256859773605 0.010136219126293557 Penicillium-chrysogenum
1 4 -0.6010372086307955 0.15347702590781664 Penicillium-brevicompactum
1 4 -0.8570485064398401 0.013719225068934882 Penicillium-cvjetkovicii
1 4 0.9859754539569211 4.4402264534985476e-05 Penicillium-solitum
1 4 0.991234774546885 1.375052292524241e-05 Penicillium-commune
1 4 0.9864895964298017 4.04551743632257e-05 Penicillium-polonicum
1 4 0.9835486129132686 6.608787942971912e-05 Penicillium-mb
1 4 0.426705696248684 0.33970785372838436 Penicillium-verrucosum
1 4 0.8788248864002316 0.009187480737313106 Penicillium-chrysogenum
1 4 -0.6010889584013512 0.15343217964172998 Penicillium-brevicompactum
1 4 -0.8582882082965678 0.013433089968132885 Penicillium-cvjetkovicii
1 4 0.9860463136941062 4.384519863111996e-05 Penicillium-solitum
1 4 0.99139101125688 1.3147049378803714e-05 Penicillium-commune
1 4 0.9866846253735384 3.9015064589435124e-05 Penicillium-polonicum
1 4 0.9836576172130742 6.500241086456774e-05 Penicillium-mb
1 4 0.427841791992156 0.3382824257588589 Penicillium-verrucosum
1 4 0.8785841865421217 0.009231931507090122 Penicillium-chrysogenum
1 4 -0.600836935832593 0.15365064372372744 Penicillium-brevicompactum
1 4 -0.8557602334549026 0.014020233080817261 Penicillium-cvjetkovicii
1 4 0.9857401529116316 4.628233373225163e-05 Penicillium-solitum
1 4 0.9913329125706788 1.3369566661352624e-05 Penicillium-commune
1 4 0.9867566097116218 3.849139268945613e-05 Penicillium-polonicum
1 4 0.9837664018604306 6.39298147176347e-05 Penicillium-mb
1 4 0.42854317323137997 0.33740369084918365 Penicillium-verrucosum
1 4 0.8785485168093685 0.009238529275766464 Penicillium-chrysogenum
1 4 -0.6010581293279684 0.15345889527708464 Penicillium-brevicompactum
1 4 -0.8575500929044864 0.013603038278639665 Penicillium-cvjetkovicii
1 4 0.9857864964656814 4.590835885524778e-05 Penicillium-solitum
1 4 0.9910520313777571 1.4477046595490913e-05 Penicillium-commune
1 4 0.9862507527871761 4.2261484230127276e-05 Penicillium-polonicum
1 4 0.9833136092831994 6.846467473019285e-05 Penicillium-mb
1 4 0.4244520596193622 0.3425429314244193 Penicillium-verrucosum
1 4 0.8789140667225099 0.00917104295575616 Penicillium-chrysogenum
1 4 -0.6012551780964569 0.15328817824874666 Penicillium-brevicompactum
1 4 -0.8622369484582899 0.012544617674315825 Penicillium-cvjetkovicii
1 4 0.9860475188240222 4.383576079831809e-05 Penicillium-solitum
1 4 0.9913121449848781 1.3449649070219819e-05 Penicillium-commune
1 4 0.9868958616488175 3.7490341650871936e-05 Penicillium-polonicum
1 4 0.9839321179596898 6.231632365781114e-05 Penicillium-mb
1 4 0.4288505958853467 0.337018837958486 Penicillium-verrucosum
1 4 0.8787327811572108 0.009204475471956105 Penicillium-chrysogenum
3 2 -0.6009835618835981 0.1535235230071061 Penicillium-brevicompactum
3 2 -0.8409113837082585 0.017762239227865014 Penicillium-cvjetkovicii
3 2 0.9857161927317357 4.647639462708256e-05 Penicillium-solitum
3 2 0.9912963173345142 1.351087476913296e-05 Penicillium-commune
3 2 0.9884100195857303 2.7603156656300846e-05 Penicillium-polonicum
3 2 0.9856279941652747 4.719492690545891e-05 Penicillium-mb
3 2 0.4335845938082023 0.331116100119037 Penicillium-verrucosum
3 2 0.876600878660735 0.009602915413609366 Penicillium-chrysogenum
1 4 -0.601262049048114 0.15328222718039483 Penicillium-brevicompactum
1 4 -0.8623986943215313 0.012508966048402934 Penicillium-cvjetkovicii
1 4 0.9861529864656711 4.301450027314328e-05 Penicillium-solitum
1 4 0.9915503627908193 1.254816680975546e-05 Penicillium-commune
1 4 0.9850811107143026 5.1798264338163894e-05 Penicillium-polonicum
1 4 0.9819576303441516 8.317199332524021e-05 Penicillium-mb
1 4 0.42562637420351895 0.3410643991877495 Penicillium-verrucosum
1 4 0.8790463209797006 0.00914669701792452 Penicillium-chrysogenum
3 2 -0.601868230685958 0.15275765588423063 Penicillium-brevicompactum
3 2 -0.8756346655977656 0.009786707123754224 Penicillium-cvjetkovicii
3 2 0.9881705102226884 2.904765521588609e-05 Penicillium-solitum
3 2 0.9930765864389275 7.632061026992024e-06 Penicillium-commune
3 2 0.9897042004549574 2.0544918407852608e-05 Penicillium-polonicum
3 2 0.9868817573413298 3.759101723890872e-05 Penicillium-mb
3 2 0.4446982328042835 0.31743458847201034 Penicillium-verrucosum
3 2 0.8774507263800563 0.00944291661402766 Penicillium-chrysogenum
1 2 -0.6009835618835979 0.15352352300710634 Penicillium-brevicompactum
1 2 -0.8426447265254059 0.017299336073099997 Penicillium-cvjetkovicii
1 2 0.9867272769067046 3.870427251776303e-05 Penicillium-solitum
1 2 0.9920686531616175 1.0714536881335827e-05 Penicillium-commune
1 2 0.9865021835489479 4.036128731897295e-05 Penicillium-polonicum
1 2 0.9834797559833951 6.677909793362962e-05 Penicillium-mb
1 2 0.4260940230346378 0.34047635413758087 Penicillium-verrucosum
1 2 0.8768490889555551 0.009556025197434138 Penicillium-chrysogenum
1 4 -0.6012448568727855 0.15329711788363554 Penicillium-brevicompactum
1 4 -0.8619937167223779 0.012598339770024421 Penicillium-cvjetkovicii
1 4 0.9851442217107339 5.125394062495173e-05 Penicillium-solitum
1 4 0.9898967974221389 1.9599583523923107e-05 Penicillium-commune
1 4 0.9856872864978644 4.6711161193069554e-05 Penicillium-polonicum
1 4 0.9829950676730496 7.176674650436177e-05 Penicillium-mb
1 4 0.4168567804319734 0.35217077061392654 Penicillium-verrucosum
1 4 0.8798073220723043 0.009007333639642878 Penicillium-chrysogenum
3 4 -0.6013009871993862 0.15324850425277498 Penicillium-brevicompactum
3 4 -0.8633124895748998 0.012308641563878939 Penicillium-cvjetkovicii
3 4 0.9860320522832361 4.395697740249074e-05 Penicillium-solitum
3 4 0.9912603871523408 1.3650480829437692e-05 Penicillium-commune
3 4 0.9877808046626873 3.149281812628896e-05 Penicillium-polonicum
3 4 0.9849959273353915 5.2538413792074774e-05 Penicillium-mb
3 4 0.43071605559055487 0.33468752939106067 Penicillium-verrucosum
3 4 0.8781887176857291 0.009305232792459166 Penicillium-chrysogenum
1 4 -0.6004885223193025 0.15395291950966755 Penicillium-brevicompactum
1 4 -0.8557602334549015 0.014020233080817512 Penicillium-cvjetkovicii
1 4 0.9857195404221507 4.6449251486953355e-05 Penicillium-solitum
1 4 0.9914327703309089 1.2988491433534176e-05 Penicillium-commune
1 4 0.986431339494926 4.0891410961988004e-05 Penicillium-polonicum
1 4 0.9833334391672726 6.826217902862151e-05 Penicillium-mb
1 4 0.43158413649133265 0.33360501587565905 Penicillium-verrucosum
1 4 0.8794509912774982 0.009072435365222474 Penicillium-chrysogenum
1 2 -0.6009835618835981 0.1535235230071061 Penicillium-brevicompactum
1 2 -0.8520701730378565 0.014903169195740437 Penicillium-cvjetkovicii
1 2 0.9861547004102827 4.300123064285343e-05 Penicillium-solitum
1 2 0.9914361422293984 1.2975738656139669e-05 Penicillium-commune
1 2 0.9868688457662737 3.768332070499525e-05 Penicillium-polonicum
1 2 0.9839149434442918 6.248239961629993e-05 Penicillium-mb
1 2 0.42720391453943085 0.33908244037479696 Penicillium-verrucosum
1 2 0.8781576930543734 0.009310997445492273 Penicillium-chrysogenum
1 2 -0.6009835618835982 0.15352352300710603 Penicillium-brevicompactum
1 2 -0.851105480168196 0.015139086060488732 Penicillium-cvjetkovicii
1 2 0.9860594057473866 4.374273480021194e-05 Penicillium-solitum
1 2 0.9911919155627192 1.391890780534312e-05 Penicillium-commune
1 2 0.9870375890896074 3.648764271661328e-05 Penicillium-polonicum
1 2 0.9841780561751634 5.996700588924912e-05 Penicillium-mb
1 2 0.4269597232895747 0.3393889126316206 Penicillium-verrucosum
1 2 0.8783986375149972 0.00926628191022365 Penicillium-chrysogenum
1 2 -0.6009835618835981 0.1535235230071061 Penicillium-brevicompactum
1 2 -0.8524474839233954 0.014811472633347849 Penicillium-cvjetkovicii
1 2 0.9857778474272 4.59780157302595e-05 Penicillium-solitum
1 2 0.9907993090881003 1.551890103793418e-05 Penicillium-commune
1 2 0.985265347073208 5.021885868432738e-05 Penicillium-polonicum
1 2 0.982354805470315 7.868686943343662e-05 Penicillium-mb
1 2 0.4192913487609727 0.3490724920855222 Penicillium-verrucosum
1 2 0.8791565761513045 0.009126429301522757 Penicillium-chrysogenum
1 2 -0.600983561883598 0.1535235230071063 Penicillium-brevicompactum
1 2 -0.8486154130702799 0.015757832872095735 Penicillium-cvjetkovicii
1 2 0.986315988240618 4.176344247337745e-05 Penicillium-solitum
1 2 0.9915377975921565 1.259478381953247e-05 Penicillium-commune
1 2 0.9865091222921658 4.030958712212556e-05 Penicillium-polonicum
1 2 0.9835363098088429 6.621106877595237e-05 Penicillium-mb
1 2 0.4252327933761976 0.3415596398836097 Penicillium-verrucosum
1 2 0.8778478078307824 0.009368689920742322 Penicillium-chrysogenum
1 4 -0.600701502838658 0.15376810709142513 Penicillium-brevicompactum
1 4 -0.8557602334549026 0.014020233080817261 Penicillium-cvjetkovicii
1 4 0.9857921314536625 4.586301022516011e-05 Penicillium-solitum
1 4 0.9911282554463425 1.4171283967509643e-05 Penicillium-commune
1 4 0.9863082235910056 4.1822536952665904e-05 Penicillium-polonicum
1 4 0.9833167415927092 6.843266488352446e-05 Penicillium-mb
1 4 0.4274190159615053 0.33881257448227775 Penicillium-verrucosum
1 4 0.8793747936952352 0.009086391805762067 Penicillium-chrysogenum
1 2 -0.6009835618835981 0.1535235230071061 Penicillium-brevicompactum
1 2 -0.843757240842177 0.017005889633740803 Penicillium-cvjetkovicii
1 2 0.9865576052127324 3.994944801239736e-05 Penicillium-solitum
1 2 0.9918656899968967 1.1411966740867766e-05 Penicillium-commune
1 2 0.9878183148901013 3.125231495174916e-05 Penicillium-polonicum
1 2 0.9849615223632684 5.283913504350308e-05 Penicillium-mb
1 2 0.43083253636056934 0.3345421889292003 Penicillium-verrucosum
1 2 0.8770239125895325 0.009523078091269788 Penicillium-chrysogenum
1 4 -0.6015955431294027 0.15299352018317497 Penicillium-brevicompactum
1 4 -0.8700053863772821 0.010897644783372202 Penicillium-cvjetkovicii
1 4 0.9860035190623476 4.418112719464442e-05 Penicillium-solitum
1 4 0.99108306363465 1.4352093379034927e-05 Penicillium-commune
1 4 0.9860315145052844 4.3961195752203877e-05 Penicillium-polonicum
1 4 0.9830637651762884 7.104675243411009e-05 Penicillium-mb
1 4 0.4224161223690063 0.3451126911227099 Penicillium-verrucosum
1 4 0.8786078993753198 0.009227546890020075 Penicillium-chrysogenum
1 2 -0.6009835618835981 0.1535235230071061 Penicillium-brevicompactum
1 2 -0.8457338005260847 0.01649157273047776 Penicillium-cvjetkovicii
1 2 0.9844276435291748 5.763774650705389e-05 Penicillium-solitum
1 2 0.9885099132924111 2.7013670173848027e-05 Penicillium-commune
1 2 0.9844840863388091 5.711862423907677e-05 Penicillium-polonicum
1 2 0.9820005423220787 8.268024683236358e-05 Penicillium-mb
1 2 0.40451189090443285 0.3680560506035606 Penicillium-verrucosum
1 2 0.8801805769155054 0.008939429886308884 Penicillium-chrysogenum
1 4 -0.6010153385353293 0.15349598046609855 Penicillium-brevicompactum
1 4 -0.8565236397396374 0.013841410284460563 Penicillium-cvjetkovicii
1 4 0.9859199425735501 4.48416078455905e-05 Penicillium-solitum
1 4 0.991217046214265 1.3820025469312936e-05 Penicillium-commune
1 4 0.9861264546880663 4.322022567774988e-05 Penicillium-polonicum
1 4 0.9831465602851802 7.018475994140226e-05 Penicillium-mb
1 4 0.4254433285519058 0.34129468679019265 Penicillium-verrucosum
1 4 0.8789455426831324 0.009165245338421285 Penicillium-chrysogenum
1 4 -0.6010011993442677 0.1535082353619184 Penicillium-brevicompactum
1 4 -0.8561840628357096 0.013920791759711627 Penicillium-cvjetkovicii
1 4 0.986365703327294 4.138625817886417e-05 Penicillium-solitum
1 4 0.9920244585980557 1.0864160512732317e-05 Penicillium-commune
1 4 0.9854736040544129 4.8468597329205254e-05 Penicillium-polonicum
1 4 0.9822097939736881 8.03072291251614e-05 Penicillium-mb
1 4 0.4283840310388866 0.33760298924326165 Penicillium-verrucosum
1 4 0.8784764374982895 0.009251869960666735 Penicillium-chrysogenum
1 4 -0.6009012805943734 0.15359485212552268 Penicillium-brevicompactum
1 4 -0.8557602334549015 0.014020233080817512 Penicillium-cvjetkovicii
1 4 0.9861001880226716 4.3424473511096445e-05 Penicillium-solitum
1 4 0.9915646463840133 1.2495300147499114e-05 Penicillium-commune
1 4 0.9867589155780258 3.847468784534496e-05 Penicillium-polonicum
1 4 0.9837589600700126 6.400284993944936e-05 Penicillium-mb
1 4 0.42928713875385216 0.33647266389988645 Penicillium-verrucosum
1 4 0.8784628311858038 0.009254389509450659 Penicillium-chrysogenum
1 2 -0.6009835618835979 0.15352352300710634 Penicillium-brevicompactum
1 2 -0.8530473019305257 0.014666365995612177 Penicillium-cvjetkovicii
1 2 0.986103007778449 4.3402519703662086e-05 Penicillium-solitum
1 2 0.9916754752528157 1.2089628077630661e-05 Penicillium-commune
1 2 0.9859995195779324 4.421260058897581e-05 Penicillium-polonicum
1 2 0.982977671366228 7.194975911456481e-05 Penicillium-mb
1 2 0.42740363263357795 0.33883187135764775 Penicillium-verrucosum
1 2 0.8785098544274186 0.009245683660615458 Penicillium-chrysogenum
1 4 -0.6008970009115847 0.1535985626080165 Penicillium-brevicompactum
1 4 -0.8557602334549023 0.01402023308081733 Penicillium-cvjetkovicii
1 4 0.9858100572814182 4.571892680039268e-05 Penicillium-solitum
1 4 0.9910079290731347 1.4655743594485732e-05 Penicillium-commune
1 4 0.9863064526432551 4.183602211256026e-05 Penicillium-polonicum
1 4 0.9832620506153658 6.899285059849212e-05 Penicillium-mb
1 4 0.42522836772571454 0.3415652103831953 Penicillium-verrucosum
1 4 0.8791220449444891 0.009132774229260803 Penicillium-chrysogenum
3 4 -0.6009479798697615 0.15355436679273188 Penicillium-brevicompactum
3 4 -0.8557602334549026 0.014020233080817261 Penicillium-cvjetkovicii
3 4 0.9857763765407791 4.5989868106549085e-05 Penicillium-solitum
3 4 0.9912343316833556 1.3752256583511827e-05 Penicillium-commune
3 4 0.9876782432173142 3.2156044750851416e-05 Penicillium-polonicum
3 4 0.9848199271171625 5.408757890628542e-05 Penicillium-mb
3 4 0.43335676987509414 0.33139915132184333 Penicillium-verrucosum
3 4 0.8788741297847315 0.009178402061321157 Penicillium-chrysogenum
1 4 -0.6007259041112651 0.15374694013408036 Penicillium-brevicompactum
1 4 -0.8557602334549026 0.014020233080817261 Penicillium-cvjetkovicii
1 4 0.9854316237643159 4.8818430620575994e-05 Penicillium-solitum
1 4 0.9905764846301853 1.6473664294419172e-05 Penicillium-commune
1 4 0.9863250369382635 4.169463847685255e-05 Penicillium-polonicum
1 4 0.9834449857542739 6.712977089893243e-05 Penicillium-mb
1 4 0.4247600033990643 0.3421549504654582 Penicillium-verrucosum
1 4 0.8798002609600606 0.009008621079365516 Penicillium-chrysogenum
1 4 -0.6009425355972389 0.15355908635965862 Penicillium-brevicompactum
1 4 -0.8557602334549023 0.01402023308081733 Penicillium-cvjetkovicii
1 4 0.9853649348257704 4.937726156743872e-05 Penicillium-solitum
1 4 0.9904270557563989 1.7133133473503463e-05 Penicillium-commune
1 4 0.9860889061801373 4.3512377075096746e-05 Penicillium-polonicum
1 4 0.983279634882763 6.881244197843266e-05 Penicillium-mb
1 4 0.4216545708768046 0.3460760000931658 Penicillium-verrucosum
1 4 0.8795823311991392 0.0090484080426531 Penicillium-chrysogenum
3 2 -0.6009835618835979 0.15352352300710634 Penicillium-brevicompactum
3 2 -0.8252452897560603 0.022264238351738384 Penicillium-cvjetkovicii
3 2 0.9867449516313259 3.857591598666595e-05 Penicillium-solitum
3 2 0.9919154262922 1.1238623288402925e-05 Penicillium-commune
3 2 0.9888438228077773 2.5098156593820494e-05 Penicillium-polonicum
3 2 0.98616727124974 4.2903979985133454e-05 Penicillium-mb
3 2 0.42918464119529887 0.33660086838844 Penicillium-verrucosum
3 2 0.8741585869387448 0.010071368812762759 Penicillium-chrysogenum
1 4 -0.600913767688559 0.15358402607819277 Penicillium-brevicompactum
1 4 -0.8557602334549018 0.014020233080817436 Penicillium-cvjetkovicii
1 4 0.986045760789525 4.38495290444412e-05 Penicillium-solitum
1 4 0.9914866944846207 1.278544412722064e-05 Penicillium-commune
1 4 0.987458309505096 3.360623457522587e-05 Penicillium-polonicum
1 4 0.9845759114681538 5.628006667856033e-05 Penicillium-mb
1 4 0.43263646725665406 0.33229474298842165 Penicillium-verrucosum
1 4 0.8786253253274775 0.00922432551348227 Penicillium-chrysogenum
1 4 -0.6015837477650601 0.1530037268284062 Penicillium-brevicompactum
1 4 -0.8697471193350549 0.010950267348751624 Penicillium-cvjetkovicii
1 4 0.9863068505728576 4.183299178876965e-05 Penicillium-solitum
1 4 0.9917838139356348 1.1700792031814823e-05 Penicillium-commune
1 4 0.9875165198302138 3.321868584160645e-05 Penicillium-polonicum
1 4 0.9846091436331442 5.597841087977225e-05 Penicillium-mb
1 4 0.43201431189564204 0.33306913243270647 Penicillium-verrucosum
1 4 0.8778054195994134 0.009376597477254438 Penicillium-chrysogenum
1 2 -0.600983561883598 0.1535235230071063 Penicillium-brevicompactum
1 2 -0.8420607077925217 0.017454526393017256 Penicillium-cvjetkovicii
1 2 0.9866269095744139 3.9437994253368874e-05 Penicillium-solitum
1 2 0.9917479559341837 1.1828647120659475e-05 Penicillium-commune
1 2 0.9871737002181172 3.553993409696447e-05 Penicillium-polonicum
1 2 0.9841970021997122 5.9788258112662385e-05 Penicillium-mb
1 2 0.42454817224813457 0.3424218183845969 Penicillium-verrucosum
1 2 0.87645643835672 0.009630263019494883 Penicillium-chrysogenum
1 4 -0.6005223211108565 0.15392358342928428 Penicillium-brevicompactum
1 4 -0.8557602334549023 0.01402023308081733 Penicillium-cvjetkovicii
1 4 0.9858006879884667 4.579420109513901e-05 Penicillium-solitum
1 4 0.9912491462479825 1.3694333643962216e-05 Penicillium-commune
1 4 0.9862181471152827 4.251173660185613e-05 Penicillium-polonicum
1 4 0.9831790343802658 6.984838129351513e-05 Penicillium-mb
1 4 0.42882131040665855 0.33705549150732533 Penicillium-verrucosum
1 4 0.8795211836151376 0.009059589805974894 Penicillium-chrysogenum
1 4 -0.6005968539777451 0.15385890157604012 Penicillium-brevicompactum
1 4 -0.855760233454902 0.01402023308081739 Penicillium-cvjetkovicii
1 4 0.9863982020780933 4.114079746352251e-05 Penicillium-solitum
1 4 0.9922253307914188 1.0194065020417825e-05 Penicillium-commune
1 4 0.9849219909043478 5.318593170382453e-05 Penicillium-polonicum
1 4 0.9815207911556472 8.827735900917563e-05 Penicillium-mb
1 4 0.43038164526370515 0.3351049436493491 Penicillium-verrucosum
1 4 0.8787708363602604 0.009197451546075642 Penicillium-chrysogenum
1 4 -0.601730026177103 0.15287717474788853 Penicillium-brevicompactum
1 4 -0.8728715080610608 0.01032342591097727 Penicillium-cvjetkovicii
1 4 0.9859835945548034 4.43380532386713e-05 Penicillium-solitum
1 4 0.9910876025277774 1.4333871577707276e-05 Penicillium-commune
1 4 0.9855689312603755 4.767978460697026e-05 Penicillium-polonicum
1 4 0.9825776893775529 7.623469896346555e-05 Penicillium-mb
1 4 0.42141531575347935 0.34637887416953855 Penicillium-verrucosum
1 4 0.8788042036737622 0.009191295418617216 Penicillium-chrysogenum
1 4 -0.6009965624465865 0.15351225441813734 Penicillium-brevicompactum
1 4 -0.8560726618782163 0.013946890081062265 Penicillium-cvjetkovicii
1 4 0.9858732346172002 4.521328089439709e-05 Penicillium-solitum
1 4 0.991315366625481 1.3437207260945377e-05 Penicillium-commune
1 4 0.9862219570348665 4.248244945446057e-05 Penicillium-polonicum
1 4 0.9832008553914369 6.962289304028108e-05 Penicillium-mb
1 4 0.42683609762057245 0.3395441137512964 Penicillium-verrucosum
1 4 0.8789409065156115 0.009166099150144456 Penicillium-chrysogenum
1 2 -0.6009835618835979 0.15352352300710634 Penicillium-brevicompactum
1 2 -0.8533456761467895 0.014594487820430472 Penicillium-cvjetkovicii
1 2 0.9861241512453197 4.323811407814636e-05 Penicillium-solitum
1 2 0.9915571907028197 1.2522878565892312e-05 Penicillium-commune
1 2 0.9866234861209501 3.946316628355715e-05 Penicillium-polonicum
1 2 0.9835651487606532 6.592252393986682e-05 Penicillium-mb
1 2 0.4278435515282444 0.3382802200876895 Penicillium-verrucosum
1 2 0.8782903175231478 0.009286369049296687 Penicillium-chrysogenum
1 4 -0.5997596572520759 0.15458622656946408 Penicillium-brevicompactum
1 4 -0.8557602334549017 0.014020233080817462 Penicillium-cvjetkovicii
1 4 0.985713099020233 4.650148692542152e-05 Penicillium-solitum
1 4 0.9917222348034624 1.1920870954813696e-05 Penicillium-commune
1 4 0.9844655325176351 5.7288960078692475e-05 Penicillium-polonicum
1 4 0.981062633671782 9.382802391422879e-05 Penicillium-mb
1 4 0.4337626196109538 0.3308949905975118 Penicillium-verrucosum
1 4 0.8807247515842918 0.008840962862140181 Penicillium-chrysogenum
3 2 -0.6009835618835982 0.15352352300710603 Penicillium-brevicompactum
3 2 -0.8530504236252878 0.014665612936574627 Penicillium-cvjetkovicii
3 2 0.9859941687937476 4.425472879880631e-05 Penicillium-solitum
3 2 0.9913711746690773 1.3222772020758075e-05 Penicillium-commune
3 2 0.9878975961106171 3.0747612409128734e-05 Penicillium-polonicum
3 2 0.9850085897422032 5.2427994380449026e-05 Penicillium-mb
3 2 0.4321110906794944 0.33294862255310453 Penicillium-verrucosum
3 2 0.8781004102005924 0.009321646521701579 Penicillium-chrysogenum
1 2 -0.600983561883598 0.1535235230071063 Penicillium-brevicompactum
1 2 -0.8492707429194049 0.015593620756917049 Penicillium-cvjetkovicii
1 2 0.9858102919425061 4.571704244806158e-05 Penicillium-solitum
1 2 0.9907704385771083 1.5640685500069282e-05 Penicillium-commune
1 2 0.9854596281784883 4.858489523787639e-05 Penicillium-polonicum
1 2 0.9825822395706142 7.618511990169406e-05 Penicillium-mb
1 2 0.4188646801176269 0.3496146498724343 Penicillium-verrucosum
1 2 0.8789243981612865 0.009169139755105169 Penicillium-chrysogenum
1 4 -0.6010815215014336 0.15343862404384676 Penicillium-brevicompactum
1 4 -0.8581102749364522 0.013473946593759493 Penicillium-cvjetkovicii
1 4 0.986038555069869 4.390598845437936e-05 Penicillium-solitum
1 4 0.9913937011597475 1.3136801189532787e-05 Penicillium-commune
1 4 0.9874129611457534 3.391001585908229e-05 Penicillium-polonicum
1 4 0.9845221767003395 5.676987952650098e-05 Penicillium-mb
1 4 0.43109813808019987 0.3342108812606733 Penicillium-verrucosum
1 4 0.8785417562796551 0.009239780065759583 Penicillium-chrysogenum
1 4 -0.6008792972927829 0.15361391211125408 Penicillium-brevicompactum
1 4 -0.8557602334549023 0.01402023308081733 Penicillium-cvjetkovicii
1 4 0.9860577887330321 4.3755382470293714e-05 Penicillium-solitum
1 4 0.9914116145317047 1.3068675455208085e-05 Penicillium-commune
1 4 0.9874610603019375 3.358785999026421e-05 Penicillium-polonicum
1 4 0.9845671333378812 5.635990945401163e-05 Penicillium-mb
1 4 0.4330803015445831 0.3317427775649536 Penicillium-verrucosum
1 4 0.8788588007493665 0.009181227618755896 Penicillium-chrysogenum
1 2 -0.6009835618835981 0.1535235230071061 Penicillium-brevicompactum
1 2 -0.8546778896482274 0.014276017671356325 Penicillium-cvjetkovicii
1 2 0.9862275281878814 4.2439645281615154e-05 Penicillium-solitum
1 2 0.9918341577691048 1.1522688028042053e-05 Penicillium-commune
1 2 0.9859800144770146 4.436628528675282e-05 Penicillium-polonicum
1 2 0.982780601847349 7.404243935987969e-05 Penicillium-mb
1 2 0.4285129695233493 0.33744151199137556 Penicillium-verrucosum
1 2 0.8784843119245408 0.009250411994650971 Penicillium-chrysogenum
1 4 -0.6008553001945374 0.15363471945067497 Penicillium-brevicompactum
1 4 -0.8557602334549024 0.014020233080817318 Penicillium-cvjetkovicii
1 4 0.9858985805404933 4.501136621690137e-05 Penicillium-solitum
1 4 0.9913978989067933 1.312081786027825e-05 Penicillium-commune
1 4 0.9859960011260696 4.424029963811971e-05 Penicillium-polonicum
1 4 0.9828646757567594 7.31452773380469e-05 Penicillium-mb
1 4 0.4267393247773103 0.3396656244826385 Penicillium-verrucosum
1 4 0.8789803737093433 0.009158832210467331 Penicillium-chrysogenum
1 2 -0.6009835618835978 0.15352352300710642 Penicillium-brevicompactum
1 2 -0.8438174298095167 0.01699009511669922 Penicillium-cvjetkovicii
1 2 0.9865305586504325 4.015011609071231e-05 Penicillium-solitum
1 2 0.9916997630683332 1.2001795140028164e-05 Penicillium-commune
1 2 0.9872125222237746 3.527235479895483e-05 Penicillium-polonicum
1 2 0.984297741767122 5.884316910335266e-05 Penicillium-mb
1 2 0.4265743151475172 0.3398728577122953 Penicillium-verrucosum
1 2 0.8770465806171391 0.00951881089916478 Penicillium-chrysogenum
1 4 -0.6009895879188126 0.1535182997269797 Penicillium-brevicompactum
1 4 -0.8559050667938312 0.013986205897958718 Penicillium-cvjetkovicii
1 4 0.9843529773010441 5.83287900459357e-05 Penicillium-solitum
1 4 0.9888621707504778 2.4995336621652956e-05 Penicillium-commune
1 4 0.9846844366646423 5.529853823398156e-05 Penicillium-polonicum
1 4 0.9820434999261672 8.218971974857004e-05 Penicillium-mb
1 4 0.4112693715507558 0.359324576640749 Penicillium-verrucosum
1 4 0.8811197165401358 0.008769889020638971 Penicillium-chrysogenum
1 4 -0.6009687734071252 0.15353634182103532 Penicillium-brevicompactum
1 4 -0.8557602334549029 0.014020233080817176 Penicillium-cvjetkovicii
1 4 0.9857934313723401 4.5852552685404056e-05 Penicillium-solitum
1 4 0.9910194728036893 1.4608843066409783e-05 Penicillium-commune
1 4 0.9858417024648711 4.5465231483292223e-05 Penicillium-polonicum
1 4 0.9829118938388466 7.26442689677502e-05 Penicillium-mb
1 4 0.4237390403326551 0.34344198268004106 Penicillium-verrucosum
1 4 0.879212849805237 0.009116094764777753 Penicillium-chrysogenum
1 4 -0.6011073402792646 0.15341625151352606 Penicillium-brevicompactum
1 4 -0.8587276440196826 0.0133324920296867 Penicillium-cvjetkovicii
1 4 0.9862648391214542 4.215364299073851e-05 Penicillium-solitum
1 4 0.9918271324571578 1.1547443701023659e-05 Penicillium-commune
1 4 0.9856404916662219 4.709271212460864e-05 Penicillium-polonicum
1 4 0.9825253629228654 7.680623441855704e-05 Penicillium-mb
1 4 0.42881691475160616 0.3370609932317831 Penicillium-verrucosum
1 4 0.8787633222896077 0.009198838188215321 Penicillium-chrysogenum
1 4 -0.6011678325853631 0.15336384000686099 Penicillium-brevicompactum
1 4 -0.860169541103716 0.013005442920959762 Penicillium-cvjetkovicii
1 4 0.9859129742259354 4.489694132115892e-05 Penicillium-solitum
1 4 0.9910797131277459 1.436555318414211e-05 Penicillium-commune
1 4 0.9872966695946633 3.469651635679474e-05 Penicillium-polonicum
1 4 0.9844538768413946 5.7396121549752174e-05 Penicillium-mb
1 4 0.428726336557044 0.33717437191211647 Penicillium-verrucosum
1 4 0.8787597615905595 0.009199495319619586 Penicillium-chrysogenum
1 4 -0.6011164635885117 0.15340834635838776 Penicillium-brevicompactum
1 4 -0.8589455406767329 0.013282770502359799 Penicillium-cvjetkovicii
1 4 0.9858126827185036 4.569784691932904e-05 Penicillium-solitum
1 4 0.9909343806228653 1.4956676041592758e-05 Penicillium-commune
1 4 0.9857570278680182 4.6145949343734456e-05 Penicillium-polonicum
1 4 0.9828310599409499 7.350321205462767e-05 Penicillium-mb
1 4 0.423446601713454 0.3438110081407598 Penicillium-verrucosum
1 4 0.8793273936637013 0.009095079898595617 Penicillium-chrysogenum
1 4 -0.6024051586927307 0.15229376580681928 Penicillium-brevicompactum
1 4 -0.8834715624288987 0.00835351684064772 Penicillium-cvjetkovicii
1 4 0.9867202577271156 3.8755317578756374e-05 Penicillium-solitum
1 4 0.9920555652217125 1.0758717539023847e-05 Penicillium-commune
1 4 0.9870129049222253 3.666111141154287e-05 Penicillium-polonicum
1 4 0.9839485884121915 6.215730382179008e-05 Penicillium-mb
1 4 0.4273444815034735 0.33890607498401093 Penicillium-verrucosum
1 4 0.8766477708891407 0.00959404671177891 Penicillium-chrysogenum
1 2 -0.600983561883598 0.1535235230071063 Penicillium-brevicompactum
1 2 -0.8396742502834239 0.018096883089506372 Penicillium-cvjetkovicii
1 2 0.9867712899079175 3.838511606582902e-05 Penicillium-solitum
1 2 0.9919608624636547 1.108165305569473e-05 Penicillium-commune
1 2 0.9862879480389265 4.1977083772558424e-05 Penicillium-polonicum
1 2 0.9832528391146782 6.90874700648908e-05 Penicillium-mb
1 2 0.4231036143517833 0.3442440334616159 Penicillium-verrucosum
1 2 0.8765661291176026 0.009609490623412802 Penicillium-chrysogenum
1 2 -0.6009835618835981 0.1535235230071061 Penicillium-brevicompactum
1 2 -0.8540619123434333 0.014422769988649182 Penicillium-cvjetkovicii
1 2 0.985716380253213 4.6474873948729265e-05 Penicillium-solitum
1 2 0.990796532639468 1.5530588177028226e-05 Penicillium-commune
1 2 0.9858867162743152 4.510581397065824e-05 Penicillium-polonicum
1 2 0.9830279716225112 7.14213510743727e-05 Penicillium-mb
1 2 0.4229917988633766 0.34438525139945214 Penicillium-verrucosum
1 2 0.8793779173987109 0.009085819421132638 Penicillium-chrysogenum
1 4 -0.6013082155213351 0.1532422444722643 Penicillium-brevicompactum
1 4 -0.8634815628849278 0.012271780127876225 Penicillium-cvjetkovicii
1 4 0.9861567220596035 4.298558185893437e-05 Penicillium-solitum
1 4 0.9916205563871081 1.2289648510377014e-05 Penicillium-commune
1 4 0.986458707123086 4.068612981927256e-05 Penicillium-polonicum
1 4 0.9834135287864113 6.744797355112567e-05 Penicillium-mb
1 4 0.4264260182205638 0.34005914734644194 Penicillium-verrucosum
1 4 0.8779772627073782 0.009344563831277986 Penicillium-chrysogenum
1 2 -0.6009835618835982 0.15352352300710603 Penicillium-brevicompactum
1 2 -0.8545344021725767 0.014310125924134437 Penicillium-cvjetkovicii
1 2 0.985440393699611 4.874522411022529e-05 Penicillium-solitum
1 2 0.9903213732675934 1.7608917491734495e-05 Penicillium-commune
1 2 0.9854845321437151 4.837777705677701e-05 Penicillium-polonicum
1 2 0.9826604153661702 7.533631870101565e-05 Penicillium-mb
1 2 0.41910123735640875 0.3493140185896203 Penicillium-verrucosum
1 2 0.8797607826748723 0.009015821039831014 Penicillium-chrysogenum
1 4 -0.6008057872929338 0.1536776554158339 Penicillium-brevicompactum
1 4 -0.8557602334549024 0.014020233080817318 Penicillium-cvjetkovicii
1 4 0.9856032429951792 4.739775316631881e-05 Penicillium-solitum
1 4 0.9908252602689336 1.5409917011786836e-05 Penicillium-commune
1 4 0.9858411695896513 4.5469496493193314e-05 Penicillium-polonicum
1 4 0.9827999841868905 7.383502899334257e-05 Penicillium-mb
1 4 0.42364911396515914 0.34355544209699934 Penicillium-verrucosum
1 4 0.8795794602210897 0.009048932866245012 Penicillium-chrysogenum
3 2 -0.6009835618835981 0.1535235230071061 Penicillium-brevicompactum
3 2 -0.8496587161324728 0.015496864930990211 Penicillium-cvjetkovicii
3 2 0.9859611163153208 4.4515491842034694e-05 Penicillium-solitum
3 2 0.9914454721347558 1.294049130966479e-05 Penicillium-commune
3 2 0.988100044357953 2.9481049709321367e-05 Penicillium-polonicum
3 2 0.985205554395577 5.072824279413167e-05 Penicillium-mb
3 2 0.4342772250850871 0.3302562011439757 Penicillium-verrucosum
3 2 0.8777907503505563 0.009379334932874113 Penicillium-chrysogenum
1 4 -0.6005291764309848 0.15391763360992403 Penicillium-brevicompactum
1 4 -0.8557602334549018 0.014020233080817436 Penicillium-cvjetkovicii
1 4 0.9858640200832753 4.528682104755503e-05 Penicillium-solitum
1 4 0.9913310717012009 1.3376653724532766e-05 Penicillium-commune
1 4 0.9863723548653566 4.133594855991874e-05 Penicillium-polonicum
1 4 0.9831355862103262 7.029865164222625e-05 Penicillium-mb
1 4 0.43025052953077125 0.3352686639862586 Penicillium-verrucosum
1 4 0.8794436460569514 0.009073780185480386 Penicillium-chrysogenum
1 4 -0.6008485604283982 0.15364056360234774 Penicillium-brevicompactum
1 4 -0.8557602334549019 0.014020233080817415 Penicillium-cvjetkovicii
1 4 0.9860173910173875 4.407206751471353e-05 Penicillium-solitum
1 4 0.9914446276552118 1.2943679297840232e-05 Penicillium-commune
1 4 0.9871079468711496 3.599589726497914e-05 Penicillium-polonicum
1 4 0.9841409627877377 6.0317889622197115e-05 Penicillium-mb
1 4 0.430518986196096 0.33493348656439176 Penicillium-verrucosum
1 4 0.8786288347951076 0.009223676828768462 Penicillium-chrysogenum
1 2 -0.6009835618835981 0.1535235230071061 Penicillium-brevicompactum
1 2 -0.8457779185509507 0.016480195427782184 Penicillium-cvjetkovicii
1 2 0.9869278237420471 3.726279533753534e-05 Penicillium-solitum
1 2 0.9924086067169017 9.60481667634804e-06 Penicillium-commune
1 2 0.9859206388845332 4.4836080897937155e-05 Penicillium-polonicum
1 2 0.982804054377439 7.379151801858263e-05 Penicillium-mb
1 2 0.42803041277483084 0.3380460143843175 Penicillium-verrucosum
1 2 0.8768275598321847 0.009560087094182887 Penicillium-chrysogenum
1 4 -0.6005206794246827 0.15392500828661104 Penicillium-brevicompactum
1 4 -0.8557602334549017 0.014020233080817462 Penicillium-cvjetkovicii
1 4 0.9857601735885587 4.612055203688574e-05 Penicillium-solitum
1 4 0.9914426498654825 1.2951147476006264e-05 Penicillium-commune
1 4 0.9862462828235111 4.229573950801443e-05 Penicillium-polonicum
1 4 0.9830724895676937 7.095562525204586e-05 Penicillium-mb
1 4 0.43025829385034975 0.33525896796278115 Penicillium-verrucosum
1 4 0.8793415455630563 0.009092485453138135 Penicillium-chrysogenum
1 4 -0.6013519838015532 0.15320434354726917 Penicillium-brevicompactum
1 4 -0.8645012162402791 0.012050818277052767 Penicillium-cvjetkovicii
1 4 0.9863982080154916 4.114075269849565e-05 Penicillium-solitum
1 4 0.991884073094975 1.1347711987415788e-05 Penicillium-commune
1 4 0.9866693642215857 3.912663020841777e-05 Penicillium-polonicum
1 4 0.9836257581132861 6.531855489714958e-05 Penicillium-mb
1 4 0.4302393009488714 0.33528268636520586 Penicillium-verrucosum
1 4 0.8780664597532682 0.009327961338519687 Penicillium-chrysogenum
1 4 -0.6013237012123369 0.15322883417915265 Penicillium-brevicompactum
1 4 -0.8638431507192558 0.012193159366967063 Penicillium-cvjetkovicii
1 4 0.9862970532220814 4.1907638977041773e-05 Penicillium-solitum
1 4 0.9915862040094726 1.2415763553650902e-05 Penicillium-commune
1 4 0.9876637732010285 3.225028273621321e-05 Penicillium-polonicum
1 4 0.9847853759562971 5.439486244483515e-05 Penicillium-mb
1 4 0.4312862076818414 0.33397637052311147 Penicillium-verrucosum
1 4 0.8779292073034212 0.009353515575347951 Penicillium-chrysogenum
1 4 -0.6023582356702664 0.1523342777754982 Penicillium-brevicompactum
1 4 -0.8830414240771202 0.008428795252869029 Penicillium-cvjetkovicii
1 4 0.9867002530640184 3.8901016682203754e-05 Penicillium-solitum
1 4 0.9919950723086415 1.0964338031878229e-05 Penicillium-commune
1 4 0.9872738058548445 3.485241733619647e-05 Penicillium-polonicum
1 4 0.9843070970053954 5.875585898257889e-05 Penicillium-mb
1 4 0.42801039813865477 0.33807109677790337 Penicillium-verrucosum
1 4 0.8766553262421433 0.00959261821380016 Penicillium-chrysogenum
1 4 -0.6007886573308894 0.15369251135357606 Penicillium-brevicompactum
1 4 -0.8557602334549028 0.014020233080817204 Penicillium-cvjetkovicii
1 4 0.9859026235348971 4.497920821096588e-05 Penicillium-solitum
1 4 0.9912470112458257 1.3702672189999533e-05 Penicillium-commune
1 4 0.9860818242350268 4.356761101208684e-05 Penicillium-polonicum
1 4 0.9830438568973823 7.125495803363255e-05 Penicillium-mb
1 4 0.426549970678813 0.33990343611102924 Penicillium-verrucosum
1 4 0.8791738117771551 0.009123263297758031 Penicillium-chrysogenum
1 4 -0.6007927885104883 0.1536889285276598 Penicillium-brevicompactum
1 4 -0.8557602334549025 0.014020233080817287 Penicillium-cvjetkovicii
1 4 0.9859860315505882 4.431884153580972e-05 Penicillium-solitum
1 4 0.9914057338123042 1.3091016845511267e-05 Penicillium-commune
1 4 0.9862203129571598 4.24950861278847e-05 Penicillium-polonicum
1 4 0.9831859132037332 6.977725171996613e-05 Penicillium-mb
1 4 0.42845941365649554 0.3375085791751306 Penicillium-verrucosum
1 4 0.8791168263029988 0.009133733348523214 Penicillium-chrysogenum
3 2 -0.6009835618835981 0.1535235230071061 Penicillium-brevicompactum
3 2 -0.8540845597143883 0.01441735921453 Penicillium-cvjetkovicii
3 2 0.9857336642581536 4.633483943797256e-05 Penicillium-solitum
3 2 0.9913990166126776 1.3116564049845204e-05 Penicillium-commune
3 2 0.9879708779699383 3.0285464469585472e-05 Penicillium-polonicum
3 2 0.9850691619059861 5.190170813255461e-05 Penicillium-mb
3 2 0.43631644182778123 0.3277300754591714 Penicillium-verrucosum
3 2 0.8784013564546651 0.009265778025812098 Penicillium-chrysogenum
1 2 -0.6009835618835981 0.1535235230071061 Penicillium-brevicompactum
1 2 -0.8521387184687603 0.01488648680620054 Penicillium-cvjetkovicii
1 2 0.9860822405242987 4.356436310512147e-05 Penicillium-solitum
1 2 0.9912867256085621 1.3548059216223096e-05 Penicillium-commune
1 2 0.9866181460833028 3.950244977531214e-05 Penicillium-polonicum
1 2 0.9836348150771176 6.522858769753925e-05 Penicillium-mb
1 2 0.4263834538096132 0.3401126244622283 Penicillium-verrucosum
1 2 0.8785187061605604 0.009244045385760844 Penicillium-chrysogenum
1 4 -0.6009449359607476 0.15355700550774753 Penicillium-brevicompactum
1 4 -0.8557602334549029 0.014020233080817176 Penicillium-cvjetkovicii
1 4 0.9855783535590228 4.760223675647353e-05 Penicillium-solitum
1 4 0.9908225379978614 1.542132782933542e-05 Penicillium-commune
1 4 0.9871603822898821 3.56320060382265e-05 Penicillium-polonicum
1 4 0.9842968156782193 5.8851816273881254e-05 Penicillium-mb
1 4 0.4282515666774352 0.33776891628998046 Penicillium-verrucosum
1 4 0.879237737376804 0.009111526369888613 Penicillium-chrysogenum
1 2 -0.600983561883598 0.1535235230071063 Penicillium-brevicompactum
1 2 -0.8553946924559906 0.01410632375026576 Penicillium-cvjetkovicii
1 2 0.9861496997262199 4.30399535748281e-05 Penicillium-solitum
1 2 0.9915356912188306 1.2602608612822813e-05 Penicillium-commune
1 2 0.9862023026573218 4.263366359237915e-05 Penicillium-polonicum
1 2 0.983143504683431 7.021646066679324e-05 Penicillium-mb
1 2 0.42797386238048274 0.338116885519294 Penicillium-verrucosum
1 2 0.8787458713325877 0.009202059042755395 Penicillium-chrysogenum
1 2 -0.6009835618835981 0.1535235230071061 Penicillium-brevicompactum
1 2 -0.8525923963243164 0.0147763409702793 Penicillium-cvjetkovicii
1 2 0.9864326156401272 4.088182503044317e-05 Penicillium-solitum
1 2 0.991959578329884 1.1086071265448451e-05 Penicillium-commune
1 2 0.9871622448499411 3.5619120881232255e-05 Penicillium-polonicum
1 2 0.9841926803684059 5.982900471807667e-05 Penicillium-mb
1 2 0.4344449115720782 0.33004816270146287 Penicillium-verrucosum
1 2 0.8782174319709547 0.009299899257166955 Penicillium-chrysogenum
1 4 -0.6012624193945545 0.15328190641923287 Penicillium-brevicompactum
1 4 -0.8624074083959401 0.012507046965061058 Penicillium-cvjetkovicii
1 4 0.9862490908229874 4.227421864834328e-05 Penicillium-solitum
1 4 0.9917318896827968 1.1886202850443134e-05 Penicillium-commune
1 4 0.9865407053755396 4.0074763488424944e-05 Penicillium-polonicum
1 4 0.983511154984396 6.646336719738105e-05 Penicillium-mb
1 4 0.42909872381132885 0.3367083502869072 Penicillium-verrucosum
1 4 0.8782883901530282 0.009286726692992827 Penicillium-chrysogenum
1 4 -0.601149869043817 0.15337940297351524 Penicillium-brevicompactum
1 4 -0.8597421035053218 0.0131019086779225 Penicillium-cvjetkovicii
1 4 0.9860472544384586 4.383783119871478e-05 Penicillium-solitum
1 4 0.9914312070305068 1.2994406499075196e-05 Penicillium-commune
1 4 0.9866464843778744 3.929424860755766e-05 Penicillium-polonicum
1 4 0.9836655925030539 6.492341382524042e-05 Penicillium-mb
1 4 0.42750680958879955 0.33870245490532924 Penicillium-verrucosum
1 4 0.8784556486306047 0.00925571969863843 Penicillium-chrysogenum
1 4 -0.6008797349093123 0.15361353267696878 Penicillium-brevicompactum
1 4 -0.8557602334549026 0.014020233080817261 Penicillium-cvjetkovicii
1 4 0.9855521158966946 4.781836666318241e-05 Penicillium-solitum
1 4 0.9905557180474694 1.6564386932712114e-05 Penicillium-commune
1 4 0.9863119819995362 4.179392656784202e-05 Penicillium-polonicum
1 4 0.983445008650631 6.71295396182416e-05 Penicillium-mb
1 4 0.42231184648686015 0.34524452597691074 Penicillium-verrucosum
1 4 0.8793192334276866 0.009096576095983864 Penicillium-chrysogenum
1 2 -0.600983561883598 0.1535235230071063 Penicillium-brevicompactum
1 2 -0.8516540120360107 0.01500468240625147 Penicillium-cvjetkovicii
1 2 0.9864417924884925 4.0812931487603794e-05 Penicillium-solitum
1 2 0.9919718036990116 1.1044051227266544e-05 Penicillium-commune
1 2 0.9866842783249228 3.9017599549284835e-05 Penicillium-polonicum
1 2 0.9835997415832652 6.557740164982088e-05 Penicillium-mb
1 2 0.4304437997112322 0.33502734511257354 Penicillium-verrucosum
1 2 0.8779162684316544 0.009355926668644805 Penicillium-chrysogenum
1 2 -0.6009835618835981 0.1535235230071061 Penicillium-brevicompactum
1 2 -0.828067924464894 0.021410447647119333 Penicillium-cvjetkovicii
1 2 0.9871452129566797 3.573705097071e-05 Penicillium-solitum
1 2 0.9921755671529683 1.0357695979898617e-05 Penicillium-commune
1 2 0.9871965443261178 3.5382335519865825e-05 Penicillium-polonicum
1 2 0.984332692657402 5.851737672543982e-05 Penicillium-mb
1 2 0.4216801968377056 0.3460435666883323 Penicillium-verrucosum
1 2 0.8744688655455677 0.010011141159346428 Penicillium-chrysogenum
3 4 -0.6009835618835982 0.15352352300710603 Penicillium-brevicompactum
3 4 -0.8518004294889595 0.014968922253251393 Penicillium-cvjetkovicii
3 4 0.9854374683656727 4.876963586472896e-05 Penicillium-solitum
3 4 0.9910507399992058 1.4482260460858435e-05 Penicillium-commune
3 4 0.9863859098365403 4.123353726853724e-05 Penicillium-polonicum
3 4 0.983423871981151 6.73432479124685e-05 Penicillium-mb
3 4 0.4237127812966823 0.34347511187298924 Penicillium-verrucosum
3 4 0.8787087391625718 0.009208914546136477 Penicillium-chrysogenum
1 4 -0.6012433261214688 0.15329844375229207 Penicillium-brevicompactum
1 4 -0.8619576162800253 0.012606324419746077 Penicillium-cvjetkovicii
1 4 0.9861371428774037 4.313727970588746e-05 Penicillium-solitum
1 4 0.991597426403579 1.2374478936070721e-05 Penicillium-commune
1 4 0.9870521876231724 3.6385282461004156e-05 Penicillium-polonicum
1 4 0.984087889410094 6.0822063294190264e-05 Penicillium-mb
1 4 0.429428504245027 0.33629587723293874 Penicillium-verrucosum
1 4 0.8780997875724686 0.009321762308946982 Penicillium-chrysogenum
1 2 -0.6009835618835981 0.1535235230071061 Penicillium-brevicompactum
1 2 -0.8552303590914994 0.014145125081810456 Penicillium-cvjetkovicii
1 2 0.9859760926898793 4.439722433829489e-05 Penicillium-solitum
1 2 0.9912508077802656 1.3687846401857408e-05 Penicillium-commune
1 2 0.9861289359054923 4.320096163831568e-05 Penicillium-polonicum
1 2 0.9831588117181965 7.005774173200493e-05 Penicillium-mb
1 2 0.4252166380511819 0.34157997453352584 Penicillium-verrucosum
1 2 0.8788226713756748 0.009187889228395505 Penicillium-chrysogenum
1 2 -0.6009835618835981 0.1535235230071061 Penicillium-brevicompactum
1 2 -0.8426766550919685 0.017290874478929352 Penicillium-cvjetkovicii
1 2 0.9862165081722993 4.2524338994266816e-05 Penicillium-solitum
1 2 0.9911265666390022 1.4178016106656887e-05 Penicillium-commune
1 2 0.9868994501968419 3.7464752588954236e-05 Penicillium-polonicum
1 2 0.984114867568245 6.0565469479870446e-05 Penicillium-mb
1 2 0.42173985123456853 0.34596807026992443 Penicillium-verrucosum
1 2 0.8773994336420546 0.009452529440207318 Penicillium-chrysogenum
1 2 -0.600983561883598 0.1535235230071063 Penicillium-brevicompactum
1 2 -0.8477883668611241 0.015966475238243533 Penicillium-cvjetkovicii
1 2 0.986162359639427 4.294196157334708e-05 Penicillium-solitum
1 2 0.9912441759148187 1.3713750663485096e-05 Penicillium-commune
1 2 0.9869546187210826 3.707267275362248e-05 Penicillium-polonicum
1 2 0.9841112091853421 6.060022700943968e-05 Penicillium-mb
1 2 0.42510862123740606 0.3417159480555569 Penicillium-verrucosum
1 2 0.8779473266131733 0.009350139736006468 Penicillium-chrysogenum
1 4 -0.6017870916120046 0.1528278190561897 Penicillium-brevicompactum
1 4 -0.8740376442658258 0.010094901160473157 Penicillium-cvjetkovicii
1 4 0.9864313930369492 4.089100874708491e-05 Penicillium-solitum
1 4 0.9917257193380808 1.190835194740749e-05 Penicillium-commune
1 4 0.9871586621253817 3.564390857989548e-05 Penicillium-polonicum
1 4 0.9842033170815709 5.972875066051818e-05 Penicillium-mb
1 4 0.4277806548843777 0.3383590681303269 Penicillium-verrucosum
1 4 0.8773661641979051 0.00945876751747985 Penicillium-chrysogenum
1 4 -0.6009902129862335 0.15351775793266934 Penicillium-brevicompactum
1 4 -0.8559200884691804 0.013982679408355316 Penicillium-cvjetkovicii
1 4 0.9863299235372027 4.16575102106343e-05 Penicillium-solitum
1 4 0.9918781312570819 1.1368456841868719e-05 Penicillium-commune
1 4 0.9860007656854689 4.420279308014986e-05 Penicillium-polonicum
1 4 0.9829029785024291 7.273870790088282e-05 Penicillium-mb
1 4 0.42801500747420373 0.3380653202767792 Penicillium-verrucosum
1 4 0.8782533091237883 0.009293237733485947 Penicillium-chrysogenum
1 2 -0.6009835618835981 0.1535235230071061 Penicillium-brevicompactum
1 2 -0.8490699281692328 0.015643836512419212 Penicillium-cvjetkovicii
1 2 0.9860871953978434 4.352571607671499e-05 Penicillium-solitum
1 2 0.991177595903694 1.3975440596922488e-05 Penicillium-commune
1 2 0.9859708568518627 4.443855005273917e-05 Penicillium-polonicum
1 2 0.9828377235051624 7.343217680594227e-05 Penicillium-mb
1 2 0.42231296396787293 0.3452431130455414 Penicillium-verrucosum
1 2 0.8784005846115902 0.009265921065148326 Penicillium-chrysogenum
1 4 -0.6009696040757602 0.15353562177415175 Penicillium-brevicompactum
1 4 -0.8557602334549025 0.014020233080817287 Penicillium-cvjetkovicii
1 4 0.9860556557287774 4.3772069358941544e-05 Penicillium-solitum
1 4 0.9918035725749432 1.1630695890016485e-05 Penicillium-commune
1 4 0.9846985291644452 5.517183838493817e-05 Penicillium-polonicum
1 4 0.9814840306060352 8.8715279737117e-05 Penicillium-mb
1 4 0.42597869543973965 0.34062133295749414 Penicillium-verrucosum
1 4 0.8791245761181099 0.00913230905299639 Penicillium-chrysogenum
1 4 -0.599188412245645 0.15508348604185673 Penicillium-brevicompactum
1 4 -0.855760233454902 0.01402023308081739 Penicillium-cvjetkovicii
1 4 0.985105369078039 5.158863278481477e-05 Penicillium-solitum
1 4 0.9909292558154256 1.497778133132058e-05 Penicillium-commune
1 4 0.9859579090331777 4.4540843996981316e-05 Penicillium-polonicum
1 4 0.9827826015643125 7.402102432277275e-05 Penicillium-mb
1 4 0.43522738767942376 0.3290781332129139 Penicillium-verrucosum
1 4 0.8815223792370104 0.008697770754497632 Penicillium-chrysogenum
1 2 -0.6009835618835982 0.15352352300710603 Penicillium-brevicompactum
1 2 -0.8295288932184854 0.020975936750066697 Penicillium-cvjetkovicii
1 2 0.9870637855750952 3.6304083822175685e-05 Penicillium-solitum
1 2 0.992073964219814 1.0696639499381485e-05 Penicillium-commune
1 2 0.9871184517796631 3.5922818244538036e-05 Penicillium-polonicum
1 2 0.9842442865235635 5.934353981666513e-05 Penicillium-mb
1 2 0.42173768233394326 0.3459708150296629 Penicillium-verrucosum
1 2 0.874872674110012 0.009933070016682989 Penicillium-chrysogenum
1 4 -0.6008297466356454 0.15365687791045324 Penicillium-brevicompactum
1 4 -0.8557602334549019 0.014020233080817415 Penicillium-cvjetkovicii
1 4 0.9861105589096439 4.334376143651095e-05 Penicillium-solitum
1 4 0.9914675969417549 1.2857135517169007e-05 Penicillium-commune
1 4 0.9864213513951874 4.096648428177227e-05 Penicillium-polonicum
1 4 0.9833879794498389 6.770707912849752e-05 Penicillium-mb
1 4 0.4274801143897975 0.33873593709757327 Penicillium-verrucosum
1 4 0.8786134746316215 0.009226516172743213 Penicillium-chrysogenum
1 4 -0.6007844770577997 0.1536961367990326 Penicillium-brevicompactum
1 4 -0.8557602334549029 0.014020233080817176 Penicillium-cvjetkovicii
1 4 0.9855673629848556 4.769269922464613e-05 Penicillium-solitum
1 4 0.9907185108710073 1.5861167578351755e-05 Penicillium-commune
1 4 0.9855912331412562 4.749635659181344e-05 Penicillium-polonicum
1 4 0.9826583898675584 7.535823913047595e-05 Penicillium-mb
1 4 0.42253036039981 0.34496828557172365 Penicillium-verrucosum
1 4 0.87975463032266 0.009016943390923156 Penicillium-chrysogenum
1 2 -0.6009835618835981 0.1535235230071061 Penicillium-brevicompactum
1 2 -0.8522405804420902 0.014861715643388552 Penicillium-cvjetkovicii
1 2 0.9854572956727394 4.860432101062493e-05 Penicillium-solitum
1 2 0.9902939401653011 1.7733698182553083e-05 Penicillium-commune
1 2 0.985764205493518 4.608801224215954e-05 Penicillium-polonicum
1 2 0.9829236133084989 7.252023765344687e-05 Penicillium-mb
1 2 0.4181283795664908 0.3505510788305678 Penicillium-verrucosum
1 2 0.8793651938889312 0.009088150995908406 Penicillium-chrysogenum
1 4 -0.6003673568268718 0.15405810955997123 Penicillium-brevicompactum
1 4 -0.8557602334549026 0.014020233080817261 Penicillium-cvjetkovicii
1 4 0.9857912777138631 4.586987913615043e-05 Penicillium-solitum
1 4 0.9913029049654618 1.3485371783156992e-05 Penicillium-commune
1 4 0.9869900274117152 3.682232308785791e-05 Penicillium-polonicum
1 4 0.9839157892804616 6.247421427901196e-05 Penicillium-mb
1 4 0.43309228287999313 0.33172788264987263 Penicillium-verrucosum
1 4 0.879563552064944 0.009051841244317977 Penicillium-chrysogenum
1 2 -0.6009835618835978 0.15352352300710642 Penicillium-brevicompactum
1 2 -0.8498429493085291 0.015451039700001267 Penicillium-cvjetkovicii
1 2 0.9863351340274745 4.1617942799950575e-05 Penicillium-solitum
1 2 0.9917027383932057 1.199106171050555e-05 Penicillium-commune
1 2 0.9868505482107403 3.781435978185803e-05 Penicillium-polonicum
1 2 0.9838714486092413 6.290417198944361e-05 Penicillium-mb
1 2 0.42966500298709276 0.3360002085567304 Penicillium-verrucosum
1 2 0.8781308523149811 0.009315986355564607 Penicillium-chrysogenum
1 4 -0.600891994872153 0.15360290289815395 Penicillium-brevicompactum
1 4 -0.8557602334549029 0.014020233080817176 Penicillium-cvjetkovicii
1 4 0.9857621477998897 4.610461729999174e-05 Penicillium-solitum
1 4 0.9911180294255574 1.4212077526928701e-05 Penicillium-commune
1 4 0.9863253621918764 4.1692166593294125e-05 Penicillium-polonicum
1 4 0.9832474660491729 6.914269732771031e-05 Penicillium-mb
1 4 0.42600042304950375 0.34059401708893605 Penicillium-verrucosum
1 4 0.8790311994752287 0.009149478759681202 Penicillium-chrysogenum
1 4 -0.600590555546538 0.15386436701767375 Penicillium-brevicompactum
1 4 -0.8557602334549024 0.014020233080817318 Penicillium-cvjetkovicii
1 4 0.9849086358949446 5.330339724246767e-05 Penicillium-solitum
1 4 0.9897300903531762 2.0416290016824523e-05 Penicillium-commune
1 4 0.9856173069247008 4.72824409526369e-05 Penicillium-polonicum
1 4 0.9828421607054929 7.338489789066698e-05 Penicillium-mb
1 4 0.4192743638081859 0.3490940677214696 Penicillium-verrucosum
1 4 0.8807122831707623 0.00884321194417665 Penicillium-chrysogenum
3 4 -0.6009835618835979 0.15352352300710634 Penicillium-brevicompactum
3 4 -0.8513212152304692 0.015086144069170679 Penicillium-cvjetkovicii
3 4 0.9858129202106753 4.569594035886642e-05 Penicillium-solitum
3 4 0.9910328858636207 1.4554460677048778e-05 Penicillium-commune
3 4 0.9860858908741839 4.353588911403138e-05 Penicillium-polonicum
3 4 0.9830021011545663 7.169283186888445e-05 Penicillium-mb
3 4 0.4259383196034138 0.3406720957665571 Penicillium-verrucosum
3 4 0.8783514040424525 0.009275037922402913 Penicillium-chrysogenum
