#SPECIES: Penicillium-cvjetkovicii Penicillium-chrysogenum Penicillium-polonicum Penicillium-mb Penicillium-verrucosum Penicillium-solitum Penicillium-commune Penicillium-brevicompactum 
#GENE_TREEs p: 0.0028555187228042926 0.8156208546257152 0.6083176943560152 0.5682834085268541 0.5050272599436297 0.1736839049341261 0.632647923135161 0.614587761384249 
#GENE_TREEs r: 0.9248414937501651 -0.1092592580526174 0.23734847440532358 0.26333702103781764 0.30563593286458834 -0.5784381890800145 0.22180376239116 -0.23332555880997116 
0 0 0.9248414937501651 0.0028555187228042926 Penicillium-cvjetkovicii
0 0 -0.11004030699075629 0.8143187458356931 Penicillium-chrysogenum
0 0 0.23812139277884523 0.6071152002601597 Penicillium-polonicum
0 0 0.26379236662313094 0.5675895225670493 Penicillium-mb
0 0 0.3037190419773837 0.5078390328364726 Penicillium-verrucosum
0 0 -0.582218198399765 0.1702179191780335 Penicillium-solitum
0 0 0.22109408432615588 0.6337651820818679 Penicillium-commune
0 0 -0.23304500983795934 0.615025722638793 Penicillium-brevicompactum
0 0 0.9248414937501641 0.002855518722804386 Penicillium-cvjetkovicii
0 0 -0.11418180048278156 0.8074200798589997 Penicillium-chrysogenum
0 0 0.23235915386862038 0.6160967855396458 Penicillium-polonicum
0 0 0.25849925223316406 0.5756720034319538 Penicillium-mb
0 0 0.3022358236257181 0.5100183951025034 Penicillium-verrucosum
0 0 -0.5791713443499232 0.17300896890996237 Penicillium-solitum
0 0 0.2166096496580358 0.6408378286570953 Penicillium-commune
0 0 -0.2337350275285348 0.6139487085033584 Penicillium-brevicompactum
0 0 0.924841493750164 0.0028555187228043962 Penicillium-cvjetkovicii
0 0 -0.10845603997675811 0.8169602741159425 Penicillium-chrysogenum
0 0 0.23861142456771825 0.606353180951513 Penicillium-polonicum
0 0 0.2645746978313983 0.5663979817462945 Penicillium-mb
0 0 0.3059113134027307 0.5046237673210776 Penicillium-verrucosum
0 0 -0.5750605621068922 0.17680998780457924 Penicillium-solitum
0 0 0.21749676150899147 0.6394369841999769 Penicillium-commune
0 0 -0.23318649551813614 0.6148048398712159 Penicillium-brevicompactum
0 0 0.9248414937501652 0.0028555187228042848 Penicillium-cvjetkovicii
0 0 -0.11261643088408138 0.8100264384408451 Penicillium-chrysogenum
0 0 0.23423508786912525 0.6131685336153174 Penicillium-polonicum
0 0 0.2602153455853929 0.5730476267431668 Penicillium-mb
0 0 0.30243083410702803 0.5097316724507851 Penicillium-verrucosum
0 0 -0.5780198999171161 0.174069556867281 Penicillium-solitum
0 0 0.21678879382465158 0.6405548724619566 Penicillium-commune
0 0 -0.23346421227557806 0.614371344885458 Penicillium-brevicompactum
0 0 0.9248414937501641 0.002855518722804386 Penicillium-cvjetkovicii
0 0 -0.11411071383439259 0.8075384094160034 Penicillium-chrysogenum
0 0 0.23421034276826933 0.6132071331532374 Penicillium-polonicum
0 0 0.2604838929148419 0.5726372847451432 Penicillium-mb
0 0 0.3028991556940687 0.5090433303472034 Penicillium-verrucosum
0 0 -0.5752610580786774 0.17662365955235976 Penicillium-solitum
0 0 0.2137555362787078 0.6453505122675609 Penicillium-commune
0 0 -0.23365590915573892 0.6140721724758822 Penicillium-brevicompactum
0 0 0.9248414937501646 0.002855518722804344 Penicillium-cvjetkovicii
0 0 -0.10517723261443725 0.8224315501835273 Penicillium-chrysogenum
0 0 0.24011759755741738 0.6040127973397822 Penicillium-polonicum
0 0 0.26607248143051676 0.5641189815897458 Penicillium-mb
0 0 0.30897884620238325 0.5001367879151344 Penicillium-verrucosum
0 0 -0.5764452072813371 0.17552515153880177 Penicillium-solitum
0 0 0.22110088331029365 0.6337544756921495 Penicillium-commune
0 0 -0.2331755141114228 0.6148219828530613 Penicillium-brevicompactum
0 0 0.9248414937501641 0.002855518722804386 Penicillium-cvjetkovicii
0 0 -0.10513987468514754 0.8224939218964935 Penicillium-chrysogenum
0 0 0.2402786494223391 0.6037627042111486 Penicillium-polonicum
0 0 0.26624914727006604 0.563850362986833 Penicillium-mb
0 0 0.30901322305842577 0.5000865833376478 Penicillium-verrucosum
0 0 -0.5757159280931429 0.1762012894110466 Penicillium-solitum
0 0 0.220409920387807 0.63484279730907 Penicillium-commune
0 0 -0.23294274949716332 0.6151853824883893 Penicillium-brevicompactum
0 0 0.9248414937501639 0.002855518722804405 Penicillium-cvjetkovicii
0 0 -0.10923058259396602 0.8156686667304912 Penicillium-chrysogenum
0 0 0.2362988674419801 0.6099517788879045 Penicillium-polonicum
0 0 0.26225003060175095 0.5699409207708641 Penicillium-mb
0 0 0.304542112359538 0.5066310547949124 Penicillium-verrucosum
0 0 -0.5738672863011134 0.17792093464827963 Penicillium-solitum
0 0 0.21643311632334475 0.641116694884323 Penicillium-commune
0 0 -0.23339707721868352 0.6144761294947386 Penicillium-brevicompactum
0 0 0.9248414937501644 0.002855518722804355 Penicillium-cvjetkovicii
0 0 -0.10973402026835077 0.8148293247313105 Penicillium-chrysogenum
0 0 0.237678297555663 0.6078044748213756 Penicillium-polonicum
0 0 0.2635925450960644 0.5678939908732787 Penicillium-mb
0 0 0.3049011243711484 0.5061044646777549 Penicillium-verrucosum
0 0 -0.5782993773137962 0.17381183923365423 Penicillium-solitum
0 0 0.21920975529057246 0.6367343945503849 Penicillium-commune
0 0 -0.23313585655982275 0.6148838930835082 Penicillium-brevicompactum
2 2 0.9248414937501642 0.002855518722804375 Penicillium-cvjetkovicii
2 2 -0.11016358987658291 0.8141132484375684 Penicillium-chrysogenum
2 2 0.23556975269476457 0.6110876625142847 Penicillium-polonicum
2 2 0.26062508522696615 0.5724215790535705 Penicillium-mb
2 2 0.2982274320337986 0.5159242216439165 Penicillium-verrucosum
2 2 -0.5751657690278409 0.17671220314708255 Penicillium-solitum
2 2 0.21905678400627132 0.6369756076675751 Penicillium-commune
2 2 -0.2334881454932477 0.6143339911034623 Penicillium-brevicompactum
0 0 0.9248414937501643 0.002855518722804365 Penicillium-cvjetkovicii
0 0 -0.11403823764576533 0.807659054980405 Penicillium-chrysogenum
0 0 0.23267603647028215 0.6156018603271167 Penicillium-polonicum
0 0 0.2589119863555074 0.5750404769890253 Penicillium-mb
0 0 0.30301000813585566 0.5088804458881662 Penicillium-verrucosum
0 0 -0.578518189640417 0.17361019435235855 Penicillium-solitum
0 0 0.2157790274146904 0.6421502383676417 Penicillium-commune
0 0 -0.2336033697239031 0.6141541640963912 Penicillium-brevicompactum
0 0 0.9248414937501652 0.0028555187228042848 Penicillium-cvjetkovicii
0 0 -0.11866094328660295 0.799970141289702 Penicillium-chrysogenum
0 0 0.22900235181699943 0.6213466970968335 Penicillium-polonicum
0 0 0.2550868403198673 0.5809016215437482 Penicillium-mb
0 0 0.2969830073241419 0.5177624657706614 Penicillium-verrucosum
0 0 -0.5759928863197948 0.17594436244062298 Penicillium-solitum
0 0 0.21295306048535537 0.6466208844388495 Penicillium-commune
0 0 -0.23461684868159366 0.6125731202786763 Penicillium-brevicompactum
0 0 0.9248414937501652 0.0028555187228042848 Penicillium-cvjetkovicii
0 0 -0.11085636234941265 0.8129586398831553 Penicillium-chrysogenum
0 0 0.23797931116566326 0.6073361958487858 Penicillium-polonicum
0 0 0.26426951993106607 0.5668626928542887 Penicillium-mb
0 0 0.30675982015096753 0.5033812273028143 Penicillium-verrucosum
0 0 -0.5778413336943686 0.1742343183891743 Penicillium-solitum
0 0 0.2181383849911255 0.6384243221857837 Penicillium-commune
0 0 -0.23347179052007638 0.6143595170647418 Penicillium-brevicompactum
0 0 0.9248414937501644 0.002855518722804355 Penicillium-cvjetkovicii
0 0 -0.11520686236238555 0.8057141057421854 Penicillium-chrysogenum
0 0 0.23237886059527513 0.6160660030848195 Penicillium-polonicum
0 0 0.25866253609420503 0.5754221361014431 Penicillium-mb
0 0 0.3025614144465359 0.5095397122281364 Penicillium-verrucosum
0 0 -0.5790827357292525 0.1730904725439231 Penicillium-solitum
0 0 0.21455316588907686 0.6440884905781742 Penicillium-commune
0 0 -0.2337012300322042 0.6140014485040458 Penicillium-brevicompactum
0 0 0.9248414937501642 0.002855518722804375 Penicillium-cvjetkovicii
0 0 -0.11097147912161977 0.8127668066761486 Penicillium-chrysogenum
0 0 0.23474125599255935 0.6123791249474142 Penicillium-polonicum
0 0 0.26060663386603994 0.5724497665565778 Penicillium-mb
0 0 0.30263674429789666 0.5094289846272375 Penicillium-verrucosum
0 0 -0.5765369832829355 0.1754401534637896 Penicillium-solitum
0 0 0.21806844133074882 0.6385346912671306 Penicillium-commune
0 0 -0.23347197886582924 0.6143592231030743 Penicillium-brevicompactum
0 0 0.9248414937501652 0.0028555187228042848 Penicillium-cvjetkovicii
0 0 -0.10890465704687485 0.8162121315131802 Penicillium-chrysogenum
0 0 0.236580639114125 0.6095129748813267 Penicillium-polonicum
0 0 0.26265344887700853 0.569325584866055 Penicillium-mb
0 0 0.3061025554500538 0.5043436221386561 Penicillium-verrucosum
0 0 -0.5761031666316991 0.1758421094535703 Penicillium-solitum
0 0 0.21845784936660417 0.6379202840671419 Penicillium-commune
0 0 -0.23321033990795165 0.6147676170739276 Penicillium-brevicompactum
0 0 0.9248414937501643 0.002855518722804365 Penicillium-cvjetkovicii
0 0 -0.10738315045848378 0.8187499408284362 Penicillium-chrysogenum
0 0 0.2389651284813187 0.6058033330827436 Penicillium-polonicum
0 0 0.2646500581028037 0.5662832451599058 Penicillium-mb
0 0 0.3050372087111195 0.5059049092759181 Penicillium-verrucosum
0 0 -0.5770958111065279 0.17492303290701006 Penicillium-solitum
0 0 0.2212853552882125 0.633464006250159 Penicillium-commune
0 0 -0.23310720702232737 0.6149286196034847 Penicillium-brevicompactum
0 0 0.9248414937501641 0.002855518722804386 Penicillium-cvjetkovicii
0 0 -0.11252558574334892 0.8101777397145509 Penicillium-chrysogenum
0 0 0.2349626266499164 0.6120339736886522 Penicillium-polonicum
0 0 0.26108149594247826 0.5717244752021553 Penicillium-mb
0 0 0.30274863959123366 0.5092645247491128 Penicillium-verrucosum
0 0 -0.5729770528270216 0.17875196725104942 Penicillium-solitum
0 0 0.2136766131322831 0.6454754224944591 Penicillium-commune
0 0 -0.2338580593129025 0.6137567321838457 Penicillium-brevicompactum
0 0 0.9248414937501652 0.0028555187228042848 Penicillium-cvjetkovicii
0 0 -0.11119435717974702 0.8123954187747374 Penicillium-chrysogenum
0 0 0.23248706912474187 0.6158969863213273 Penicillium-polonicum
0 0 0.2585210994631824 0.5756385694482389 Penicillium-mb
0 0 0.30352938586339945 0.5081175229751651 Penicillium-verrucosum
0 0 -0.5778753214605199 0.174202952267295 Penicillium-solitum
0 0 0.21874864490893292 0.637461574819898 Penicillium-commune
0 0 -0.23348476471647792 0.6143392676124044 Penicillium-brevicompactum
0 0 0.9248414937501652 0.0028555187228042848 Penicillium-cvjetkovicii
0 0 -0.11021685545966921 0.8140244638874921 Penicillium-chrysogenum
0 0 0.23729721576267648 0.6083974665636106 Penicillium-polonicum
0 0 0.2633114564248291 0.5683223735458023 Penicillium-mb
0 0 0.30476745435551894 0.5063005063542081 Penicillium-verrucosum
0 0 -0.5762492286077426 0.17570672425427417 Penicillium-solitum
0 0 0.21851679738721508 0.6378272903419723 Penicillium-commune
0 0 -0.2335564772816929 0.6142273458740755 Penicillium-brevicompactum
0 0 0.9248414937501641 0.002855518722804386 Penicillium-cvjetkovicii
0 0 -0.11376274027644549 0.8081176820077594 Penicillium-chrysogenum
0 0 0.23290803772702398 0.6152395809826924 Penicillium-polonicum
0 0 0.25895930613346463 0.5749680866293463 Penicillium-mb
0 0 0.3009030815451088 0.5119794092651622 Penicillium-verrucosum
0 0 -0.5728078115434336 0.17891016838746604 Penicillium-solitum
0 0 0.211880142267492 0.6483204505147551 Penicillium-commune
0 0 -0.2338996468570448 0.6136918437806622 Penicillium-brevicompactum
0 0 0.9248414937501651 0.0028555187228042926 Penicillium-cvjetkovicii
0 0 -0.10443138237304317 0.8236769404686408 Penicillium-chrysogenum
0 0 0.24256916617884083 0.6002091664991702 Penicillium-polonicum
0 0 0.2686643592961512 0.5601821594012578 Penicillium-mb
0 0 0.31032388224707075 0.49817379407436124 Penicillium-verrucosum
0 0 -0.5717421498129576 0.17990788663550028 Penicillium-solitum
0 0 0.216905896163178 0.6403699293301364 Penicillium-commune
0 0 -0.23279716884048499 0.615412699489984 Penicillium-brevicompactum
2 2 0.9248414937501643 0.002855518722804365 Penicillium-cvjetkovicii
2 2 -0.11137995122137567 0.8120861795964733 Penicillium-chrysogenum
2 2 0.2336187813403635 0.6141301128123484 Penicillium-polonicum
2 2 0.25871433891046797 0.5753428712315614 Penicillium-mb
2 2 0.29668427921208157 0.518204075337374 Penicillium-verrucosum
2 2 -0.5735048110190477 0.17825907632852359 Penicillium-solitum
2 2 0.21542913872790184 0.6427032954531742 Penicillium-commune
2 2 -0.23358084603440435 0.6141893149367856 Penicillium-brevicompactum
0 0 0.9248414937501642 0.002855518722804375 Penicillium-cvjetkovicii
0 0 -0.1054123149638894 0.8220390805942925 Penicillium-chrysogenum
0 0 0.2409426963146528 0.6027318492079526 Penicillium-polonicum
0 0 0.2665514811830293 0.5633907620189026 Penicillium-mb
0 0 0.30652426160230817 0.5037260683228337 Penicillium-verrucosum
0 0 -0.5776625576510334 0.17439935023131045 Penicillium-solitum
0 0 0.22303645614480316 0.6307085908493305 Penicillium-commune
0 0 -0.2329317441480576 0.6152025659430077 Penicillium-brevicompactum
0 0 0.9248414937501651 0.0028555187228042926 Penicillium-cvjetkovicii
0 0 -0.11100905337694311 0.8127041936935104 Penicillium-chrysogenum
0 0 0.23510794661595252 0.6118074282645595 Penicillium-polonicum
0 0 0.2607085714487566 0.5722940455065727 Penicillium-mb
0 0 0.3006478696317729 0.5123552278769017 Penicillium-verrucosum
0 0 -0.5763818046821055 0.17558388347177084 Penicillium-solitum
0 0 0.21897819674547161 0.6370995380738518 Penicillium-commune
0 0 -0.23364804256136612 0.6140844486676322 Penicillium-brevicompactum
2 2 0.9248414937501642 0.002855518722804375 Penicillium-cvjetkovicii
2 2 -0.11050861754166261 0.813538174864694 Penicillium-chrysogenum
2 2 0.23515283192936107 0.6117374596237897 Penicillium-polonicum
2 2 0.260415992775293 0.5727410278612493 Penicillium-mb
2 2 0.29868183411987936 0.5152535453243663 Penicillium-verrucosum
2 2 -0.577120000615217 0.17490066566868256 Penicillium-solitum
2 2 0.21805691051369155 0.638552887073482 Penicillium-commune
2 2 -0.23334332971097732 0.6145600225298068 Penicillium-brevicompactum
0 0 0.9248414937501642 0.002855518722804375 Penicillium-cvjetkovicii
0 0 -0.11570463384679995 0.8048859028910841 Penicillium-chrysogenum
0 0 0.23272909633203104 0.6155189997339738 Penicillium-polonicum
0 0 0.2588109251040053 0.5751950912437924 Penicillium-mb
0 0 0.30121365535517636 0.5115221945338193 Penicillium-verrucosum
0 0 -0.5819070328328768 0.17050193511933376 Penicillium-solitum
0 0 0.21683831632326328 0.6404766583343571 Penicillium-commune
0 0 -0.2334522573329923 0.6143900038163767 Penicillium-brevicompactum
0 0 0.9248414937501649 0.0028555187228043156 Penicillium-cvjetkovicii
0 0 -0.11122650282835769 0.8123418558927927 Penicillium-chrysogenum
0 0 0.23585548741799148 0.6106424440914691 Penicillium-polonicum
0 0 0.2616944367141479 0.570788714205412 Penicillium-mb
0 0 0.30229493388396084 0.5099314797764969 Penicillium-verrucosum
0 0 -0.5763702949557373 0.1755945463476624 Penicillium-solitum
0 0 0.2201190772155907 0.6353010548816342 Penicillium-commune
0 0 -0.23390252442009887 0.6136873540375392 Penicillium-brevicompactum
0 0 0.9248414937501648 0.0028555187228043234 Penicillium-cvjetkovicii
0 0 -0.10806764929757366 0.8176080685952577 Penicillium-chrysogenum
0 0 0.23877505473067892 0.6060987924967779 Penicillium-polonicum
0 0 0.26470938435690755 0.566192925679678 Penicillium-mb
0 0 0.30570382791907746 0.5049277684198328 Penicillium-verrucosum
0 0 -0.5729359549220945 0.17879037791165597 Penicillium-solitum
0 0 0.2155917754098081 0.6424462048834764 Penicillium-commune
0 0 -0.23302949742015455 0.6150499415184911 Penicillium-brevicompactum
0 0 0.9248414937501641 0.002855518722804386 Penicillium-cvjetkovicii
0 0 -0.11450950660539702 0.8068746239164728 Penicillium-chrysogenum
0 0 0.23288338764898206 0.6152780701293388 Penicillium-polonicum
0 0 0.2588136906880029 0.5751908599860756 Penicillium-mb
0 0 0.29919511811066485 0.5144963226138741 Penicillium-verrucosum
0 0 -0.5711014521121304 0.18050904137853443 Penicillium-solitum
0 0 0.2089167976419438 0.6530208531557071 Penicillium-commune
0 0 -0.2338385721727808 0.6137871383569069 Penicillium-brevicompactum
2 2 0.9248414937501644 0.002855518722804355 Penicillium-cvjetkovicii
2 2 -0.1106819269466321 0.8132493371728196 Penicillium-chrysogenum
2 2 0.23623844772486235 0.6100458828159095 Penicillium-polonicum
2 2 0.26138635177838254 0.5712589992534903 Penicillium-mb
2 2 0.29894194157466397 0.5148697737088623 Penicillium-verrucosum
2 2 -0.5768989407958469 0.17510512459781866 Penicillium-solitum
2 2 0.21886112977046868 0.6372841626165644 Penicillium-commune
2 2 -0.23322411828658468 0.6147461083391336 Penicillium-brevicompactum
0 0 0.9248414937501642 0.002855518722804375 Penicillium-cvjetkovicii
0 0 -0.10946681354855485 0.8152747999666187 Penicillium-chrysogenum
0 0 0.23704585170147616 0.6087887011592111 Penicillium-polonicum
0 0 0.26285121187625055 0.569024012687245 Penicillium-mb
0 0 0.3033224551149354 0.5084214395430311 Penicillium-verrucosum
0 0 -0.573575997069731 0.17819264431140253 Penicillium-solitum
0 0 0.21670462060328152 0.6406878188113815 Penicillium-commune
0 0 -0.23331219247343457 0.6146086253312524 Penicillium-brevicompactum
0 0 0.9248414937501643 0.002855518722804365 Penicillium-cvjetkovicii
0 0 -0.11741961157540419 0.802033600669008 Penicillium-chrysogenum
0 0 0.23272782818922888 0.6155209800832032 Penicillium-polonicum
0 0 0.2587052959914465 0.5753567077969259 Penicillium-mb
0 0 0.2990320906704974 0.514736787520625 Penicillium-verrucosum
0 0 -0.581084982989335 0.17125338243383778 Penicillium-solitum
0 0 0.21429388916544978 0.6444986477807979 Penicillium-commune
0 0 -0.23362213539179824 0.6141248785344995 Penicillium-brevicompactum
0 0 0.9248414937501644 0.002855518722804355 Penicillium-cvjetkovicii
0 0 -0.11145673458995066 0.8119582478372105 Penicillium-chrysogenum
0 0 0.23622866153903052 0.6100611252373884 Penicillium-polonicum
0 0 0.26269540914839695 0.5692615947105598 Penicillium-mb
0 0 0.3078978067384047 0.5017164587544061 Penicillium-verrucosum
0 0 -0.5817964949514572 0.17060288459550116 Penicillium-solitum
0 0 0.22017068060817024 0.6352197409230098 Penicillium-commune
0 0 -0.2328716826274561 0.6152963468398198 Penicillium-brevicompactum
0 0 0.9248414937501641 0.002855518722804386 Penicillium-cvjetkovicii
0 0 -0.11516124389939884 0.8057900139505974 Penicillium-chrysogenum
0 0 0.23428757354620539 0.6130866642898422 Penicillium-polonicum
0 0 0.2605743702269663 0.572499055645338 Penicillium-mb
0 0 0.30232639671389666 0.5098852191340162 Penicillium-verrucosum
0 0 -0.5754744093251606 0.17642549022081735 Penicillium-solitum
0 0 0.2118589391272275 0.648354049798153 Penicillium-commune
0 0 -0.2336100488906871 0.6141437405916379 Penicillium-brevicompactum
0 0 0.9248414937501652 0.0028555187228042848 Penicillium-cvjetkovicii
0 0 -0.1139219957004142 0.8078525603785575 Penicillium-chrysogenum
0 0 0.23337516085672044 0.614510337749852 Penicillium-polonicum
0 0 0.25927043500023894 0.5744921890411501 Penicillium-mb
0 0 0.30024059719291163 0.5129551639537618 Penicillium-verrucosum
0 0 -0.5760803514309147 0.175863261538763 Penicillium-solitum
0 0 0.21550167173185614 0.6425886342298068 Penicillium-commune
0 0 -0.23413119541565705 0.613330598772825 Penicillium-brevicompactum
0 0 0.9248414937501642 0.002855518722804375 Penicillium-cvjetkovicii
0 0 -0.11698927870389712 0.8027491549028167 Penicillium-chrysogenum
0 0 0.23032110715443585 0.6192826781101788 Penicillium-polonicum
0 0 0.2564295872948036 0.5788420681420788 Penicillium-mb
0 0 0.2989019410470159 0.514928785489294 Penicillium-verrucosum
0 0 -0.5759025370964465 0.17602815686099582 Penicillium-solitum
0 0 0.2114575816880505 0.648990145068992 Penicillium-commune
0 0 -0.2342758389325543 0.6131049681472331 Penicillium-brevicompactum
0 0 0.9248414937501649 0.0028555187228043156 Penicillium-cvjetkovicii
0 0 -0.11169025735230298 0.8115691869207966 Penicillium-chrysogenum
0 0 0.235455149425895 0.6112662586979069 Penicillium-polonicum
0 0 0.26133707193947175 0.5713342351888604 Penicillium-mb
0 0 0.30226899584322825 0.5099696182657691 Penicillium-verrucosum
0 0 -0.5758496049224342 0.17607725791808954 Penicillium-solitum
0 0 0.2165388304601792 0.6409496963172143 Penicillium-commune
0 0 -0.23374318955975223 0.6139359720914792 Penicillium-brevicompactum
2 2 0.9248414937501642 0.002855518722804375 Penicillium-cvjetkovicii
2 2 -0.11851781962022488 0.8002080080529417 Penicillium-chrysogenum
2 2 0.22690195248217387 0.6246381601195641 Penicillium-polonicum
2 2 0.2517239612123624 0.5860696406168125 Penicillium-mb
2 2 0.28864314072705416 0.5301392880306062 Penicillium-verrucosum
2 2 -0.5681201936708051 0.18331918230249195 Penicillium-solitum
2 2 0.21223089053281818 0.6477647106152147 Penicillium-commune
2 2 -0.2347838886472049 0.6123126495838497 Penicillium-brevicompactum
0 0 0.9248414937501642 0.002855518722804375 Penicillium-cvjetkovicii
0 0 -0.11598798423612382 0.804414523183338 Penicillium-chrysogenum
0 0 0.231621376071264 0.6172495362776953 Penicillium-polonicum
0 0 0.25760227012033543 0.5770452266322381 Penicillium-mb
0 0 0.2993321732490387 0.5142941966607546 Penicillium-verrucosum
0 0 -0.5785850176606111 0.17354863242128002 Penicillium-solitum
0 0 0.21604045416150958 0.6417370957807031 Penicillium-commune
0 0 -0.2340703239694197 0.6134255599004129 Penicillium-brevicompactum
0 0 0.9248414937501649 0.0028555187228043156 Penicillium-cvjetkovicii
0 0 -0.11381691081282509 0.8080274995726253 Penicillium-chrysogenum
0 0 0.2333994658042501 0.6144724012934406 Penicillium-polonicum
0 0 0.2594797120625447 0.5741721517322863 Penicillium-mb
0 0 0.30147085680399904 0.5111436593291518 Penicillium-verrucosum
0 0 -0.5750636887725883 0.1768070813402405 Penicillium-solitum
0 0 0.21518935710400117 0.6430823858253307 Penicillium-commune
0 0 -0.2341404049318362 0.6133162320487828 Penicillium-brevicompactum
0 0 0.9248414937501648 0.0028555187228043234 Penicillium-cvjetkovicii
0 0 -0.1093246894381157 0.8155117591284369 Penicillium-chrysogenum
0 0 0.23879970769332345 0.6060604683847803 Penicillium-polonicum
0 0 0.26468576292613627 0.5662288868719036 Penicillium-mb
0 0 0.3054917926336005 0.5052385016746623 Penicillium-verrucosum
0 0 -0.5804449514350334 0.171839571250078 Penicillium-solitum
0 0 0.22271063242380357 0.6312210289511495 Penicillium-commune
0 0 -0.23312795603195077 0.6148962269791788 Penicillium-brevicompactum
0 0 0.9248414937501642 0.002855518722804375 Penicillium-cvjetkovicii
0 0 -0.11261860465363432 0.8100228181165601 Penicillium-chrysogenum
0 0 0.23632507162872238 0.6099109670993799 Penicillium-polonicum
0 0 0.2622517230488456 0.5699383388345161 Penicillium-mb
0 0 0.302937715023721 0.5089866699558422 Penicillium-verrucosum
0 0 -0.58125715037369 0.17109586702771215 Penicillium-solitum
0 0 0.22002517407194155 0.6354490300719948 Penicillium-commune
0 0 -0.23323193457983887 0.6147339068138274 Penicillium-brevicompactum
0 0 0.9248414937501644 0.002855518722804355 Penicillium-cvjetkovicii
0 0 -0.11358683843934171 0.8084105328418809 Penicillium-chrysogenum
0 0 0.2336357814443483 0.61410358286212 Penicillium-polonicum
0 0 0.2596650611537276 0.5738887529882 Penicillium-mb
0 0 0.3012376461380396 0.5114868821016741 Penicillium-verrucosum
0 0 -0.5749606853914946 0.17690284283750718 Penicillium-solitum
0 0 0.21571932504544444 0.6422445985719324 Penicillium-commune
0 0 -0.23382107196786564 0.6138144446501221 Penicillium-brevicompactum
0 0 0.9248414937501642 0.002855518722804375 Penicillium-cvjetkovicii
0 0 -0.10957237395629028 0.8150988095863462 Penicillium-chrysogenum
0 0 0.23676124833057155 0.6092317603951812 Penicillium-polonicum
0 0 0.2627415910331625 0.5691911691474292 Penicillium-mb
0 0 0.30493071744034506 0.5060610667820986 Penicillium-verrucosum
0 0 -0.5766437368877866 0.17534130934899098 Penicillium-solitum
0 0 0.2198317849929766 0.6357538083334215 Penicillium-commune
0 0 -0.23334244444654276 0.6145614043431319 Penicillium-brevicompactum
0 0 0.9248414937501642 0.002855518722804375 Penicillium-cvjetkovicii
0 0 -0.11140232701887658 0.8120488980660108 Penicillium-chrysogenum
0 0 0.23503549811283578 0.61192036822038 Penicillium-polonicum
0 0 0.2609941844641993 0.5718578106654266 Penicillium-mb
0 0 0.303265529545026 0.508505056462853 Penicillium-verrucosum
0 0 -0.5775520641915509 0.17450138739552645 Penicillium-solitum
0 0 0.2178823354796093 0.6388283867599015 Penicillium-commune
0 0 -0.23349894571166482 0.6143171348737915 Penicillium-brevicompactum
2 2 0.924841493750165 0.002855518722804303 Penicillium-cvjetkovicii
2 2 -0.10620587353002428 0.8207144541711051 Penicillium-chrysogenum
2 2 0.23952597797186403 0.6049317717162556 Penicillium-polonicum
2 2 0.26455940537202777 0.5664212655327772 Penicillium-mb
2 2 0.3000004660395184 0.5133090045547919 Penicillium-verrucosum
2 2 -0.5786349629028147 0.17350262990350396 Penicillium-solitum
2 2 0.21948318071288397 0.6363033065609184 Penicillium-commune
2 2 -0.23296503378276212 0.615150588835147 Penicillium-brevicompactum
0 0 0.9248414937501652 0.0028555187228042848 Penicillium-cvjetkovicii
0 0 -0.10893106784844077 0.8161680906205153 Penicillium-chrysogenum
0 0 0.23678650811047008 0.6091924331331332 Penicillium-polonicum
0 0 0.26225985988576594 0.5699259256206342 Penicillium-mb
0 0 0.30198554498853064 0.5103864599244414 Penicillium-verrucosum
0 0 -0.5780412422703494 0.17404986958539398 Penicillium-solitum
0 0 0.22185613700630274 0.6325654907972353 Penicillium-commune
0 0 -0.23364438402209753 0.6140901580152036 Penicillium-brevicompactum
0 0 0.9248414937501642 0.002855518722804375 Penicillium-cvjetkovicii
0 0 -0.10031336173596779 0.8305582841808304 Penicillium-chrysogenum
0 0 0.24588566976818108 0.5950750575331807 Penicillium-polonicum
0 0 0.27139704975199264 0.5560410461031131 Penicillium-mb
0 0 0.3110819229731454 0.4970686791865131 Penicillium-verrucosum
0 0 -0.579000128963178 0.17316647257912007 Penicillium-solitum
0 0 0.22702302460173768 0.6244482969263556 Penicillium-commune
0 0 -0.23255833390220543 0.6157856813694249 Penicillium-brevicompactum
0 0 0.9248414937501643 0.002855518722804365 Penicillium-cvjetkovicii
0 0 -0.11822767323813886 0.8006902593268894 Penicillium-chrysogenum
0 0 0.23358694354887086 0.6141797989974627 Penicillium-polonicum
0 0 0.26020523032781867 0.57306308472397 Penicillium-mb
0 0 0.30312475622180346 0.5087118562798782 Penicillium-verrucosum
0 0 -0.5796854847260858 0.17253642696193008 Penicillium-solitum
0 0 0.2109532864001033 0.6497896227290522 Penicillium-commune
0 0 -0.2333496762792137 0.6145501161687944 Penicillium-brevicompactum
0 0 0.9248414937501648 0.0028555187228043234 Penicillium-cvjetkovicii
0 0 -0.10160038412436412 0.8284066862621069 Penicillium-chrysogenum
0 0 0.24425653866290167 0.5975953738545903 Penicillium-polonicum
0 0 0.2696216782813234 0.5587303154988679 Penicillium-mb
0 0 0.3086924777391629 0.5005550742744024 Penicillium-verrucosum
0 0 -0.5798802219905476 0.1723576116656423 Penicillium-solitum
0 0 0.22862575249366895 0.6219364855935572 Penicillium-commune
0 0 -0.2326172999919772 0.6156935895560178 Penicillium-brevicompactum
0 0 0.9248414937501643 0.002855518722804365 Penicillium-cvjetkovicii
0 0 -0.10430164121739312 0.8238936070571217 Penicillium-chrysogenum
0 0 0.24346660097442624 0.5988185857574837 Penicillium-polonicum
0 0 0.2695503243840358 0.5588384871287834 Penicillium-mb
0 0 0.31098480022276387 0.4972102219697687 Penicillium-verrucosum
0 0 -0.5760122043173174 0.175926448496827 Penicillium-solitum
0 0 0.22358911078264956 0.6298396741085368 Penicillium-commune
0 0 -0.2328136251439973 0.615387002559898 Penicillium-brevicompactum
0 0 0.9248414937501648 0.0028555187228043234 Penicillium-cvjetkovicii
0 0 -0.10250499714054574 0.8268948962832801 Penicillium-chrysogenum
0 0 0.24511442853998755 0.5962677912818783 Penicillium-polonicum
0 0 0.2707572070920293 0.5570097749842527 Penicillium-mb
0 0 0.31047277992991285 0.4979566543680608 Penicillium-verrucosum
0 0 -0.5805342807522582 0.17175769755098863 Penicillium-solitum
0 0 0.22526419421320576 0.6272080817173551 Penicillium-commune
0 0 -0.23241500299710505 0.6160095488102879 Penicillium-brevicompactum
0 0 0.9248414937501641 0.002855518722804386 Penicillium-cvjetkovicii
0 0 -0.10469636470589896 0.8232344499789148 Penicillium-chrysogenum
0 0 0.24139579470274444 0.6020287683791024 Penicillium-polonicum
0 0 0.2670680389390357 0.5626057797603614 Penicillium-mb
0 0 0.3077887669950429 0.5018758901653816 Penicillium-verrucosum
0 0 -0.5780854054859429 0.17400913464376622 Penicillium-solitum
0 0 0.22273854734629445 0.6311771212556405 Penicillium-commune
0 0 -0.23281784500435357 0.6153804131925691 Penicillium-brevicompactum
0 0 0.9248414937501644 0.002855518722804355 Penicillium-cvjetkovicii
0 0 -0.1100329160068994 0.8143310659652508 Penicillium-chrysogenum
0 0 0.2365479339274489 0.6095639020163672 Penicillium-polonicum
0 0 0.26206964826652757 0.5702161267274604 Penicillium-mb
0 0 0.30156974129084035 0.5109981522504393 Penicillium-verrucosum
0 0 -0.5789708540409768 0.17319341008655806 Penicillium-solitum
0 0 0.2217302705394858 0.6327635969582748 Penicillium-commune
0 0 -0.23356685215442513 0.6142111543116662 Penicillium-brevicompactum
0 0 0.9248414937501641 0.002855518722804386 Penicillium-cvjetkovicii
0 0 -0.10961019219743878 0.8150357604937064 Penicillium-chrysogenum
0 0 0.23656449940854973 0.6095381067925274 Penicillium-polonicum
0 0 0.2631715456075852 0.568535637499701 Penicillium-mb
0 0 0.3083538346964122 0.5010498741560159 Penicillium-verrucosum
0 0 -0.5693075953506518 0.18219739564440732 Penicillium-solitum
0 0 0.21117692656291875 0.649435044851257 Penicillium-commune
0 0 -0.2332473454425349 0.6147098500890893 Penicillium-brevicompactum
2 2 0.9248414937501644 0.002855518722804355 Penicillium-cvjetkovicii
2 2 -0.11300225697613143 0.8093839030916379 Penicillium-chrysogenum
2 2 0.2342546852126246 0.6131379644962563 Penicillium-polonicum
2 2 0.2593633704517707 0.5743500604445102 Penicillium-mb
2 2 0.2967113674146657 0.518164025555143 Penicillium-verrucosum
2 2 -0.5753272227500739 0.17656219143939667 Penicillium-solitum
2 2 0.21629553959618752 0.6413340453809251 Penicillium-commune
2 2 -0.2334881810303835 0.6143339356393515 Penicillium-brevicompactum
0 0 0.9248414937501648 0.0028555187228043234 Penicillium-cvjetkovicii
0 0 -0.11782074799416582 0.801366693105778 Penicillium-chrysogenum
0 0 0.22906883376703877 0.621242597082843 Penicillium-polonicum
0 0 0.2549875882185963 0.5810539479996455 Penicillium-mb
0 0 0.2965710454959472 0.518371502325732 Penicillium-verrucosum
0 0 -0.5759702447087995 0.17596535957302983 Penicillium-solitum
0 0 0.2117181998475198 0.6485770825015431 Penicillium-commune
0 0 -0.2344632765093121 0.6128126188139362 Penicillium-brevicompactum
0 0 0.9248414937501641 0.002855518722804386 Penicillium-cvjetkovicii
0 0 -0.11303237245404073 0.8093337538686356 Penicillium-chrysogenum
0 0 0.23526286528473248 0.6115659460846564 Penicillium-polonicum
0 0 0.2614565531159544 0.5711518276830836 Penicillium-mb
0 0 0.30355516382035264 0.5080796676335573 Penicillium-verrucosum
0 0 -0.5768923498815799 0.1751112223559119 Penicillium-solitum
0 0 0.2168012316788086 0.6405352282951493 Penicillium-commune
0 0 -0.2333819978915428 0.6144996660727923 Penicillium-brevicompactum
0 0 0.9248414937501641 0.002855518722804386 Penicillium-cvjetkovicii
0 0 -0.11432653209172083 0.8071791712492223 Penicillium-chrysogenum
0 0 0.23217660000801935 0.6163819609892642 Penicillium-polonicum
0 0 0.25799987712173084 0.5764363892720874 Penicillium-mb
0 0 0.2989061453497884 0.5149225828769912 Penicillium-verrucosum
0 0 -0.5749385852712988 0.17692339247125388 Penicillium-solitum
0 0 0.21481022104853878 0.6436819185573708 Penicillium-commune
0 0 -0.23406971953580605 0.613426502854982 Penicillium-brevicompactum
0 0 0.9248414937501648 0.0028555187228043234 Penicillium-cvjetkovicii
0 0 -0.10122129809369376 0.8290403405977778 Penicillium-chrysogenum
0 0 0.24443282561893234 0.5973224976341724 Penicillium-polonicum
0 0 0.2701239614803277 0.5579690509444974 Penicillium-mb
0 0 0.3114180705610974 0.49657890090901247 Penicillium-verrucosum
0 0 -0.5796417957976288 0.17257655635757813 Penicillium-solitum
0 0 0.2276616486975711 0.6234470910695755 Penicillium-commune
0 0 -0.23252412672171505 0.6158391071526861 Penicillium-brevicompactum
0 0 0.924841493750164 0.0028555187228043962 Penicillium-cvjetkovicii
0 0 -0.10981352155219677 0.8146967913555209 Penicillium-chrysogenum
0 0 0.23898056783122504 0.6057793353188446 Penicillium-polonicum
0 0 0.26528357917186257 0.5653189965664653 Penicillium-mb
0 0 0.3072181454028591 0.5027105081188956 Penicillium-verrucosum
0 0 -0.5735555537434657 0.17821172112543993 Penicillium-solitum
0 0 0.2141411352288249 0.6447403271185729 Penicillium-commune
0 0 -0.23321218237707883 0.6147647408752204 Penicillium-brevicompactum
0 0 0.9248414937501642 0.002855518722804375 Penicillium-cvjetkovicii
0 0 -0.11215827773230333 0.810789533793244 Penicillium-chrysogenum
0 0 0.23648262886938567 0.6096655960398206 Penicillium-polonicum
0 0 0.2623663277897099 0.5697635105588312 Penicillium-mb
0 0 0.3025306477192326 0.5095849387408982 Penicillium-verrucosum
0 0 -0.5777934435751476 0.17427851921596987 Penicillium-solitum
0 0 0.2161647917952799 0.6415406260692633 Penicillium-commune
0 0 -0.23329841230883644 0.6146301354519795 Penicillium-brevicompactum
0 0 0.9248414937501642 0.002855518722804375 Penicillium-cvjetkovicii
0 0 -0.11247456769010368 0.8102627116085179 Penicillium-chrysogenum
0 0 0.23617727403193375 0.6101411654120228 Penicillium-polonicum
0 0 0.26219291349679924 0.5700280587341323 Penicillium-mb
0 0 0.30326505323899833 0.5085057561201141 Penicillium-verrucosum
0 0 -0.5790043125111003 0.1731626232289322 Penicillium-solitum
0 0 0.21859193744870858 0.6377087582581725 Penicillium-commune
0 0 -0.23332660450238404 0.6145861291378483 Penicillium-brevicompactum
0 0 0.9248414937501648 0.0028555187228043234 Penicillium-cvjetkovicii
0 0 -0.1170594813823603 0.8026324149310851 Penicillium-chrysogenum
0 0 0.2328574701568573 0.6153185389986509 Penicillium-polonicum
0 0 0.2590342030500348 0.574853514265221 Penicillium-mb
0 0 0.3007328805629477 0.5122300323603289 Penicillium-verrucosum
0 0 -0.5808078647746917 0.17150706696144188 Penicillium-solitum
0 0 0.214538511718744 0.6441116705136836 Penicillium-commune
0 0 -0.2336345755850012 0.614105464685972 Penicillium-brevicompactum
0 0 0.9248414937501642 0.002855518722804375 Penicillium-cvjetkovicii
0 0 -0.11123498106056347 0.8123277290839033 Penicillium-chrysogenum
0 0 0.2362457573827613 0.6100344977703344 Penicillium-polonicum
0 0 0.2621939212075483 0.5700265213322756 Penicillium-mb
0 0 0.3030795660221862 0.5087782480868708 Penicillium-verrucosum
0 0 -0.5751721612492557 0.1767062627464201 Penicillium-solitum
0 0 0.21693613824003619 0.6403221695402302 Penicillium-commune
0 0 -0.2335209172880588 0.6142828435819523 Penicillium-brevicompactum
0 0 0.924841493750165 0.002855518722804303 Penicillium-cvjetkovicii
0 0 -0.11180061720096128 0.8113853324669927 Penicillium-chrysogenum
0 0 0.23502953078796787 0.6119296709540669 Penicillium-polonicum
0 0 0.26084878019993696 0.57207988273083 Penicillium-mb
0 0 0.3018207307218654 0.5106288892736737 Penicillium-verrucosum
0 0 -0.5773345012567566 0.17470238547436293 Penicillium-solitum
0 0 0.21822525065326762 0.6382872580575054 Penicillium-commune
0 0 -0.23345020077059972 0.6143932136565304 Penicillium-brevicompactum
0 0 0.9248414937501644 0.002855518722804355 Penicillium-cvjetkovicii
0 0 -0.10584089945203033 0.8213236354802784 Penicillium-chrysogenum
0 0 0.2413029706015536 0.6021727852530023 Penicillium-polonicum
0 0 0.2673149280327 0.5622307205046553 Penicillium-mb
0 0 0.3087478032151753 0.5004742531200423 Penicillium-verrucosum
0 0 -0.5743432878085873 0.17747736562080071 Penicillium-solitum
0 0 0.21911256900166642 0.636887640019149 Penicillium-commune
0 0 -0.2333168912678316 0.6146012908075766 Penicillium-brevicompactum
0 0 0.9248414937501643 0.002855518722804365 Penicillium-cvjetkovicii
0 0 -0.11119307937549448 0.8123975479358417 Penicillium-chrysogenum
0 0 0.2343333272162527 0.613015298433784 Penicillium-polonicum
0 0 0.26007909462581347 0.5732558543545612 Penicillium-mb
0 0 0.3015306128162806 0.511055727517753 Penicillium-verrucosum
0 0 -0.5765427626975711 0.1754348015521752 Penicillium-solitum
0 0 0.21797291632286922 0.6386854355438044 Penicillium-commune
0 0 -0.23370823124665988 0.6139905232058902 Penicillium-brevicompactum
0 0 0.9248414937501642 0.002855518722804375 Penicillium-cvjetkovicii
0 0 -0.11252353209686072 0.8101811600875382 Penicillium-chrysogenum
0 0 0.23337154681556946 0.6145159787960477 Penicillium-polonicum
0 0 0.2598402499560751 0.573620929656619 Penicillium-mb
0 0 0.3055134366264787 0.5052067798048021 Penicillium-verrucosum
0 0 -0.5757017421266499 0.176214454315844 Penicillium-solitum
0 0 0.21433329987496166 0.6444362982409844 Penicillium-commune
0 0 -0.23323242595091193 0.6147331397676126 Penicillium-brevicompactum
0 0 0.9248414937501651 0.0028555187228042926 Penicillium-cvjetkovicii
0 0 -0.09563351600083439 0.8383889004810782 Penicillium-chrysogenum
0 0 0.2466776987094684 0.593850926818619 Penicillium-polonicum
0 0 0.2725153654482876 0.5543492122845086 Penicillium-mb
0 0 0.31719022015255016 0.48819539357708425 Penicillium-verrucosum
0 0 -0.5790799639337348 0.17309302239051913 Penicillium-solitum
0 0 0.2319255973849257 0.6167741258505989 Penicillium-commune
0 0 -0.232028021600062 0.6166140901780628 Penicillium-brevicompactum
0 0 0.9248414937501643 0.002855518722804365 Penicillium-cvjetkovicii
0 0 -0.11115844323257837 0.8124552612948179 Penicillium-chrysogenum
0 0 0.23270058734157145 0.6155635202129 Penicillium-polonicum
0 0 0.25873841364354117 0.5753060350032726 Penicillium-mb
0 0 0.3035396859727749 0.5081023969825811 Penicillium-verrucosum
0 0 -0.5775596775902867 0.17449435572565286 Penicillium-solitum
0 0 0.21877395675284475 0.6374216515371336 Penicillium-commune
0 0 -0.23341377021039778 0.6144500745337531 Penicillium-brevicompactum
0 0 0.9248414937501652 0.0028555187228042848 Penicillium-cvjetkovicii
0 0 -0.1098817467159611 0.8145830587448225 Penicillium-chrysogenum
0 0 0.23626524166298027 0.6100041506336322 Penicillium-polonicum
0 0 0.2625972104190684 0.5694113530723641 Penicillium-mb
0 0 0.30595995537640863 0.5045525078944628 Penicillium-verrucosum
0 0 -0.5691722487460997 0.1823250934435136 Penicillium-solitum
0 0 0.21239160884912023 0.6475101053414305 Penicillium-commune
0 0 -0.23334388135738945 0.6145591614628445 Penicillium-brevicompactum
0 0 0.9248414937501651 0.0028555187228042926 Penicillium-cvjetkovicii
0 0 -0.1117657419377938 0.8114434323138127 Penicillium-chrysogenum
0 0 0.23534804050075642 0.6114331896359609 Penicillium-polonicum
0 0 0.2608608842916541 0.5720613954386555 Penicillium-mb
0 0 0.2999796089100996 0.513339742140922 Penicillium-verrucosum
0 0 -0.5786489280251684 0.17348976827362475 Penicillium-solitum
0 0 0.21819954136513356 0.6383278235355563 Penicillium-commune
0 0 -0.23345384617472925 0.6143875239883207 Penicillium-brevicompactum
0 0 0.9248414937501649 0.0028555187228043156 Penicillium-cvjetkovicii
0 0 -0.09898499232454193 0.8327798874460656 Penicillium-chrysogenum
0 0 0.2502919328966781 0.5882746288045222 Penicillium-polonicum
0 0 0.2764862352942828 0.5483554538925608 Penicillium-mb
0 0 0.3183392484869797 0.48653260285921035 Penicillium-verrucosum
0 0 -0.5813550506339 0.17100633022742207 Penicillium-solitum
0 0 0.22800622902303633 0.6229070648578912 Penicillium-commune
0 0 -0.23188086237692193 0.6168440271378826 Penicillium-brevicompactum
0 0 0.9248414937501641 0.002855518722804386 Penicillium-cvjetkovicii
0 0 -0.11011694948289893 0.8141909912375793 Penicillium-chrysogenum
0 0 0.23529621594418093 0.6115139638173921 Penicillium-polonicum
0 0 0.2608107284130378 0.5721380026898987 Penicillium-mb
0 0 0.3009052926881569 0.5119761536076348 Penicillium-verrucosum
0 0 -0.5766510997182501 0.17533449304657112 Penicillium-solitum
0 0 0.21831865271960182 0.6381398893585598 Penicillium-commune
0 0 -0.23341632809029833 0.6144460821405928 Penicillium-brevicompactum
0 0 0.9248414937501642 0.002855518722804375 Penicillium-cvjetkovicii
0 0 -0.10961440469548404 0.8150287376308252 Penicillium-chrysogenum
0 0 0.23553414177325585 0.6111431564529264 Penicillium-polonicum
0 0 0.2609180651487485 0.5719740622885627 Penicillium-mb
0 0 0.3004934322533504 0.5125826946553329 Penicillium-verrucosum
0 0 -0.5772648883099679 0.17476672221337686 Penicillium-solitum
0 0 0.2191018356600101 0.636904565218023 Penicillium-commune
0 0 -0.23330046775468774 0.6146269269939129 Penicillium-brevicompactum
0 0 0.9248414937501642 0.002855518722804375 Penicillium-cvjetkovicii
0 0 -0.11550663997792744 0.8052153119921214 Penicillium-chrysogenum
0 0 0.23396466706474014 0.6135903977684803 Penicillium-polonicum
0 0 0.2602129339214142 0.5730513121990217 Penicillium-mb
0 0 0.3020994587755048 0.5102189246152082 Penicillium-verrucosum
0 0 -0.5786539320719362 0.173485159749422 Penicillium-solitum
0 0 0.21646832013310466 0.6410610814423789 Penicillium-commune
0 0 -0.2337155576165572 0.6139790905679137 Penicillium-brevicompactum
0 0 0.9248414937501651 0.0028555187228042926 Penicillium-cvjetkovicii
0 0 -0.11023405198047909 0.8139958005880006 Penicillium-chrysogenum
0 0 0.23572577339383735 0.6108445465847849 Penicillium-polonicum
0 0 0.2617127789808579 0.5707607189782427 Penicillium-mb
0 0 0.3042176726057503 0.5071070989602393 Penicillium-verrucosum
0 0 -0.5757862016540102 0.176136081037082 Penicillium-solitum
0 0 0.217356198579638 0.6396588914502671 Penicillium-commune
0 0 -0.23344181598004607 0.6144063005152487 Penicillium-brevicompactum
0 0 0.9248414937501641 0.002855518722804386 Penicillium-cvjetkovicii
0 0 -0.11533310934975174 0.8055040396091606 Penicillium-chrysogenum
0 0 0.23390376684104108 0.6136854155422755 Penicillium-polonicum
0 0 0.25998323437174103 0.5734023684825444 Penicillium-mb
0 0 0.3011448696230724 0.5116234460639074 Penicillium-verrucosum
0 0 -0.578765345301224 0.17338256827004508 Penicillium-solitum
0 0 0.21507253094301457 0.6432671081526187 Penicillium-commune
0 0 -0.23376406798495705 0.6139033927798316 Penicillium-brevicompactum
0 0 0.9248414937501643 0.002855518722804365 Penicillium-cvjetkovicii
0 0 -0.1104915460228779 0.813566627190723 Penicillium-chrysogenum
0 0 0.23554766831788798 0.6111220773174431 Penicillium-polonicum
0 0 0.26158714627611956 0.5709524769090398 Penicillium-mb
0 0 0.305267434506672 0.5055673663184046 Penicillium-verrucosum
0 0 -0.5811434361512917 0.17119989581201953 Penicillium-solitum
0 0 0.22146252071908576 0.6331850768995761 Penicillium-commune
0 0 -0.23321024158074966 0.6147677705683715 Penicillium-brevicompactum
0 0 0.9248414937501643 0.002855518722804365 Penicillium-cvjetkovicii
0 0 -0.10941520628460363 0.8153608418783218 Penicillium-chrysogenum
0 0 0.23889141761924207 0.605917907583683 Penicillium-polonicum
0 0 0.26479583092237075 0.5660613258846618 Penicillium-mb
0 0 0.3057292537972258 0.5048905118040441 Penicillium-verrucosum
0 0 -0.5804446270396425 0.17183986860573322 Penicillium-solitum
0 0 0.22066477629679312 0.6344413180305566 Penicillium-commune
0 0 -0.23316060732857655 0.6148452539294661 Penicillium-brevicompactum
0 0 0.9248414937501652 0.0028555187228042848 Penicillium-cvjetkovicii
0 0 -0.11160497999556408 0.8117112598074523 Penicillium-chrysogenum
0 0 0.23576991264542219 0.6107757726897391 Penicillium-polonicum
0 0 0.26170319060636965 0.5707753533599131 Penicillium-mb
0 0 0.30291519107126214 0.509019767152675 Penicillium-verrucosum
0 0 -0.577613049652606 0.17444506565399262 Penicillium-solitum
0 0 0.21981026347671181 0.6357877284437801 Penicillium-commune
0 0 -0.2335049748211697 0.6143077251177086 Penicillium-brevicompactum
0 0 0.9248414937501643 0.002855518722804365 Penicillium-cvjetkovicii
0 0 -0.11602540315101843 0.8043522768594158 Penicillium-chrysogenum
0 0 0.23074179399904554 0.6186246670939842 Penicillium-polonicum
0 0 0.25686588574950675 0.5781733473109438 Penicillium-mb
0 0 0.29894174884249863 0.5148700580362441 Penicillium-verrucosum
0 0 -0.5711061219083191 0.1805046562491468 Penicillium-solitum
0 0 0.20939770283537318 0.6522574258445104 Penicillium-commune
0 0 -0.2345802966323913 0.6126301213662821 Penicillium-brevicompactum
0 0 0.9248414937501641 0.002855518722804386 Penicillium-cvjetkovicii
0 0 -0.11791677175264026 0.8012070634457924 Penicillium-chrysogenum
0 0 0.231529546153918 0.617393060904609 Penicillium-polonicum
0 0 0.25786420699250895 0.5766441121741626 Penicillium-mb
0 0 0.30057022616374635 0.5124695825590491 Penicillium-verrucosum
0 0 -0.5786135704512336 0.1735223328807906 Penicillium-solitum
0 0 0.21233123838715628 0.647605739267554 Penicillium-commune
0 0 -0.23388912174443033 0.6137082657620951 Penicillium-brevicompactum
0 0 0.9248414937501647 0.0028555187228043364 Penicillium-cvjetkovicii
0 0 -0.11214293626702669 0.8108150884501569 Penicillium-chrysogenum
0 0 0.2352141757325836 0.611641838763347 Penicillium-polonicum
0 0 0.2610319862195728 0.5718000814925888 Penicillium-mb
0 0 0.301068047410852 0.5117365353477558 Penicillium-verrucosum
0 0 -0.5740231432205772 0.17777563735270674 Penicillium-solitum
0 0 0.21452874415383713 0.6441271209543942 Penicillium-commune
0 0 -0.2335385199955584 0.6142553712368067 Penicillium-brevicompactum
0 0 0.9248414937501642 0.002855518722804375 Penicillium-cvjetkovicii
0 0 -0.10942512367493716 0.8153443070522424 Penicillium-chrysogenum
0 0 0.23931991828463015 0.6052519456819598 Penicillium-polonicum
0 0 0.26539710028529273 0.5651462673441033 Penicillium-mb
0 0 0.30728646046402264 0.5026105617372644 Penicillium-verrucosum
0 0 -0.5823027377613424 0.17014079631405565 Penicillium-solitum
0 0 0.22296779673863737 0.6308165649166964 Penicillium-commune
0 0 -0.23290378345317608 0.6152462236446794 Penicillium-brevicompactum
0 0 0.9248414937501644 0.002855518722804355 Penicillium-cvjetkovicii
0 0 -0.11380403721279075 0.8080489312287715 Penicillium-chrysogenum
0 0 0.23444878377546305 0.6128352219042368 Penicillium-polonicum
0 0 0.2599377144928738 0.5734719458045316 Penicillium-mb
0 0 0.29834263026741614 0.515754166074234 Penicillium-verrucosum
0 0 -0.5804980613427626 0.17179089169481812 Penicillium-solitum
0 0 0.21816109022431393 0.6383884951221441 Penicillium-commune
0 0 -0.23344876278551246 0.6143954580368927 Penicillium-brevicompactum
0 0 0.9248414937501652 0.0028555187228042848 Penicillium-cvjetkovicii
0 0 -0.1012528198891122 0.8289876481027545 Penicillium-chrysogenum
0 0 0.24572523306315616 0.5953231154040433 Penicillium-polonicum
0 0 0.27136130356556765 0.5560951518729196 Penicillium-mb
0 0 0.31140699161154267 0.49659504059595394 Penicillium-verrucosum
0 0 -0.5799121414180927 0.17232831071461122 Penicillium-solitum
0 0 0.22606827578178043 0.6259459648916408 Penicillium-commune
0 0 -0.23241743557954161 0.6160057491811106 Penicillium-brevicompactum
0 0 0.9248414937501646 0.002855518722804344 Penicillium-cvjetkovicii
0 0 -0.10953933980160817 0.815153883486272 Penicillium-chrysogenum
0 0 0.23667284346271086 0.6093694049070122 Penicillium-polonicum
0 0 0.2621695387414805 0.57006372051733 Penicillium-mb
0 0 0.30128250944985685 0.511420849306707 Penicillium-verrucosum
0 0 -0.5763513485174319 0.1756120994570589 Penicillium-solitum
0 0 0.22064202915700665 0.6344771491326322 Penicillium-commune
0 0 -0.23338983595008686 0.6144874320009664 Penicillium-brevicompactum
0 0 0.9248414937501643 0.002855518722804365 Penicillium-cvjetkovicii
0 0 -0.10951446347731796 0.8151953572095312 Penicillium-chrysogenum
0 0 0.2362840263397712 0.6099748935628228 Penicillium-polonicum
0 0 0.26160824403190264 0.5709202731912715 Penicillium-mb
0 0 0.3002056753949127 0.5130066170666968 Penicillium-verrucosum
0 0 -0.5769470571843232 0.17506061161120054 Penicillium-solitum
0 0 0.21958941922197367 0.6361358307912327 Penicillium-commune
0 0 -0.23361466272992587 0.6141365402662838 Penicillium-brevicompactum
0 0 0.9248414937501648 0.0028555187228043234 Penicillium-cvjetkovicii
0 0 -0.11189373773089088 0.8112302032891172 Penicillium-chrysogenum
0 0 0.23496763456948844 0.6120261662228772 Penicillium-polonicum
0 0 0.26075498362308525 0.5722231501359876 Penicillium-mb
0 0 0.300992178939292 0.5118482291078841 Penicillium-verrucosum
0 0 -0.574118711625764 0.17768657266137255 Penicillium-solitum
0 0 0.2154741526643823 0.6426321361065975 Penicillium-commune
0 0 -0.23384625386936125 0.6137751524001507 Penicillium-brevicompactum
0 0 0.9248414937501644 0.002855518722804355 Penicillium-cvjetkovicii
0 0 -0.10544299645133161 0.8219878600775251 Penicillium-chrysogenum
0 0 0.24031761197584384 0.6037022049329681 Penicillium-polonicum
0 0 0.2660606392593978 0.5641369889481416 Penicillium-mb
0 0 0.3074681016674019 0.5023448506210189 Penicillium-verrucosum
0 0 -0.5778931718175635 0.174186479907739 Penicillium-solitum
0 0 0.222185949829118 0.632046468294122 Penicillium-commune
0 0 -0.23291179787247046 0.6152337098746795 Penicillium-brevicompactum
0 0 0.9248414937501643 0.002855518722804365 Penicillium-cvjetkovicii
0 0 -0.11486007371095196 0.8062911855123689 Penicillium-chrysogenum
0 0 0.23508126725476008 0.6118490180044671 Penicillium-polonicum
0 0 0.2614348920252871 0.5711848955099199 Penicillium-mb
0 0 0.304036135490984 0.5073735326461377 Penicillium-verrucosum
0 0 -0.5800690361398453 0.1721843223263615 Penicillium-solitum
0 0 0.21550525503486934 0.64258296983864 Penicillium-commune
0 0 -0.23353430210263254 0.6142619540216203 Penicillium-brevicompactum
0 0 0.9248414937501643 0.002855518722804365 Penicillium-cvjetkovicii
0 0 -0.11429385809878334 0.8072335566947199 Penicillium-chrysogenum
0 0 0.23504086158595477 0.611912006893957 Penicillium-polonicum
0 0 0.26131574270549196 0.5713667996732542 Penicillium-mb
0 0 0.30304453936437487 0.5088297100523362 Penicillium-verrucosum
0 0 -0.5754358129832488 0.17646133199303904 Penicillium-solitum
0 0 0.21259458984056395 0.6471885877883998 Penicillium-commune
0 0 -0.23353700527047874 0.6142577352368987 Penicillium-brevicompactum
0 0 0.9248414937501652 0.0028555187228042848 Penicillium-cvjetkovicii
0 0 -0.11248462224099502 0.8102459653753882 Penicillium-chrysogenum
0 0 0.23761703328849582 0.6078997950862064 Penicillium-polonicum
0 0 0.26385961742341785 0.5674870640759329 Penicillium-mb
0 0 0.30567123214550407 0.5049755325067644 Penicillium-verrucosum
0 0 -0.580965754147423 0.1713625063716588 Penicillium-solitum
0 0 0.2184010533731337 0.6380098864205207 Penicillium-commune
0 0 -0.2332397708984844 0.6147216740989792 Penicillium-brevicompactum
2 2 0.9248414937501649 0.0028555187228043156 Penicillium-cvjetkovicii
2 2 -0.1149614324963918 0.8061225104010366 Penicillium-chrysogenum
2 2 0.22960859815639728 0.6203975990075191 Penicillium-polonicum
2 2 0.25504366148659524 0.5809678884303024 Penicillium-mb
2 2 0.2951653908798617 0.5204514363096449 Penicillium-verrucosum
2 2 -0.5771224574820879 0.17489839396374882 Penicillium-solitum
2 2 0.214224507957253 0.6446084160394688 Penicillium-commune
2 2 -0.2340317289160887 0.6134857714680881 Penicillium-brevicompactum
0 0 0.9248414937501641 0.002855518722804386 Penicillium-cvjetkovicii
0 0 -0.11272063228021134 0.8098528983077135 Penicillium-chrysogenum
0 0 0.23446243763797048 0.6128139271239167 Penicillium-polonicum
0 0 0.26042169968553763 0.5727323081724878 Penicillium-mb
0 0 0.30161053411275307 0.5109381303802016 Penicillium-verrucosum
0 0 -0.5749800774809214 0.1768848122100658 Penicillium-solitum
0 0 0.21590763356110612 0.6419469880347277 Penicillium-commune
0 0 -0.23378625638718076 0.6138687698944096 Penicillium-brevicompactum
0 0 0.9248414937501643 0.002855518722804365 Penicillium-cvjetkovicii
0 0 -0.11463568663819643 0.8066646180289162 Penicillium-chrysogenum
0 0 0.23204436183773844 0.616588560017078 Penicillium-polonicum
0 0 0.25767508022562974 0.5769337208604806 Penicillium-mb
0 0 0.29847642773911076 0.5155566784774142 Penicillium-verrucosum
0 0 -0.5824459221699111 0.17001021254305962 Penicillium-solitum
0 0 0.22078133695218166 0.6342577215732773 Penicillium-commune
0 0 -0.2333574506486368 0.6145379812157465 Penicillium-brevicompactum
0 0 0.9248414937501644 0.002855518722804355 Penicillium-cvjetkovicii
0 0 -0.11132851935500115 0.8121718740899192 Penicillium-chrysogenum
0 0 0.2359635986562166 0.6104740150845531 Penicillium-polonicum
0 0 0.2618140684443554 0.5706061318375701 Penicillium-mb
0 0 0.30280333231430795 0.5091841459480213 Penicillium-verrucosum
0 0 -0.5778454082331687 0.1742305579933022 Penicillium-solitum
0 0 0.2178518197884309 0.6388765474556812 Penicillium-commune
0 0 -0.2336253665839771 0.6141198360011054 Penicillium-brevicompactum
