#SPECIES: Penicillium-cvjetkovicii Penicillium-polonicum Penicillium-mb Penicillium-verrucosum Penicillium-solitum Penicillium-commune Penicillium-chrysogenum Penicillium-brevicompactum 
#GENE_TREEs p: 0.6504324914330224 0.3646396428843147 0.7269563957585401 0.8765469884114616 0.3352242464966423 0.283176201898215 0.857789552623959 0.3507573271122542 
#GENE_TREEs r: 0.21054789922458989 0.4071479543712379 0.16299237328375143 -0.07291348956440943 0.43028609866690964 0.4734821112323759 -0.08406559983876277 -0.41796632028430614 
1 2 0.20822895874938027 0.6541132016589167 Penicillium-cvjetkovicii
1 2 0.4022252065207368 0.37103026061954525 Penicillium-polonicum
1 2 0.16483456919604028 0.7239541767756044 Penicillium-mb
1 2 -0.06638538282908475 0.8875488436434877 Penicillium-verrucosum
1 2 0.4244827263545894 0.34250428582320847 Penicillium-solitum
1 2 0.468638336445431 0.2888201972461245 Penicillium-commune
1 2 -0.08602904140915564 0.8544924110464245 Penicillium-chrysogenum
1 2 -0.4175747987718251 0.3512558150461113 Penicillium-brevicompactum
1 2 0.19167573848657765 0.6805455824325577 Penicillium-cvjetkovicii
1 2 0.4080100587116853 0.3635251854654813 Penicillium-polonicum
1 2 0.1654916171964247 0.7228840666588363 Penicillium-mb
1 2 -0.06979380644225382 0.881802725413443 Penicillium-verrucosum
1 2 0.4303588168041302 0.33513344642622 Penicillium-solitum
1 2 0.4732117466691104 0.28348992253246075 Penicillium-commune
1 2 -0.08310445160214754 0.8594041786042188 Penicillium-chrysogenum
1 2 -0.41819094630936954 0.350471465492451 Penicillium-brevicompactum
1 2 0.16737748228263222 0.7198146248558975 Penicillium-cvjetkovicii
1 2 0.40912343198311774 0.362087994963977 Penicillium-polonicum
1 2 0.1614905110799326 0.7294060323784979 Penicillium-mb
1 2 -0.07629480611257543 0.8708545524159064 Penicillium-verrucosum
1 2 0.4315888078248354 0.33359919467303933 Penicillium-solitum
1 2 0.4734949239512872 0.2831613383649977 Penicillium-commune
1 2 -0.08611745918553361 0.854343973351148 Penicillium-chrysogenum
1 2 -0.418491016230182 0.3500897454258445 Penicillium-brevicompactum
1 2 0.20141022034636516 0.6649682535646619 Penicillium-cvjetkovicii
1 2 0.40715642881787745 0.36462868096402057 Penicillium-polonicum
1 2 0.16310639082935754 0.7267705008366211 Penicillium-mb
1 2 -0.07279384276396667 0.8767484921491371 Penicillium-verrucosum
1 2 0.429859426256812 0.3357572250440396 Penicillium-solitum
1 2 0.4727031843744611 0.284080459117374 Penicillium-commune
1 2 -0.0844022738280283 0.8572240693978925 Penicillium-chrysogenum
1 2 -0.41806102032329495 0.3506367988723594 Penicillium-brevicompactum
1 2 0.17811557628443578 0.7023951950774856 Penicillium-cvjetkovicii
1 2 0.41153752997691934 0.35897987477874305 Penicillium-polonicum
1 2 0.16687155000629525 0.7206377903048431 Penicillium-mb
1 2 -0.07068036353778862 0.8803087830393875 Penicillium-verrucosum
1 2 0.43374547202219416 0.330916285299537 Penicillium-solitum
1 2 0.47595265654586333 0.28031667544878647 Penicillium-commune
1 2 -0.08103838130990844 0.862876268369581 Penicillium-chrysogenum
1 2 -0.4183624156611136 0.3502533173530485 Penicillium-brevicompactum
1 2 0.19212610268826322 0.6798228627918178 Penicillium-cvjetkovicii
1 2 0.40930569175964465 0.36185295049088056 Penicillium-polonicum
1 2 0.16596065855750006 0.7221203755363628 Penicillium-mb
1 2 -0.07236912018937577 0.8774638334125275 Penicillium-verrucosum
1 2 0.4316805212375465 0.3334849143679974 Penicillium-solitum
1 2 0.4749106911714842 0.2815211117545322 Penicillium-commune
1 2 -0.0821185099893378 0.8610608596103636 Penicillium-chrysogenum
1 2 -0.41818506606456224 0.35047894751442343 Penicillium-brevicompactum
1 2 0.08170465237680281 0.8617563869600086 Penicillium-cvjetkovicii
1 2 0.41595606698938353 0.35331993734221595 Penicillium-polonicum
1 2 0.1708098666159856 0.7142357555033825 Penicillium-mb
1 2 -0.06862376613298277 0.8837747930042537 Penicillium-verrucosum
1 2 0.43765390517163755 0.3260777757361934 Penicillium-solitum
1 2 0.4790973694109987 0.2766956641408277 Penicillium-commune
1 2 -0.07645113648584155 0.870591476346479 Penicillium-chrysogenum
1 2 -0.41934186349413227 0.3490083275648796 Penicillium-brevicompactum
1 0 0.25948714309493554 0.5741607888405436 Penicillium-cvjetkovicii
1 0 0.416867276562564 0.35215738844814903 Penicillium-polonicum
1 0 0.17146118613575181 0.7131782589812758 Penicillium-mb
1 0 -0.06687245638203716 0.8867274621113049 Penicillium-verrucosum
1 0 0.43954366375424075 0.3237492847812156 Penicillium-solitum
1 0 0.48194855846226214 0.2734309382661757 Penicillium-commune
1 0 -0.07742672043986518 0.868949958081004 Penicillium-chrysogenum
1 0 -0.4179663202843062 0.35075732711225377 Penicillium-brevicompactum
1 0 0.2175039074906507 0.6394257033810791 Penicillium-cvjetkovicii
1 0 0.4093023644021565 0.36185724092633326 Penicillium-polonicum
1 0 0.1643596035720497 0.7247279586435134 Penicillium-mb
1 0 -0.07351293764310803 0.8755375050274851 Penicillium-verrucosum
1 0 0.43129437868197595 0.3339661833983917 Penicillium-solitum
1 0 0.4736756262179225 0.2829517498855691 Penicillium-commune
1 0 -0.08431175223778893 0.857376106200856 Penicillium-chrysogenum
1 0 -0.4179663202843063 0.35075732711225377 Penicillium-brevicompactum
1 2 0.2082289587493805 0.6541132016589164 Penicillium-cvjetkovicii
1 2 0.40577568928457847 0.36641649662873454 Penicillium-polonicum
1 2 0.15840774941338953 0.7344399381725022 Penicillium-mb
1 2 -0.08066432737673074 0.863505065653917 Penicillium-verrucosum
1 2 0.4284439410413701 0.3375279563447037 Penicillium-solitum
1 2 0.47143589808766795 0.28555440344327 Penicillium-commune
1 2 -0.0898502924252066 0.8480803713951297 Penicillium-chrysogenum
1 2 -0.4177759565552158 0.3509996625337085 Penicillium-brevicompactum
3 4 0.019834332121918034 0.9663348148646962 Penicillium-cvjetkovicii
3 4 0.4164156228004734 0.35273342195381985 Penicillium-polonicum
3 4 0.17486928076177638 0.7076507845751517 Penicillium-mb
3 4 -0.06144086555654792 0.8958915106705266 Penicillium-verrucosum
3 4 0.43692065662208723 0.3269831862042356 Penicillium-solitum
3 4 0.4750012413857989 0.28141635054318365 Penicillium-commune
3 4 -0.07576537817515949 0.8717455552001184 Penicillium-chrysogenum
3 4 -0.4198197501920072 0.34840155405626355 Penicillium-brevicompactum
1 2 0.2082289587493805 0.6541132016589164 Penicillium-cvjetkovicii
1 2 0.40508069476536135 0.3673177557450895 Penicillium-polonicum
1 2 0.1603705973448235 0.7312338782855508 Penicillium-mb
1 2 -0.07661660630527894 0.8703130305595963 Penicillium-verrucosum
1 2 0.4280017807380237 0.3380818963696053 Penicillium-solitum
1 2 0.4711862101828861 0.2858452095010371 Penicillium-commune
1 2 -0.08614197549467294 0.8543028154403498 Penicillium-chrysogenum
1 2 -0.4176625410692294 0.3511440751769049 Penicillium-brevicompactum
1 2 0.2082289587493805 0.6541132016589164 Penicillium-cvjetkovicii
1 2 0.4053426024781401 0.3669780104640589 Penicillium-polonicum
1 2 0.15921092344458465 0.7331276835162361 Penicillium-mb
1 2 -0.07850772735782076 0.8671314922776798 Penicillium-verrucosum
1 2 0.42852767674404546 0.33742309535618126 Penicillium-solitum
1 2 0.47231325922726924 0.284533607284021 Penicillium-commune
1 2 -0.09010814075165435 0.8476479397571888 Penicillium-chrysogenum
1 2 -0.4178373677151716 0.35092147769909154 Penicillium-brevicompactum
3 4 0.20822895874938027 0.6541132016589167 Penicillium-cvjetkovicii
3 4 0.40611306375043404 0.36597932302177855 Penicillium-polonicum
3 4 0.15782577057150568 0.7353911173807345 Penicillium-mb
3 4 -0.08109282574819372 0.8627847502237682 Penicillium-verrucosum
3 4 0.4295254067981376 0.33617471713972413 Penicillium-solitum
3 4 0.4739246382885687 0.28266304559349387 Penicillium-commune
3 4 -0.08808918934246936 0.8510346835781075 Penicillium-chrysogenum
3 4 -0.41795593948240634 0.35077054019731346 Penicillium-brevicompactum
1 2 0.20822895874938024 0.6541132016589168 Penicillium-cvjetkovicii
1 2 0.40319303220701574 0.3697702441921917 Penicillium-polonicum
1 2 0.16368953893212124 0.7258198992638266 Penicillium-mb
1 2 -0.07051547332658929 0.8805866192079161 Penicillium-verrucosum
1 2 0.4242606142974436 0.34278422856874935 Penicillium-solitum
1 2 0.4671364938252663 0.2905802171674606 Penicillium-commune
1 2 -0.08659060986967977 0.8535496957800969 Penicillium-chrysogenum
1 2 -0.4174979677011176 0.3513536716785364 Penicillium-brevicompactum
1 2 0.20822895874937983 0.6541132016589175 Penicillium-cvjetkovicii
1 2 0.40371531428544866 0.3690910139146237 Penicillium-polonicum
1 2 0.1639473865839344 0.7253996656796162 Penicillium-mb
1 2 -0.07024159845639581 0.8810481135036798 Penicillium-verrucosum
1 2 0.42610879896756154 0.34045778113513187 Penicillium-solitum
1 2 0.47035383987097307 0.2868156059732369 Penicillium-commune
1 2 -0.08668155749221332 0.8533970333523936 Penicillium-chrysogenum
1 2 -0.4177733062830415 0.35100303685801687 Penicillium-brevicompactum
1 2 0.19801523301763907 0.6703903988839436 Penicillium-cvjetkovicii
1 2 0.40808716681605134 0.36342557512627605 Penicillium-polonicum
1 2 0.16297217336331718 0.7269893309460422 Penicillium-mb
1 2 -0.0753785897950688 0.8723965704111818 Penicillium-verrucosum
1 2 0.43040629679096337 0.33507416581495947 Penicillium-solitum
1 2 0.47322401707913325 0.28347568105853016 Penicillium-commune
1 2 -0.08514849641836617 0.8559708748750761 Penicillium-chrysogenum
1 2 -0.41810701712823095 0.35057826329701763 Penicillium-brevicompactum
1 2 0.2082289587493811 0.6541132016589155 Penicillium-cvjetkovicii
1 2 0.40576275778088505 0.3664332576949455 Penicillium-polonicum
1 2 0.1583256796147032 0.734574055744281 Penicillium-mb
1 2 -0.07963515235739979 0.8652354384761776 Penicillium-verrucosum
1 2 0.4285956786000191 0.33733794780591025 Penicillium-solitum
1 2 0.47125863418599206 0.28576084525484347 Penicillium-commune
1 2 -0.08896156288630828 0.849571071413625 Penicillium-chrysogenum
1 2 -0.4177370188857442 0.3510492393074772 Penicillium-brevicompactum
1 2 0.12125100178320476 0.7956676887443641 Penicillium-cvjetkovicii
1 2 0.41166574669593714 0.3588151082748931 Penicillium-polonicum
1 2 0.16559785693665824 0.7227110715344038 Penicillium-mb
1 2 -0.07434075741282288 0.8741436596403545 Penicillium-verrucosum
1 2 0.4338990211195698 0.33072562147744744 Penicillium-solitum
1 2 0.47649845332511387 0.2796866975032392 Penicillium-commune
1 2 -0.08301933779300334 0.8595471795231358 Penicillium-chrysogenum
1 2 -0.41898278103578895 0.3494645465116638 Penicillium-brevicompactum
1 2 0.20523627607956374 0.6588715366373415 Penicillium-cvjetkovicii
1 2 0.40734137693989547 0.36438947956955897 Penicillium-polonicum
1 2 0.16133299091252779 0.7296630645592602 Penicillium-mb
1 2 -0.07629359224430901 0.8708565951762541 Penicillium-verrucosum
1 2 0.43021216591031997 0.3353165739350776 Penicillium-solitum
1 2 0.47325818231556704 0.283436029355188 Penicillium-commune
1 2 -0.08684181310264473 0.8531280411068543 Penicillium-chrysogenum
1 2 -0.41800827186813944 0.3507039316410555 Penicillium-brevicompactum
3 2 0.24869752160768502 0.5907326257668546 Penicillium-cvjetkovicii
3 2 0.41471535381277796 0.3549054481965076 Penicillium-polonicum
3 2 0.16492875978666535 0.7238007500143218 Penicillium-mb
3 2 -0.07376030331319373 0.8751209749939496 Penicillium-verrucosum
3 2 0.4374984649840298 0.3262696222991874 Penicillium-solitum
3 2 0.48051868903876627 0.27506601525230046 Penicillium-commune
3 2 -0.07976228482904767 0.8650216647812449 Penicillium-chrysogenum
3 2 -0.4179663202843062 0.35075732711225377 Penicillium-brevicompactum
1 2 0.18168321454282002 0.696630223857128 Penicillium-cvjetkovicii
1 2 0.4058550856153296 0.36631359462600943 Penicillium-polonicum
1 2 0.1641232954450704 0.7251130052838695 Penicillium-mb
1 2 -0.07223788241847486 0.877684884757572 Penicillium-verrucosum
1 2 0.42823677386120246 0.33778744816273937 Penicillium-solitum
1 2 0.47287995320637133 0.2838751349831659 Penicillium-commune
1 2 -0.08983853798529615 0.8481000852251422 Penicillium-chrysogenum
1 2 -0.41831832103772065 0.35030941034098984 Penicillium-brevicompactum
1 2 0.2082289587493805 0.6541132016589164 Penicillium-cvjetkovicii
1 2 0.40784795967602083 0.36373462617251506 Penicillium-polonicum
1 2 0.16371118646145982 0.7257846165640471 Penicillium-mb
1 2 -0.07292879809353446 0.8765212068604822 Penicillium-verrucosum
1 2 0.43026431687957334 0.33525144653164046 Penicillium-solitum
1 2 0.4730582575332095 0.28366809448489755 Penicillium-commune
1 2 -0.08467726413970647 0.8567622271152127 Penicillium-chrysogenum
1 2 -0.4177088130802863 0.3510851537349867 Penicillium-brevicompactum
1 2 0.2082289587493804 0.6541132016589165 Penicillium-cvjetkovicii
1 2 0.40789123895004914 0.3636787021364145 Penicillium-polonicum
1 2 0.16224720175796647 0.7281715899451964 Penicillium-mb
1 2 -0.07616868256952751 0.871066802692352 Penicillium-verrucosum
1 2 0.4295258306094296 0.33617418727682397 Penicillium-solitum
1 2 0.4717319469627327 0.28520977283070265 Penicillium-commune
1 2 -0.08709307997834914 0.8527063074211952 Penicillium-chrysogenum
1 2 -0.4177940895049715 0.35097657604156207 Penicillium-brevicompactum
3 4 0.2082289587493803 0.6541132016589167 Penicillium-cvjetkovicii
3 4 0.4041559016401734 0.3685184269918965 Penicillium-polonicum
3 4 0.1572483213550406 0.7363351591302784 Penicillium-mb
3 4 -0.08052932679839658 0.8637320202658978 Penicillium-verrucosum
3 4 0.42681629972505114 0.3395689710535367 Penicillium-solitum
3 4 0.4697577410554601 0.2875114518349057 Penicillium-commune
3 4 -0.087317865545925 0.8523290443790665 Penicillium-chrysogenum
3 4 -0.41726948430002514 0.3516447491459263 Penicillium-brevicompactum
1 2 0.20212057606699138 0.6638352009488808 Penicillium-cvjetkovicii
1 2 0.4094539373488135 0.36166181772976386 Penicillium-polonicum
1 2 0.1660384018752592 0.7219938119037055 Penicillium-mb
1 2 -0.07139727174301767 0.8791009231884772 Penicillium-verrucosum
1 2 0.4318193696371368 0.33331193284178834 Penicillium-solitum
1 2 0.47487609046936674 0.2815611473173135 Penicillium-commune
1 2 -0.08259270782632973 0.8602640125195887 Penicillium-chrysogenum
1 2 -0.4180513007431825 0.35064916854248324 Penicillium-brevicompactum
1 2 0.20822895874938044 0.6541132016589165 Penicillium-cvjetkovicii
1 2 0.4074488413926827 0.36425052091848126 Penicillium-polonicum
1 2 0.164176689417739 0.7250259997200859 Penicillium-mb
1 2 -0.07298487870336536 0.8764267605726821 Penicillium-verrucosum
1 2 0.4295714850647188 0.3361171106441596 Penicillium-solitum
1 2 0.47268068405102387 0.2841065989077349 Penicillium-commune
1 2 -0.08515731907476941 0.8559560596792247 Penicillium-chrysogenum
1 2 -0.41795584661360025 0.35077065840525257 Penicillium-brevicompactum
1 0 0.2320113774746034 0.6166400954520714 Penicillium-cvjetkovicii
1 0 0.41142505707151417 0.35912443535353944 Penicillium-polonicum
1 0 0.165077838219953 0.7235579316405347 Penicillium-mb
1 0 -0.07414288423061836 0.8744768061069943 Penicillium-verrucosum
1 0 0.4345808809349888 0.32987951490936807 Penicillium-solitum
1 0 0.4775304178321176 0.2784973049222931 Penicillium-commune
1 0 -0.08130595368586403 0.8624265054729521 Penicillium-chrysogenum
1 0 -0.4179663202843062 0.35075732711225377 Penicillium-brevicompactum
1 2 0.20822895874938047 0.6541132016589164 Penicillium-cvjetkovicii
1 2 0.40707531950693376 0.36473360357618384 Penicillium-polonicum
1 2 0.15990482421880495 0.7319943791440551 Penicillium-mb
1 2 -0.07949817200262989 0.8654657787339257 Penicillium-verrucosum
1 2 0.4292916389046106 0.3364670355628781 Penicillium-solitum
1 2 0.4716308905392466 0.2853273917856976 Penicillium-commune
1 2 -0.08729279460758542 0.8523711204318152 Penicillium-chrysogenum
1 2 -0.41793945813475936 0.35079151872037356 Penicillium-brevicompactum
1 2 0.17648578350229138 0.7050325823202543 Penicillium-cvjetkovicii
1 2 0.4088066674380882 0.3624966487162822 Penicillium-polonicum
1 2 0.1648602508368652 0.7239123433018388 Penicillium-mb
1 2 -0.07297466892619695 0.8764439549414467 Penicillium-verrucosum
1 2 0.4311733354107509 0.33411710660111976 Penicillium-solitum
1 2 0.4742502061651284 0.2822857813945711 Penicillium-commune
1 2 -0.08373915554975621 0.8583379000535964 Penicillium-chrysogenum
1 2 -0.4183823268140636 0.35022798951032347 Penicillium-brevicompactum
1 2 0.2044958849318592 0.6600501697309631 Penicillium-cvjetkovicii
1 2 0.4062071460166398 0.36585744852398155 Penicillium-polonicum
1 2 0.16239986993335245 0.7279225882022098 Penicillium-mb
1 2 -0.07534169384143176 0.872458674102398 Penicillium-verrucosum
1 2 0.4278697016214702 0.33824744028710296 Penicillium-solitum
1 2 0.47085436032378025 0.2862319120252392 Penicillium-commune
1 2 -0.08817222012082762 0.8508953651870038 Penicillium-chrysogenum
1 2 -0.41801855609984323 0.3506908425141316 Penicillium-brevicompactum
1 2 0.2082289587493806 0.6541132016589162 Penicillium-cvjetkovicii
1 2 0.40367443238900025 0.36914416250792 Penicillium-polonicum
1 2 0.157460871197094 0.7359876417059072 Penicillium-mb
1 2 -0.08087511451009809 0.8631507183066215 Penicillium-verrucosum
1 2 0.42510987232607744 0.3417143730315825 Penicillium-solitum
1 2 0.46812579370129115 0.28942031569081944 Penicillium-commune
1 2 -0.0962148717605242 0.8374155508708758 Penicillium-chrysogenum
1 2 -0.4176444444322357 0.3511671200372687 Penicillium-brevicompactum
1 2 0.14128415050420015 0.7625352543762893 Penicillium-cvjetkovicii
1 2 0.4106535476850461 0.36011670150336156 Penicillium-polonicum
1 2 0.1698459645058017 0.7158014347648562 Penicillium-mb
1 2 -0.06640547829718772 0.8875149538557665 Penicillium-verrucosum
1 2 0.43263403607173856 0.3322977675596775 Penicillium-solitum
1 2 0.4759488095617838 0.2803211180283307 Penicillium-commune
1 2 -0.0808185918962517 0.8632457348339247 Penicillium-chrysogenum
1 2 -0.41878022800328146 0.3497220030000117 Penicillium-brevicompactum
1 0 0.23833489266946473 0.6067831644678625 Penicillium-cvjetkovicii
1 0 0.41265233754751945 0.3575483286517744 Penicillium-polonicum
1 0 0.1661138345475544 0.7218710147454482 Penicillium-mb
1 0 -0.07413243252186105 0.8744944033932563 Penicillium-verrucosum
1 0 0.4350005047100524 0.32935927254356767 Penicillium-solitum
1 0 0.4776925015969593 0.27831070167053656 Penicillium-commune
1 0 -0.0829544983672383 0.8596561192113017 Penicillium-chrysogenum
1 0 -0.4179663202843062 0.35075732711225377 Penicillium-brevicompactum
1 2 0.18895138781626966 0.6849215977229361 Penicillium-cvjetkovicii
1 2 0.40489589260769093 0.3675575579736624 Penicillium-polonicum
1 2 0.16175239242791392 0.728978754320869 Penicillium-mb
1 2 -0.0758849678682915 0.8715442818101509 Penicillium-verrucosum
1 2 0.4270087638356513 0.339327354877671 Penicillium-solitum
1 2 0.47085084372449115 0.28623601114367175 Penicillium-commune
1 2 -0.08925492019262969 0.8490789724102448 Penicillium-chrysogenum
1 2 -0.4182262557356941 0.35042653919441125 Penicillium-brevicompactum
1 2 0.18864277440618077 0.685417755148702 Penicillium-cvjetkovicii
1 2 0.4088995822299461 0.36237676080610975 Penicillium-polonicum
1 2 0.164340505524721 0.7247590757894042 Penicillium-mb
1 2 -0.0731452365568462 0.876156705680825 Penicillium-verrucosum
1 2 0.43040023551904544 0.33508173330046775 Penicillium-solitum
1 2 0.4724301963070451 0.284397676008863 Penicillium-commune
1 2 -0.08500866937793368 0.8562056799601183 Penicillium-chrysogenum
1 2 -0.41823022754364814 0.3504214857761789 Penicillium-brevicompactum
1 2 0.20822895874938027 0.6541132016589167 Penicillium-cvjetkovicii
1 2 0.4043580405639842 0.3682558497158017 Penicillium-polonicum
1 2 0.16355763030460177 0.726034901756616 Penicillium-mb
1 2 -0.07138085178409002 0.8791285857521389 Penicillium-verrucosum
1 2 0.4266063551855341 0.3398326149014669 Penicillium-solitum
1 2 0.470326367764194 0.28684765856571887 Penicillium-commune
1 2 -0.08616459494548948 0.8542648422029724 Penicillium-chrysogenum
1 2 -0.4174742555534237 0.3513838751868475 Penicillium-brevicompactum
1 2 0.2082289587493818 0.6541132016589144 Penicillium-cvjetkovicii
1 2 0.4079993301624211 0.3635390457901504 Penicillium-polonicum
1 2 0.16305794425829312 0.7268494871287917 Penicillium-mb
1 2 -0.07399852791645746 0.8747198589374803 Penicillium-verrucosum
1 2 0.4304656336062198 0.33500008776243845 Penicillium-solitum
1 2 0.47303273159267833 0.28369773013998034 Penicillium-commune
1 2 -0.0844742548669643 0.8571031751420781 Penicillium-chrysogenum
1 2 -0.4178966644420971 0.35084599174698716 Penicillium-brevicompactum
1 0 0.21576851099101044 0.6421668594051664 Penicillium-cvjetkovicii
1 0 0.4085869930733748 0.3627801596736687 Penicillium-polonicum
1 0 0.16192872787231555 0.7286910818975425 Penicillium-mb
1 0 -0.07788534917987398 0.8681783980463239 Penicillium-verrucosum
1 0 0.4310398556920869 0.3342835698857972 Penicillium-solitum
1 0 0.47396088577816686 0.282621031285204 Penicillium-commune
1 0 -0.08647850922463272 0.8537378701474886 Penicillium-chrysogenum
1 0 -0.4179663202843062 0.35075732711225377 Penicillium-brevicompactum
1 0 0.24466453172123878 0.5969638946627598 Penicillium-cvjetkovicii
1 0 0.41071547244222883 0.3600370159122567 Penicillium-polonicum
1 0 0.17170435784927013 0.7127835335977794 Penicillium-mb
1 0 -0.060245608831805984 0.8979093841240885 Penicillium-verrucosum
1 0 0.43227683967646885 0.33274227347736673 Penicillium-solitum
1 0 0.4743376885879624 0.2821844462137208 Penicillium-commune
1 0 -0.07826597321496458 0.8675381299835405 Penicillium-chrysogenum
1 0 -0.41796632028430625 0.35075732711225377 Penicillium-brevicompactum
1 0 0.21766641173028045 0.6391691851786769 Penicillium-cvjetkovicii
1 0 0.4093409135266066 0.3618075353463373 Penicillium-polonicum
1 0 0.16717314470658556 0.7201470617384249 Penicillium-mb
1 0 -0.06844203334818791 0.8840811411548366 Penicillium-verrucosum
1 0 0.4318506082603786 0.3332730200917169 Penicillium-solitum
1 0 0.47506925020071716 0.28133767986787855 Penicillium-commune
1 0 -0.08210724611474213 0.8610797886868152 Penicillium-chrysogenum
1 0 -0.41796632028430625 0.35075732711225377 Penicillium-brevicompactum
1 2 0.20822895874938124 0.6541132016589152 Penicillium-cvjetkovicii
1 2 0.4017826187776579 0.3716070530863272 Penicillium-polonicum
1 2 0.15968065025428588 0.7323604660951348 Penicillium-mb
1 2 -0.07577809181842896 0.8717241574584577 Penicillium-verrucosum
1 2 0.4239453905432876 0.3431816919398319 Penicillium-solitum
1 2 0.46791184874144975 0.28967098014310977 Penicillium-commune
1 2 -0.09172689454509009 0.8449338617909896 Penicillium-chrysogenum
1 2 -0.4172499008799452 0.35166970222466426 Penicillium-brevicompactum
3 4 0.20822895874938047 0.6541132016589164 Penicillium-cvjetkovicii
3 4 0.40726551662301247 0.36448758515571633 Penicillium-polonicum
3 4 0.16100110999518624 0.7302046742278834 Penicillium-mb
3 4 -0.07895385209457309 0.8663811583287504 Penicillium-verrucosum
3 4 0.42928421475060496 0.3364763209711765 Penicillium-solitum
3 4 0.47144412187899215 0.2855448276181405 Penicillium-commune
3 4 -0.08513795576763473 0.8559885750083327 Penicillium-chrysogenum
3 4 -0.4179490949103343 0.3507792523466491 Penicillium-brevicompactum
1 2 0.20822895874937977 0.6541132016589175 Penicillium-cvjetkovicii
1 2 0.40791495282982004 0.36364806135757244 Penicillium-polonicum
1 2 0.16317175906914835 0.7266639288529491 Penicillium-mb
1 2 -0.07486183502470195 0.8732664252985989 Penicillium-verrucosum
1 2 0.4301085594039746 0.33544597622816347 Penicillium-solitum
1 2 0.472830372223752 0.2839327186057753 Penicillium-commune
1 2 -0.08496182743441445 0.8562843413571061 Penicillium-chrysogenum
1 2 -0.41791981953831786 0.3508165166793211 Penicillium-brevicompactum
1 2 0.20822895874938058 0.6541132016589162 Penicillium-cvjetkovicii
1 2 0.40813658073858183 0.36336174681302963 Penicillium-polonicum
1 2 0.16371762476817697 0.725774123023208 Penicillium-mb
1 2 -0.07394426148967483 0.874811229385787 Penicillium-verrucosum
1 2 0.43029470028146927 0.33521350547787293 Penicillium-solitum
1 2 0.4729426438691259 0.2838023331748331 Penicillium-commune
1 2 -0.08451729969855068 0.8570308811522225 Penicillium-chrysogenum
1 2 -0.4176038739984947 0.3512187860790051 Penicillium-brevicompactum
1 0 0.24147658861894042 0.6019034247411956 Penicillium-cvjetkovicii
1 0 0.41248172640515696 0.3577672596807527 Penicillium-polonicum
1 0 0.1677269935355058 0.7192460862273315 Penicillium-mb
1 0 -0.06960713965161694 0.882117314314304 Penicillium-verrucosum
1 0 0.43497368915891105 0.3293925075008895 Penicillium-solitum
1 0 0.47729928618155215 0.2787634984908128 Penicillium-commune
1 0 -0.07997383703136776 0.8646659535261128 Penicillium-chrysogenum
1 0 -0.41796632028430625 0.35075732711225377 Penicillium-brevicompactum
1 2 0.20183805132399998 0.6642857810970744 Penicillium-cvjetkovicii
1 2 0.4092712256518624 0.3618973935683585 Penicillium-polonicum
1 2 0.16413601330090688 0.7250922813041616 Penicillium-mb
1 2 -0.07400863043926191 0.8747028490574815 Penicillium-verrucosum
1 2 0.4313653718767396 0.333877678807473 Penicillium-solitum
1 2 0.4738896611397099 0.2827035901027704 Penicillium-commune
1 2 -0.08466314379587227 0.8567859412395341 Penicillium-chrysogenum
1 2 -0.4180551704374024 0.3506442437357317 Penicillium-brevicompactum
1 0 0.2164607566801724 0.6410730297426627 Penicillium-cvjetkovicii
1 0 0.4093149801699432 0.36184097373328916 Penicillium-polonicum
1 0 0.16290424547489885 0.7271000871867519 Penicillium-mb
1 0 -0.0762247699080464 0.8709724138993503 Penicillium-verrucosum
1 0 0.4321586946465482 0.3328893524522329 Penicillium-solitum
1 0 0.47586097880390593 0.28042255544972255 Penicillium-commune
1 0 -0.08843227668694577 0.8504590329601777 Penicillium-chrysogenum
1 0 -0.4179663202843063 0.35075732711225377 Penicillium-brevicompactum
1 0 0.2200772151409382 0.6353670211143979 Penicillium-cvjetkovicii
1 0 0.4080677993054767 0.36345059354051 Penicillium-polonicum
1 0 0.1643685908499625 0.7247133154476382 Penicillium-mb
1 0 -0.07328815776258646 0.8759160234888821 Penicillium-verrucosum
1 0 0.43085444438674686 0.33451485589369445 Penicillium-solitum
1 0 0.47434357099499325 0.2821776329171439 Penicillium-commune
1 0 -0.08342106108551904 0.8588722653649203 Penicillium-chrysogenum
1 0 -0.41796632028430614 0.3507573271122542 Penicillium-brevicompactum
1 2 0.20822895874937983 0.6541132016589175 Penicillium-cvjetkovicii
1 2 0.40482532057046483 0.3676491503672447 Penicillium-polonicum
1 2 0.15935465631660914 0.7328929019760037 Penicillium-mb
1 2 -0.07773037977079023 0.8684390968118062 Penicillium-verrucosum
1 2 0.42682980525676756 0.33955201406246865 Penicillium-solitum
1 2 0.469039996171062 0.28835029495033104 Penicillium-commune
1 2 -0.08802404624640205 0.8511439901582505 Penicillium-chrysogenum
1 2 -0.417369076263422 0.3515178611133664 Penicillium-brevicompactum
1 2 0.2082289587493811 0.6541132016589155 Penicillium-cvjetkovicii
1 2 0.40792921951363836 0.36362962784430775 Penicillium-polonicum
1 2 0.1627516293291496 0.7273489411787634 Penicillium-mb
1 2 -0.07452128237819268 0.8738397341556685 Penicillium-verrucosum
1 2 0.4305265668443104 0.33492402393344545 Penicillium-solitum
1 2 0.4731193389008105 0.2835971845404571 Penicillium-commune
1 2 -0.08423730819128597 0.8575011423677918 Penicillium-chrysogenum
1 2 -0.41780812460970457 0.35095870727634126 Penicillium-brevicompactum
1 2 0.20492954320330056 0.6593597586082547 Penicillium-cvjetkovicii
1 2 0.40782146414067805 0.36376886457372665 Penicillium-polonicum
1 2 0.16268266028752432 0.7274614074918893 Penicillium-mb
1 2 -0.07468822304192828 0.8735586896999827 Penicillium-verrucosum
1 2 0.4304920234665808 0.33496714402188343 Penicillium-solitum
1 2 0.47360831217487964 0.2830298163271615 Penicillium-commune
1 2 -0.08630356480825256 0.8540315463310428 Penicillium-chrysogenum
1 2 -0.41801253698128776 0.35069850324696084 Penicillium-brevicompactum
1 0 0.20994843530313287 0.6513834454126 Penicillium-cvjetkovicii
1 0 0.4063314675832585 0.365696427595545 Penicillium-polonicum
1 0 0.16520926829034385 0.7233438741364018 Penicillium-mb
1 0 -0.06971982505169935 0.8819274045205283 Penicillium-verrucosum
1 0 0.42860286464820446 0.3373289504313345 Penicillium-solitum
1 0 0.4721414611373964 0.2847333632779628 Penicillium-commune
1 0 -0.08483212681178891 0.8565021517752993 Penicillium-chrysogenum
1 0 -0.41796632028430614 0.3507573271122542 Penicillium-brevicompactum
1 0 0.22573387925654947 0.6264707583824669 Penicillium-cvjetkovicii
1 0 0.41072465778697875 0.36002519671279426 Penicillium-polonicum
1 0 0.16653857539987083 0.7211796660374808 Penicillium-mb
1 0 -0.07143620504514735 0.8790353329799054 Penicillium-verrucosum
1 0 0.4330766376856031 0.3317473324454581 Penicillium-solitum
1 0 0.4761840348353938 0.28004953286873335 Penicillium-commune
1 0 -0.08342342130209611 0.8588683002908577 Penicillium-chrysogenum
1 0 -0.41796632028430625 0.35075732711225377 Penicillium-brevicompactum
1 2 0.20822895874938044 0.6541132016589165 Penicillium-cvjetkovicii
1 2 0.40696717991458675 0.36487351180644956 Penicillium-polonicum
1 2 0.16082960921936598 0.7304845881086732 Penicillium-mb
1 2 -0.0774930934205539 0.8688382923974745 Penicillium-verrucosum
1 2 0.42878734584391004 0.33709800349202945 Penicillium-solitum
1 2 0.4711870527332762 0.2858442279790503 Penicillium-commune
1 2 -0.08880833295673558 0.8498281259543093 Penicillium-chrysogenum
1 2 -0.417920522469891 0.35081562190522714 Penicillium-brevicompactum
1 2 0.20822895874938027 0.6541132016589167 Penicillium-cvjetkovicii
1 2 0.4071661110788881 0.3646161568704522 Penicillium-polonicum
1 2 0.16096674621232968 0.7302607589474867 Penicillium-mb
1 2 -0.07885127054027781 0.8665536824515642 Penicillium-verrucosum
1 2 0.42990428248852836 0.33570117587609766 Penicillium-solitum
1 2 0.47316905568259965 0.28353947369929994 Penicillium-commune
1 2 -0.08627901828448808 0.8540727532311768 Penicillium-chrysogenum
1 2 -0.41796519289011685 0.3507587620929763 Penicillium-brevicompactum
1 2 0.19277070465404925 0.6787887800905374 Penicillium-cvjetkovicii
1 2 0.40800239156576223 0.3635350907089857 Penicillium-polonicum
1 2 0.16462271659438876 0.7242992896584639 Penicillium-mb
1 2 -0.07246742767576632 0.8772982525916122 Penicillium-verrucosum
1 2 0.4303027938310813 0.3352033990242449 Penicillium-solitum
1 2 0.47374268469330827 0.2828739894069208 Penicillium-commune
1 2 -0.08603041606314046 0.8544901032211484 Penicillium-chrysogenum
1 2 -0.41817662816989426 0.3504896840062833 Penicillium-brevicompactum
1 2 0.2082289587493805 0.6541132016589164 Penicillium-cvjetkovicii
1 2 0.4015175964609333 0.37195261315019634 Penicillium-polonicum
1 2 0.15746301887421107 0.7359841304521606 Penicillium-mb
1 2 -0.07913598904681902 0.8660748464232779 Penicillium-verrucosum
1 2 0.42398924111793596 0.3431263894270378 Penicillium-solitum
1 2 0.4677676799133303 0.2898399471167002 Penicillium-commune
1 2 -0.09251187990902704 0.8436181563537122 Penicillium-chrysogenum
1 2 -0.41704742792159893 0.3519277354869982 Penicillium-brevicompactum
3 4 0.16214946126548327 0.7283310146349504 Penicillium-cvjetkovicii
3 4 0.41108870298576805 0.35955689285280795 Penicillium-polonicum
3 4 0.16175596309848 0.728972928902786 Penicillium-mb
3 4 -0.07647253382724319 0.8705554691840764 Penicillium-verrucosum
3 4 0.4342235276347197 0.3303228321529481 Penicillium-solitum
3 4 0.47735968100049014 0.2786939309598064 Penicillium-commune
3 4 -0.0827176700152762 0.860054040399105 Penicillium-chrysogenum
3 4 -0.4185514993861952 0.35001282568083947 Penicillium-brevicompactum
1 2 0.2082289587493812 0.6541132016589153 Penicillium-cvjetkovicii
1 2 0.4057056766935948 0.3665072466686864 Penicillium-polonicum
1 2 0.16328560726783725 0.7264783267685289 Penicillium-mb
1 2 -0.07136784062234491 0.8791505056139179 Penicillium-verrucosum
1 2 0.42832365678498313 0.3376786107410629 Penicillium-solitum
1 2 0.4716639916726712 0.2852888631960221 Penicillium-commune
1 2 -0.08585673120866175 0.8547816989790614 Penicillium-chrysogenum
1 2 -0.41786722994666486 0.3508834616149009 Penicillium-brevicompactum
1 2 0.20822895874938127 0.6541132016589152 Penicillium-cvjetkovicii
1 2 0.40364613034479446 0.3691809584800211 Penicillium-polonicum
1 2 0.16264900751377534 0.7275162857483605 Penicillium-mb
1 2 -0.0730877985301324 0.8762534346144795 Penicillium-verrucosum
1 2 0.4242041164347119 0.3428554520214302 Penicillium-solitum
1 2 0.46633942675741985 0.2915162336396167 Penicillium-commune
1 2 -0.08674107745444626 0.8532971265864211 Penicillium-chrysogenum
1 2 -0.41770514971396855 0.3510898184089592 Penicillium-brevicompactum
1 2 0.17208482285080812 0.7121660508658084 Penicillium-cvjetkovicii
1 2 0.40890367366291364 0.3623714820092849 Penicillium-polonicum
1 2 0.16473341495422011 0.7241189547873786 Penicillium-mb
1 2 -0.07165380131599332 0.8786687627340362 Penicillium-verrucosum
1 2 0.43125604951187096 0.33401397110964165 Penicillium-solitum
1 2 0.47366089223345725 0.28296883657788097 Penicillium-commune
1 2 -0.08287762024422395 0.8597852879593906 Penicillium-chrysogenum
1 2 -0.41843538289300214 0.3501605036428064 Penicillium-brevicompactum
3 2 0.20847918562323553 0.6537157625593443 Penicillium-cvjetkovicii
3 2 0.4079568916376567 0.3635938747030398 Penicillium-polonicum
3 2 0.16105161493884063 0.7301222474469609 Penicillium-mb
3 2 -0.07797241073206976 0.8680319420856397 Penicillium-verrucosum
3 2 0.4304738538963239 0.33498982582847253 Penicillium-solitum
3 2 0.4731116382516658 0.2836061238614779 Penicillium-commune
3 2 -0.08445387643834777 0.8571374010824104 Penicillium-chrysogenum
3 2 -0.4179663202843062 0.35075732711225377 Penicillium-brevicompactum
3 4 0.20822895874938027 0.6541132016589167 Penicillium-cvjetkovicii
3 4 0.4053119438870412 0.36701777393548396 Penicillium-polonicum
3 4 0.15759436161362153 0.7357694041472966 Penicillium-mb
3 4 -0.08096693485123081 0.8629963678387831 Penicillium-verrucosum
3 4 0.4280732113087683 0.3379923817996259 Penicillium-solitum
3 4 0.4713302456904048 0.28567743837797493 Penicillium-commune
3 4 -0.08786064445422678 0.8514181778336352 Penicillium-chrysogenum
3 4 -0.4176302123718222 0.3511852440616949 Penicillium-brevicompactum
1 2 0.1783619381045288 0.7019967296058576 Penicillium-cvjetkovicii
1 2 0.409407858430152 0.36172122271580376 Penicillium-polonicum
1 2 0.1634128975618738 0.7262708231751472 Penicillium-mb
1 2 -0.07671182565928555 0.870152804185525 Penicillium-verrucosum
1 2 0.43203263677346926 0.33304631269075646 Penicillium-solitum
1 2 0.47492101353702637 0.28150916851024305 Penicillium-commune
1 2 -0.0829989514109707 0.859581431426204 Penicillium-chrysogenum
1 2 -0.4183593932885359 0.3502571620079998 Penicillium-brevicompactum
1 2 0.2082289587493805 0.6541132016589164 Penicillium-cvjetkovicii
1 2 0.3983347986767951 0.3761128885816583 Penicillium-polonicum
1 2 0.15762048277419632 0.7357267014728341 Penicillium-mb
1 2 -0.0763814970901579 0.8707086658285438 Penicillium-verrucosum
1 2 0.41967572127013436 0.3485843811715314 Penicillium-solitum
1 2 0.46297821853970367 0.29547805042485975 Penicillium-commune
1 2 -0.09298751343431472 0.842821092661748 Penicillium-chrysogenum
1 2 -0.41675450364169775 0.35230118074520494 Penicillium-brevicompactum
1 2 0.20822895874938047 0.6541132016589164 Penicillium-cvjetkovicii
1 2 0.40698902809791404 0.36484524340252794 Penicillium-polonicum
1 2 0.16148776374878915 0.7294105151399934 Penicillium-mb
1 2 -0.07601283512870066 0.8713290830989955 Penicillium-verrucosum
1 2 0.42936412274548713 0.33637638555757826 Penicillium-solitum
1 2 0.4719568805641124 0.28494805165551407 Penicillium-commune
1 2 -0.08634742205325147 0.8539579226681746 Penicillium-chrysogenum
1 2 -0.4178297594417541 0.3509311636796117 Penicillium-brevicompactum
1 2 0.1742379383373 0.708673974799618 Penicillium-cvjetkovicii
1 2 0.4063865715621416 0.36562506643097187 Penicillium-polonicum
1 2 0.16897768527249218 0.7172124706728387 Penicillium-mb
1 2 -0.06456143618489367 0.8906253812108456 Penicillium-verrucosum
1 2 0.428153648658244 0.3378915922491729 Penicillium-solitum
1 2 0.4726391748657166 0.2841548250951114 Penicillium-commune
1 2 -0.08541324155579168 0.8555263237556023 Penicillium-chrysogenum
1 2 -0.4184095541084438 0.35019335646307603 Penicillium-brevicompactum
1 2 0.18868251586181262 0.6853538578122121 Penicillium-cvjetkovicii
1 2 0.4100810753144109 0.36085371263619603 Penicillium-polonicum
1 2 0.1636161738446605 0.7259394778244288 Penicillium-mb
1 2 -0.07581041103492653 0.8716697627684407 Penicillium-verrucosum
1 2 0.4323919053738034 0.3325990546060757 Penicillium-solitum
1 2 0.4749238363698434 0.2815059024590523 Penicillium-commune
1 2 -0.08462451284010072 0.8568508196503846 Penicillium-chrysogenum
1 2 -0.41822971639454437 0.35042213612066536 Penicillium-brevicompactum
1 0 0.24140375522750304 0.6020164180793923 Penicillium-cvjetkovicii
1 0 0.4134870255552813 0.35647804676278205 Penicillium-polonicum
1 0 0.16829243202973296 0.7183265236792893 Penicillium-mb
1 0 -0.07005282500439723 0.8813662227947855 Penicillium-verrucosum
1 0 0.43588808664738776 0.3282600212485326 Penicillium-solitum
1 0 0.4782379651923761 0.27768313469828804 Penicillium-commune
1 0 -0.07979495253081395 0.8649667349831911 Penicillium-chrysogenum
1 0 -0.41796632028430614 0.3507573271122542 Penicillium-brevicompactum
1 0 0.2511918692591534 0.5868886412526623 Penicillium-cvjetkovicii
1 0 0.4174512497593827 0.35141318001068167 Penicillium-polonicum
1 0 0.1749384702848683 0.7075386732418627 Penicillium-mb
1 0 -0.06307762172213213 0.8931290082859191 Penicillium-verrucosum
1 0 0.4393101412275383 0.3240366342733709 Penicillium-solitum
1 0 0.4816141591497994 0.27381293527551975 Penicillium-commune
1 0 -0.07472653982546856 0.8734941849205079 Penicillium-chrysogenum
1 0 -0.4179663202843063 0.35075732711225377 Penicillium-brevicompactum
1 2 0.20278378903082203 0.6627778025292448 Penicillium-cvjetkovicii
1 2 0.40710586639790225 0.3646940868033241 Penicillium-polonicum
1 2 0.16409257747756073 0.7251630613262594 Penicillium-mb
1 2 -0.07349037724134672 0.8755754948035599 Penicillium-verrucosum
1 2 0.42918444742245976 0.33660111078017624 Penicillium-solitum
1 2 0.4721893958844047 0.28467762148107484 Penicillium-commune
1 2 -0.08380711776062608 0.8582237362426196 Penicillium-chrysogenum
1 2 -0.41804219601850395 0.35066075587964424 Penicillium-brevicompactum
1 0 0.22222739556257232 0.6319812541228144 Penicillium-cvjetkovicii
1 0 0.40704128316985866 0.36477763652800943 Penicillium-polonicum
1 0 0.16573079584530487 0.7224946141324315 Penicillium-mb
1 0 -0.07000183081736629 0.881452157207208 Penicillium-verrucosum
1 0 0.42805729068891196 0.33801233215476034 Penicillium-solitum
1 0 0.4708728787263909 0.28621032650998873 Penicillium-commune
1 0 -0.08713525452402045 0.8526355231602378 Penicillium-chrysogenum
1 0 -0.4179663202843063 0.35075732711225377 Penicillium-brevicompactum
1 0 0.2256497969044658 0.6266027348207748 Penicillium-cvjetkovicii
1 0 0.41204438663326687 0.3583287156484719 Penicillium-polonicum
1 0 0.16800291197013745 0.7187973313027323 Penicillium-mb
1 0 -0.06744970283188595 0.8857541210142309 Penicillium-verrucosum
1 0 0.43465767376251574 0.32978428223031353 Penicillium-solitum
1 0 0.4770569782753411 0.2790426862405984 Penicillium-commune
1 0 -0.08103435784198396 0.8628830316491861 Penicillium-chrysogenum
1 0 -0.41796632028430625 0.35075732711225377 Penicillium-brevicompactum
1 2 0.1985539489362437 0.6695292485852811 Penicillium-cvjetkovicii
1 2 0.406786058388271 0.36510789178351366 Penicillium-polonicum
1 2 0.1660287412862607 0.7220095387591627 Penicillium-mb
1 2 -0.06936959917099447 0.8825176582836092 Penicillium-verrucosum
1 2 0.4278403994805235 0.3382841713498625 Penicillium-solitum
1 2 0.4705960860564967 0.28653303860933604 Penicillium-commune
1 2 -0.08584033028012297 0.8548092348239158 Penicillium-chrysogenum
1 2 -0.41809976818795724 0.35058748803328044 Penicillium-brevicompactum
1 2 0.2082289587493805 0.6541132016589164 Penicillium-cvjetkovicii
1 2 0.40602874979097286 0.3660885578354174 Penicillium-polonicum
1 2 0.16295073218145315 0.7270242903277816 Penicillium-mb
1 2 -0.07435636529039476 0.8741173822800716 Penicillium-verrucosum
1 2 0.42843330946905755 0.3375412710953805 Penicillium-solitum
1 2 0.4718207599594601 0.28510642178644574 Penicillium-commune
1 2 -0.08504613228743566 0.8561427694003272 Penicillium-chrysogenum
1 2 -0.41783950193097014 0.3509187606805785 Penicillium-brevicompactum
1 2 0.17321427827505043 0.7103337174388893 Penicillium-cvjetkovicii
1 2 0.4100773492491836 0.3608585116845303 Penicillium-polonicum
1 2 0.16450889057118925 0.7244847302651702 Penicillium-mb
1 2 -0.07424359485677459 0.8743072441990394 Penicillium-verrucosum
1 2 0.43252699168598097 0.3324309502175123 Penicillium-solitum
1 2 0.4756391240747859 0.2806788529372471 Penicillium-commune
1 2 -0.08565049360854572 0.8551279639052465 Penicillium-chrysogenum
1 2 -0.4184218643176469 0.350177698380164 Penicillium-brevicompactum
1 0 0.2309668844870532 0.6182726782669146 Penicillium-cvjetkovicii
1 0 0.40979066339601133 0.3612278328279118 Penicillium-polonicum
1 0 0.16287587953788982 0.7271463388893642 Penicillium-mb
1 0 -0.07454166584858381 0.8738054180359954 Penicillium-verrucosum
1 0 0.4330906736163702 0.33172988323206065 Penicillium-solitum
1 0 0.476096674012395 0.28015038369676865 Penicillium-commune
1 0 -0.08556673464672487 0.8552685972321366 Penicillium-chrysogenum
1 0 -0.4179663202843062 0.35075732711225377 Penicillium-brevicompactum
1 0 0.23672493541383202 0.6092882977316281 Penicillium-cvjetkovicii
1 0 0.4122720679725944 0.35803637312102443 Penicillium-polonicum
1 0 0.16821915542085664 0.718445676906474 Penicillium-mb
1 0 -0.06924955264225408 0.8827199888574525 Penicillium-verrucosum
1 0 0.43394507957027423 0.33066843927845346 Penicillium-solitum
1 0 0.47598288856189513 0.280281763967887 Penicillium-commune
1 0 -0.08125215867267896 0.8625169272390574 Penicillium-chrysogenum
1 0 -0.41796632028430625 0.35075732711225377 Penicillium-brevicompactum
1 2 0.2022178438546099 0.6636800935615711 Penicillium-cvjetkovicii
1 2 0.4045205581308765 0.3680447961597056 Penicillium-polonicum
1 2 0.16637079242119437 0.721452747603148 Penicillium-mb
1 2 -0.06650037837105899 0.8873549124809897 Penicillium-verrucosum
1 2 0.42613435244912956 0.34042566201749286 Penicillium-solitum
1 2 0.46974681183559197 0.2875242168828263 Penicillium-commune
1 2 -0.08520569859858185 0.8558748203323081 Penicillium-chrysogenum
1 2 -0.4180499672589729 0.35065086562179515 Penicillium-brevicompactum
1 2 0.14507703318619458 0.7562932554256732 Penicillium-cvjetkovicii
1 2 0.4119683790487783 0.358426331353046 Penicillium-polonicum
1 2 0.16572600435452847 0.7225024156082536 Penicillium-mb
1 2 -0.07051825999356146 0.8805819236579425 Penicillium-verrucosum
1 2 0.43500340493044276 0.3293556781219821 Penicillium-solitum
1 2 0.4771903697786521 0.27888897671654533 Penicillium-commune
1 2 -0.08205733590327388 0.8611636640323544 Penicillium-chrysogenum
1 2 -0.41874007507600847 0.34977304910527174 Penicillium-brevicompactum
1 2 0.2039314745770233 0.6609490334460217 Penicillium-cvjetkovicii
1 2 0.4064711670280037 0.3655155241562341 Penicillium-polonicum
1 2 0.16452292343109093 0.7244618679366509 Penicillium-mb
1 2 -0.07184321750847417 0.8783496796573825 Penicillium-verrucosum
1 2 0.4285774426618555 0.3373607807799168 Penicillium-solitum
1 2 0.4722513442603313 0.2846055908946873 Penicillium-commune
1 2 -0.0864713919110974 0.853749817597461 Penicillium-chrysogenum
1 2 -0.4180263710046695 0.35068089632879923 Penicillium-brevicompactum
3 4 0.16951801957666635 0.7163343009488439 Penicillium-cvjetkovicii
3 4 0.4089488733717405 0.3623131671305502 Penicillium-polonicum
3 4 0.16406824973391304 0.7252027048190447 Penicillium-mb
3 4 -0.07813213429364763 0.8677632610486022 Penicillium-verrucosum
3 4 0.43123347381533467 0.33404211920369736 Penicillium-solitum
3 4 0.4737237280418627 0.282895970421562 Penicillium-commune
3 4 -0.08203565002822881 0.8612001080054197 Penicillium-chrysogenum
3 4 -0.41846585896509725 0.3501217413842028 Penicillium-brevicompactum
1 2 0.18973287514142592 0.6836656042861086 Penicillium-cvjetkovicii
1 2 0.4070070004146949 0.3648219904894405 Penicillium-polonicum
1 2 0.16743998194262874 0.7197129511405895 Penicillium-mb
1 2 -0.06658063060561879 0.8872195758890681 Penicillium-verrucosum
1 2 0.429048107492742 0.33677167768128213 Penicillium-solitum
1 2 0.4726712467619937 0.28411756301458474 Penicillium-commune
1 2 -0.08372544410737652 0.8583609329519062 Penicillium-chrysogenum
1 2 -0.41821617273352263 0.3504393681559589 Penicillium-brevicompactum
1 2 0.18612305387341013 0.6894720562858926 Penicillium-cvjetkovicii
1 2 0.4074854657830969 0.3642031681573542 Penicillium-polonicum
1 2 0.16611788389963314 0.7218644229227372 Penicillium-mb
1 2 -0.07116379540685967 0.8794942679446556 Penicillium-verrucosum
1 2 0.429525084236661 0.3361751204169928 Penicillium-solitum
1 2 0.47305591284959647 0.2836708166083895 Penicillium-commune
1 2 -0.08295590952747545 0.8596537482375239 Penicillium-chrysogenum
1 2 -0.4182624457013322 0.3503804950366412 Penicillium-brevicompactum
1 0 0.2584999803147736 0.5756708891999766 Penicillium-cvjetkovicii
1 0 0.4170068953110637 0.3519794000992583 Penicillium-polonicum
1 0 0.17102795078543423 0.7138816287491947 Penicillium-mb
1 0 -0.0687439515699356 0.8835722019468657 Penicillium-verrucosum
1 0 0.43985784156726854 0.3233628619584715 Penicillium-solitum
1 0 0.48251646244322133 0.27278275111046163 Penicillium-commune
1 0 -0.07701682571829853 0.8696396019256053 Penicillium-chrysogenum
1 0 -0.41796632028430625 0.35075732711225377 Penicillium-brevicompactum
1 2 0.2082289587493812 0.6541132016589153 Penicillium-cvjetkovicii
1 2 0.4056138770115706 0.3666262510751421 Penicillium-polonicum
1 2 0.16517824440007842 0.7233944008285285 Penicillium-mb
1 2 -0.06994057247250704 0.8815553898015293 Penicillium-verrucosum
1 2 0.42605766668946476 0.3405220550387827 Penicillium-solitum
1 2 0.46825495772598646 0.2892690298540959 Penicillium-commune
1 2 -0.08634725855759133 0.8539581971286597 Penicillium-chrysogenum
1 2 -0.4178538169977428 0.3509005367429376 Penicillium-brevicompactum
1 2 0.2082289587493805 0.6541132016589164 Penicillium-cvjetkovicii
1 2 0.4047060597710336 0.367803955138701 Penicillium-polonicum
1 2 0.16221871258314763 0.7282180578843893 Penicillium-mb
1 2 -0.0737153190215297 0.8751967206995761 Penicillium-verrucosum
1 2 0.42713114826346943 0.3391737534309695 Penicillium-solitum
1 2 0.4706410780578849 0.28648057148270395 Penicillium-commune
1 2 -0.08666562970899831 0.8534237690723396 Penicillium-chrysogenum
1 2 -0.41764862439311634 0.3511617970796315 Penicillium-brevicompactum
1 2 0.12654374467714355 0.7868885767246687 Penicillium-cvjetkovicii
1 2 0.4121989733681949 0.358130215687328 Penicillium-polonicum
1 2 0.16644464716089788 0.7213325396144058 Penicillium-mb
1 2 -0.07310799359415673 0.8762194248279047 Penicillium-verrucosum
1 2 0.4345732490137978 0.3298889800852473 Penicillium-solitum
1 2 0.4770969259547254 0.2789966497967131 Penicillium-commune
1 2 -0.08133837316187104 0.8623720135214099 Penicillium-chrysogenum
1 2 -0.41893075694569143 0.3495306645201088 Penicillium-brevicompactum
1 2 0.20822895874937983 0.6541132016589175 Penicillium-cvjetkovicii
1 2 0.4073267865762238 0.36440834756272633 Penicillium-polonicum
1 2 0.16456959003683608 0.7243858398959416 Penicillium-mb
1 2 -0.07204299436659713 0.878013157598799 Penicillium-verrucosum
1 2 0.42953607239340885 0.33616138276751056 Penicillium-solitum
1 2 0.47269662556808384 0.2840880787113206 Penicillium-commune
1 2 -0.08455801150803932 0.8569625062148083 Penicillium-chrysogenum
1 2 -0.4177761595677716 0.35099940405885266 Penicillium-brevicompactum
1 0 0.22338194336158093 0.6301653554657127 Penicillium-cvjetkovicii
1 0 0.41074121271414127 0.360003895143941 Penicillium-polonicum
1 0 0.16519202282626147 0.7233719606590271 Penicillium-mb
1 0 -0.07413456431814731 0.874490814136679 Penicillium-verrucosum
1 0 0.4326375781684958 0.33229336093701917 Penicillium-solitum
1 0 0.47471347859769925 0.2817493353652442 Penicillium-commune
1 0 -0.08205045028030357 0.8611752355736164 Penicillium-chrysogenum
1 0 -0.4179663202843062 0.35075732711225377 Penicillium-brevicompactum
1 2 0.20822895874938105 0.6541132016589155 Penicillium-cvjetkovicii
1 2 0.40352037213929326 0.3693444770943548 Penicillium-polonicum
1 2 0.16044533288277615 0.7311118685357932 Penicillium-mb
1 2 -0.07414963253088695 0.8744654441808294 Penicillium-verrucosum
1 2 0.42491817089896133 0.34195574608644896 Penicillium-solitum
1 2 0.46672570446551076 0.2910624509445192 Penicillium-commune
1 2 -0.08735291594817937 0.8522702204590625 Penicillium-chrysogenum
1 2 -0.4173369019985679 0.3515588515748526 Penicillium-brevicompactum
1 2 0.20822895874938027 0.6541132016589167 Penicillium-cvjetkovicii
1 2 0.4069634212703326 0.36487837504212445 Penicillium-polonicum
1 2 0.16318694799632508 0.7266391663487284 Penicillium-mb
1 2 -0.0739857361447683 0.8747413968306965 Penicillium-verrucosum
1 2 0.42772149591553416 0.33843323768514905 Penicillium-solitum
1 2 0.46940993898450983 0.2879177994217652 Penicillium-commune
1 2 -0.0866126018652 0.8535127802275746 Penicillium-chrysogenum
1 2 -0.41793791340864583 0.3507934849743968 Penicillium-brevicompactum
1 0 0.21903636884195218 0.6370078012927602 Penicillium-cvjetkovicii
1 0 0.40894801175231904 0.3623142787215862 Penicillium-polonicum
1 0 0.16348214048464785 0.7261579516923553 Penicillium-mb
1 0 -0.07349091799275706 0.875574584222474 Penicillium-verrucosum
1 0 0.43125702578211694 0.33401275388773444 Penicillium-solitum
1 0 0.47372480485855223 0.2828947217880027 Penicillium-commune
1 0 -0.08574986904437722 0.8549611140950076 Penicillium-chrysogenum
1 0 -0.4179663202843062 0.35075732711225377 Penicillium-brevicompactum
1 2 0.20822895874937955 0.654113201658918 Penicillium-cvjetkovicii
1 2 0.40664241316836064 0.3652938197622029 Penicillium-polonicum
1 2 0.16042414922751572 0.7311464515248786 Penicillium-mb
1 2 -0.07596636586261471 0.8714072894581559 Penicillium-verrucosum
1 2 0.4290450795057013 0.3367754662350358 Penicillium-solitum
1 2 0.47109691060118564 0.28594924681602596 Penicillium-commune
1 2 -0.08686400743892833 0.8530907883613742 Penicillium-chrysogenum
1 2 -0.41789776031626014 0.35084459674063634 Penicillium-brevicompactum
1 0 0.2178426252198752 0.6388910587721439 Penicillium-cvjetkovicii
1 0 0.4085480868053038 0.36283038152045727 Penicillium-polonicum
1 0 0.16565956214983316 0.7226105983669457 Penicillium-mb
1 0 -0.07070416382066551 0.8802686809223644 Penicillium-verrucosum
1 0 0.43091220567374655 0.3344427959337993 Penicillium-solitum
1 0 0.47419482735278423 0.28234993780068174 Penicillium-commune
1 0 -0.08433485113954696 0.8573373097840096 Penicillium-chrysogenum
1 0 -0.41796632028430614 0.3507573271122542 Penicillium-brevicompactum
1 2 0.16054302627705377 0.7309523856553264 Penicillium-cvjetkovicii
1 2 0.4107397164898692 0.36000582034532236 Penicillium-polonicum
1 2 0.16422036018284034 0.7249548398866539 Penicillium-mb
1 2 -0.07532447130771647 0.8724876634464849 Penicillium-verrucosum
1 2 0.43314577896168127 0.3316613810582942 Penicillium-solitum
1 2 0.4756847325856051 0.28062615517846046 Penicillium-commune
1 2 -0.08379611412168901 0.8582422201660233 Penicillium-chrysogenum
1 2 -0.4185698166428051 0.3499895320186671 Penicillium-brevicompactum
1 2 0.19504711437657216 0.6751401320050283 Penicillium-cvjetkovicii
1 2 0.40930382933414194 0.3618553519784872 Penicillium-polonicum
1 2 0.16439533472167187 0.7246697413855248 Penicillium-mb
1 2 -0.07293997997517682 0.8765023751746039 Penicillium-verrucosum
1 2 0.43103018386316383 0.3342956330477539 Penicillium-solitum
1 2 0.47294040435388995 0.28380493374956134 Penicillium-commune
1 2 -0.08401514799366826 0.8578742965521822 Penicillium-chrysogenum
1 2 -0.41814662482463993 0.35052786178621226 Penicillium-brevicompactum
1 2 0.19791495085435742 0.670550734018276 Penicillium-cvjetkovicii
1 2 0.40690125359017276 0.36495881645703443 Penicillium-polonicum
1 2 0.16554802006741895 0.7227922220645322 Penicillium-mb
1 2 -0.07025145661066363 0.881031501503774 Penicillium-verrucosum
1 2 0.4289050455776196 0.336950693512267 Penicillium-solitum
1 2 0.47248274688037784 0.2843365990420641 Penicillium-commune
1 2 -0.08567747040736105 0.8550826698552364 Penicillium-chrysogenum
1 2 -0.41810836446608585 0.3505765487353442 Penicillium-brevicompactum
1 0 0.24070126374982123 0.6031065842924894 Penicillium-cvjetkovicii
1 0 0.41266675514675316 0.3575298303040454 Penicillium-polonicum
1 0 0.170229816596757 0.7151778434671162 Penicillium-mb
1 0 -0.06671661026762363 0.8869902660781757 Penicillium-verrucosum
1 0 0.43357707071406565 0.3311254452532313 Penicillium-solitum
1 0 0.47517892979516013 0.2812108263590114 Penicillium-commune
1 0 -0.0797929546397846 0.8649700943669083 Penicillium-chrysogenum
1 0 -0.41796632028430614 0.3507573271122542 Penicillium-brevicompactum
