#SPECIES: Penicillium-cvjetkovicii Penicillium-brevicompactum Penicillium-solitum Penicillium-commune Penicillium-verrucosum Penicillium-polonicum Penicillium-mb Penicillium-chrysogenum 
#GENE_TREEs p: 0.624978238175912 0.07088485766702081 0.0821762507357658 0.14026144145686498 0.08130034357781292 0.09931100365793592 0.10947180147321817 0.9826597061358274 
#GENE_TREEs r: -0.2266851175121887 -0.7150753222499285 0.6963726555430537 0.6166304874679813 0.697772406073688 0.6704312575225261 0.6561505860598091 0.010214809125398076 
0 0 -0.2266851175121905 0.6249782381759093 Penicillium-cvjetkovicii
0 0 -0.714987016675667 0.07093607783999538 Penicillium-brevicompactum
0 0 0.6949107081787248 0.08309640250783414 Penicillium-solitum
0 0 0.6147294495326128 0.14184055027335757 Penicillium-commune
0 0 0.6968541762441681 0.08187437186272391 Penicillium-verrucosum
0 0 0.6689494745674378 0.10034131666537051 Penicillium-polonicum
0 0 0.6545496815302869 0.11064296139526196 Penicillium-mb
0 0 0.006489588819787384 0.9889831638365758 Penicillium-chrysogenum
0 0 -0.22668511751219042 0.6249782381759093 Penicillium-cvjetkovicii
0 0 -0.7158115402070231 0.070458599425188 Penicillium-brevicompactum
0 0 0.6844282499018812 0.08985334645130638 Penicillium-solitum
0 0 0.6032088130299845 0.1516007512346741 Penicillium-commune
0 0 0.6862469569488848 0.08866098150051575 Penicillium-verrucosum
0 0 0.6582266725658142 0.10796264264998702 Penicillium-polonicum
0 0 0.6436639308150438 0.11877762897951415 Penicillium-mb
0 0 -0.008104947167138934 0.9862410662688078 Penicillium-chrysogenum
0 0 -0.22668511751219048 0.6249782381759093 Penicillium-cvjetkovicii
0 0 -0.715030106966602 0.07091108155660167 Penicillium-brevicompactum
0 0 0.6945622612381062 0.08331651826372721 Penicillium-solitum
0 0 0.6145311208476912 0.1420058074770154 Penicillium-commune
0 0 0.6965286308739146 0.08207840079002324 Penicillium-verrucosum
0 0 0.6688255098344152 0.10042776387387291 Penicillium-polonicum
0 0 0.6544547785101453 0.1107125916199437 Penicillium-mb
0 0 0.006890979396421379 0.9883017877936064 Penicillium-chrysogenum
0 0 -0.22668511751219028 0.6249782381759095 Penicillium-cvjetkovicii
0 0 -0.7149294716510912 0.07096946655363802 Penicillium-brevicompactum
0 0 0.6936270693909535 0.08390881133091416 Penicillium-solitum
0 0 0.6138647663948243 0.1425617579909044 Penicillium-commune
0 0 0.6964437474333751 0.08213164409537056 Penicillium-verrucosum
0 0 0.6686243666096843 0.10056811455119606 Penicillium-polonicum
0 0 0.6542700906791975 0.11084816191192313 Penicillium-mb
0 0 0.008022870146219992 0.9863803909561957 Penicillium-chrysogenum
0 0 -0.2266851175121905 0.6249782381759093 Penicillium-cvjetkovicii
0 0 -0.7147341970042539 0.07108283144740009 Penicillium-brevicompactum
0 0 0.6985221758728906 0.08083321929179388 Penicillium-solitum
0 0 0.6195573599278427 0.13784768855415175 Penicillium-commune
0 0 0.7015034084995809 0.07898999972790725 Penicillium-verrucosum
0 0 0.674068515783157 0.09680553598929273 Penicillium-polonicum
0 0 0.6598313288205555 0.10680363062622786 Penicillium-mb
0 0 0.01604451028693051 0.9727654991234204 Penicillium-chrysogenum
0 0 -0.2266851175121892 0.6249782381759112 Penicillium-cvjetkovicii
0 0 -0.7150538315309001 0.07089732117175608 Penicillium-brevicompactum
0 0 0.6923095533480199 0.08474702125629871 Penicillium-solitum
0 0 0.6125047621040065 0.14369983223462007 Penicillium-commune
0 0 0.6945815860755429 0.08330430256960172 Penicillium-verrucosum
0 0 0.666857081989392 0.10180566743156104 Penicillium-polonicum
0 0 0.6525302189867195 0.11212953474430724 Penicillium-mb
0 0 0.006515451037442973 0.98893926155688 Penicillium-chrysogenum
0 0 -0.22668511751219014 0.6249782381759097 Penicillium-cvjetkovicii
0 0 -0.7151272625333263 0.07085473984585733 Penicillium-brevicompactum
0 0 0.6948792609769435 0.08311625518473532 Penicillium-solitum
0 0 0.614516407055796 0.142018071601262 Penicillium-commune
0 0 0.6968890612580906 0.0818525243935539 Penicillium-verrucosum
0 0 0.6688808052814285 0.10038919860681739 Penicillium-polonicum
0 0 0.654435298018498 0.11072688723959433 Penicillium-mb
0 0 0.005428769920819655 0.9907839697501075 Penicillium-chrysogenum
0 0 -0.22668511751219148 0.6249782381759077 Penicillium-cvjetkovicii
0 0 -0.7154513408924194 0.0706669765780123 Penicillium-brevicompactum
0 0 0.688021569896499 0.08750563050954337 Penicillium-solitum
0 0 0.6080550405177256 0.147455284635146 Penicillium-commune
0 0 0.6905624793039096 0.08586532904647258 Penicillium-verrucosum
0 0 0.6629211835266072 0.10459020559028152 Penicillium-polonicum
0 0 0.648546167083446 0.11509239651072199 Penicillium-mb
0 0 0.001396103864786883 0.9976299027775146 Penicillium-chrysogenum
0 0 -0.2266851175121889 0.6249782381759117 Penicillium-cvjetkovicii
0 0 -0.7150026536228676 0.07092700644359262 Penicillium-brevicompactum
0 0 0.6896402905776606 0.08645875596896241 Penicillium-solitum
0 0 0.6103850867135251 0.1454827041174496 Penicillium-commune
0 0 0.6928313659794947 0.08441451335502281 Penicillium-verrucosum
0 0 0.6656128266088603 0.1026817075431868 Penicillium-polonicum
0 0 0.6513496631752129 0.11300332663346407 Penicillium-mb
0 0 0.006720987243744095 0.9885903553825616 Penicillium-chrysogenum
0 0 -0.22668511751219042 0.6249782381759093 Penicillium-cvjetkovicii
0 0 -0.715181227786966 0.07082345511098562 Penicillium-brevicompactum
0 0 0.6924970988849007 0.08462743429069551 Penicillium-solitum
0 0 0.6124616666954663 0.14373596976248365 Penicillium-commune
0 0 0.6942546224524161 0.08351111212334181 Penicillium-verrucosum
0 0 0.6667010006655963 0.10191534436652758 Penicillium-polonicum
0 0 0.6523539766956608 0.11225975816852865 Penicillium-mb
0 0 0.005218380103608143 0.9911411234115275 Penicillium-chrysogenum
2 2 -0.22668511751219028 0.6249782381759095 Penicillium-cvjetkovicii
2 2 -0.7149618231056641 0.07095069458919454 Penicillium-brevicompactum
2 2 0.6940197413103033 0.08365984599893851 Penicillium-solitum
2 2 0.6141249672719411 0.14234453766902644 Penicillium-commune
2 2 0.6972072759809415 0.08165337877705536 Penicillium-verrucosum
2 2 0.6692493683125758 0.10013234574233548 Penicillium-polonicum
2 2 0.6548051228448686 0.1104556572033727 Penicillium-mb
2 2 0.0059704134167812145 0.9898644920323654 Penicillium-chrysogenum
0 0 -0.22668511751219042 0.6249782381759093 Penicillium-cvjetkovicii
0 0 -0.7151668118441988 0.07083181159506569 Penicillium-brevicompactum
0 0 0.6871621899365158 0.08806412472624714 Penicillium-solitum
0 0 0.6062854212394608 0.14896233577894394 Penicillium-commune
0 0 0.6916475196727054 0.08516987743110392 Penicillium-verrucosum
0 0 0.6631957083540599 0.1043947160113849 Penicillium-polonicum
0 0 0.6485536667519947 0.1150867816426895 Penicillium-mb
0 0 -0.002987183752286775 0.9949288219847386 Penicillium-chrysogenum
0 0 -0.2266851175121896 0.6249782381759106 Penicillium-cvjetkovicii
0 0 -0.7148649165064085 0.07100693270523564 Penicillium-brevicompactum
0 0 0.6955881064344233 0.08266937075770171 Penicillium-solitum
0 0 0.6162327949978279 0.140591048432302 Penicillium-commune
0 0 0.6973470006432946 0.08156601751559246 Penicillium-verrucosum
0 0 0.6700368551407987 0.09958469627777568 Penicillium-polonicum
0 0 0.6558244555879205 0.10970986185006822 Penicillium-mb
0 0 0.011796991728532104 0.979974198383168 Penicillium-chrysogenum
0 0 -0.22668511751218798 0.6249782381759132 Penicillium-cvjetkovicii
0 0 -0.7150423792954083 0.07090396335583767 Penicillium-brevicompactum
0 0 0.6936172407262104 0.08391504802154645 Penicillium-solitum
0 0 0.613541949678757 0.1428314833750707 Penicillium-commune
0 0 0.6960655058539688 0.08236911980700114 Penicillium-verrucosum
0 0 0.6682491162063754 0.10083022494124305 Penicillium-polonicum
0 0 0.6538547694082613 0.11115334289451169 Penicillium-mb
0 0 0.006353551361377041 0.9892140939133126 Penicillium-chrysogenum
2 2 -0.2266851175121889 0.6249782381759117 Penicillium-cvjetkovicii
2 2 -0.7146786984204879 0.07111506835409863 Penicillium-brevicompactum
2 2 0.7008093228387906 0.07941711420472479 Penicillium-solitum
2 2 0.6208681531257672 0.13677357150958724 Penicillium-commune
2 2 0.7031138626430605 0.07800371111454148 Penicillium-verrucosum
2 2 0.675593507892243 0.09576504916776998 Penicillium-polonicum
2 2 0.6612598404527769 0.10577731488905573 Penicillium-mb
2 2 0.015014690395712151 0.9745131430320001 Penicillium-chrysogenum
0 0 -0.22668511751218864 0.6249782381759121 Penicillium-cvjetkovicii
0 0 -0.7157231153953414 0.07050972304380797 Penicillium-brevicompactum
0 0 0.6855688864115286 0.08910454926415744 Penicillium-solitum
0 0 0.6050508313955536 0.15001829708230346 Penicillium-commune
0 0 0.6867421555710655 0.08833778003210863 Penicillium-verrucosum
0 0 0.6593576607252366 0.10714507567882167 Penicillium-polonicum
0 0 0.6449697090329641 0.11778613182905708 Penicillium-mb
0 0 -0.003466658558706628 0.9941148530097912 Penicillium-chrysogenum
0 0 -0.2266851175121905 0.6249782381759093 Penicillium-cvjetkovicii
0 0 -0.714891990051101 0.07099121862200358 Penicillium-brevicompactum
0 0 0.6964638634013115 0.08211902465672764 Penicillium-solitum
0 0 0.6172315621241047 0.13976401375147934 Penicillium-commune
0 0 0.6986844090380275 0.08073233252724621 Penicillium-verrucosum
0 0 0.671277356134278 0.09872518936479227 Penicillium-polonicum
0 0 0.6570213782372408 0.10883747716005698 Penicillium-mb
0 0 0.01175050135648522 0.9800531064796643 Penicillium-chrysogenum
0 0 -0.22668511751218964 0.6249782381759105 Penicillium-cvjetkovicii
0 0 -0.715189515829751 0.07081865102389003 Penicillium-brevicompactum
0 0 0.691979016291451 0.08495800351022083 Penicillium-solitum
0 0 0.6125310325321127 0.14367780549122638 Penicillium-commune
0 0 0.6946105174543874 0.0832860161263026 Penicillium-verrucosum
0 0 0.6660374672537556 0.10238229142074241 Penicillium-polonicum
0 0 0.6517380755462457 0.1127154547552829 Penicillium-mb
0 0 0.00783759325606598 0.9866948971019416 Penicillium-chrysogenum
0 0 -0.2266851175121889 0.6249782381759117 Penicillium-cvjetkovicii
0 0 -0.715372889528577 0.07071240489781164 Penicillium-brevicompactum
0 0 0.6882972771355672 0.08732685165650045 Penicillium-solitum
0 0 0.6082404414730277 0.14729783804071528 Penicillium-commune
0 0 0.6898145397384939 0.08634646117272807 Penicillium-verrucosum
0 0 0.6622844836257142 0.10504433387260792 Penicillium-polonicum
0 0 0.647960035303188 0.11553166028014443 Penicillium-mb
0 0 0.0013508072754349102 0.9977068004383132 Penicillium-chrysogenum
0 0 -0.2266851175121907 0.6249782381759088 Penicillium-cvjetkovicii
0 0 -0.7148323813932247 0.07102581927212077 Penicillium-brevicompactum
0 0 0.6981430490717903 0.08106924537984404 Penicillium-solitum
0 0 0.6184134323739853 0.13878854672855817 Penicillium-commune
0 0 0.7004219716360459 0.07965600898842168 Penicillium-verrucosum
0 0 0.6729253641268209 0.09758936430969328 Penicillium-polonicum
0 0 0.6586022655865333 0.10769077647159953 Penicillium-mb
0 0 0.01241644674162195 0.9789228101413101 Penicillium-chrysogenum
0 0 -0.22668511751219134 0.6249782381759079 Penicillium-cvjetkovicii
0 0 -0.7150436945104627 0.07090320052705545 Penicillium-brevicompactum
0 0 0.6967065263964695 0.08196687496723196 Penicillium-solitum
0 0 0.6170865590137936 0.13988393132712632 Penicillium-commune
0 0 0.6986380778229624 0.08076113734953176 Penicillium-verrucosum
0 0 0.6711201434537386 0.09883390168651296 Penicillium-polonicum
0 0 0.6568268357800197 0.10897902475025831 Penicillium-mb
0 0 0.011165929910591187 0.9810453103133359 Penicillium-chrysogenum
0 0 -0.2266851175121893 0.624978238175911 Penicillium-cvjetkovicii
0 0 -0.7150174221908776 0.07091843938795578 Penicillium-brevicompactum
0 0 0.693589341674958 0.08393275245229202 Penicillium-solitum
0 0 0.6135391087132314 0.1428338582490497 Penicillium-commune
0 0 0.6946965271946839 0.08323166516356484 Penicillium-verrucosum
0 0 0.6671855784498423 0.10157503737590007 Penicillium-polonicum
0 0 0.6528796697010847 0.1118715609002868 Penicillium-mb
0 0 0.006301014368254558 0.9893032781269513 Penicillium-chrysogenum
2 2 -0.22668511751219023 0.6249782381759097 Penicillium-cvjetkovicii
2 2 -0.715125366417932 0.07085583919663038 Penicillium-brevicompactum
2 2 0.6948920323753087 0.08310819227371305 Penicillium-solitum
2 2 0.6145599335678147 0.14198179327310703 Penicillium-commune
2 2 0.6953966961497742 0.08278991739429217 Penicillium-verrucosum
2 2 0.6680189486020504 0.10099117218483657 Penicillium-polonicum
2 2 0.6537135236259257 0.11125723032525321 Penicillium-mb
2 2 0.006170030867879867 0.9895256296542351 Penicillium-chrysogenum
0 0 -0.2266851175121887 0.624978238175912 Penicillium-cvjetkovicii
0 0 -0.7153169938837532 0.07074478158308208 Penicillium-brevicompactum
0 0 0.6904340782248883 0.08594782530089479 Penicillium-solitum
0 0 0.610382175580562 0.14548516030038694 Penicillium-commune
0 0 0.6920571390153261 0.08490811258376357 Penicillium-verrucosum
0 0 0.6644598127803348 0.10349700387946134 Penicillium-polonicum
0 0 0.6501191975549783 0.11391779308777797 Penicillium-mb
0 0 0.0031664723108721896 0.9946244565978151 Penicillium-chrysogenum
0 0 -0.22668511751219028 0.6249782381759095 Penicillium-cvjetkovicii
0 0 -0.7151133195360951 0.07086282408494876 Penicillium-brevicompactum
0 0 0.6915847952447867 0.08520999879836332 Penicillium-solitum
0 0 0.6119005317703029 0.14420692576764738 Penicillium-commune
0 0 0.6937867392254126 0.08380752871077429 Penicillium-verrucosum
0 0 0.6660676228507938 0.10236104591689435 Penicillium-polonicum
0 0 0.6517692513250786 0.11269236528763944 Penicillium-mb
0 0 0.0064800362714943745 0.9889993797232898 Penicillium-chrysogenum
0 0 -0.2266851175121914 0.6249782381759078 Penicillium-cvjetkovicii
0 0 -0.7147903388667672 0.07105022886422531 Penicillium-brevicompactum
0 0 0.6995611845109307 0.08018825809277735 Penicillium-solitum
0 0 0.6203827932389885 0.1371707987009615 Penicillium-commune
0 0 0.7014374555375581 0.07903053198591334 Penicillium-verrucosum
0 0 0.6740467997863798 0.09682039518882835 Penicillium-polonicum
0 0 0.659829426899811 0.10680500049865756 Penicillium-mb
0 0 0.015719934551268883 0.9733163075249849 Penicillium-chrysogenum
0 0 -0.2266851175121905 0.6249782381759093 Penicillium-cvjetkovicii
0 0 -0.7149919714296727 0.07093320339202355 Penicillium-brevicompactum
0 0 0.6951292420634582 0.08295851117640901 Penicillium-solitum
0 0 0.6152154412295509 0.14143600876591592 Penicillium-commune
0 0 0.6971044049346681 0.08171772949557862 Penicillium-verrucosum
0 0 0.6694986177354125 0.09995883794413482 Penicillium-polonicum
0 0 0.6551553713952523 0.11019910227577309 Penicillium-mb
0 0 0.008268951280882007 0.9859626722307822 Penicillium-chrysogenum
0 0 -0.22668511751219045 0.6249782381759093 Penicillium-cvjetkovicii
0 0 -0.7146798841071764 0.07111437955416798 Penicillium-brevicompactum
0 0 0.7020601284425187 0.07864830150596225 Penicillium-solitum
0 0 0.6231562734416205 0.13490880108543832 Penicillium-commune
0 0 0.7029134905751842 0.07812606504184573 Penicillium-verrucosum
0 0 0.676154370973964 0.09538386166686515 Penicillium-polonicum
0 0 0.6620488239504579 0.10521267868933969 Penicillium-mb
0 0 0.019163094732998813 0.9674736929731209 Penicillium-chrysogenum
0 0 -0.226685117512192 0.6249782381759068 Penicillium-cvjetkovicii
0 0 -0.7151723610556282 0.07082859482314845 Penicillium-brevicompactum
0 0 0.6916014633249057 0.08519933616759569 Penicillium-solitum
0 0 0.6114787791196953 0.14456141025749975 Penicillium-commune
0 0 0.6937862468815923 0.08380784091721588 Penicillium-verrucosum
0 0 0.6660001530184714 0.10240858358053197 Penicillium-polonicum
0 0 0.6516122457250525 0.11280867195638385 Penicillium-mb
0 0 0.0040047293050820875 0.9932014148947528 Penicillium-chrysogenum
0 0 -0.2266851175121883 0.6249782381759126 Penicillium-cvjetkovicii
0 0 -0.7150907964475575 0.07087588416140755 Penicillium-brevicompactum
0 0 0.6874703884333245 0.0878636165876798 Penicillium-solitum
0 0 0.608476976432805 0.1470970900188578 Penicillium-commune
0 0 0.6920409903124911 0.08491842423504407 Penicillium-verrucosum
0 0 0.6647064617181151 0.10332231563577458 Penicillium-polonicum
0 0 0.6504348778716746 0.11368282014056819 Penicillium-mb
0 0 0.007068232853082322 0.9880008949691248 Penicillium-chrysogenum
2 2 -0.2266851175121889 0.6249782381759117 Penicillium-cvjetkovicii
2 2 -0.7149895945948698 0.07093458227971931 Penicillium-brevicompactum
2 2 0.6945595696541942 0.08331821975400179 Penicillium-solitum
2 2 0.6148596855884494 0.14173208402617085 Penicillium-commune
2 2 0.6950232386313165 0.08302538244092361 Penicillium-verrucosum
2 2 0.6683558799426884 0.10075561475564407 Penicillium-polonicum
2 2 0.6541360623542978 0.1109465993650124 Penicillium-mb
2 2 0.00822413664383295 0.9860387441609055 Penicillium-chrysogenum
0 0 -0.22668511751219028 0.6249782381759095 Penicillium-cvjetkovicii
0 0 -0.7149619412256516 0.07095062605483364 Penicillium-brevicompactum
0 0 0.6952173086416823 0.08290297695561627 Penicillium-solitum
0 0 0.614737555022608 0.14183379844674826 Penicillium-commune
0 0 0.6973709187497812 0.08155106797220918 Penicillium-verrucosum
0 0 0.6692819470787689 0.10010965803478691 Penicillium-polonicum
0 0 0.6548165838079296 0.11044725722423539 Penicillium-mb
0 0 0.0055461507296298024 0.9905847069010665 Penicillium-chrysogenum
0 0 -0.22668511751219014 0.6249782381759097 Penicillium-cvjetkovicii
0 0 -0.7149985376346312 0.07092939417417238 Penicillium-brevicompactum
0 0 0.690558011443536 0.08586819889244106 Penicillium-solitum
0 0 0.6113070226137407 0.14470589777022658 Penicillium-commune
0 0 0.6943762463463725 0.08343415134941244 Penicillium-verrucosum
0 0 0.666696989713889 0.10191816363855971 Penicillium-polonicum
0 0 0.6523864199780862 0.11223578032213417 Penicillium-mb
0 0 0.007711032549051914 0.9869097337522746 Penicillium-chrysogenum
0 0 -0.2266851175121889 0.6249782381759117 Penicillium-cvjetkovicii
0 0 -0.7150143639172062 0.07092021340744217 Penicillium-brevicompactum
0 0 0.6965228503960905 0.08208202602419494 Penicillium-solitum
0 0 0.6173183916989091 0.13969223058419766 Penicillium-commune
0 0 0.6979371968321382 0.08119755234513824 Penicillium-verrucosum
0 0 0.6709899453657056 0.09892398087011119 Penicillium-polonicum
0 0 0.656798485953345 0.10899965983498734 Penicillium-mb
0 0 0.01228989692165524 0.9791375986130245 Penicillium-chrysogenum
0 0 -0.2266851175121914 0.6249782381759078 Penicillium-cvjetkovicii
0 0 -0.7149526605095485 0.07095601092445826 Penicillium-brevicompactum
0 0 0.6959045277469021 0.08247029899044991 Penicillium-solitum
0 0 0.6156677110522282 0.14106006158138124 Penicillium-commune
0 0 0.6974183234760606 0.08152144288100391 Penicillium-verrucosum
0 0 0.6697974895441664 0.09975099441228302 Penicillium-polonicum
0 0 0.6554172002915242 0.11000751619790261 Penicillium-mb
0 0 0.007210963792028806 0.9877586059289034 Penicillium-chrysogenum
0 0 -0.22668511751219045 0.6249782381759093 Penicillium-cvjetkovicii
0 0 -0.7148869870050313 0.07099412235987347 Penicillium-brevicompactum
0 0 0.6967701728630827 0.08192699344664121 Penicillium-solitum
0 0 0.616761967249501 0.1401525571962451 Penicillium-commune
0 0 0.698534348443796 0.08082564729814025 Penicillium-verrucosum
0 0 0.6707130364867251 0.09911570657779023 Penicillium-polonicum
0 0 0.6563602517913059 0.10931889669156174 Penicillium-mb
0 0 0.009401159830402829 0.984040800656655 Penicillium-chrysogenum
0 0 -0.22668511751219042 0.6249782381759093 Penicillium-cvjetkovicii
0 0 -0.7149990993299592 0.07092906832592064 Penicillium-brevicompactum
0 0 0.69371461638058 0.08385327002424518 Penicillium-solitum
0 0 0.6136217150250931 0.1427648125378886 Penicillium-commune
0 0 0.694985656529546 0.08304909762184078 Penicillium-verrucosum
0 0 0.6676342104125208 0.10126050409014141 Penicillium-polonicum
0 0 0.6533151671119317 0.1115504955805947 Penicillium-mb
0 0 0.006278235035461919 0.9893419472286659 Penicillium-chrysogenum
0 0 -0.2266851175121914 0.6249782381759078 Penicillium-cvjetkovicii
0 0 -0.7151366577332805 0.07084929272785996 Penicillium-brevicompactum
0 0 0.6923036338951213 0.08475079720668191 Penicillium-solitum
0 0 0.6118481909304135 0.14425089458878365 Penicillium-commune
0 0 0.6945829288659507 0.08330345379483081 Penicillium-verrucosum
0 0 0.6666680894757386 0.10193847863271237 Penicillium-polonicum
0 0 0.6522096322006677 0.11236647093684386 Penicillium-mb
0 0 0.002986486205215908 0.9949300061615787 Penicillium-chrysogenum
0 0 -0.22668511751219023 0.6249782381759097 Penicillium-cvjetkovicii
0 0 -0.7152776465396542 0.07076757769207383 Penicillium-brevicompactum
0 0 0.6915274504767357 0.08524668785145939 Penicillium-solitum
0 0 0.6115519424171731 0.14449988483887988 Penicillium-commune
0 0 0.6938384069924816 0.08377476843067387 Penicillium-verrucosum
0 0 0.6661526219418967 0.10230117394379074 Penicillium-polonicum
0 0 0.6517753309664216 0.1126878628566212 Penicillium-mb
0 0 0.00431992850535806 0.9926663300255225 Penicillium-chrysogenum
0 0 -0.22668511751219042 0.6249782381759093 Penicillium-cvjetkovicii
0 0 -0.714945446143932 0.07096019700489418 Penicillium-brevicompactum
0 0 0.6960100174267363 0.08240398836582605 Penicillium-solitum
0 0 0.6166417527865353 0.1402521104708906 Penicillium-commune
0 0 0.6981395193982837 0.08107144450375749 Penicillium-verrucosum
0 0 0.670805294987915 0.09905180720892037 Penicillium-polonicum
0 0 0.6565455669009588 0.1091838426021877 Penicillium-mb
0 0 0.011364599416607146 0.9807081026872622 Penicillium-chrysogenum
0 0 -0.2266851175121892 0.6249782381759112 Penicillium-cvjetkovicii
0 0 -0.7150871481155718 0.07087799977854672 Penicillium-brevicompactum
0 0 0.6951204610140537 0.08296404953216859 Penicillium-solitum
0 0 0.614788192227603 0.14179162161855052 Penicillium-commune
0 0 0.6971889393847532 0.08166484721481262 Penicillium-verrucosum
0 0 0.6688083303971978 0.10043974708029217 Penicillium-polonicum
0 0 0.6543645031720352 0.11077884758512214 Penicillium-mb
0 0 0.006039302804769574 0.9897475481005901 Penicillium-chrysogenum
0 0 -0.22668511751219028 0.6249782381759095 Penicillium-cvjetkovicii
0 0 -0.7144676379704983 0.07123773654070634 Penicillium-brevicompactum
0 0 0.7065397316689082 0.07592757711406523 Penicillium-solitum
0 0 0.627662251437103 0.13127453332475567 Penicillium-commune
0 0 0.7084766377910658 0.07476700482712491 Penicillium-verrucosum
0 0 0.6810595177546063 0.09208412893602892 Penicillium-polonicum
0 0 0.6668709410745891 0.10179593175802168 Penicillium-mb
0 0 0.02366494739878793 0.9598363861441038 Penicillium-chrysogenum
0 0 -0.2266851175121889 0.6249782381759117 Penicillium-cvjetkovicii
0 0 -0.7150159485266329 0.07091929421661951 Penicillium-brevicompactum
0 0 0.6942601455720812 0.08350761640563441 Penicillium-solitum
0 0 0.6140472622291545 0.14240938972045805 Penicillium-commune
0 0 0.6962745219812 0.082237845820512 Penicillium-verrucosum
0 0 0.6684971571084438 0.10065692975719406 Penicillium-polonicum
0 0 0.6540986184883514 0.11097410819968466 Penicillium-mb
0 0 0.006065560779557589 0.9897029736274933 Penicillium-chrysogenum
0 0 -0.2266851175121889 0.6249782381759117 Penicillium-cvjetkovicii
0 0 -0.7149787540734175 0.07094087144004828 Penicillium-brevicompactum
0 0 0.6910490264434659 0.08555310851459032 Penicillium-solitum
0 0 0.611132411058381 0.1448528615571869 Penicillium-commune
0 0 0.6944824247957535 0.0833669948710123 Penicillium-verrucosum
0 0 0.6668121043050894 0.10183726652018957 Penicillium-polonicum
0 0 0.6524135991718614 0.1122156950443664 Penicillium-mb
0 0 0.005310230115609125 0.9909852004702484 Penicillium-chrysogenum
0 0 -0.22668511751219073 0.6249782381759088 Penicillium-cvjetkovicii
0 0 -0.7149598432790237 0.07095184330907615 Penicillium-brevicompactum
0 0 0.6927511475818662 0.08446558481887789 Penicillium-solitum
0 0 0.6136007986654975 0.14278229368893683 Penicillium-commune
0 0 0.6960349145221804 0.08238834222727119 Penicillium-verrucosum
0 0 0.668751246138055 0.100479570542691 Penicillium-polonicum
0 0 0.6544977348909538 0.11068107176635035 Penicillium-mb
0 0 0.010455156077831358 0.9822517458509408 Penicillium-chrysogenum
0 0 -0.2266851175121893 0.624978238175911 Penicillium-cvjetkovicii
0 0 -0.7150519713022039 0.0708984000634125 Penicillium-brevicompactum
0 0 0.6943189355149868 0.08347041162185093 Penicillium-solitum
0 0 0.6142179303013326 0.14226697099713367 Penicillium-commune
0 0 0.6962109934538062 0.08227773357749489 Penicillium-verrucosum
0 0 0.6681945490639624 0.10086836948925804 Penicillium-polonicum
0 0 0.6538166934643646 0.1111813431146503 Penicillium-mb
0 0 0.006571222935839965 0.9888445863221937 Penicillium-chrysogenum
0 0 -0.2266851175121905 0.6249782381759093 Penicillium-cvjetkovicii
0 0 -0.7152058710342161 0.0708091713944194 Penicillium-brevicompactum
0 0 0.691639072400615 0.08517528010331138 Penicillium-solitum
0 0 0.6108998465697534 0.14504871872861802 Penicillium-commune
0 0 0.6933859906956917 0.08406185657543712 Penicillium-verrucosum
0 0 0.6655102770624569 0.10275408410168119 Penicillium-polonicum
0 0 0.6510361197691721 0.11323598636928028 Penicillium-mb
0 0 0.001065792005195315 0.9981906563243255 Penicillium-chrysogenum
0 0 -0.22668511751218998 0.6249782381759099 Penicillium-cvjetkovicii
0 0 -0.7150495386932046 0.07089981093632586 Penicillium-brevicompactum
0 0 0.6924491971804528 0.08465796993348697 Penicillium-solitum
0 0 0.6115100044428385 0.14453515024473113 Penicillium-commune
0 0 0.69508760444334 0.08298477446561899 Penicillium-verrucosum
0 0 0.6668140477606311 0.10183590103895165 Penicillium-polonicum
0 0 0.652246716789301 0.11233904957945066 Penicillium-mb
0 0 0.0009588106654480168 0.9983722732079832 Penicillium-chrysogenum
0 0 -0.22668511751219023 0.6249782381759097 Penicillium-cvjetkovicii
0 0 -0.7151064340691434 0.07086681650533737 Penicillium-brevicompactum
0 0 0.6935848552381659 0.08393559968054633 Penicillium-solitum
0 0 0.6135124437103523 0.14285614953649184 Penicillium-commune
0 0 0.6956875051352777 0.08260680808993741 Penicillium-verrucosum
0 0 0.667887234717393 0.1010833349133996 Penicillium-polonicum
0 0 0.6535086704753376 0.11140799080978116 Penicillium-mb
0 0 0.006139753809417102 0.9895770266643487 Penicillium-chrysogenum
0 0 -0.22668511751219075 0.6249782381759088 Penicillium-cvjetkovicii
0 0 -0.7148569817249592 0.07101153858121924 Penicillium-brevicompactum
0 0 0.6976360820142822 0.08138543043674142 Penicillium-solitum
0 0 0.6175221281186201 0.13952387218267007 Penicillium-commune
0 0 0.6991154882630992 0.08046458596891812 Penicillium-verrucosum
0 0 0.6717005462339966 0.0984328652874565 Penicillium-polonicum
0 0 0.6573519221713405 0.10859719486451748 Penicillium-mb
0 0 0.009741762473721919 0.983462655116476 Penicillium-chrysogenum
0 0 -0.2266851175121894 0.6249782381759109 Penicillium-cvjetkovicii
0 0 -0.7147316946705401 0.07108428478412074 Penicillium-brevicompactum
0 0 0.7008333316040314 0.07940231962383733 Penicillium-solitum
0 0 0.6200135759212011 0.13747336369508034 Penicillium-commune
0 0 0.7028962906193824 0.07813657267807925 Penicillium-verrucosum
0 0 0.674741950323507 0.09634533111047416 Penicillium-polonicum
0 0 0.6602117386550056 0.10652982126879311 Penicillium-mb
0 0 0.009510805386225214 0.9838546855453485 Penicillium-chrysogenum
0 0 -0.2266851175121889 0.6249782381759117 Penicillium-cvjetkovicii
0 0 -0.7149916735493439 0.07093337620237035 Penicillium-brevicompactum
0 0 0.6939739530785782 0.08368885685040402 Penicillium-solitum
0 0 0.6144642065745172 0.14206158564848076 Penicillium-commune
0 0 0.696166122422616 0.08230591301296836 Penicillium-verrucosum
0 0 0.6689879315148366 0.1003145064973384 Penicillium-polonicum
0 0 0.6547266633352453 0.11051317070740048 Penicillium-mb
0 0 0.009581092485418646 0.9837353787694798 Penicillium-chrysogenum
0 0 -0.22668511751218848 0.6249782381759124 Penicillium-cvjetkovicii
0 0 -0.7151174536601081 0.07086042704175152 Penicillium-brevicompactum
0 0 0.6924743720603925 0.08464192110983744 Penicillium-solitum
0 0 0.6113116095116262 0.14470203816841384 Penicillium-commune
0 0 0.694842528716147 0.08313944751601825 Penicillium-verrucosum
0 0 0.666272345288291 0.10221687378098344 Penicillium-polonicum
0 0 0.6516657265227328 0.11276904746153636 Penicillium-mb
0 0 -0.0005118259960971439 0.9991310973161389 Penicillium-chrysogenum
0 0 -0.22668511751219111 0.6249782381759084 Penicillium-cvjetkovicii
0 0 -0.7150475929990755 0.07090093941752604 Penicillium-brevicompactum
0 0 0.6936711284725802 0.08388085705857816 Penicillium-solitum
0 0 0.6135497346949836 0.14282497567818092 Penicillium-commune
0 0 0.6959353689898536 0.08245090931025027 Penicillium-verrucosum
0 0 0.6681422123210131 0.10090496198443544 Penicillium-polonicum
0 0 0.6537437531937506 0.111234992002624 Penicillium-mb
0 0 0.005866483231996562 0.9900409201233744 Penicillium-chrysogenum
0 0 -0.22668511751219067 0.6249782381759088 Penicillium-cvjetkovicii
0 0 -0.7152891877489892 0.07076089081790175 Penicillium-brevicompactum
0 0 0.6900037898269328 0.08622458652200651 Penicillium-solitum
0 0 0.6099847137392794 0.14582070296158733 Penicillium-commune
0 0 0.6917358065376805 0.08511342213792816 Penicillium-verrucosum
0 0 0.6644078383545383 0.1035338342103177 Penicillium-polonicum
0 0 0.6500748886072535 0.11395079399957937 Penicillium-mb
0 0 0.0029905993514597645 0.9949230235611916 Penicillium-chrysogenum
0 0 -0.22668511751219098 0.6249782381759084 Penicillium-cvjetkovicii
0 0 -0.714947177483228 0.07095919239643411 Penicillium-brevicompactum
0 0 0.6964908434092649 0.0821021007867898 Penicillium-solitum
0 0 0.6163268684411596 0.14051304518811217 Penicillium-commune
0 0 0.697239769281386 0.08163305827458524 Penicillium-verrucosum
0 0 0.670032627758637 0.09958763197288076 Penicillium-polonicum
0 0 0.655716318806573 0.10978885597691303 Penicillium-mb
0 0 0.008104982423852113 0.9862410064210502 Penicillium-chrysogenum
0 0 -0.22668511751219028 0.6249782381759095 Penicillium-cvjetkovicii
0 0 -0.7149079048157331 0.07098198221202137 Penicillium-brevicompactum
0 0 0.6977340293556119 0.08132429167761815 Penicillium-solitum
0 0 0.6171731411304581 0.13981232165969115 Penicillium-commune
0 0 0.6984612119864106 0.0808711477826806 Penicillium-verrucosum
0 0 0.6710075282624662 0.0989118134133427 Penicillium-polonicum
0 0 0.656609140026611 0.10913753168356202 Penicillium-mb
0 0 0.007140350297446543 0.9878784738618154 Penicillium-chrysogenum
0 0 -0.2266851175121892 0.6249782381759112 Penicillium-cvjetkovicii
0 0 -0.7147762415135898 0.07105841469473441 Penicillium-brevicompactum
0 0 0.699388196013374 0.08029544943615034 Penicillium-solitum
0 0 0.6190371167646355 0.13827517675432158 Penicillium-commune
0 0 0.7009522773592967 0.07932904501468907 Penicillium-verrucosum
0 0 0.6731784010791093 0.09741557815367176 Penicillium-polonicum
0 0 0.6587581139809002 0.10757807296806791 Penicillium-mb
0 0 0.009694362458783148 0.9835431124820163 Penicillium-chrysogenum
0 0 -0.2266851175121889 0.6249782381759117 Penicillium-cvjetkovicii
0 0 -0.7148054498264035 0.07104145503040434 Penicillium-brevicompactum
0 0 0.6989632256426302 0.08055910339205422 Penicillium-solitum
0 0 0.6195872362432895 0.13782315928538288 Penicillium-commune
0 0 0.7011482610387473 0.07920839101201695 Penicillium-verrucosum
0 0 0.6737059862769197 0.09705375393729282 Penicillium-polonicum
0 0 0.659441429516485 0.10708464946412992 Penicillium-mb
0 0 0.014502762143474844 0.975381935458759 Penicillium-chrysogenum
0 0 -0.2266851175121914 0.6249782381759078 Penicillium-cvjetkovicii
0 0 -0.7149978241712255 0.07092980806661962 Penicillium-brevicompactum
0 0 0.6929014059070504 0.08436993545652346 Penicillium-solitum
0 0 0.6135931109558792 0.1427887190751177 Penicillium-commune
0 0 0.6958753306677856 0.08248865722681577 Penicillium-verrucosum
0 0 0.6684235803226378 0.1007083183452204 Penicillium-polonicum
0 0 0.6541415385709916 0.11094257645638607 Penicillium-mb
0 0 0.009226501115215443 0.9843372719181696 Penicillium-chrysogenum
0 0 -0.22668511751219075 0.6249782381759088 Penicillium-cvjetkovicii
0 0 -0.7149618095729251 0.07095070244102313 Penicillium-brevicompactum
0 0 0.6940150241603374 0.0836628344797038 Penicillium-solitum
0 0 0.6143060833479275 0.1421934373944293 Penicillium-commune
0 0 0.696249740504287 0.08225340418361224 Penicillium-verrucosum
0 0 0.668729467579754 0.10049476600544 Penicillium-polonicum
0 0 0.6544090322134605 0.11074616372706894 Penicillium-mb
0 0 0.0080059133126399 0.9864091749975099 Penicillium-chrysogenum
0 0 -0.22668511751219106 0.6249782381759084 Penicillium-cvjetkovicii
0 0 -0.715327943359684 0.07073843864254943 Penicillium-brevicompactum
0 0 0.6885469666474012 0.08716511046858524 Penicillium-solitum
0 0 0.6087251713146388 0.14688659411429641 Penicillium-commune
0 0 0.6906861684157493 0.08578589983631894 Penicillium-verrucosum
0 0 0.6634246961063224 0.10423179919287512 Penicillium-polonicum
0 0 0.649120527866393 0.11466279216005502 Penicillium-mb
0 0 0.0031426761435956016 0.9946648536230509 Penicillium-chrysogenum
0 0 -0.2266851175121896 0.6249782381759106 Penicillium-cvjetkovicii
0 0 -0.7150024438712822 0.07092712812177855 Penicillium-brevicompactum
0 0 0.6895713255395385 0.08650322178897524 Penicillium-solitum
0 0 0.6101426084305152 0.14568735956311454 Penicillium-commune
0 0 0.6937526621565245 0.083829139213259 Penicillium-verrucosum
0 0 0.6658965601167802 0.10248159513142695 Penicillium-polonicum
0 0 0.6515466425469401 0.11285728788565552 Penicillium-mb
0 0 0.00657136105713578 0.9888443518553873 Penicillium-chrysogenum
0 0 -0.22668511751219075 0.6249782381759088 Penicillium-cvjetkovicii
0 0 -0.7150460872290779 0.07090181275418278 Penicillium-brevicompactum
0 0 0.6941851571324381 0.08355508505379917 Penicillium-solitum
0 0 0.6139494905625432 0.14249101040080467 Penicillium-commune
0 0 0.6961679871850961 0.08230474182228739 Penicillium-verrucosum
0 0 0.6683988615397494 0.10072558587961632 Penicillium-polonicum
0 0 0.65399369683243 0.11105120967105761 Penicillium-mb
0 0 0.0057078342168905205 0.9903102375253354 Penicillium-chrysogenum
0 0 -0.22668511751219075 0.6249782381759088 Penicillium-cvjetkovicii
0 0 -0.715143572356685 0.07084528393389504 Penicillium-brevicompactum
0 0 0.6910298918141835 0.08556537595749444 Penicillium-solitum
0 0 0.6102631569681887 0.14558559662547604 Penicillium-commune
0 0 0.6942257512063174 0.08352938670562399 Penicillium-verrucosum
0 0 0.6661374849856434 0.10231183483093974 Penicillium-polonicum
0 0 0.6515801089403961 0.1128324859069912 Penicillium-mb
0 0 0.0007882266651109185 0.9986618652687139 Penicillium-chrysogenum
0 0 -0.226685117512192 0.6249782381759068 Penicillium-cvjetkovicii
0 0 -0.7150642248420074 0.07089129344242713 Penicillium-brevicompactum
0 0 0.6911908935064016 0.08546218487260321 Penicillium-solitum
0 0 0.6110025816305057 0.1449621826490117 Penicillium-commune
0 0 0.6939471639719379 0.08370583256748458 Penicillium-verrucosum
0 0 0.6663238808510763 0.10218059748592702 Penicillium-polonicum
0 0 0.6519082094048367 0.11258947963613666 Penicillium-mb
0 0 0.0037817836687874954 0.9935798905544269 Penicillium-chrysogenum
0 0 -0.2266851175121905 0.6249782381759093 Penicillium-cvjetkovicii
0 0 -0.7146230461516546 0.07114740240447925 Penicillium-brevicompactum
0 0 0.7021036796343851 0.0786216043556132 Penicillium-solitum
0 0 0.6231533418086865 0.1349111819946181 Penicillium-commune
0 0 0.7029922809909452 0.07807794076648679 Penicillium-verrucosum
0 0 0.6756238809038342 0.09574438587984144 Penicillium-polonicum
0 0 0.6615005705250283 0.10560486962939679 Penicillium-mb
0 0 0.018999112578878066 0.9677519257019984 Penicillium-chrysogenum
0 0 -0.22668511751219028 0.6249782381759095 Penicillium-cvjetkovicii
0 0 -0.7148654602983934 0.07100661705799437 Penicillium-brevicompactum
0 0 0.6973767254967066 0.08154743879860878 Penicillium-solitum
0 0 0.6170288771715684 0.1399316486687896 Penicillium-commune
0 0 0.6982685019206049 0.08099110397049646 Penicillium-verrucosum
0 0 0.6710297895270548 0.09889640962523889 Penicillium-polonicum
0 0 0.6566812675267001 0.1090850015295879 Penicillium-mb
0 0 0.008464155063890826 0.9856313187927128 Penicillium-chrysogenum
0 0 -0.22668511751219075 0.6249782381759088 Penicillium-cvjetkovicii
0 0 -0.7150438064619946 0.07090313559502553 Penicillium-brevicompactum
0 0 0.6922118711355495 0.08480934301021899 Penicillium-solitum
0 0 0.6123474994312148 0.14383172652066692 Penicillium-commune
0 0 0.6949192431146385 0.08309101482116935 Penicillium-verrucosum
0 0 0.6673366564415293 0.10146906057107358 Penicillium-polonicum
0 0 0.6529767820743329 0.11179992456506335 Penicillium-mb
0 0 0.006193150293393811 0.9894863831481255 Penicillium-chrysogenum
0 0 -0.22668511751219209 0.6249782381759067 Penicillium-cvjetkovicii
0 0 -0.7149859006739449 0.07093672528517887 Penicillium-brevicompactum
0 0 0.6943063790990867 0.08347835711880137 Penicillium-solitum
0 0 0.6147314117890231 0.14183891571015492 Penicillium-commune
0 0 0.6968204820143192 0.08189547651936377 Penicillium-verrucosum
0 0 0.6691533294425357 0.10019924242501521 Penicillium-polonicum
0 0 0.6548383677659496 0.11043129221923212 Penicillium-mb
0 0 0.009052119654395192 0.9846332739893069 Penicillium-chrysogenum
0 0 -0.2266851175121889 0.6249782381759117 Penicillium-cvjetkovicii
0 0 -0.7150180771324656 0.07091805947765444 Penicillium-brevicompactum
0 0 0.6929785934913368 0.08432082278903437 Penicillium-solitum
0 0 0.6132234717956948 0.14309783548091146 Penicillium-commune
0 0 0.6959249661303284 0.08245744924687526 Penicillium-verrucosum
0 0 0.6682512123449956 0.10082875980944485 Penicillium-polonicum
0 0 0.653893691637581 0.11112472411002447 Penicillium-mb
0 0 0.0074945470539406955 0.9872772190764947 Penicillium-chrysogenum
2 2 -0.22668511751218848 0.6249782381759124 Penicillium-cvjetkovicii
2 2 -0.7148246064107091 0.07103033303257268 Penicillium-brevicompactum
2 2 0.6972014709095982 0.08165700940735063 Penicillium-solitum
2 2 0.6172562506554877 0.1397436015161293 Penicillium-commune
2 2 0.6965039391621849 0.0820938868233673 Penicillium-verrucosum
2 2 0.6704370753464108 0.09930696937136688 Penicillium-polonicum
2 2 0.6561864632127544 0.10944562916275427 Penicillium-mb
2 2 0.009027809925914782 0.9846745384073657 Penicillium-chrysogenum
0 0 -0.2266851175121914 0.6249782381759078 Penicillium-cvjetkovicii
0 0 -0.715062141883487 0.07089250145795029 Penicillium-brevicompactum
0 0 0.6914147532496828 0.08531881565900838 Penicillium-solitum
0 0 0.611684158864704 0.14438873314664608 Penicillium-commune
0 0 0.6947635899283525 0.0831893001869138 Penicillium-verrucosum
0 0 0.6670860451472488 0.10164488865297097 Penicillium-polonicum
0 0 0.6527153766249425 0.11199280812811858 Penicillium-mb
0 0 0.0062750051566890395 0.9893474301171488 Penicillium-chrysogenum
0 0 -0.22668511751219106 0.6249782381759084 Penicillium-cvjetkovicii
0 0 -0.7151211262200325 0.07085829765862686 Penicillium-brevicompactum
0 0 0.6929407258891133 0.08434491517069383 Penicillium-solitum
0 0 0.6125481022420034 0.14366349410825136 Penicillium-commune
0 0 0.6949602750789702 0.08306511594148885 Penicillium-verrucosum
0 0 0.6672307125840325 0.10154337104556348 Penicillium-polonicum
0 0 0.6527973345578585 0.11193231520599162 Penicillium-mb
0 0 0.0037347333715608273 0.9936597639274776 Penicillium-chrysogenum
0 0 -0.2266851175121898 0.6249782381759103 Penicillium-cvjetkovicii
0 0 -0.7149727205493599 0.07094437193632998 Penicillium-brevicompactum
0 0 0.695830114187675 0.0825170922578343 Penicillium-solitum
0 0 0.6159698760760731 0.14080916993504147 Penicillium-commune
0 0 0.69781992963534 0.08127069279860719 Penicillium-verrucosum
0 0 0.6696538062542357 0.09985088741539161 Penicillium-polonicum
0 0 0.6553080755970264 0.11008734418072451 Penicillium-mb
0 0 0.009143883864803705 0.9844775095692752 Penicillium-chrysogenum
0 0 -0.2266851175121892 0.6249782381759112 Penicillium-cvjetkovicii
0 0 -0.7151300878950706 0.0708531017433294 Penicillium-brevicompactum
0 0 0.6915179822776675 0.08525274638852677 Penicillium-solitum
0 0 0.6113667039836077 0.14465568349724903 Penicillium-commune
0 0 0.6939998316769059 0.08367245983830168 Penicillium-verrucosum
0 0 0.6662947080847238 0.10220113160421017 Penicillium-polonicum
0 0 0.6518939023087931 0.11260007047725631 Penicillium-mb
0 0 0.004109839476523547 0.9930229787319846 Penicillium-chrysogenum
0 0 -0.22668511751219075 0.6249782381759088 Penicillium-cvjetkovicii
0 0 -0.7150104010972567 0.07092251216447995 Penicillium-brevicompactum
0 0 0.6926355261954815 0.08453922458829774 Penicillium-solitum
0 0 0.6128953433770982 0.1433725203131614 Penicillium-commune
0 0 0.6945763632263113 0.08330760396438822 Penicillium-verrucosum
0 0 0.6672689691884592 0.10151653406137735 Penicillium-polonicum
0 0 0.6529788970264225 0.11179836470460265 Penicillium-mb
0 0 0.0070448930839433314 0.9880405148323368 Penicillium-chrysogenum
0 0 -0.2266851175121905 0.6249782381759093 Penicillium-cvjetkovicii
0 0 -0.7149158093896306 0.07097739489498152 Penicillium-brevicompactum
0 0 0.6954277117349354 0.08277037802506564 Penicillium-solitum
0 0 0.615922770159878 0.14084826775994896 Penicillium-commune
0 0 0.696959156579025 0.08180863509906765 Penicillium-verrucosum
0 0 0.6697662915945829 0.09977267973337485 Penicillium-polonicum
0 0 0.655531586827517 0.10992387124838543 Penicillium-mb
0 0 0.010512923893217696 0.9821536923302623 Penicillium-chrysogenum
0 0 -0.22668511751219014 0.6249782381759097 Penicillium-cvjetkovicii
0 0 -0.7154895241915755 0.07064487169267898 Penicillium-brevicompactum
0 0 0.6881049908047567 0.08745151688740402 Penicillium-solitum
0 0 0.6074709518709784 0.14795185808464134 Penicillium-commune
0 0 0.6904095942841828 0.0859635607193024 Penicillium-verrucosum
0 0 0.6615389389071497 0.1055773982418109 Penicillium-polonicum
0 0 0.6470296181131642 0.11623071454587465 Penicillium-mb
0 0 -0.0022520390416111164 0.99617682947621 Penicillium-chrysogenum
0 0 -0.2266851175121889 0.6249782381759117 Penicillium-cvjetkovicii
0 0 -0.7149810363595266 0.07093954734020227 Penicillium-brevicompactum
0 0 0.6930007440740197 0.08430673168707267 Penicillium-solitum
0 0 0.6131028790084359 0.14319875597119358 Penicillium-commune
0 0 0.6954672764694234 0.08274545636924614 Penicillium-verrucosum
0 0 0.6680372720189548 0.10097835441903741 Penicillium-polonicum
0 0 0.6536914713963219 0.11127345445733981 Penicillium-mb
0 0 0.0069082116724485595 0.988272535462164 Penicillium-chrysogenum
0 0 -0.2266851175121887 0.624978238175912 Penicillium-cvjetkovicii
0 0 -0.7150115195527128 0.07092186336553588 Penicillium-brevicompactum
0 0 0.690467209581216 0.08592653476118664 Penicillium-solitum
0 0 0.6108972130349148 0.14505093735671462 Penicillium-commune
0 0 0.6940546542277877 0.08363772919563527 Penicillium-verrucosum
0 0 0.666374962498849 0.10214464733740763 Penicillium-polonicum
0 0 0.6520073385078129 0.11251611338115738 Penicillium-mb
0 0 0.005422793867678366 0.9907941145650174 Penicillium-chrysogenum
0 0 -0.22668511751219028 0.6249782381759095 Penicillium-cvjetkovicii
0 0 -0.714943750163461 0.07096118110381887 Penicillium-brevicompactum
0 0 0.6951688238226987 0.08293354873014626 Penicillium-solitum
0 0 0.6157486595591122 0.14099282683259004 Penicillium-commune
0 0 0.6977710087840407 0.08130121545820523 Penicillium-verrucosum
0 0 0.6701988629538997 0.09947222446337174 Penicillium-polonicum
0 0 0.6558925290401397 0.10966014918501796 Penicillium-mb
0 0 0.009959526265699082 0.9830930216312371 Penicillium-chrysogenum
0 0 -0.22668511751219075 0.6249782381759088 Penicillium-cvjetkovicii
0 0 -0.7150572244551132 0.0708953533731585 Penicillium-brevicompactum
0 0 0.6931440980827752 0.08421556716264575 Penicillium-solitum
0 0 0.6133514717654449 0.14299075539114722 Penicillium-commune
0 0 0.6948244748141678 0.08315084780281297 Penicillium-verrucosum
0 0 0.6673976015439768 0.10142632571298145 Penicillium-polonicum
0 0 0.6531068532667352 0.1117040128984367 Penicillium-mb
0 0 0.007191781563269296 0.9877911681586835 Penicillium-chrysogenum
0 0 -0.2266851175121887 0.624978238175912 Penicillium-cvjetkovicii
0 0 -0.7151054305050423 0.07086739841491548 Penicillium-brevicompactum
0 0 0.6931911718173175 0.08418564250448442 Penicillium-solitum
0 0 0.6126035270186458 0.14361703048079874 Penicillium-commune
0 0 0.6950992568557844 0.08297742416101496 Penicillium-verrucosum
0 0 0.667265982473211 0.10151862910694712 Penicillium-polonicum
0 0 0.6528069673331641 0.11192520639236621 Penicillium-mb
0 0 0.003238592731229859 0.9945020230532328 Penicillium-chrysogenum
0 0 -0.22668511751219073 0.6249782381759088 Penicillium-cvjetkovicii
0 0 -0.7155060719825674 0.07063529308077104 Penicillium-brevicompactum
0 0 0.6880132508138311 0.0875110279171365 Penicillium-solitum
0 0 0.6078651656166836 0.14761661819517258 Penicillium-commune
0 0 0.690618970378731 0.08582904744833997 Penicillium-verrucosum
0 0 0.662928216510745 0.10458519501301285 Penicillium-polonicum
0 0 0.6485218395570445 0.11511061106901657 Penicillium-mb
0 0 0.0008536809728207375 0.998550746697176 Penicillium-chrysogenum
0 0 -0.22668511751219048 0.6249782381759093 Penicillium-cvjetkovicii
0 0 -0.714954902696329 0.07095470993972906 Penicillium-brevicompactum
0 0 0.6930312368145058 0.08428733576037438 Penicillium-solitum
0 0 0.612448565510622 0.14374695663014056 Penicillium-commune
0 0 0.6966232359623697 0.08201908117261433 Penicillium-verrucosum
0 0 0.6685687394887266 0.10060694728657259 Penicillium-polonicum
0 0 0.6540200016586333 0.11103187701610055 Penicillium-mb
0 0 0.0036607396698356783 0.9937853769605027 Penicillium-chrysogenum
2 2 -0.22668511751219048 0.6249782381759093 Penicillium-cvjetkovicii
2 2 -0.7150191356930129 0.07091744544343857 Penicillium-brevicompactum
2 2 0.6949944825259213 0.08304352788974487 Penicillium-solitum
2 2 0.6148801817413035 0.14171501775404635 Penicillium-commune
2 2 0.6953728554270379 0.08280493836841928 Penicillium-verrucosum
2 2 0.6680520613294503 0.10096800948390233 Penicillium-polonicum
2 2 0.6538343668710079 0.11116834602194071 Penicillium-mb
2 2 0.008072111789526484 0.9862968038667854 Penicillium-chrysogenum
2 2 -0.22668511751219075 0.6249782381759088 Penicillium-cvjetkovicii
2 2 -0.7149016366100454 0.0709856199970575 Penicillium-brevicompactum
2 2 0.6957142542379426 0.08258997619598114 Penicillium-solitum
2 2 0.6160312887331757 0.1407582057761311 Penicillium-commune
2 2 0.6967379757781257 0.08194716717745867 Penicillium-verrucosum
2 2 0.6697182511036431 0.0998060769243203 Penicillium-polonicum
2 2 0.6554873365817555 0.10995622524906892 Penicillium-mb
2 2 0.009364810498046501 0.9841025010507304 Penicillium-chrysogenum
0 0 -0.2266851175121905 0.6249782381759093 Penicillium-cvjetkovicii
0 0 -0.7151021910264459 0.07086927682126752 Penicillium-brevicompactum
0 0 0.6945592638446072 0.08331841307332406 Penicillium-solitum
0 0 0.6147595501205594 0.14181547747394146 Penicillium-commune
0 0 0.6964944073560648 0.08209986535252248 Penicillium-verrucosum
0 0 0.6689102736778997 0.10036864932550464 Penicillium-polonicum
0 0 0.6545886839603582 0.11061435194328394 Penicillium-mb
0 0 0.008257412674117396 0.9859822587717837 Penicillium-chrysogenum
0 0 -0.22668511751219048 0.6249782381759093 Penicillium-cvjetkovicii
0 0 -0.7149095579817966 0.07098102280536168 Penicillium-brevicompactum
0 0 0.6964733394132995 0.08211308038532283 Penicillium-solitum
0 0 0.616716316661352 0.14019035763694235 Penicillium-commune
0 0 0.6971773258001634 0.0816721112559799 Penicillium-verrucosum
0 0 0.6701235814401162 0.0995244794043346 Penicillium-polonicum
0 0 0.6558856694165917 0.10966515809992977 Penicillium-mb
0 0 0.010016222529244872 0.9829967854671295 Penicillium-chrysogenum
0 0 -0.22668511751219042 0.6249782381759093 Penicillium-cvjetkovicii
0 0 -0.7153485282118445 0.07072651483480577 Penicillium-brevicompactum
0 0 0.6869201464877427 0.08822176294755348 Penicillium-solitum
0 0 0.6070765101553967 0.14828767408621188 Penicillium-commune
0 0 0.6905854840300799 0.08585055319768761 Penicillium-verrucosum
0 0 0.662138020086245 0.10514894442013104 Penicillium-polonicum
0 0 0.6477298428773816 0.11570440918325456 Penicillium-mb
0 0 0.0018250500813255072 0.9969017039136994 Penicillium-chrysogenum
0 0 -0.2266851175121889 0.6249782381759117 Penicillium-cvjetkovicii
0 0 -0.714996092080908 0.070930812887528 Penicillium-brevicompactum
0 0 0.6958001268983466 0.08253595306406605 Penicillium-solitum
0 0 0.6155825553343584 0.14113080825814509 Penicillium-commune
0 0 0.6979708478065075 0.08117657043739174 Penicillium-verrucosum
0 0 0.6700955063243232 0.0995439707792495 Penicillium-polonicum
0 0 0.6556769714236816 0.10981760663180089 Penicillium-mb
0 0 0.007376253439907179 0.9874780238990668 Penicillium-chrysogenum
0 0 -0.2266851175121889 0.6249782381759117 Penicillium-cvjetkovicii
0 0 -0.7144141440141657 0.07126884520584915 Penicillium-brevicompactum
0 0 0.7071386256334175 0.0755677063293676 Penicillium-solitum
0 0 0.6284219733859538 0.13066675861921875 Penicillium-commune
0 0 0.7083097779809039 0.07486660929224506 Penicillium-verrucosum
0 0 0.6813270364582227 0.09190592361025315 Penicillium-polonicum
0 0 0.6672268280115042 0.10154609627794825 Penicillium-mb
0 0 0.025126019140212497 0.9573582083203807 Penicillium-chrysogenum
2 2 -0.22668511751219028 0.6249782381759095 Penicillium-cvjetkovicii
2 2 -0.7151800641590921 0.07082412961108511 Penicillium-brevicompactum
2 2 0.6882903093159716 0.08733136746965177 Penicillium-solitum
2 2 0.6110413180690005 0.14492956081508657 Penicillium-commune
2 2 0.6921964509180043 0.0848191834070048 Penicillium-verrucosum
2 2 0.6648839937694435 0.10319667441464786 Penicillium-polonicum
2 2 0.6506666409251683 0.11351046964494377 Penicillium-mb
2 2 0.0046361669788263105 0.9921294830740066 Penicillium-chrysogenum
0 0 -0.22668511751219048 0.6249782381759093 Penicillium-cvjetkovicii
0 0 -0.715205332532905 0.07080948350397392 Penicillium-brevicompactum
0 0 0.6949469031695827 0.08307355565832944 Penicillium-solitum
0 0 0.615520919840066 0.14118202570175653 Penicillium-commune
0 0 0.6966351314112454 0.0820116240584862 Penicillium-verrucosum
0 0 0.6693439468092658 0.10006648912436125 Penicillium-polonicum
0 0 0.6550947038099522 0.11024351876995359 Penicillium-mb
0 0 0.009945743058953387 0.9831164172531375 Penicillium-chrysogenum
0 0 -0.2266851175121889 0.6249782381759117 Penicillium-cvjetkovicii
0 0 -0.7147739360200255 0.07105975346080919 Penicillium-brevicompactum
0 0 0.6992136845168416 0.08040366169175199 Penicillium-solitum
0 0 0.6191753494186701 0.13816152443137045 Penicillium-commune
0 0 0.7002857633155745 0.0797401048217419 Penicillium-verrucosum
0 0 0.6725342176385016 0.09785832368450166 Penicillium-polonicum
0 0 0.6582153065660038 0.10797087527233928 Penicillium-mb
0 0 0.011599171226565359 0.9803099599632229 Penicillium-chrysogenum
0 0 -0.2266851175121887 0.624978238175912 Penicillium-cvjetkovicii
0 0 -0.7149487743347831 0.07095826583116023 Penicillium-brevicompactum
0 0 0.6945891891457382 0.08329949674674281 Penicillium-solitum
0 0 0.6139396871779476 0.14249919565728483 Penicillium-commune
0 0 0.695033117064649 0.08301914951617335 Penicillium-verrucosum
0 0 0.6674614109777791 0.10138159245366493 Penicillium-polonicum
0 0 0.6530807412631564 0.11172326390287157 Penicillium-mb
0 0 0.004160227276126962 0.9929374399405666 Penicillium-chrysogenum
0 0 -0.22668511751219042 0.6249782381759093 Penicillium-cvjetkovicii
0 0 -0.7149176025089495 0.07097635430355374 Penicillium-brevicompactum
0 0 0.696800624115978 0.08190791602995914 Penicillium-solitum
0 0 0.6162367675995725 0.1405877540122399 Penicillium-commune
0 0 0.6981878307868956 0.08104134738288066 Penicillium-verrucosum
0 0 0.6705720436017495 0.09921340163974597 Penicillium-polonicum
0 0 0.6561389883499534 0.10948026267333441 Penicillium-mb
0 0 0.006476535410904019 0.9890053225946784 Penicillium-chrysogenum
0 0 -0.22668511751219023 0.6249782381759097 Penicillium-cvjetkovicii
0 0 -0.7149452784565798 0.07096029430577257 Penicillium-brevicompactum
0 0 0.6951496948989132 0.0829456119894588 Penicillium-solitum
0 0 0.6156478760155929 0.14107653876762327 Penicillium-commune
0 0 0.6971580212084362 0.08168418661223524 Penicillium-verrucosum
0 0 0.669681420009293 0.09983168543192981 Penicillium-polonicum
0 0 0.6554021823849653 0.11001850046492273 Penicillium-mb
0 0 0.009740397718562473 0.9834649716670325 Penicillium-chrysogenum
0 0 -0.2266851175121892 0.6249782381759112 Penicillium-cvjetkovicii
0 0 -0.7150660130802758 0.07089025635925351 Penicillium-brevicompactum
0 0 0.6937193292015921 0.08385028068325662 Penicillium-solitum
0 0 0.6134164435849573 0.14293641781123195 Penicillium-commune
0 0 0.6955104613509563 0.082718258945935 Penicillium-verrucosum
0 0 0.6677354460469003 0.10118959882515804 Penicillium-polonicum
0 0 0.6533292547843685 0.11154011758749265 Penicillium-mb
0 0 0.004870748849870502 0.991731258021264 Penicillium-chrysogenum
