#SPECIES: Penicillium-cvjetkovicii Penicillium-chrysogenum Penicillium-mb Penicillium-polonicum Penicillium-verrucosum Penicillium-solitum Penicillium-commune Penicillium-brevicompactum 
#GENE_TREEs p: 0.24922854222669344 0.018635496749528756 0.3345576822445129 0.056351343319277054 0.5563587381235715 0.03743651382867503 0.039781254466749696 0.05981831733928747 
#GENE_TREEs r: -0.5035873921983758 0.8377100724987093 -0.43082011846751495 0.7416895957468186 0.27118717547181137 0.7827598018961245 0.777125620204754 0.7350317110168918 
1 2 -0.5152566283819822 0.23660553276838556 Penicillium-cvjetkovicii
1 2 0.837493600556693 0.018695406743348644 Penicillium-chrysogenum
1 2 -0.43695479199033627 0.32694101218281624 Penicillium-mb
1 2 0.7420663683748627 0.05615850542727961 Penicillium-polonicum
1 2 0.2658518079603286 0.5644545706096389 Penicillium-verrucosum
1 2 0.7816040599480936 0.03791106030085574 Penicillium-solitum
1 2 0.7757474221452357 0.040366834758801845 Penicillium-commune
1 2 0.7349008429798898 0.05988759140961607 Penicillium-brevicompactum
1 0 -0.4961976978780346 0.25737854780964714 Penicillium-cvjetkovicii
1 0 0.8366575347825329 0.01892781916028044 Penicillium-chrysogenum
1 0 -0.4318542852806888 0.33326843989644617 Penicillium-mb
1 0 0.740417768771853 0.05700493991605046 Penicillium-polonicum
1 0 0.268974057127847 0.5597123477396003 Penicillium-verrucosum
1 0 0.7824669336709086 0.037556451636778974 Penicillium-solitum
1 0 0.7768278792553622 0.03990736032431039 Penicillium-commune
1 0 0.7350317110168919 0.059818317339287365 Penicillium-brevicompactum
1 2 -0.5088831046962532 0.24346232169210966 Penicillium-cvjetkovicii
1 2 0.8373026082672888 0.018748355772450667 Penicillium-chrysogenum
1 2 -0.4363841218914228 0.3276463776480142 Penicillium-mb
1 2 0.7435972045185806 0.055378699074913953 Penicillium-polonicum
1 2 0.26797640706703035 0.5612262351417754 Penicillium-verrucosum
1 2 0.7824661016328155 0.037556792683049414 Penicillium-solitum
1 2 0.7766642409757835 0.039976762087076075 Penicillium-commune
1 2 0.7350567658456716 0.059805059700721745 Penicillium-brevicompactum
1 2 -0.5114141817368713 0.24072843863825513 Penicillium-cvjetkovicii
1 2 0.8409984541212951 0.01773882043231217 Penicillium-chrysogenum
1 2 -0.4302988559115397 0.3352083163067896 Penicillium-mb
1 2 0.7428424383847266 0.055762434377213246 Penicillium-polonicum
1 2 0.2725316670076813 0.5543245629516416 Penicillium-verrucosum
1 2 0.7831565916175399 0.03727435667732804 Penicillium-solitum
1 2 0.7775582125445125 0.039598426820218066 Penicillium-commune
1 2 0.7349791791186812 0.0598461195056565 Penicillium-brevicompactum
1 2 -0.5088831046962531 0.24346232169210974 Penicillium-cvjetkovicii
1 2 0.8380393102182161 0.018544587402865836 Penicillium-chrysogenum
1 2 -0.4334545560215611 0.33127764798507986 Penicillium-mb
1 2 0.7452736382899504 0.05453153276854657 Penicillium-polonicum
1 2 0.2718135718613314 0.5554107196110718 Penicillium-verrucosum
1 2 0.7845288607800536 0.03671655740821302 Penicillium-solitum
1 2 0.778760533600143 0.03909273367659085 Penicillium-commune
1 2 0.7351036182195498 0.05978027227472293 Penicillium-brevicompactum
1 0 -0.4791693718989005 0.276613003805649 Penicillium-cvjetkovicii
1 0 0.832458836459435 0.02011969981771615 Penicillium-chrysogenum
1 0 -0.4402438419367169 0.3228883729022201 Penicillium-mb
1 0 0.7345705310532121 0.06006263302876522 Penicillium-polonicum
1 0 0.2578118807554598 0.5767242344876571 Penicillium-verrucosum
1 0 0.7748016504732397 0.04077142176633005 Penicillium-solitum
1 0 0.768983114130364 0.04330964875405745 Penicillium-commune
1 0 0.7350317110168918 0.05981831733928747 Penicillium-brevicompactum
1 0 -0.4974479421621564 0.2559912150042015 Penicillium-cvjetkovicii
1 0 0.8348790402344174 0.0194276401273428 Penicillium-chrysogenum
1 0 -0.42890953548291283 0.3369450746027594 Penicillium-mb
1 0 0.7435270206970955 0.05541432082788579 Penicillium-polonicum
1 0 0.274552617151839 0.5512714712116495 Penicillium-verrucosum
1 0 0.7859790707227025 0.03613214738882394 Penicillium-solitum
1 0 0.7806389613648711 0.03830986985458445 Penicillium-commune
1 0 0.7350317110168918 0.05981831733928747 Penicillium-brevicompactum
1 2 -0.518576714091844 0.2330698499860735 Penicillium-cvjetkovicii
1 2 0.8379408396346949 0.018571750703713964 Penicillium-chrysogenum
1 2 -0.4410080686380518 0.32194983600301386 Penicillium-mb
1 2 0.7429658867541 0.055699572544029234 Penicillium-polonicum
1 2 0.26317586923834035 0.5685290466753032 Penicillium-verrucosum
1 2 0.7816537383407435 0.03789059420474319 Penicillium-solitum
1 2 0.7759376092477347 0.04028574491579893 Penicillium-commune
1 2 0.7348344537968452 0.05992275067466141 Penicillium-brevicompactum
3 4 -0.5106024153476009 0.2416036891980177 Penicillium-cvjetkovicii
3 4 0.8393373055476135 0.01818864203150748 Penicillium-chrysogenum
3 4 -0.44498114850076437 0.31708955358992424 Penicillium-mb
3 4 0.7393224385525112 0.05757112000900234 Penicillium-polonicum
3 4 0.2642963067307824 0.5668218982850037 Penicillium-verrucosum
3 4 0.780978632888685 0.03816924288362618 Penicillium-solitum
3 4 0.7752541022680348 0.040577591312191776 Penicillium-commune
3 4 0.7349959444771519 0.059837245787429 Penicillium-brevicompactum
1 2 -0.5095821651184235 0.24270581749573672 Penicillium-cvjetkovicii
1 2 0.8381982381522116 0.018500794454803397 Penicillium-chrysogenum
1 2 -0.43676699241857697 0.3271730661889909 Penicillium-mb
1 2 0.7445953420640664 0.05487344494339723 Penicillium-polonicum
1 2 0.2685313312664997 0.5603840017634378 Penicillium-verrucosum
1 2 0.7827632474063593 0.037435104061488915 Penicillium-solitum
1 2 0.7769028792886506 0.03987557383688895 Penicillium-commune
1 2 0.7350171259008335 0.059826035714952756 Penicillium-brevicompactum
1 2 -0.5088831046962524 0.24346232169211043 Penicillium-cvjetkovicii
1 2 0.8394206995817347 0.01816590707359949 Penicillium-chrysogenum
1 2 -0.437538028843872 0.32622078740886884 Penicillium-mb
1 2 0.7503985271377285 0.051985818594502235 Penicillium-polonicum
1 2 0.2734158568361512 0.552988125514237 Penicillium-verrucosum
1 2 0.7856754098261124 0.03625408656240589 Penicillium-solitum
1 2 0.7799285872189585 0.03860489775372597 Penicillium-commune
1 2 0.7353032439918328 0.05967472194552941 Penicillium-brevicompactum
1 2 -0.5127231242383401 0.2393202375073641 Penicillium-cvjetkovicii
1 2 0.8378572638295325 0.01859482296917329 Penicillium-chrysogenum
1 2 -0.43120019689939537 0.3340836117587614 Penicillium-mb
1 2 0.7431420694569727 0.05560992441580214 Penicillium-polonicum
1 2 0.27198008079269126 0.5551588048598909 Penicillium-verrucosum
1 2 0.783413388559855 0.03716961890605945 Penicillium-solitum
1 2 0.7776374448757308 0.03956499114554659 Penicillium-commune
1 2 0.7349523064880318 0.05986034437916391 Penicillium-brevicompactum
1 2 -0.5088831046962523 0.2434623216921107 Penicillium-cvjetkovicii
1 2 0.8393866598190833 0.01817518507300724 Penicillium-chrysogenum
1 2 -0.43479373921317316 0.3296155729813111 Penicillium-mb
1 2 0.7420565742401645 0.05616351365962435 Penicillium-polonicum
1 2 0.2681656535550437 0.5609389617124663 Penicillium-verrucosum
1 2 0.7806449494298227 0.03830738826127394 Penicillium-solitum
1 2 0.7747587122765637 0.040789843029985395 Penicillium-commune
1 2 0.7350559512924085 0.059805490692488535 Penicillium-brevicompactum
1 2 -0.5130432820582671 0.2389763861651048 Penicillium-cvjetkovicii
1 2 0.8383299950284738 0.01846453313629385 Penicillium-chrysogenum
1 2 -0.4342653368800626 0.3302709522449005 Penicillium-mb
1 2 0.7427319750806862 0.05581871673442957 Penicillium-polonicum
1 2 0.2691793897167626 0.5594009279245258 Penicillium-verrucosum
1 2 0.7818878530183931 0.03779422804327001 Penicillium-solitum
1 2 0.7760984261104882 0.04021724798381002 Penicillium-commune
1 2 0.734945763447997 0.05986380817750664 Penicillium-brevicompactum
1 2 -0.5122738828992677 0.23980311272728969 Penicillium-cvjetkovicii
1 2 0.8364206600943399 0.018993962882449547 Penicillium-chrysogenum
1 2 -0.4377819813527591 0.32591973861842494 Penicillium-mb
1 2 0.7467606735753949 0.053786029535438984 Penicillium-polonicum
1 2 0.2696443411485258 0.5586959602798174 Penicillium-verrucosum
1 2 0.7856075388025632 0.03628137230597313 Penicillium-solitum
1 2 0.7801647804403843 0.03850666435987085 Penicillium-commune
1 2 0.7349615072560408 0.05985547379883079 Penicillium-brevicompactum
1 2 -0.508883104696252 0.24346232169211102 Penicillium-cvjetkovicii
1 2 0.8386550515164406 0.0183752458814649 Penicillium-chrysogenum
1 2 -0.4324567946531879 0.3325183004316513 Penicillium-mb
1 2 0.7439429415071669 0.05520340254755652 Penicillium-polonicum
1 2 0.2711429684275885 0.5564256629149006 Penicillium-verrucosum
1 2 0.7845600164263373 0.03670394746201141 Penicillium-solitum
1 2 0.7788599187665869 0.03905109351382964 Penicillium-commune
1 2 0.735119388802655 0.05977193004129954 Penicillium-brevicompactum
1 2 -0.508883104696252 0.24346232169211102 Penicillium-cvjetkovicii
1 2 0.8395492409228378 0.01813089566312717 Penicillium-chrysogenum
1 2 -0.43912642984212796 0.3242627681844681 Penicillium-mb
1 2 0.7465830839178936 0.05387476732813007 Penicillium-polonicum
1 2 0.26815134556188536 0.5609606793926935 Penicillium-verrucosum
1 2 0.7832969699058205 0.03721708141236835 Penicillium-solitum
1 2 0.7774606325125906 0.039639626620807694 Penicillium-commune
1 2 0.7352946984340819 0.05967923826002441 Penicillium-brevicompactum
1 0 -0.46759813448311177 0.29003871165975104 Penicillium-cvjetkovicii
1 0 0.8286985057480495 0.021222286265320175 Penicillium-chrysogenum
1 0 -0.4421507103780092 0.3205487690857045 Penicillium-mb
1 0 0.7343530244956611 0.060178047130752706 Penicillium-polonicum
1 0 0.25662558292625753 0.5785416331080278 Penicillium-verrucosum
1 0 0.7753673789816186 0.04052914345908682 Penicillium-solitum
1 0 0.7699076194821944 0.042900694383130114 Penicillium-commune
1 0 0.735031711016892 0.059818317339287316 Penicillium-brevicompactum
1 2 -0.508883104696253 0.24346232169210985 Penicillium-cvjetkovicii
1 2 0.8393980157219564 0.01817208956825441 Penicillium-chrysogenum
1 2 -0.4317480715413261 0.3334007533849195 Penicillium-mb
1 2 0.742460671000344 0.05595708053808827 Penicillium-polonicum
1 2 0.27088189539145474 0.5568209528460918 Penicillium-verrucosum
1 2 0.7826124728122994 0.03749682264754111 Penicillium-solitum
1 2 0.7768772488742255 0.03988643493381231 Penicillium-commune
1 2 0.7350523172955981 0.05980741351262609 Penicillium-brevicompactum
1 2 -0.5088831046962513 0.24346232169211177 Penicillium-cvjetkovicii
1 2 0.8403736748777678 0.017907252889991423 Penicillium-chrysogenum
1 2 -0.4303291912186566 0.3351704373822763 Penicillium-mb
1 2 0.7439135104349526 0.05521831298603991 Penicillium-polonicum
1 2 0.27291752774801936 0.5537412126241742 Penicillium-verrucosum
1 2 0.7846255386700504 0.036677435815281496 Penicillium-solitum
1 2 0.7789694409715568 0.039005234620141514 Penicillium-commune
1 2 0.7352671166658568 0.05969381644782111 Penicillium-brevicompactum
1 2 -0.5104282077721304 0.24179171275096867 Penicillium-cvjetkovicii
1 2 0.8364634220498008 0.018982012555826072 Penicillium-chrysogenum
1 2 -0.43807607798486814 0.3255569682445045 Penicillium-mb
1 2 0.7418672115814473 0.05626039205683798 Penicillium-polonicum
1 2 0.2644685812873819 0.5665595575034259 Penicillium-verrucosum
1 2 0.7819479878639729 0.037769497334196656 Penicillium-solitum
1 2 0.7761093519354728 0.04021259667185696 Penicillium-commune
1 2 0.7349995524592396 0.0598353362158288 Penicillium-brevicompactum
1 2 -0.5136089726793779 0.23836939319540248 Penicillium-cvjetkovicii
1 2 0.8384021899682168 0.018444681225056755 Penicillium-chrysogenum
1 2 -0.4328210546919395 0.3320651370556813 Penicillium-mb
1 2 0.7416715629266415 0.05636058180640585 Penicillium-polonicum
1 2 0.26930494874199445 0.5592105249425804 Penicillium-verrucosum
1 2 0.7817198047461147 0.03786338620312155 Penicillium-solitum
1 2 0.7759063561720525 0.04029906406006872 Penicillium-commune
1 2 0.7349342307569565 0.0598699136952722 Penicillium-brevicompactum
1 2 -0.5110780308861382 0.24109069932187918 Penicillium-cvjetkovicii
1 2 0.8368343029067382 0.0188785446278563 Penicillium-chrysogenum
1 2 -0.44047730390485296 0.3226015364863623 Penicillium-mb
1 2 0.7415783813596466 0.056408333264181904 Penicillium-polonicum
1 2 0.26192154769853165 0.5704421123276006 Penicillium-verrucosum
1 2 0.7818637564029657 0.03780414039744207 Penicillium-solitum
1 2 0.7761247781519149 0.040206029972344494 Penicillium-commune
1 2 0.7349861122681878 0.05984244978003233 Penicillium-brevicompactum
1 2 -0.508883104696252 0.24346232169211102 Penicillium-cvjetkovicii
1 2 0.8403223996759652 0.01792111622029579 Penicillium-chrysogenum
1 2 -0.43806315174760707 0.3255729092098592 Penicillium-mb
1 2 0.7490907005669781 0.05262915217337388 Penicillium-polonicum
1 2 0.27075840769521664 0.5570079567484321 Penicillium-verrucosum
1 2 0.7859236485098963 0.03615438590813091 Penicillium-solitum
1 2 0.7801439003760586 0.03851534284687575 Penicillium-commune
1 2 0.7355871724491718 0.0595247715595918 Penicillium-brevicompactum
1 2 -0.508883104696251 0.24346232169211207 Penicillium-cvjetkovicii
1 2 0.8378526082014127 0.01859610869858908 Penicillium-chrysogenum
1 2 -0.4320969884606074 0.33296618161583424 Penicillium-mb
1 2 0.7447090687384029 0.05481603691159377 Penicillium-polonicum
1 2 0.27216747085348614 0.5548753428232862 Penicillium-verrucosum
1 2 0.7848984770526787 0.03656711376047427 Penicillium-solitum
1 2 0.7790456275219283 0.03897335155636515 Penicillium-commune
1 2 0.7350598680965448 0.05980341827089206 Penicillium-brevicompactum
1 2 -0.5127381001153806 0.2393041482052596 Penicillium-cvjetkovicii
1 2 0.8398446117997374 0.018050589523713793 Penicillium-chrysogenum
1 2 -0.4344165849692575 0.33008330186448326 Penicillium-mb
1 2 0.7419840094040765 0.0562006272704189 Penicillium-polonicum
1 2 0.26862037393434 0.560248895457385 Penicillium-verrucosum
1 2 0.7803685746070683 0.038422017259563325 Penicillium-solitum
1 2 0.7745280738205929 0.04088886981244628 Penicillium-commune
1 2 0.734952000167972 0.05986050653850352 Penicillium-brevicompactum
1 2 -0.5149452489342016 0.2369384054546644 Penicillium-cvjetkovicii
1 2 0.8381133761702325 0.018524171046431986 Penicillium-chrysogenum
1 2 -0.4368246240883161 0.3271018462735638 Penicillium-mb
1 2 0.7426766098964043 0.05584693757646674 Penicillium-polonicum
1 2 0.26708317132635084 0.5625827892366777 Penicillium-verrucosum
1 2 0.7809638594571419 0.038175353250680576 Penicillium-solitum
1 2 0.775156002089247 0.04061957409886907 Penicillium-commune
1 2 0.7349071298220171 0.0598842625201655 Penicillium-brevicompactum
1 2 -0.5197508303064418 0.23182544271175637 Penicillium-cvjetkovicii
1 2 0.8362694116651679 0.01903626527552516 Penicillium-chrysogenum
1 2 -0.43520552959783665 0.3291052139234696 Penicillium-mb
1 2 0.7413702597834047 0.05651506586869681 Penicillium-polonicum
1 2 0.2670326854374895 0.5626594932424771 Penicillium-verrucosum
1 2 0.7815885446861546 0.03791745340680266 Penicillium-solitum
1 2 0.7758623839345175 0.0403178078611387 Penicillium-commune
1 2 0.734811249959971 0.05993504190913931 Penicillium-brevicompactum
1 2 -0.5331792193280438 0.21781593744096872 Penicillium-cvjetkovicii
1 2 0.8354959351702856 0.019253432936275103 Penicillium-chrysogenum
1 2 -0.4421496933757553 0.32055001492617236 Penicillium-mb
1 2 0.7457483062508754 0.054292957045132706 Penicillium-polonicum
1 2 0.26558275935251147 0.5648638120693215 Penicillium-verrucosum
1 2 0.7822577401869202 0.037642252584983035 Penicillium-solitum
1 2 0.7765593217247172 0.04002129521927766 Penicillium-commune
1 2 0.7345549852409335 0.06007087801784586 Penicillium-brevicompactum
1 2 -0.5170532688409343 0.23468913915178877 Penicillium-cvjetkovicii
1 2 0.8395365225396983 0.018134358117951624 Penicillium-chrysogenum
1 2 -0.4340730127550259 0.33050963063458483 Penicillium-mb
1 2 0.7450202023883444 0.05465914720760476 Penicillium-polonicum
1 2 0.271590173239852 0.5557487619497343 Penicillium-verrucosum
1 2 0.7828937061624797 0.037381747141794645 Penicillium-solitum
1 2 0.7771092389645073 0.03978818687269424 Penicillium-commune
1 2 0.734864772496066 0.05990669270741044 Penicillium-brevicompactum
1 2 -0.5157790149720279 0.23604757780774466 Penicillium-cvjetkovicii
1 2 0.841231328805635 0.017676271877854303 Penicillium-chrysogenum
1 2 -0.4334450583975957 0.33128944834216173 Penicillium-mb
1 2 0.7388271664095947 0.05782812655667132 Penicillium-polonicum
1 2 0.2669943921216567 0.5627176751079389 Penicillium-verrucosum
1 2 0.7770367974652401 0.03981885153237423 Penicillium-solitum
1 2 0.7710991361564785 0.042376782012415515 Penicillium-commune
1 2 0.7348903195020119 0.05989316382662185 Penicillium-brevicompactum
1 0 -0.5034177344014413 0.24941430318908728 Penicillium-cvjetkovicii
1 0 0.8372087523081907 0.018774406740514563 Penicillium-chrysogenum
1 0 -0.43391667881426443 0.33070369870777344 Penicillium-mb
1 0 0.7430382441870611 0.055662744953279594 Penicillium-polonicum
1 0 0.26948582010248867 0.5589362806182128 Penicillium-verrucosum
1 0 0.7835371303286537 0.037119207698560946 Penicillium-solitum
1 0 0.7778847333994365 0.03946073706412305 Penicillium-commune
1 0 0.7350317110168919 0.059818317339287365 Penicillium-brevicompactum
1 2 -0.508883104696252 0.24346232169211102 Penicillium-cvjetkovicii
1 2 0.8405331182348342 0.017864182988995714 Penicillium-chrysogenum
1 2 -0.42338187333793426 0.34389271083767103 Penicillium-mb
1 2 0.7484133462926492 0.0529640489371793 Penicillium-polonicum
1 2 0.28269562569835704 0.5390256775942768 Penicillium-verrucosum
1 2 0.7891248755112095 0.03488232416661029 Penicillium-solitum
1 2 0.783367041406283 0.03718851006484983 Penicillium-commune
1 2 0.7354637460774829 0.05958993126450186 Penicillium-brevicompactum
1 2 -0.5088831046962521 0.24346232169211085 Penicillium-cvjetkovicii
1 2 0.8386149777692004 0.01838624014275798 Penicillium-chrysogenum
1 2 -0.4385560292270168 0.324965317422486 Penicillium-mb
1 2 0.7429346321920921 0.055715484205017936 Penicillium-polonicum
1 2 0.2649465551805402 0.5658318977765222 Penicillium-verrucosum
1 2 0.7823779108821605 0.037592951161748066 Penicillium-solitum
1 2 0.7766140501715144 0.039998062226399 Penicillium-commune
1 2 0.735112329499774 0.059775664153175305 Penicillium-brevicompactum
1 0 -0.5054036503590643 0.24724389189542456 Penicillium-cvjetkovicii
1 0 0.8372856139321078 0.018753071253103337 Penicillium-chrysogenum
1 0 -0.42870931449524874 0.33719568060071053 Penicillium-mb
1 0 0.7437522522561396 0.05530004890981955 Penicillium-polonicum
1 0 0.27447908795220816 0.5513824572748476 Penicillium-verrucosum
1 0 0.7849272715402538 0.03655548575127784 Penicillium-solitum
1 0 0.7791232692683265 0.03894087436752115 Penicillium-commune
1 0 0.7350317110168918 0.05981831733928747 Penicillium-brevicompactum
1 2 -0.5150135018177269 0.23686542270028932 Penicillium-cvjetkovicii
1 2 0.8375769770619844 0.018672318832256077 Penicillium-chrysogenum
1 2 -0.4385158147546799 0.32501487331018974 Penicillium-mb
1 2 0.7428854452267625 0.055740530242115 Penicillium-polonicum
1 2 0.2654427494953319 0.5650768140512903 Penicillium-verrucosum
1 2 0.7815908052869701 0.0379165218828779 Penicillium-solitum
1 2 0.7757886853669224 0.04034923374934613 Penicillium-commune
1 2 0.7349057508708626 0.059884992667647956 Penicillium-brevicompactum
1 0 -0.4980458846556316 0.25532892251859474 Penicillium-cvjetkovicii
1 0 0.8368467677151129 0.01887507278506607 Penicillium-chrysogenum
1 0 -0.44117725670141156 0.32174221745471626 Penicillium-mb
1 0 0.7420216578058161 0.056181370161392054 Penicillium-polonicum
1 0 0.2633437656155817 0.5682731287312347 Penicillium-verrucosum
1 0 0.7789555353996942 0.03901105547632865 Penicillium-solitum
1 0 0.7731250000974828 0.041494153083502315 Penicillium-commune
1 0 0.7350317110168917 0.0598183173392875 Penicillium-brevicompactum
1 0 -0.5006855478951937 0.2524145887531027 Penicillium-cvjetkovicii
1 0 0.8376631637270807 0.0186484697843996 Penicillium-chrysogenum
1 0 -0.439382207427302 0.32394794511210045 Penicillium-mb
1 0 0.7394365008725485 0.05751201891742896 Penicillium-polonicum
1 0 0.2616735973221082 0.5708205212419237 Penicillium-verrucosum
1 0 0.7789213851308309 0.03902535278045322 Penicillium-solitum
1 0 0.7730714191607045 0.04151736522603716 Penicillium-commune
1 0 0.7350317110168918 0.05981831733928747 Penicillium-brevicompactum
1 0 -0.5026557524870982 0.2502493951579191 Penicillium-cvjetkovicii
1 0 0.8362076048997713 0.01905356727070783 Penicillium-chrysogenum
1 0 -0.4409663319283177 0.32200106193598965 Penicillium-mb
1 0 0.7397723186337446 0.0573382073373082 Penicillium-polonicum
1 0 0.260043411254681 0.573310391935764 Penicillium-verrucosum
1 0 0.7804210229024194 0.038400249253926974 Penicillium-solitum
1 0 0.7746602734041473 0.04083209244827772 Penicillium-commune
1 0 0.7350317110168918 0.05981831733928747 Penicillium-brevicompactum
3 4 -0.5175763576417037 0.23413255124336846 Penicillium-cvjetkovicii
3 4 0.8377052127508895 0.018636840517619317 Penicillium-chrysogenum
3 4 -0.4396902029781649 0.32356902424187395 Penicillium-mb
3 4 0.7432113626387002 0.055574687079163805 Penicillium-polonicum
3 4 0.25872728671234446 0.575323059988311 Penicillium-verrucosum
3 4 0.7845124194984805 0.036723212827188545 Penicillium-solitum
3 4 0.7789639418954819 0.039007536469480894 Penicillium-commune
3 4 0.7348543350573281 0.05991222051925418 Penicillium-brevicompactum
1 0 -0.4939055050963202 0.25993098176310153 Penicillium-cvjetkovicii
1 0 0.8341047111389294 0.019647566462194035 Penicillium-chrysogenum
1 0 -0.43960238344524977 0.32367704744639925 Penicillium-mb
1 0 0.7395469929591485 0.05745479918542067 Penicillium-polonicum
1 0 0.2616783893672782 0.570813207123255 Penicillium-verrucosum
1 0 0.7805400216399266 0.038350885674682075 Penicillium-solitum
1 0 0.7749491101686039 0.04070819390746793 Penicillium-commune
1 0 0.735031711016892 0.059818317339287316 Penicillium-brevicompactum
1 2 -0.5088831046962514 0.24346232169211163 Penicillium-cvjetkovicii
1 2 0.8404268457376058 0.017892883470069988 Penicillium-chrysogenum
1 2 -0.4272788765721497 0.33898838279642246 Penicillium-mb
1 2 0.7440236380160925 0.055162531144161045 Penicillium-polonicum
1 2 0.2760261922412726 0.5490487701710982 Penicillium-verrucosum
1 2 0.7841811201257334 0.03685746530753309 Penicillium-solitum
1 2 0.7782888215098464 0.039290705661151705 Penicillium-commune
1 2 0.7350813220144164 0.059792067471727044 Penicillium-brevicompactum
1 2 -0.5088831046962518 0.24346232169211124 Penicillium-cvjetkovicii
1 2 0.8386400443878363 0.018379362660379196 Penicillium-chrysogenum
1 2 -0.4405192239427263 0.32255004424598516 Penicillium-mb
1 2 0.7438701381917368 0.05524029033054914 Penicillium-polonicum
1 2 0.264066460972997 0.5671719688437706 Penicillium-verrucosum
1 2 0.7822646117020635 0.03763943250002 Penicillium-solitum
1 2 0.7763876711819481 0.04009421169579543 Penicillium-commune
1 2 0.735132872513546 0.05976479800513874 Penicillium-brevicompactum
1 2 -0.508883104696253 0.24346232169210985 Penicillium-cvjetkovicii
1 2 0.8377919120180939 0.018612875582824734 Penicillium-chrysogenum
1 2 -0.4384928040950802 0.32504323057345624 Penicillium-mb
1 2 0.743515434983798 0.05542020234859276 Penicillium-polonicum
1 2 0.26572339990579524 0.5646498763224468 Penicillium-verrucosum
1 2 0.7826711463530868 0.037472798316704255 Penicillium-solitum
1 2 0.7769336391249997 0.03986254126623026 Penicillium-commune
1 2 0.7351074395554079 0.05977825082824938 Penicillium-brevicompactum
1 2 -0.5096811850979341 0.24259874897551426 Penicillium-cvjetkovicii
1 2 0.8377419207715843 0.018626691750644117 Penicillium-chrysogenum
1 2 -0.43148941851040357 0.3337230584331903 Penicillium-mb
1 2 0.74461674966823 0.05486263610810358 Penicillium-polonicum
1 2 0.2720819823517406 0.5550046541451643 Penicillium-verrucosum
1 2 0.7875006803611845 0.035524559939702716 Penicillium-solitum
1 2 0.7821170272054907 0.03770002727403 Penicillium-commune
1 2 0.7350150647123579 0.05982712652986365 Penicillium-brevicompactum
1 2 -0.5088831046962521 0.24346232169211085 Penicillium-cvjetkovicii
1 2 0.8378033274715345 0.018609721490628294 Penicillium-chrysogenum
1 2 -0.43321053076955984 0.33158089495670956 Penicillium-mb
1 2 0.744327692752892 0.055008680703041074 Penicillium-polonicum
1 2 0.27109784999029546 0.5564939701374482 Penicillium-verrucosum
1 2 0.784343793966079 0.03679151098320573 Penicillium-solitum
1 2 0.7786116460792272 0.03915516020521067 Penicillium-commune
1 2 0.7350363288311967 0.059815873725947065 Penicillium-brevicompactum
1 0 -0.49782447264252455 0.255574071025368 Penicillium-cvjetkovicii
1 0 0.8358572775809198 0.019151805451560512 Penicillium-chrysogenum
1 0 -0.4403396693043897 0.32277062405028706 Penicillium-mb
1 0 0.7405475963391002 0.056938033179114465 Penicillium-polonicum
1 0 0.26163520368149157 0.5708791226831427 Penicillium-verrucosum
1 0 0.7805903116957039 0.03833003471080578 Penicillium-solitum
1 0 0.7748104865559988 0.04076763149751662 Penicillium-commune
1 0 0.735031711016892 0.059818317339287316 Penicillium-brevicompactum
1 0 -0.5036258654561158 0.24918642612898248 Penicillium-cvjetkovicii
1 0 0.8366399370835403 0.01893272855154872 Penicillium-chrysogenum
1 0 -0.44218722392916127 0.320504040913285 Penicillium-mb
1 0 0.7422899270294271 0.05604425475262705 Penicillium-polonicum
1 0 0.2613000784579296 0.5713907154915467 Penicillium-verrucosum
1 0 0.7810832758952535 0.038125977520325406 Penicillium-solitum
1 0 0.7751268884251913 0.04063203815194886 Penicillium-commune
1 0 0.7350317110168918 0.05981831733928747 Penicillium-brevicompactum
1 2 -0.5147006208585979 0.2372000720922085 Penicillium-cvjetkovicii
1 2 0.8389411602479804 0.01829686028453 Penicillium-chrysogenum
1 2 -0.4320877305549534 0.33297770910479096 Penicillium-mb
1 2 0.7447773088154952 0.054781605752676404 Penicillium-polonicum
1 2 0.2729740696073185 0.5536557484714962 Penicillium-verrucosum
1 2 0.7840474084334719 0.03691172635363512 Penicillium-solitum
1 2 0.7784452317116419 0.039225000786852614 Penicillium-commune
1 2 0.7349120763697659 0.05988164338850524 Penicillium-brevicompactum
1 2 -0.5088831046962516 0.24346232169211138 Penicillium-cvjetkovicii
1 2 0.8393332175921533 0.01818975690916624 Penicillium-chrysogenum
1 2 -0.4419554711805804 0.32078797783247837 Penicillium-mb
1 2 0.7455854510479238 0.05437474642849896 Penicillium-polonicum
1 2 0.26433471269155795 0.5667634101076149 Penicillium-verrucosum
1 2 0.7831006933892661 0.037297177127613435 Penicillium-solitum
1 2 0.7772696019985368 0.03972035131298823 Penicillium-commune
1 2 0.7352079887064474 0.05972507470307755 Penicillium-brevicompactum
1 2 -0.508883104696252 0.24346232169211102 Penicillium-cvjetkovicii
1 2 0.8377514519965981 0.01862405714017819 Penicillium-chrysogenum
1 2 -0.4358918214155641 0.32825539914157226 Penicillium-mb
1 2 0.7434848996996377 0.05543570530195035 Penicillium-polonicum
1 2 0.26807559402337594 0.5610756649031933 Penicillium-verrucosum
1 2 0.7831299380966626 0.03728523700990929 Penicillium-solitum
1 2 0.7774203542014239 0.03965663966138769 Penicillium-commune
1 2 0.7350532460101681 0.059806922108049373 Penicillium-brevicompactum
1 2 -0.5088831046962521 0.24346232169211085 Penicillium-cvjetkovicii
1 2 0.8382250518233242 0.018493411685597066 Penicillium-chrysogenum
1 2 -0.4370998982332992 0.32676176041347965 Penicillium-mb
1 2 0.7448443518815842 0.05474779003540599 Penicillium-polonicum
1 2 0.26841587351460783 0.5605592037821765 Penicillium-verrucosum
1 2 0.7822373289339803 0.037650630099230656 Penicillium-solitum
1 2 0.7762085942195739 0.040170361147261587 Penicillium-commune
1 2 0.7351595271937545 0.059750700711214806 Penicillium-brevicompactum
1 2 -0.5539755651435447 0.19693933245159442 Penicillium-cvjetkovicii
1 2 0.8337293847037797 0.019754672796630665 Penicillium-chrysogenum
1 2 -0.4375650501310496 0.3261874360047295 Penicillium-mb
1 2 0.7399521777514739 0.057245233943151036 Penicillium-polonicum
1 2 0.2639652736431419 0.5673261056855372 Penicillium-verrucosum
1 2 0.779840924214762 0.038641392320486384 Penicillium-solitum
1 2 0.7740253356512571 0.04110518515821937 Penicillium-commune
1 2 0.734183801584046 0.060267923860536865 Penicillium-brevicompactum
1 0 -0.5024646709964886 0.250459011954822 Penicillium-cvjetkovicii
1 0 0.8358853421483288 0.019143925068741654 Penicillium-chrysogenum
1 0 -0.43935324133201475 0.32398359134128674 Penicillium-mb
1 0 0.7427727191947953 0.0557979535299672 Penicillium-polonicum
1 0 0.26458475114375835 0.5663826750751426 Penicillium-verrucosum
1 0 0.7821359893470712 0.03769223883138821 Penicillium-solitum
1 0 0.776394158181418 0.04009145470890941 Penicillium-commune
1 0 0.7350317110168919 0.059818317339287365 Penicillium-brevicompactum
1 2 -0.5088831046962514 0.24346232169211163 Penicillium-cvjetkovicii
1 2 0.8391530184515671 0.018238939867694964 Penicillium-chrysogenum
1 2 -0.4302367490196765 0.3352858732777719 Penicillium-mb
1 2 0.7461999342712164 0.054066490846719266 Penicillium-polonicum
1 2 0.2746187350449749 0.551171678091455 Penicillium-verrucosum
1 2 0.7874925061314866 0.0355278086603753 Penicillium-solitum
1 2 0.7819122415228393 0.03778419708576017 Penicillium-commune
1 2 0.735318373376227 0.05966672654304359 Penicillium-brevicompactum
1 0 -0.49757718531015127 0.25584799624546634 Penicillium-cvjetkovicii
1 0 0.8359450681825795 0.01912716043882635 Penicillium-chrysogenum
1 0 -0.4425288853902269 0.32008564482107205 Penicillium-mb
1 0 0.7412323284439317 0.05658586274202902 Penicillium-polonicum
1 0 0.2602626069737602 0.5729754043525447 Penicillium-verrucosum
1 0 0.780279470398681 0.03845901451443204 Penicillium-solitum
1 0 0.7743464289784496 0.04096695415613141 Penicillium-commune
1 0 0.7350317110168918 0.05981831733928747 Penicillium-brevicompactum
1 0 -0.4967643700169776 0.25674931512043825 Penicillium-cvjetkovicii
1 0 0.8355556971731327 0.01923660381827391 Penicillium-chrysogenum
1 0 -0.43937139168789097 0.32396125496995043 Penicillium-mb
1 0 0.7416633305482652 0.05636479965256106 Penicillium-polonicum
1 0 0.2638761817799213 0.5674618287113191 Penicillium-verrucosum
1 0 0.7812354387656608 0.03806311327783054 Penicillium-solitum
1 0 0.7755616854554975 0.04044611412433469 Penicillium-commune
1 0 0.7350317110168918 0.05981831733928747 Penicillium-brevicompactum
3 4 -0.5088831046962516 0.24346232169211138 Penicillium-cvjetkovicii
3 4 0.8375869212904659 0.018669566242654367 Penicillium-chrysogenum
3 4 -0.43915574428045207 0.32422667992555626 Penicillium-mb
3 4 0.7430197784604854 0.055672142150087846 Penicillium-polonicum
3 4 0.26062387634408324 0.5724234258085935 Penicillium-verrucosum
3 4 0.7839545867125476 0.036949420050136655 Penicillium-solitum
3 4 0.7780856960939594 0.039376125569346644 Penicillium-commune
3 4 0.7350736934157008 0.059796103462769826 Penicillium-brevicompactum
1 2 -0.5088831046962518 0.24346232169211124 Penicillium-cvjetkovicii
1 2 0.8395248989941315 0.018137522842642192 Penicillium-chrysogenum
1 2 -0.42820330899952713 0.3378293732492264 Penicillium-mb
1 2 0.7461177448707044 0.05410766582275771 Penicillium-polonicum
1 2 0.2764745302896933 0.548373090584421 Penicillium-verrucosum
1 2 0.7866871421842447 0.03584869800655892 Penicillium-solitum
1 2 0.7809023205527634 0.03820081189033143 Penicillium-commune
1 2 0.7354277976510196 0.05960891656048448 Penicillium-brevicompactum
1 2 -0.5088831046962526 0.24346232169211027 Penicillium-cvjetkovicii
1 2 0.8408892995144692 0.017768181871574938 Penicillium-chrysogenum
1 2 -0.43973331481916017 0.32351599981127754 Penicillium-mb
1 2 0.7505642788741885 0.0519045921254646 Penicillium-polonicum
1 2 0.2709793107000648 0.5566734460178435 Penicillium-verrucosum
1 2 0.7858304764975139 0.03619178891006984 Penicillium-solitum
1 2 0.7800712622641015 0.03854554223627524 Penicillium-commune
1 2 0.7356244340408976 0.05950510788057318 Penicillium-brevicompactum
1 0 -0.5020670483870634 0.250895463726891 Penicillium-cvjetkovicii
1 0 0.8369371251750725 0.018849916216949102 Penicillium-chrysogenum
1 0 -0.43554797867915185 0.32868105183470947 Penicillium-mb
1 0 0.741572179867664 0.056411512037065396 Penicillium-polonicum
1 0 0.267190739975458 0.5624193696384379 Penicillium-verrucosum
1 0 0.7811559458126286 0.038095947651961864 Penicillium-solitum
1 0 0.7754186096694491 0.04050724287275153 Penicillium-commune
1 0 0.7350317110168918 0.05981831733928747 Penicillium-brevicompactum
1 0 -0.504044837760004 0.2487279958201545 Penicillium-cvjetkovicii
1 0 0.8369334805196013 0.018850930562781913 Penicillium-chrysogenum
1 0 -0.43768786416637767 0.32603586949071284 Penicillium-mb
1 0 0.7401340739288254 0.057151290947304076 Penicillium-polonicum
1 0 0.26368799124481007 0.567748553006487 Penicillium-verrucosum
1 0 0.779025196693147 0.03898190017113601 Penicillium-solitum
1 0 0.7728821362773568 0.04159942308794726 Penicillium-commune
1 0 0.7350317110168918 0.05981831733928747 Penicillium-brevicompactum
1 2 -0.508883104696253 0.24346232169210985 Penicillium-cvjetkovicii
1 2 0.837930020537459 0.018574736549514505 Penicillium-chrysogenum
1 2 -0.43880408562425166 0.3246597118089451 Penicillium-mb
1 2 0.7457246921013856 0.05430481241847284 Penicillium-polonicum
1 2 0.2670165268104326 0.5626840440046779 Penicillium-verrucosum
1 2 0.7849388061742525 0.03655082832365752 Penicillium-solitum
1 2 0.7792541070457594 0.03888617944587149 Penicillium-commune
1 2 0.7352118148006869 0.05972305175304808 Penicillium-brevicompactum
1 0 -0.5085468740906726 0.24382656968808675 Penicillium-cvjetkovicii
1 0 0.8376896601297595 0.01864114134024071 Penicillium-chrysogenum
1 0 -0.43797729650569733 0.32567879658732823 Penicillium-mb
1 0 0.7427415100795214 0.05581385732124738 Penicillium-polonicum
1 0 0.2654085504375915 0.5651288461789177 Penicillium-verrucosum
1 0 0.7820399129169592 0.037731710117792285 Penicillium-solitum
1 0 0.7761504180359945 0.040195116786199823 Penicillium-commune
1 0 0.7350317110168918 0.05981831733928747 Penicillium-brevicompactum
1 2 -0.508883104696253 0.24346232169210985 Penicillium-cvjetkovicii
1 2 0.8401234285553216 0.017974970014527924 Penicillium-chrysogenum
1 2 -0.43797292541387506 0.3256841879576237 Penicillium-mb
1 2 0.7440301977009667 0.05515920950039701 Penicillium-polonicum
1 2 0.26643811017345564 0.5635630919769308 Penicillium-verrucosum
1 2 0.7821817252115935 0.0376734571171736 Penicillium-solitum
1 2 0.7762479853444919 0.04015360388045554 Penicillium-commune
1 2 0.7352705047171968 0.059692025608401464 Penicillium-brevicompactum
1 0 -0.4982765489625276 0.2550736445078117 Penicillium-cvjetkovicii
1 0 0.8362548859579462 0.019040330755205476 Penicillium-chrysogenum
1 0 -0.43721703064985423 0.32661709585286336 Penicillium-mb
1 0 0.744470992019559 0.05493625301114698 Penicillium-polonicum
1 0 0.26879195945088447 0.5599885746256668 Penicillium-verrucosum
1 0 0.7825814292816217 0.037509537114256634 Penicillium-solitum
1 0 0.776956879877733 0.039852696003607115 Penicillium-commune
1 0 0.7350317110168918 0.05981831733928747 Penicillium-brevicompactum
1 0 -0.5076729885948179 0.24477445311766988 Penicillium-cvjetkovicii
1 0 0.838371193313018 0.01845320309044996 Penicillium-chrysogenum
1 0 -0.44066598399416906 0.3223698002585155 Penicillium-mb
1 0 0.7425098941057154 0.055931963141414874 Penicillium-polonicum
1 0 0.2628607682977058 0.5690094412159901 Penicillium-verrucosum
1 0 0.7812484197980258 0.03805775298421558 Penicillium-solitum
1 0 0.7753727009878933 0.04052686805209989 Penicillium-commune
1 0 0.7350317110168919 0.059818317339287365 Penicillium-brevicompactum
1 0 -0.4977750891408008 0.25562876339345136 Penicillium-cvjetkovicii
1 0 0.8364666912257777 0.01898109912217874 Penicillium-chrysogenum
1 0 -0.4313720549231745 0.3338693478150166 Penicillium-mb
1 0 0.7396612030166441 0.05739568658610735 Penicillium-polonicum
1 0 0.26922435418614976 0.5593327395208948 Penicillium-verrucosum
1 0 0.7811008147367046 0.03811872862850909 Penicillium-solitum
1 0 0.7754933590851388 0.04047530001624507 Penicillium-commune
1 0 0.7350317110168918 0.05981831733928747 Penicillium-brevicompactum
3 4 -0.5088831046962512 0.24346232169211196 Penicillium-cvjetkovicii
3 4 0.839889467958592 0.01803841164361825 Penicillium-chrysogenum
3 4 -0.4413001111027734 0.3215914932720366 Penicillium-mb
3 4 0.7443109586405986 0.05501714200857292 Penicillium-polonicum
3 4 0.26483487679748474 0.5660018885464371 Penicillium-verrucosum
3 4 0.7833460010005867 0.03719708791899459 Penicillium-solitum
3 4 0.7775084075043692 0.039619452316782953 Penicillium-commune
3 4 0.7353797162170757 0.05963431473931098 Penicillium-brevicompactum
1 2 -0.508883104696252 0.24346232169211102 Penicillium-cvjetkovicii
1 2 0.8454492594968831 0.016565058600216655 Penicillium-chrysogenum
1 2 -0.42382723326163074 0.3433307256828479 Penicillium-mb
1 2 0.7457231218325051 0.0543056008146561 Penicillium-polonicum
1 2 0.279465522442928 0.5438724172864317 Penicillium-verrucosum
1 2 0.7871170596991959 0.035677202043387986 Penicillium-solitum
1 2 0.7815066636272952 0.037951202621468325 Penicillium-commune
1 2 0.7356678788176088 0.05948218566170894 Penicillium-brevicompactum
1 0 -0.4818093513298514 0.2735899306374067 Penicillium-cvjetkovicii
1 0 0.8349260451759767 0.019414334895285084 Penicillium-chrysogenum
1 0 -0.43068943351137917 0.33472075122296774 Penicillium-mb
1 0 0.7352113212910932 0.059723312681608305 Penicillium-polonicum
1 0 0.2666584652714808 0.5632281559428842 Penicillium-verrucosum
1 0 0.7778050858191758 0.03949429897302701 Penicillium-solitum
1 0 0.7723408296447352 0.041834584118236755 Penicillium-commune
1 0 0.7350317110168918 0.05981831733928747 Penicillium-brevicompactum
1 2 -0.5088831046962514 0.24346232169211163 Penicillium-cvjetkovicii
1 2 0.8400387958312661 0.017997904672563007 Penicillium-chrysogenum
1 2 -0.43703555373900405 0.32684124086460964 Penicillium-mb
1 2 0.7447103015324793 0.054815414789449166 Penicillium-polonicum
1 2 0.2676193860074754 0.5617683161368082 Penicillium-verrucosum
1 2 0.7825175947070128 0.037535689288828826 Penicillium-solitum
1 2 0.7763839966719297 0.04009577341593935 Penicillium-commune
1 2 0.7354001113464835 0.05962354065138559 Penicillium-brevicompactum
1 0 -0.5071857571459821 0.24530368059228097 Penicillium-cvjetkovicii
1 0 0.8401459858631246 0.01796886000584673 Penicillium-chrysogenum
1 0 -0.4221711071071841 0.3454224948448567 Penicillium-mb
1 0 0.7424181956006513 0.05597875967180703 Penicillium-polonicum
1 0 0.27905888872909723 0.5444835809532609 Penicillium-verrucosum
1 0 0.7857139580318988 0.03623859435690503 Penicillium-solitum
1 0 0.7802994640744134 0.03845071115670101 Penicillium-commune
1 0 0.7350317110168918 0.05981831733928747 Penicillium-brevicompactum
1 2 -0.511748313017086 0.24036860503063667 Penicillium-cvjetkovicii
1 2 0.8375492211093342 0.01868000297506501 Penicillium-chrysogenum
1 2 -0.4401653134916923 0.32298487930934 Penicillium-mb
1 2 0.7443962969255896 0.054973999636826754 Penicillium-polonicum
1 2 0.2651865560478284 0.5654666364082042 Penicillium-verrucosum
1 2 0.7828331494127094 0.03740650927148801 Penicillium-solitum
1 2 0.7770865388758287 0.039797794468148066 Penicillium-commune
1 2 0.7349723006391491 0.05984976041495754 Penicillium-brevicompactum
1 0 -0.4819106974323191 0.27347417628484266 Penicillium-cvjetkovicii
1 0 0.8324989906480793 0.020108105574384118 Penicillium-chrysogenum
1 0 -0.43265911365266013 0.33226656978507785 Penicillium-mb
1 0 0.7380574798642208 0.05822876664321151 Penicillium-polonicum
1 0 0.26706368480707937 0.5626123950163189 Penicillium-verrucosum
1 0 0.7812052353425057 0.03807558688071359 Penicillium-solitum
1 0 0.7758910840321759 0.040305573483832534 Penicillium-commune
1 0 0.7350317110168919 0.059818317339287365 Penicillium-brevicompactum
1 0 -0.5013570323514103 0.2516756846138274 Penicillium-cvjetkovicii
1 0 0.8366238737394665 0.018937210520768282 Penicillium-chrysogenum
1 0 -0.43687172366049537 0.32704364662220103 Penicillium-mb
1 0 0.741855924282028 0.05626616953560911 Penicillium-polonicum
1 0 0.26591974477920177 0.5643512489673841 Penicillium-verrucosum
1 0 0.781590438651922 0.03791667296101949 Penicillium-solitum
1 0 0.7757531751412852 0.040364380538266784 Penicillium-commune
1 0 0.7350317110168917 0.0598183173392875 Penicillium-brevicompactum
1 2 -0.5088831046962531 0.24346232169210974 Penicillium-cvjetkovicii
1 2 0.8374840397957652 0.01869805526322668 Penicillium-chrysogenum
1 2 -0.4386080287575276 0.3249012437393524 Penicillium-mb
1 2 0.7448915183525087 0.05472400665146643 Penicillium-polonicum
1 2 0.2670756345954399 0.562594239698468 Penicillium-verrucosum
1 2 0.7832236911859066 0.0372469735148682 Penicillium-solitum
1 2 0.7774507151385857 0.039643815217110696 Penicillium-commune
1 2 0.7350521512419539 0.05980750137571947 Penicillium-brevicompactum
1 0 -0.5060043062335984 0.24658915828416325 Penicillium-cvjetkovicii
1 0 0.8387986357076377 0.018335884127715276 Penicillium-chrysogenum
1 0 -0.4339273363556724 0.33069046722286255 Penicillium-mb
1 0 0.7413850408355469 0.056507481966331256 Penicillium-polonicum
1 0 0.26836512692900943 0.560636215029391 Penicillium-verrucosum
1 0 0.780875289281815 0.03821199769878521 Penicillium-solitum
1 0 0.7751074056014373 0.04064038025978034 Penicillium-commune
1 0 0.7350317110168919 0.059818317339287365 Penicillium-brevicompactum
1 0 -0.4889963361316899 0.26543612239920755 Penicillium-cvjetkovicii
1 0 0.8336098563763606 0.019788851745554205 Penicillium-chrysogenum
1 0 -0.433778594735466 0.3308751524447112 Penicillium-mb
1 0 0.7415380131162543 0.05642902704463902 Penicillium-polonicum
1 0 0.2680621978068574 0.5610960002036456 Penicillium-verrucosum
1 0 0.7848936927938399 0.036569045975259715 Penicillium-solitum
1 0 0.7794837378194449 0.03879028841684907 Penicillium-commune
1 0 0.7350317110168918 0.05981831733928747 Penicillium-brevicompactum
1 0 -0.5077823658202473 0.24465572099110344 Penicillium-cvjetkovicii
1 0 0.8373354489006313 0.018739245269051606 Penicillium-chrysogenum
1 0 -0.43728725741376556 0.32653037536095514 Penicillium-mb
1 0 0.7437072505357072 0.05532287040131181 Penicillium-polonicum
1 0 0.2672553884390986 0.5623211622067275 Penicillium-verrucosum
1 0 0.7823298250237896 0.037612674642376505 Penicillium-solitum
1 0 0.7764775372031163 0.04005602780539725 Penicillium-commune
1 0 0.7350317110168917 0.0598183173392875 Penicillium-brevicompactum
1 2 -0.5109873414937032 0.24118847613514113 Penicillium-cvjetkovicii
1 2 0.837689657374793 0.01864114210213152 Penicillium-chrysogenum
1 2 -0.43051489824976524 0.3349385894374139 Penicillium-mb
1 2 0.7433313484036571 0.055513700038083896 Penicillium-polonicum
1 2 0.2725264852395631 0.5543323981836534 Penicillium-verrucosum
1 2 0.7849393551007725 0.036550606687601676 Penicillium-solitum
1 2 0.7794217075756755 0.03881617856737299 Penicillium-commune
1 2 0.7349879850066413 0.05984145855790759 Penicillium-brevicompactum
1 0 -0.501996323266029 0.2509731320198294 Penicillium-cvjetkovicii
1 0 0.8383863854278586 0.01844902606497257 Penicillium-chrysogenum
1 0 -0.4353229268386535 0.3289597777355727 Penicillium-mb
1 0 0.7414959090339893 0.05645061505908613 Penicillium-polonicum
1 0 0.26727634337615436 0.562289330754194 Penicillium-verrucosum
1 0 0.7804844667953926 0.03837392679999218 Penicillium-solitum
1 0 0.7746045882863702 0.04085600289825617 Penicillium-commune
1 0 0.7350317110168918 0.05981831733928747 Penicillium-brevicompactum
1 2 -0.5088831046962521 0.24346232169211085 Penicillium-cvjetkovicii
1 2 0.8385143216355266 0.018413871703825975 Penicillium-chrysogenum
1 2 -0.42983217752082226 0.3357912750751336 Penicillium-mb
1 2 0.7440126834576459 0.0551680784737444 Penicillium-polonicum
1 2 0.2737646943138383 0.5524611516675871 Penicillium-verrucosum
1 2 0.7846325675026657 0.03667459243680943 Penicillium-solitum
1 2 0.7788976204662447 0.03903530377392924 Penicillium-commune
1 2 0.7350497687222589 0.059808762033569426 Penicillium-brevicompactum
1 2 -0.5088831046962521 0.24346232169211085 Penicillium-cvjetkovicii
1 2 0.8387600211515456 0.018346465095940755 Penicillium-chrysogenum
1 2 -0.4328919599973173 0.3319769568581285 Penicillium-mb
1 2 0.7454038798873047 0.05446601449482241 Penicillium-polonicum
1 2 0.27160274381237326 0.5557297386456246 Penicillium-verrucosum
1 2 0.7865732782893283 0.03589419537686942 Penicillium-solitum
1 2 0.7809812431773626 0.03816816331120354 Penicillium-commune
1 2 0.7352155358770596 0.059721084364184315 Penicillium-brevicompactum
3 4 -0.508883104696253 0.24346232169210985 Penicillium-cvjetkovicii
3 4 0.8403084077030968 0.017924900304035783 Penicillium-chrysogenum
3 4 -0.4366895932119404 0.32726872483654984 Penicillium-mb
3 4 0.7431908705117051 0.055585106578075416 Penicillium-polonicum
3 4 0.26084346894290167 0.5720879949858317 Penicillium-verrucosum
3 4 0.7843968283811154 0.036770022935682586 Penicillium-solitum
3 4 0.7785913205577911 0.03916368670109495 Penicillium-commune
3 4 0.7352422504322115 0.059706961010205103 Penicillium-brevicompactum
1 0 -0.50432751750213 0.24841891370684108 Penicillium-cvjetkovicii
1 0 0.8369344798655246 0.018850652431249487 Penicillium-chrysogenum
1 0 -0.43882584015730275 0.3246329161054311 Penicillium-mb
1 0 0.7421406976190434 0.05612050507669832 Penicillium-polonicum
1 0 0.2645758257013586 0.5663962645012989 Penicillium-verrucosum
1 0 0.7805994631652973 0.038326241058764574 Penicillium-solitum
1 0 0.7746267029426404 0.04084650623244098 Penicillium-commune
1 0 0.7350317110168918 0.05981831733928747 Penicillium-brevicompactum
1 0 -0.5068562518157175 0.24566188660869334 Penicillium-cvjetkovicii
1 0 0.837054254917548 0.01881733428108246 Penicillium-chrysogenum
1 0 -0.42527825149186976 0.34150242466076886 Penicillium-mb
1 0 0.7452790144973388 0.05452882740814168 Penicillium-polonicum
1 0 0.2786067075634332 0.54516346666309 Penicillium-verrucosum
1 0 0.7881864362627675 0.03525260493395136 Penicillium-solitum
1 0 0.7827247590990348 0.0374508536351724 Penicillium-commune
1 0 0.735031711016892 0.059818317339287316 Penicillium-brevicompactum
1 0 -0.5013044808064454 0.25173347662263706 Penicillium-cvjetkovicii
1 0 0.837118054150483 0.018799600734828798 Penicillium-chrysogenum
1 0 -0.4384832765837912 0.32505497214494433 Penicillium-mb
1 0 0.7455298073915202 0.054402707251676855 Penicillium-polonicum
1 0 0.2681988253186888 0.5608886123083137 Penicillium-verrucosum
1 0 0.7824618820780976 0.037558522273817334 Penicillium-solitum
1 0 0.7764618523270145 0.04006269082773413 Penicillium-commune
1 0 0.7350317110168917 0.0598183173392875 Penicillium-brevicompactum
3 2 -0.4992142805465454 0.2540370552705849 Penicillium-cvjetkovicii
3 2 0.837602798088999 0.01866517197914299 Penicillium-chrysogenum
3 2 -0.44169218344124844 0.3211106821120873 Penicillium-mb
3 2 0.739401554653396 0.057530122704225965 Penicillium-polonicum
3 2 0.25966346206889945 0.5738911978011765 Penicillium-verrucosum
3 2 0.7783485282347328 0.03926561684599005 Penicillium-solitum
3 2 0.772403250877165 0.04180742898496384 Penicillium-commune
3 2 0.7350317110168918 0.05981831733928747 Penicillium-brevicompactum
1 0 -0.5016097194408261 0.25139788466241464 Penicillium-cvjetkovicii
1 0 0.8362518354568974 0.019041184597242272 Penicillium-chrysogenum
1 0 -0.4346304290241379 0.3298180677566537 Penicillium-mb
1 0 0.742416120777278 0.05597981876357175 Penicillium-polonicum
1 0 0.2685359010553429 0.5603770676727551 Penicillium-verrucosum
1 0 0.7828404125601107 0.03740353883345412 Penicillium-solitum
1 0 0.777212734017053 0.039744399847376974 Penicillium-commune
1 0 0.7350317110168917 0.0598183173392875 Penicillium-brevicompactum
1 2 -0.5088831046962521 0.24346232169211085 Penicillium-cvjetkovicii
1 2 0.8404346967458347 0.017890762291476767 Penicillium-chrysogenum
1 2 -0.43453177495210665 0.3299404186116463 Penicillium-mb
1 2 0.7451559091450445 0.054590793571164274 Penicillium-polonicum
1 2 0.2703193514510667 0.557673006546481 Penicillium-verrucosum
1 2 0.7846077683082161 0.036684625017819356 Penicillium-solitum
1 2 0.7789082871821725 0.03903083711923401 Penicillium-commune
1 2 0.7352390113076275 0.05970867336232651 Penicillium-brevicompactum
1 2 -0.5088831046962532 0.24346232169210966 Penicillium-cvjetkovicii
1 2 0.8378207713781459 0.01860490232193114 Penicillium-chrysogenum
1 2 -0.42264289008592126 0.3448260643834399 Penicillium-mb
1 2 0.7462777652408751 0.05402751509797715 Penicillium-polonicum
1 2 0.28131739532443867 0.5410919457142402 Penicillium-verrucosum
1 2 0.7908170294627472 0.034220142702359214 Penicillium-solitum
1 2 0.7856272281861146 0.0362734555377029 Penicillium-commune
1 2 0.7351192015477993 0.05977202909060568 Penicillium-brevicompactum
1 0 -0.4793681562596385 0.27638485292926435 Penicillium-cvjetkovicii
1 0 0.8324399879005556 0.020125143514548683 Penicillium-chrysogenum
1 0 -0.43738951918016766 0.3264041136671999 Penicillium-mb
1 0 0.7358300995888196 0.05939663749936735 Penicillium-polonicum
1 0 0.2609083194919007 0.5719889466747349 Penicillium-verrucosum
1 0 0.7772592172473781 0.039724742252372776 Penicillium-solitum
1 0 0.7714325763273578 0.04223080350955786 Penicillium-commune
1 0 0.7350317110168921 0.05981831733928726 Penicillium-brevicompactum
1 0 -0.49713071917566665 0.2563428962819402 Penicillium-cvjetkovicii
1 0 0.8363915070506852 0.01900211248758613 Penicillium-chrysogenum
1 0 -0.4395689851551605 0.32371813338357375 Penicillium-mb
1 0 0.7433046255479712 0.055527279726119885 Penicillium-polonicum
1 0 0.2659427788161049 0.5643162190434394 Penicillium-verrucosum
1 0 0.7802010177266977 0.0384916054451585 Penicillium-solitum
1 0 0.7743675176649211 0.040957884459584995 Penicillium-commune
1 0 0.7350317110168921 0.05981831733928726 Penicillium-brevicompactum
1 2 -0.5088831046962516 0.24346232169211138 Penicillium-cvjetkovicii
1 2 0.8404909433304303 0.017875569819227485 Penicillium-chrysogenum
1 2 -0.4361499537316664 0.3279360050374494 Penicillium-mb
1 2 0.7412120982552549 0.05659625047023689 Penicillium-polonicum
1 2 0.2659306985170628 0.5643345905502981 Penicillium-verrucosum
1 2 0.7798760509825078 0.038626766569526946 Penicillium-solitum
1 2 0.7739184119559451 0.04115127302824837 Penicillium-commune
1 2 0.7350714364216373 0.05979729757772745 Penicillium-brevicompactum
1 0 -0.48687487923483425 0.2678313452058026 Penicillium-cvjetkovicii
1 0 0.8336468228790984 0.019778277650351003 Penicillium-chrysogenum
1 0 -0.43754227831557163 0.32621554234164296 Penicillium-mb
1 0 0.7397107368614309 0.057370059245003824 Penicillium-polonicum
1 0 0.26453985347973846 0.5664510350317848 Penicillium-verrucosum
1 0 0.779577723981302 0.03875107875450516 Penicillium-solitum
1 0 0.7739676849074549 0.041130031109529494 Penicillium-commune
1 0 0.7350317110168918 0.05981831733928747 Penicillium-brevicompactum
1 0 -0.5018958392997055 0.25108349964035426 Penicillium-cvjetkovicii
1 0 0.835997653123645 0.01911240715748216 Penicillium-chrysogenum
1 0 -0.4392510848062546 0.32410932057175 Penicillium-mb
1 0 0.7440696200323975 0.05513924941219238 Penicillium-polonicum
1 0 0.266594487790218 0.5633253940903913 Penicillium-verrucosum
1 0 0.7815328127388861 0.03794042283736982 Penicillium-solitum
1 0 0.7757661428469542 0.04035884883473697 Penicillium-commune
1 0 0.7350317110168918 0.05981831733928747 Penicillium-brevicompactum
1 2 -0.5088831046962514 0.24346232169211163 Penicillium-cvjetkovicii
1 2 0.8404045098399325 0.017898918945525373 Penicillium-chrysogenum
1 2 -0.43361635125858344 0.3310766524804923 Penicillium-mb
1 2 0.7433581987718829 0.05550005737367819 Penicillium-polonicum
1 2 0.26972530376704473 0.5585732325269452 Penicillium-verrucosum
1 2 0.7830165812228919 0.0373315305222608 Penicillium-solitum
1 2 0.7772704612968161 0.03971998799164826 Penicillium-commune
1 2 0.735216072824082 0.05972080047514524 Penicillium-brevicompactum
1 2 -0.5088831046962516 0.24346232169211138 Penicillium-cvjetkovicii
1 2 0.8380828262306724 0.018532590621119876 Penicillium-chrysogenum
1 2 -0.4393593313927704 0.32397609665637433 Penicillium-mb
1 2 0.7461007890538996 0.05411616241880323 Penicillium-polonicum
1 2 0.26814860821120484 0.560964834367138 Penicillium-verrucosum
1 2 0.782441652782709 0.03756681485306377 Penicillium-solitum
1 2 0.7766426061617536 0.03998594277124123 Penicillium-commune
1 2 0.735082765845651 0.05979130361412615 Penicillium-brevicompactum
1 0 -0.49517367055543887 0.2585174142586619 Penicillium-cvjetkovicii
1 0 0.8347944876855647 0.019451586612994884 Penicillium-chrysogenum
1 0 -0.43738802380259484 0.3264059598456757 Penicillium-mb
1 0 0.7396850697585731 0.05738333786570955 Penicillium-polonicum
1 0 0.2643090822983181 0.5668024422472298 Penicillium-verrucosum
1 0 0.7794996633164456 0.038783642984976545 Penicillium-solitum
1 0 0.7738175604926273 0.041194769705211826 Penicillium-commune
1 0 0.7350317110168918 0.05981831733928747 Penicillium-brevicompactum
