#SPECIES: Penicillium-cvjetkovicii Penicillium-commune Penicillium-solitum Penicillium-verrucosum Penicillium-polonicum Penicillium-mb Penicillium-chrysogenum Penicillium-brevicompactum 
#GENE_TREEs p: 0.012223757199189443 0.614915522627832 0.5906649073102808 0.6371910136689435 0.5817371053571225 0.6572940606202653 0.6450294856110323 0.8921155668652565 
#GENE_TREEs r: 0.8637022684963868 0.2331155962170193 0.2487414209153146 0.21892019259714335 0.25454255905471684 0.2062277634564564 0.2139583926320001 0.06367820297164341 
0 0 0.8637022684963865 0.012223757199189488 Penicillium-cvjetkovicii
0 0 0.22975249094819325 0.620172391613188 Penicillium-commune
0 0 0.24526290476044646 0.5960381150178182 Penicillium-solitum
0 0 0.21557584043705602 0.6424713930969261 Penicillium-verrucosum
0 0 0.25237555716995475 0.5850671769138975 Penicillium-polonicum
0 0 0.20550307280809868 0.6584469586779624 Penicillium-mb
0 0 0.20732487665115812 0.6555497095192647 Penicillium-chrysogenum
0 0 0.06398656727459578 0.891595267641687 Penicillium-brevicompactum
0 0 0.8637022684963868 0.012223757199189443 Penicillium-cvjetkovicii
0 0 0.24248394640673798 0.600341265295368 Penicillium-commune
0 0 0.2578376083951094 0.5766848397052025 Penicillium-solitum
0 0 0.2288443155409726 0.6215941765617378 Penicillium-verrucosum
0 0 0.26157388373852536 0.5709727212043758 Penicillium-polonicum
0 0 0.21142351981720892 0.6490441361687123 Penicillium-mb
0 0 0.22398193959486554 0.6292222511781775 Penicillium-chrysogenum
0 0 0.06262590101940235 0.8938913335695908 Penicillium-brevicompactum
0 0 0.8637022684963862 0.012223757199189566 Penicillium-cvjetkovicii
0 0 0.2358913237245539 0.6105866123658399 Penicillium-commune
0 0 0.2513530005498357 0.5866405895061382 Penicillium-solitum
0 0 0.2237032834180411 0.6296602072732289 Penicillium-verrucosum
0 0 0.2596530914576709 0.5739070533275441 Penicillium-polonicum
0 0 0.21288151666051675 0.6467341762053596 Penicillium-mb
0 0 0.21826509933639573 0.6382243841090582 Penicillium-chrysogenum
0 0 0.06325941863631744 0.8928222256761995 Penicillium-brevicompactum
0 0 0.863702268496386 0.012223757199189611 Penicillium-cvjetkovicii
0 0 0.23219152840408938 0.6163586392428849 Penicillium-commune
0 0 0.2481214297756852 0.5916215158964491 Penicillium-solitum
0 0 0.22142223734954408 0.6332484960269591 Penicillium-verrucosum
0 0 0.2550272556944734 0.5809930671391816 Penicillium-polonicum
0 0 0.20687288845060298 0.6562681962606589 Penicillium-mb
0 0 0.21525464530110217 0.6429791602777903 Penicillium-chrysogenum
0 0 0.06351184050926305 0.8923962809529271 Penicillium-brevicompactum
0 0 0.8637022684963863 0.012223757199189547 Penicillium-cvjetkovicii
0 0 0.24059623666805025 0.603269621784086 Penicillium-commune
0 0 0.25563066322024286 0.5800672129902509 Penicillium-solitum
0 0 0.22403565967260605 0.6291378307613213 Penicillium-verrucosum
0 0 0.2616343202316907 0.5708804711431339 Penicillium-polonicum
0 0 0.2137464405634018 0.6453649075528886 Penicillium-mb
0 0 0.22288844921928025 0.630941353655339 Penicillium-chrysogenum
0 0 0.06291531116170816 0.8934029165940566 Penicillium-brevicompactum
0 0 0.8637022684963863 0.012223757199189547 Penicillium-cvjetkovicii
0 0 0.24605101113825317 0.5948194490471089 Penicillium-commune
0 0 0.2601907096714107 0.5730852751962756 Penicillium-solitum
0 0 0.24039278571705947 0.603585483669122 Penicillium-verrucosum
0 0 0.27212463758741645 0.5549401319117828 Penicillium-polonicum
0 0 0.2289337237718929 0.6214541628131087 Penicillium-mb
0 0 0.23029085763523063 0.6193300002311783 Penicillium-chrysogenum
0 0 0.062374539778429626 0.8943155597514942 Penicillium-brevicompactum
0 0 0.8637022684963848 0.012223757199189878 Penicillium-cvjetkovicii
0 0 0.23509146867287908 0.6118331151898233 Penicillium-commune
0 0 0.2501856028584222 0.5884384532618425 Penicillium-solitum
0 0 0.21808634608279476 0.6385064375791327 Penicillium-verrucosum
0 0 0.256616573801616 0.5785554418248935 Penicillium-polonicum
0 0 0.20950919097847534 0.6520804750790474 Penicillium-mb
0 0 0.21623755611115233 0.6414256566478245 Penicillium-chrysogenum
0 0 0.06402020413901746 0.8915385144498618 Penicillium-brevicompactum
0 0 0.8637022684963864 0.012223757199189523 Penicillium-cvjetkovicii
0 0 0.24368244830265873 0.5984842733651763 Penicillium-commune
0 0 0.2594118394955146 0.5742759398502058 Penicillium-solitum
0 0 0.22787823000839805 0.623107649224337 Penicillium-verrucosum
0 0 0.2653703475113029 0.5651869717913263 Penicillium-polonicum
0 0 0.21580826538931455 0.642104028845317 Penicillium-mb
0 0 0.22701798476030502 0.6244561999888945 Penicillium-chrysogenum
0 0 0.06261742944132923 0.8939056308534473 Penicillium-brevicompactum
0 0 0.8637022684963868 0.012223757199189443 Penicillium-cvjetkovicii
0 0 0.23405016794984307 0.6134570047908932 Penicillium-commune
0 0 0.24948574333576531 0.5895170862326724 Penicillium-solitum
0 0 0.220961432017239 0.6339740804015855 Penicillium-verrucosum
0 0 0.25611470592132235 0.5793248406017215 Penicillium-polonicum
0 0 0.2085567407874098 0.6535925937237843 Penicillium-mb
0 0 0.21534183890058073 0.6428413077595607 Penicillium-chrysogenum
0 0 0.06342740677722974 0.8925387548413515 Penicillium-brevicompactum
0 0 0.8637022684963871 0.012223757199189368 Penicillium-cvjetkovicii
0 0 0.2361962715821411 0.6101115748402488 Penicillium-commune
0 0 0.25147780736180453 0.5864484791760185 Penicillium-solitum
0 0 0.22328781581610957 0.6303133461331578 Penicillium-verrucosum
0 0 0.2586193235898877 0.5754882593184814 Penicillium-polonicum
0 0 0.21143705929234483 0.6490226747482181 Penicillium-mb
0 0 0.21746833624039616 0.6394818575607468 Penicillium-chrysogenum
0 0 0.06325224442908262 0.8928343319622145 Penicillium-brevicompactum
0 0 0.8637022684963865 0.012223757199189488 Penicillium-cvjetkovicii
0 0 0.23694112562953676 0.6089517235115727 Penicillium-commune
0 0 0.2525340885457129 0.5848233602680377 Penicillium-solitum
0 0 0.22099527965622187 0.6339207759512182 Penicillium-verrucosum
0 0 0.2583512103902976 0.5758985757667836 Penicillium-polonicum
0 0 0.20971474034854226 0.651754267047306 Penicillium-mb
0 0 0.21754022952932112 0.6393683653888845 Penicillium-chrysogenum
0 0 0.06328421637568137 0.8927803802707179 Penicillium-brevicompactum
0 0 0.8637022684963883 0.01222375719918911 Penicillium-cvjetkovicii
0 0 0.23765368294997755 0.6078427718312491 Penicillium-commune
0 0 0.2520346935773787 0.5855915210406821 Penicillium-solitum
0 0 0.22817440044900023 0.6226435553711547 Penicillium-verrucosum
0 0 0.2612262260009368 0.5715034759955226 Penicillium-polonicum
0 0 0.21679804156811056 0.6405402666939068 Penicillium-mb
0 0 0.2196571971906811 0.6360289911523336 Penicillium-chrysogenum
0 0 0.06322575371313527 0.8928790344919666 Penicillium-brevicompactum
0 0 0.8637022684963865 0.012223757199189488 Penicillium-cvjetkovicii
0 0 0.2348460182617928 0.6122157771868021 Penicillium-commune
0 0 0.2505176867337441 0.5879268523839334 Penicillium-solitum
0 0 0.22154102558010685 0.6330614898403633 Penicillium-verrucosum
0 0 0.25759960944427085 0.5770493014787808 Penicillium-polonicum
0 0 0.2097990005423926 0.6516205583838212 Penicillium-mb
0 0 0.21644383111488658 0.641099767983168 Penicillium-chrysogenum
0 0 0.06342963541678609 0.8925349941946242 Penicillium-brevicompactum
0 0 0.8637022684963869 0.012223757199189422 Penicillium-cvjetkovicii
0 0 0.236426228838502 0.6097534270367486 Penicillium-commune
0 0 0.25170320662136836 0.5861015796874254 Penicillium-solitum
0 0 0.22299894584614102 0.6307675790540391 Penicillium-verrucosum
0 0 0.2592129120401748 0.5745801659150149 Penicillium-polonicum
0 0 0.21226455192458712 0.6477113829597541 Penicillium-mb
0 0 0.21684195387068406 0.6404709134215502 Penicillium-chrysogenum
0 0 0.06326225418678963 0.8928174407639204 Penicillium-brevicompactum
0 0 0.8637022684963862 0.012223757199189566 Penicillium-cvjetkovicii
0 0 0.23693291928468538 0.608964498501766 Penicillium-commune
0 0 0.25227538638407127 0.5852212527860698 Penicillium-solitum
0 0 0.21852834262706008 0.637809077536842 Penicillium-verrucosum
0 0 0.2581003694003862 0.5762825418171922 Penicillium-polonicum
0 0 0.21000657310334897 0.6512912025905455 Penicillium-mb
0 0 0.2145416006777793 0.6441067843857791 Penicillium-chrysogenum
0 0 0.06303514331539228 0.893200692199702 Penicillium-brevicompactum
0 0 0.8637022684963876 0.01222375719918925 Penicillium-cvjetkovicii
0 0 0.23796381025376195 0.6073603076067089 Penicillium-commune
0 0 0.2535090710174745 0.5833245539299268 Penicillium-solitum
0 0 0.22386839866904903 0.6294006898503435 Penicillium-verrucosum
0 0 0.26010841453891737 0.5732110437438989 Penicillium-polonicum
0 0 0.21191835015715157 0.6482599060710112 Penicillium-mb
0 0 0.21902599739986744 0.6370241566774897 Penicillium-chrysogenum
0 0 0.0630005032313065 0.8932591490762921 Penicillium-brevicompactum
0 0 0.8637022684963881 0.01222375719918916 Penicillium-cvjetkovicii
0 0 0.23395424552630545 0.6136066573610646 Penicillium-commune
0 0 0.2495134857991394 0.5894743176906216 Penicillium-solitum
0 0 0.21464551564096707 0.6439424172106111 Penicillium-verrucosum
0 0 0.2544159833577912 0.5819314551136208 Penicillium-polonicum
0 0 0.20563120308950766 0.6582430791886368 Penicillium-mb
0 0 0.2153055364209998 0.6428987007564269 Penicillium-chrysogenum
0 0 0.06361879844888099 0.8922158029120077 Penicillium-brevicompactum
2 2 0.8637022684963864 0.012223757199189523 Penicillium-cvjetkovicii
2 2 0.23968807667602154 0.6046799393285812 Penicillium-commune
2 2 0.25538741291674943 0.5804403953896571 Penicillium-solitum
2 2 0.21839413716382816 0.6380207977925417 Penicillium-verrucosum
2 2 0.25945684328296975 0.5742071211333952 Penicillium-polonicum
2 2 0.20920851891314848 0.6525577227651413 Penicillium-mb
2 2 0.22279414552908486 0.6310896728162336 Penicillium-chrysogenum
2 2 0.06289961410584678 0.8934294067162978 Penicillium-brevicompactum
0 0 0.8637022684963871 0.012223757199189368 Penicillium-cvjetkovicii
0 0 0.23571008594092974 0.6108689899400301 Penicillium-commune
0 0 0.25136988825439655 0.5866145937821264 Penicillium-solitum
0 0 0.2207569135159772 0.6342961900646162 Penicillium-verrucosum
0 0 0.2580345792234461 0.5763832610541422 Penicillium-polonicum
0 0 0.20991836949913262 0.6514311499213967 Penicillium-mb
0 0 0.21745552773864096 0.6395020779021352 Penicillium-chrysogenum
0 0 0.06344545410755649 0.8925083014955116 Penicillium-brevicompactum
0 0 0.8637022684963883 0.01222375719918911 Penicillium-cvjetkovicii
0 0 0.23130143132618966 0.6177496324869739 Penicillium-commune
0 0 0.2472089350276097 0.5930302953503956 Penicillium-solitum
0 0 0.21295080144530748 0.6466244616127816 Penicillium-verrucosum
0 0 0.2528598031376093 0.5843225188593435 Penicillium-polonicum
0 0 0.20417952563145822 0.6605539545174581 Penicillium-mb
0 0 0.2118250655779399 0.6484077280658165 Penicillium-chrysogenum
0 0 0.06367234721021704 0.8921254475163489 Penicillium-brevicompactum
0 0 0.8637022684963864 0.012223757199189523 Penicillium-cvjetkovicii
0 0 0.23664513177345714 0.6094125533061677 Penicillium-commune
0 0 0.251973806209533 0.5856851981444522 Penicillium-solitum
0 0 0.22130531104219053 0.6334325861757699 Penicillium-verrucosum
0 0 0.258228093565203 0.5760870225405539 Penicillium-polonicum
0 0 0.21039254090687223 0.6506789065239714 Penicillium-mb
0 0 0.21663257254540874 0.6408016202855085 Penicillium-chrysogenum
0 0 0.06324974936396119 0.8928385423228608 Penicillium-brevicompactum
0 0 0.863702268496387 0.012223757199189392 Penicillium-cvjetkovicii
0 0 0.237415802632729 0.6082129182487932 Penicillium-commune
0 0 0.25276958152889584 0.5844612366501075 Penicillium-solitum
0 0 0.22337105392761153 0.6301824757177502 Penicillium-verrucosum
0 0 0.259033780751174 0.5748541602501354 Penicillium-polonicum
0 0 0.2110351878726904 0.6496597631643068 Penicillium-mb
0 0 0.21943143626619147 0.6363848816386346 Penicillium-chrysogenum
0 0 0.06310899823429467 0.8930760596094881 Penicillium-brevicompactum
0 0 0.8637022684963868 0.012223757199189443 Penicillium-cvjetkovicii
0 0 0.2480603939175201 0.5917157159701387 Penicillium-commune
0 0 0.26392636042870754 0.5673853850208797 Penicillium-solitum
0 0 0.23096974357131603 0.6182682077013084 Penicillium-verrucosum
0 0 0.2699409697577218 0.5582463560406562 Penicillium-polonicum
0 0 0.2196892789674294 0.6359784218150739 Penicillium-mb
0 0 0.2333918626667584 0.61448426860194 Penicillium-chrysogenum
0 0 0.062252333659015356 0.8945218161162927 Penicillium-brevicompactum
0 0 0.8637022684963868 0.012223757199189443 Penicillium-cvjetkovicii
0 0 0.2352044299297237 0.6116570299326192 Penicillium-commune
0 0 0.2499229633329988 0.5888431661072141 Penicillium-solitum
0 0 0.2258541070260307 0.6262820615185027 Penicillium-verrucosum
0 0 0.2602102307727575 0.5730554431046808 Penicillium-polonicum
0 0 0.21612636359380863 0.641601345876026 Penicillium-mb
0 0 0.21651798177834203 0.6409826304112239 Penicillium-chrysogenum
0 0 0.06324001630966153 0.8928549666302543 Penicillium-brevicompactum
0 0 0.863702268496387 0.012223757199189392 Penicillium-cvjetkovicii
0 0 0.24496266260179414 0.5965025839487312 Penicillium-commune
0 0 0.26049892635636873 0.5726143162819246 Penicillium-solitum
0 0 0.2291074279816388 0.6211821670684037 Penicillium-verrucosum
0 0 0.2662696587314064 0.5638191781621971 Penicillium-polonicum
0 0 0.21681406187740382 0.64051496463994 Penicillium-mb
0 0 0.22765206611063585 0.623462110814479 Penicillium-chrysogenum
0 0 0.06258631088673708 0.8939581491050772 Penicillium-brevicompactum
0 0 0.863702268496388 0.012223757199189179 Penicillium-cvjetkovicii
0 0 0.23366945058264998 0.6140510406078703 Penicillium-commune
0 0 0.2492992103285429 0.5898046752152606 Penicillium-solitum
0 0 0.22185141416947843 0.6325729239399401 Penicillium-verrucosum
0 0 0.25748245685289484 0.5772287304992654 Penicillium-polonicum
0 0 0.2105599163023433 0.650413432102289 Penicillium-mb
0 0 0.21551425034302568 0.6425687503527069 Penicillium-chrysogenum
0 0 0.06384797714370016 0.8918291052154629 Penicillium-brevicompactum
0 0 0.863702268496387 0.012223757199189392 Penicillium-cvjetkovicii
0 0 0.2331453563024864 0.614869062671811 Penicillium-commune
0 0 0.24902607058840173 0.5902258681080199 Penicillium-solitum
0 0 0.21770003740733906 0.6391161095261815 Penicillium-verrucosum
0 0 0.25484942176719655 0.5812660185721781 Penicillium-polonicum
0 0 0.20608265657794397 0.6575248655325934 Penicillium-mb
0 0 0.21403754379936765 0.6449042382389849 Penicillium-chrysogenum
0 0 0.06333160012155571 0.8927004222395403 Penicillium-brevicompactum
0 0 0.8637022684963869 0.012223757199189422 Penicillium-cvjetkovicii
0 0 0.2384965648683333 0.6065317670359518 Penicillium-commune
0 0 0.2533876139317936 0.5835112009958493 Penicillium-solitum
0 0 0.2284034112072174 0.6222847675882202 Penicillium-verrucosum
0 0 0.2603243225029554 0.5728810982010583 Penicillium-polonicum
0 0 0.21346039540760636 0.6458176602648195 Penicillium-mb
0 0 0.21939216747108992 0.6364467908102858 Penicillium-chrysogenum
0 0 0.06296189296450334 0.8933243062878538 Penicillium-brevicompactum
0 0 0.8637022684963876 0.01222375719918925 Penicillium-cvjetkovicii
0 0 0.23759499449433255 0.6079340860343345 Penicillium-commune
0 0 0.2532153830644811 0.5837759053592462 Penicillium-solitum
0 0 0.22278867632090796 0.6310982749910873 Penicillium-verrucosum
0 0 0.25984735295771366 0.573610071630144 Penicillium-polonicum
0 0 0.21155780733410695 0.6488312855754386 Penicillium-mb
0 0 0.22112833534283444 0.6337112473741197 Penicillium-chrysogenum
0 0 0.06323913715351481 0.8928564501877227 Penicillium-brevicompactum
0 0 0.8637022684963862 0.012223757199189566 Penicillium-cvjetkovicii
0 0 0.2420345665659172 0.6010379908698018 Penicillium-commune
0 0 0.2574906025523458 0.5772162541146406 Penicillium-solitum
0 0 0.22489331656458458 0.6277904689861831 Penicillium-verrucosum
0 0 0.26212823648015376 0.57012673518834 Penicillium-polonicum
0 0 0.21243834795181193 0.6474360677405662 Penicillium-mb
0 0 0.22412655433064654 0.6289949982746108 Penicillium-chrysogenum
0 0 0.06279354649632841 0.8936084069287658 Penicillium-brevicompactum
0 0 0.8637022684963862 0.012223757199189566 Penicillium-cvjetkovicii
0 0 0.23743088123718953 0.6081894536722106 Penicillium-commune
0 0 0.25299833356718265 0.584109544892315 Penicillium-solitum
0 0 0.22269994546912678 0.6312378388104336 Penicillium-verrucosum
0 0 0.2595092297707242 0.5741270162230787 Penicillium-polonicum
0 0 0.21131440243405247 0.649217105162161 Penicillium-mb
0 0 0.21604254381094615 0.641733793724247 Penicillium-chrysogenum
0 0 0.06308873291894088 0.8931102578175951 Penicillium-brevicompactum
2 2 0.8637022684963848 0.012223757199189878 Penicillium-cvjetkovicii
2 2 0.2331543671687946 0.6148549955599929 Penicillium-commune
2 2 0.24889556252021489 0.5904271493619977 Penicillium-solitum
2 2 0.21169245466061737 0.6486178837373666 Penicillium-verrucosum
2 2 0.2536386707574953 0.5831254140998668 Penicillium-polonicum
2 2 0.20471025499716458 0.659708855177215 Penicillium-mb
2 2 0.21535740737664158 0.6428166949559773 Penicillium-chrysogenum
2 2 0.06353263094083103 0.892361199430973 Penicillium-brevicompactum
0 0 0.8637022684963868 0.012223757199189443 Penicillium-cvjetkovicii
0 0 0.24377845778961563 0.598335588307607 Penicillium-commune
0 0 0.25958756339387334 0.574007241720702 Penicillium-solitum
0 0 0.22983874685689656 0.6200374033222136 Penicillium-verrucosum
0 0 0.2666270453005314 0.5632759098850969 Penicillium-polonicum
0 0 0.21756777547759848 0.6393248822895227 Penicillium-mb
0 0 0.22787693289823602 0.6231096819911683 Penicillium-chrysogenum
0 0 0.06256438498023241 0.8939951532669748 Penicillium-brevicompactum
0 0 0.8637022684963872 0.01222375719918935 Penicillium-cvjetkovicii
0 0 0.23541429763912383 0.6113299252707094 Penicillium-commune
0 0 0.25085416367123264 0.5874086225863311 Penicillium-solitum
0 0 0.22072659604497988 0.6343439429518134 Penicillium-verrucosum
0 0 0.2575164111237857 0.5771767248951911 Penicillium-polonicum
0 0 0.209848090867603 0.6515426626021519 Penicillium-mb
0 0 0.216298617816133 0.6413291820346032 Penicillium-chrysogenum
0 0 0.06330378415708554 0.8927473603944694 Penicillium-brevicompactum
2 2 0.8637022684963865 0.012223757199189488 Penicillium-cvjetkovicii
2 2 0.23304964587992846 0.6150184846370884 Penicillium-commune
2 2 0.2486802888171386 0.590759209474214 Penicillium-solitum
2 2 0.2115358342587754 0.6488661123990498 Penicillium-verrucosum
2 2 0.2533964899923874 0.5834975602401302 Penicillium-polonicum
2 2 0.204657452334039 0.6597929218802836 Penicillium-mb
2 2 0.2118062788244896 0.6484374993200277 Penicillium-chrysogenum
2 2 0.063588032851119 0.8922677156014757 Penicillium-brevicompactum
2 2 0.8637022684963883 0.01222375719918911 Penicillium-cvjetkovicii
2 2 0.2335144451815643 0.6142929446149534 Penicillium-commune
2 2 0.24897233312138842 0.590308744318695 Penicillium-solitum
2 2 0.21160098731140442 0.648762847776887 Penicillium-verrucosum
2 2 0.2512523166098931 0.5867955824917181 Penicillium-polonicum
2 2 0.2012378627385009 0.665243248997906 Penicillium-mb
2 2 0.21058682381242863 0.6503707567907842 Penicillium-chrysogenum
2 2 0.06326858806250103 0.8928067525347791 Penicillium-brevicompactum
0 0 0.8637022684963864 0.012223757199189523 Penicillium-cvjetkovicii
0 0 0.24659541570776058 0.5939780648791182 Penicillium-commune
0 0 0.2619606254939655 0.5703824810553579 Penicillium-solitum
0 0 0.23129078186888985 0.6177662803583653 Penicillium-verrucosum
0 0 0.26634122359603185 0.5637103780442916 Penicillium-polonicum
0 0 0.2161145742500255 0.6416199743539309 Penicillium-mb
0 0 0.2302515047664113 0.6193915651271198 Penicillium-chrysogenum
0 0 0.06252095865014416 0.8940684439581519 Penicillium-brevicompactum
0 0 0.8637022684963865 0.012223757199189488 Penicillium-cvjetkovicii
0 0 0.23472944046321456 0.6123975487953512 Penicillium-commune
0 0 0.25048942069805347 0.587970393095332 Penicillium-solitum
0 0 0.22182246382242282 0.6326184886302175 Penicillium-verrucosum
0 0 0.2580396440569796 0.5763755070239946 Penicillium-polonicum
0 0 0.2103759066515726 0.6507052917503537 Penicillium-mb
0 0 0.21656117603446357 0.6409143981426328 Penicillium-chrysogenum
0 0 0.0632358711754727 0.8928619614590101 Penicillium-brevicompactum
0 0 0.8637022684963869 0.012223757199189422 Penicillium-cvjetkovicii
0 0 0.24047364164405272 0.6034599472478095 Penicillium-commune
0 0 0.25630304407209153 0.5790360677050785 Penicillium-solitum
0 0 0.22657165041970492 0.6251562179450503 Penicillium-verrucosum
0 0 0.26285684066662746 0.5690154299877477 Penicillium-polonicum
0 0 0.2138074241633401 0.6452683938663383 Penicillium-mb
0 0 0.22394173969396927 0.6292854269083853 Penicillium-chrysogenum
0 0 0.06289428850210257 0.8934383941453026 Penicillium-brevicompactum
0 0 0.8637022684963881 0.01222375719918916 Penicillium-cvjetkovicii
0 0 0.22640612628705287 0.6254158781746564 Penicillium-commune
0 0 0.2415622039859352 0.6017706096087306 Penicillium-solitum
0 0 0.21894219574871387 0.6371563131097975 Penicillium-verrucosum
0 0 0.2516448531225666 0.58619138227367 Penicillium-polonicum
0 0 0.20761790937797897 0.6550840133412048 Penicillium-mb
0 0 0.2003972389161826 0.6665848857824743 Penicillium-chrysogenum
0 0 0.06403883163208353 0.8915070857070797 Penicillium-brevicompactum
0 0 0.8637022684963871 0.012223757199189368 Penicillium-cvjetkovicii
0 0 0.23500269374078592 0.6119715089575999 Penicillium-commune
0 0 0.2509889553053392 0.5872010605821321 Penicillium-solitum
0 0 0.22253738222336752 0.6314935554048327 Penicillium-verrucosum
0 0 0.2574025836123121 0.577351073037946 Penicillium-polonicum
0 0 0.20855780635417828 0.6535909014929036 Penicillium-mb
0 0 0.2172495526096739 0.6398272681071965 Penicillium-chrysogenum
0 0 0.06314264909859219 0.8930192732559235 Penicillium-brevicompactum
0 0 0.8637022684963863 0.012223757199189547 Penicillium-cvjetkovicii
0 0 0.23740167426058975 0.6082349043632984 Penicillium-commune
0 0 0.25275983050799594 0.5844762296753373 Penicillium-solitum
0 0 0.22118501669984864 0.6336219946811321 Penicillium-verrucosum
0 0 0.2590981461994293 0.574755703907924 Penicillium-polonicum
0 0 0.21117769842539272 0.6494338211667472 Penicillium-mb
0 0 0.2186557422862136 0.6376081120999582 Penicillium-chrysogenum
0 0 0.0632493821661009 0.8928391619603318 Penicillium-brevicompactum
0 0 0.8637022684963864 0.012223757199189523 Penicillium-cvjetkovicii
0 0 0.2367982372976869 0.6091741720714288 Penicillium-commune
0 0 0.25251788431298083 0.5848482804720234 Penicillium-solitum
0 0 0.2229486070763351 0.6308467435924863 Penicillium-verrucosum
0 0 0.2594735095280641 0.5741816361652856 Penicillium-polonicum
0 0 0.2112961751312267 0.6492459996550743 Penicillium-mb
0 0 0.21880736207665055 0.6373689638229061 Penicillium-chrysogenum
0 0 0.06312992948738903 0.8930407377536932 Penicillium-brevicompactum
0 0 0.863702268496388 0.012223757199189179 Penicillium-cvjetkovicii
0 0 0.22346410924238422 0.630036179383398 Penicillium-commune
0 0 0.24011409499770037 0.6040182367131591 Penicillium-solitum
0 0 0.2139590122972353 0.6450285050380973 Penicillium-verrucosum
0 0 0.25009991585261276 0.5885704828051668 Penicillium-polonicum
0 0 0.20343897020159546 0.6617336464309151 Penicillium-mb
0 0 0.2046989550900525 0.6597268454308398 Penicillium-chrysogenum
0 0 0.06432785863757072 0.8910194470620102 Penicillium-brevicompactum
0 0 0.8637022684963869 0.012223757199189422 Penicillium-cvjetkovicii
0 0 0.2331682461891191 0.6148333288221498 Penicillium-commune
0 0 0.24882747646552814 0.5905321660862508 Penicillium-solitum
0 0 0.2167594661105717 0.6406011928891318 Penicillium-verrucosum
0 0 0.2548095209550144 0.5813272664663919 Penicillium-polonicum
0 0 0.20656710847729584 0.6567543878175961 Penicillium-mb
0 0 0.2141352931542377 0.6447495706389201 Penicillium-chrysogenum
0 0 0.06363608966394847 0.892186626513346 Penicillium-brevicompactum
0 0 0.8637022684963868 0.012223757199189443 Penicillium-cvjetkovicii
0 0 0.23244230717386458 0.6159669008020832 Penicillium-commune
0 0 0.2473925443675442 0.5927467434081164 Penicillium-solitum
0 0 0.21960965547532163 0.6361039314938868 Penicillium-verrucosum
0 0 0.25627535402015106 0.5790785211754657 Penicillium-polonicum
0 0 0.21122336261915547 0.6493614278219733 Penicillium-mb
0 0 0.21305370394763862 0.6464615217165168 Penicillium-chrysogenum
0 0 0.06343095496126408 0.8925327675721422 Penicillium-brevicompactum
2 2 0.8637022684963869 0.012223757199189422 Penicillium-cvjetkovicii
2 2 0.23647406210905395 0.609678936698804 Penicillium-commune
2 2 0.2525551076493177 0.5847910358458149 Penicillium-solitum
2 2 0.216688007451361 0.6407140591500307 Penicillium-verrucosum
2 2 0.2577655093733829 0.5767952415871882 Penicillium-polonicum
2 2 0.20793593492960216 0.654578698342613 Penicillium-mb
2 2 0.21994597037854074 0.6355738489529232 Penicillium-chrysogenum
2 2 0.06307752932045481 0.8931291642166075 Penicillium-brevicompactum
0 0 0.8637022684963864 0.012223757199189523 Penicillium-cvjetkovicii
0 0 0.23432332132841943 0.6130309052530183 Penicillium-commune
0 0 0.250033986528177 0.5886720751841961 Penicillium-solitum
0 0 0.22090058678234684 0.6340699047756139 Penicillium-verrucosum
0 0 0.2561919547339034 0.5792063920423692 Penicillium-polonicum
0 0 0.20778476049884598 0.6548188883372332 Penicillium-mb
0 0 0.21677025507427564 0.640584152605418 Penicillium-chrysogenum
0 0 0.06323634270660461 0.8928611657596371 Penicillium-brevicompactum
0 0 0.8637022684963883 0.01222375719918911 Penicillium-cvjetkovicii
0 0 0.23996459198765446 0.6042504241147473 Penicillium-commune
0 0 0.25568711954046514 0.5799806111851011 Penicillium-solitum
0 0 0.2274577324867381 0.6237667316626219 Penicillium-verrucosum
0 0 0.26346243820583426 0.5680922626983067 Penicillium-polonicum
0 0 0.21543720569717403 0.6426905427926664 Penicillium-mb
0 0 0.22276772641465317 0.631131226092068 Penicillium-chrysogenum
0 0 0.06297130579001861 0.8933084215190437 Penicillium-brevicompactum
0 0 0.8637022684963868 0.012223757199189443 Penicillium-cvjetkovicii
0 0 0.2315551301890839 0.617353073627148 Penicillium-commune
0 0 0.24764519506396887 0.592356636665083 Penicillium-solitum
0 0 0.21830051199583125 0.6381685108419117 Penicillium-verrucosum
0 0 0.2547809400289747 0.5813711395216319 Penicillium-polonicum
0 0 0.20660117369691886 0.6567002191961695 Penicillium-mb
0 0 0.21160776932412972 0.6487520988523898 Penicillium-chrysogenum
0 0 0.0635094247858871 0.8924003572242882 Penicillium-brevicompactum
0 0 0.8637022684963881 0.01222375719918916 Penicillium-cvjetkovicii
0 0 0.2310907091337665 0.6180790702284068 Penicillium-commune
0 0 0.24662901121119796 0.5939261544118658 Penicillium-solitum
0 0 0.21208573830571087 0.6479946799924032 Penicillium-verrucosum
0 0 0.2515992406834465 0.5862615800630593 Penicillium-polonicum
0 0 0.20321335728307768 0.662093154537205 Penicillium-mb
0 0 0.21182359300397785 0.6484100616313992 Penicillium-chrysogenum
0 0 0.0641284790606586 0.8913558320451787 Penicillium-brevicompactum
0 0 0.8637022684963868 0.012223757199189443 Penicillium-cvjetkovicii
0 0 0.24702977024051273 0.5933070231182527 Penicillium-commune
0 0 0.26261335648438455 0.5693867285964536 Penicillium-solitum
0 0 0.23056313540249215 0.618904088555909 Penicillium-verrucosum
0 0 0.26677337395026407 0.5630535218979151 Penicillium-polonicum
0 0 0.21597412603691796 0.6418419096798464 Penicillium-mb
0 0 0.22996738376022435 0.6198361056053707 Penicillium-chrysogenum
0 0 0.06245190778772196 0.8941849824500753 Penicillium-brevicompactum
0 0 0.8637022684963865 0.012223757199189488 Penicillium-cvjetkovicii
0 0 0.23467565286326697 0.6124814213631304 Penicillium-commune
0 0 0.25034602648975157 0.5881912912611215 Penicillium-solitum
0 0 0.21480533430901297 0.6436896470246989 Penicillium-verrucosum
0 0 0.2535939897740816 0.5831940674497107 Penicillium-polonicum
0 0 0.20348096187089657 0.6616667395354578 Penicillium-mb
0 0 0.21639433686525367 0.6411779585231734 Penicillium-chrysogenum
0 0 0.06354461591696418 0.892340976191093 Penicillium-brevicompactum
0 0 0.8637022684963864 0.012223757199189523 Penicillium-cvjetkovicii
0 0 0.23782161713505467 0.6075815030186449 Penicillium-commune
0 0 0.2534739962440641 0.583378452586816 Penicillium-solitum
0 0 0.22269204599332043 0.6312502642345352 Penicillium-verrucosum
0 0 0.25948558927621374 0.5741631647998573 Penicillium-polonicum
0 0 0.21075174185165013 0.6501092133651709 Penicillium-mb
0 0 0.2188107894831689 0.6373635581000476 Penicillium-chrysogenum
0 0 0.06303044143787692 0.8932086268309225 Penicillium-brevicompactum
0 0 0.8637022684963868 0.012223757199189443 Penicillium-cvjetkovicii
0 0 0.24003768808894466 0.6041368980440475 Penicillium-commune
0 0 0.2557504026945876 0.5798835420513371 Penicillium-solitum
0 0 0.22480679327917935 0.6279263581500965 Penicillium-verrucosum
0 0 0.26215792841027136 0.5700814341244167 Penicillium-polonicum
0 0 0.21330677205465665 0.646060851419374 Penicillium-mb
0 0 0.22270827612358285 0.6312247352417026 Penicillium-chrysogenum
0 0 0.06291752413146741 0.8933991820249446 Penicillium-brevicompactum
0 0 0.863702268496386 0.012223757199189611 Penicillium-cvjetkovicii
0 0 0.23514112491308703 0.6117557086635672 Penicillium-commune
0 0 0.25052809665451997 0.5879108172974117 Penicillium-solitum
0 0 0.22074502238413168 0.6343149196029659 Penicillium-verrucosum
0 0 0.25822350858072274 0.5760940408447798 Penicillium-polonicum
0 0 0.21133197985618982 0.649189241211539 Penicillium-mb
0 0 0.2164082255620589 0.6411560170273427 Penicillium-chrysogenum
0 0 0.06320203151638562 0.8929190653948085 Penicillium-brevicompactum
0 0 0.8637022684963864 0.012223757199189523 Penicillium-cvjetkovicii
0 0 0.2291645777705655 0.6210926862310535 Penicillium-commune
0 0 0.244578391060911 0.5970972038074893 Penicillium-solitum
0 0 0.21422111640432118 0.6446137819590709 Penicillium-verrucosum
0 0 0.25104673240415293 0.5871120980677952 Penicillium-polonicum
0 0 0.2040257789685635 0.6607988244196352 Penicillium-mb
0 0 0.2065869550582592 0.6567228287409004 Penicillium-chrysogenum
0 0 0.06417926388465875 0.8912701487573258 Penicillium-brevicompactum
0 0 0.8637022684963866 0.012223757199189467 Penicillium-cvjetkovicii
0 0 0.23583851995420843 0.6106688793358792 Penicillium-commune
0 0 0.2507941879399579 0.5875009848223776 Penicillium-solitum
0 0 0.22932249730071738 0.6208454470138274 Penicillium-verrucosum
0 0 0.26271309451676994 0.5692346248920517 Penicillium-polonicum
0 0 0.21912744311958934 0.6368641855176227 Penicillium-mb
0 0 0.21734503410695374 0.639676517762624 Penicillium-chrysogenum
0 0 0.06310960050457574 0.893075043265888 Penicillium-brevicompactum
0 0 0.8637022684963871 0.012223757199189368 Penicillium-cvjetkovicii
0 0 0.23547705869115032 0.6112321144117199 Penicillium-commune
0 0 0.25135560541750374 0.5866365797361901 Penicillium-solitum
0 0 0.22286123068443067 0.630984161471045 Penicillium-verrucosum
0 0 0.2593528833785711 0.5743660980461195 Penicillium-polonicum
0 0 0.211648824355912 0.6486870310856957 Penicillium-mb
0 0 0.21878825581685532 0.6373990985463526 Penicillium-chrysogenum
0 0 0.06323657067758122 0.8928607810631902 Penicillium-brevicompactum
0 0 0.8637022684963864 0.012223757199189523 Penicillium-cvjetkovicii
0 0 0.23125383023494447 0.6178240463801763 Penicillium-commune
0 0 0.24704564120221104 0.5932825081508768 Penicillium-solitum
0 0 0.21649964783914696 0.6410115924215627 Penicillium-verrucosum
0 0 0.25400274596477806 0.5825660972546671 Penicillium-polonicum
0 0 0.20632809652755082 0.6571344849350094 Penicillium-mb
0 0 0.2108252760236501 0.6499926047608077 Penicillium-chrysogenum
0 0 0.06369741305712748 0.8920831530283568 Penicillium-brevicompactum
0 0 0.8637022684963883 0.01222375719918911 Penicillium-cvjetkovicii
0 0 0.23387336468565967 0.6137328512140591 Penicillium-commune
0 0 0.24931801080061886 0.5897756874750002 Penicillium-solitum
0 0 0.22392852631323382 0.6293061926497674 Penicillium-verrucosum
0 0 0.2588283762042429 0.5751683917649828 Penicillium-polonicum
0 0 0.21306736396206122 0.6464398927527645 Penicillium-mb
0 0 0.21422628847405478 0.6446055990132988 Penicillium-chrysogenum
0 0 0.06330595995235115 0.8927436888315053 Penicillium-brevicompactum
0 0 0.8637022684963864 0.012223757199189523 Penicillium-cvjetkovicii
0 0 0.233223216423377 0.6147475161857798 Penicillium-commune
0 0 0.24880674780000883 0.5905641393514326 Penicillium-solitum
0 0 0.21493081139028045 0.6434912108265198 Penicillium-verrucosum
0 0 0.25529090560665746 0.5805884726786901 Penicillium-polonicum
0 0 0.20753459703207286 0.6552164067264521 Penicillium-mb
0 0 0.2142171073459878 0.6446201248759433 Penicillium-chrysogenum
0 0 0.06332091077338836 0.892718459991259 Penicillium-brevicompactum
0 0 0.8637022684963864 0.012223757199189523 Penicillium-cvjetkovicii
0 0 0.23662341226018768 0.6094463722350374 Penicillium-commune
0 0 0.25157448259692117 0.5862996839718821 Penicillium-solitum
0 0 0.22433631184116712 0.6286654189723357 Penicillium-verrucosum
0 0 0.2600202761287768 0.5733457519596643 Penicillium-polonicum
0 0 0.21422875348550913 0.6446016990265981 Penicillium-mb
0 0 0.2175371566972265 0.6393732161082468 Penicillium-chrysogenum
0 0 0.06331241999080715 0.8927327877973925 Penicillium-brevicompactum
0 0 0.8637022684963882 0.012223757199189136 Penicillium-cvjetkovicii
0 0 0.2433667417817855 0.5989732703598113 Penicillium-commune
0 0 0.2588619148842272 0.5751170800274252 Penicillium-solitum
0 0 0.22899930011342257 0.6213514756930323 Penicillium-verrucosum
0 0 0.2656005639695945 0.5648367271030537 Penicillium-polonicum
0 0 0.21703129085129677 0.6401719062452278 Penicillium-mb
0 0 0.22295477630970378 0.6308370414860136 Penicillium-chrysogenum
0 0 0.06253094753817078 0.8940515856417468 Penicillium-brevicompactum
0 0 0.8637022684963862 0.012223757199189566 Penicillium-cvjetkovicii
0 0 0.23282743194826908 0.6153654431301422 Penicillium-commune
0 0 0.24850451630882067 0.591030381077374 Penicillium-solitum
0 0 0.2146244803447383 0.6439756887955362 Penicillium-verrucosum
0 0 0.2538258406378364 0.5828378504275149 Penicillium-polonicum
0 0 0.20520913685340483 0.6589147298442424 Penicillium-mb
0 0 0.21264432599845917 0.6471098134245621 Penicillium-chrysogenum
0 0 0.06350547216979617 0.8924070268395874 Penicillium-brevicompactum
0 0 0.8637022684963864 0.012223757199189523 Penicillium-cvjetkovicii
0 0 0.23603134329431313 0.6103684810966485 Penicillium-commune
0 0 0.25149894321712274 0.5864159474776595 Penicillium-solitum
0 0 0.21860376173554158 0.6376901062187064 Penicillium-verrucosum
0 0 0.25703344839388714 0.5779165856124963 Penicillium-polonicum
0 0 0.20856487965580317 0.6535796683839805 Penicillium-mb
0 0 0.21726251752712797 0.6398067979533051 Penicillium-chrysogenum
0 0 0.06346407112886203 0.8924768869543127 Penicillium-brevicompactum
0 0 0.8637022684963875 0.012223757199189285 Penicillium-cvjetkovicii
0 0 0.23677953541855581 0.6092032889282512 Penicillium-commune
0 0 0.2531294068470801 0.5839080574267345 Penicillium-solitum
0 0 0.21962358751484273 0.6360819700661422 Penicillium-verrucosum
0 0 0.2578981696661763 0.5765921101412869 Penicillium-polonicum
0 0 0.2071683019351247 0.6557985790025506 Penicillium-mb
0 0 0.2211855740351101 0.6336211170966414 Penicillium-chrysogenum
0 0 0.06299027589962364 0.8932764082841482 Penicillium-brevicompactum
0 0 0.8637022684963862 0.012223757199189566 Penicillium-cvjetkovicii
0 0 0.24358807772712818 0.5986304311357535 Penicillium-commune
0 0 0.2591228644135809 0.5747178951968543 Penicillium-solitum
0 0 0.22924365165849286 0.620968884408786 Penicillium-verrucosum
0 0 0.26447806584352607 0.5665451154809334 Penicillium-polonicum
0 0 0.21488556358294625 0.6435627662002499 Penicillium-mb
0 0 0.22661192352299647 0.6250930455708543 Penicillium-chrysogenum
0 0 0.06262372643342869 0.8938950035652167 Penicillium-brevicompactum
0 0 0.8637022684963861 0.012223757199189592 Penicillium-cvjetkovicii
0 0 0.22992055086112587 0.6199093899788235 Penicillium-commune
0 0 0.24538373026077073 0.5958512310552635 Penicillium-solitum
0 0 0.21540811039796345 0.6427365383958041 Penicillium-verrucosum
0 0 0.25334736817515036 0.5835730520255726 Penicillium-polonicum
0 0 0.20709021339760988 0.655922707185167 Penicillium-mb
0 0 0.20734899832779394 0.6555113712936055 Penicillium-chrysogenum
0 0 0.0637130079929631 0.892056839245462 Penicillium-brevicompactum
0 0 0.8637022684963862 0.012223757199189566 Penicillium-cvjetkovicii
0 0 0.24408398592667913 0.5978625061473934 Penicillium-commune
0 0 0.25917927462627827 0.5746316136668401 Penicillium-solitum
0 0 0.22558469528468697 0.6267049243628373 Penicillium-verrucosum
0 0 0.26493856587821163 0.565844058119803 Penicillium-polonicum
0 0 0.21642987499311567 0.6411218154633833 Penicillium-mb
0 0 0.22663263539154263 0.6250605576518032 Penicillium-chrysogenum
0 0 0.0625479923579414 0.8940228190530642 Penicillium-brevicompactum
0 0 0.8637022684963864 0.012223757199189523 Penicillium-cvjetkovicii
0 0 0.23581685789470622 0.6107026292310321 Penicillium-commune
0 0 0.25064548442574663 0.5877300064494473 Penicillium-solitum
0 0 0.2226547853830423 0.6313088739758146 Penicillium-verrucosum
0 0 0.2597035038682966 0.5738299795736057 Penicillium-polonicum
0 0 0.21462865858694338 0.6439690800209439 Penicillium-mb
0 0 0.2168082009143603 0.6405242212582981 Penicillium-chrysogenum
0 0 0.06318949551577191 0.8929402198081153 Penicillium-brevicompactum
0 0 0.8637022684963868 0.012223757199189443 Penicillium-cvjetkovicii
0 0 0.23510930384522474 0.6118053125384266 Penicillium-commune
0 0 0.2504148139103299 0.5880853213650361 Penicillium-solitum
0 0 0.22389215111577812 0.6293633597899273 Penicillium-verrucosum
0 0 0.2585318939072814 0.5756220503575985 Penicillium-polonicum
0 0 0.2120414563926904 0.6480648416901984 Penicillium-mb
0 0 0.21449379637074506 0.6441824025726728 Penicillium-chrysogenum
0 0 0.06318392967942625 0.8929496121341784 Penicillium-brevicompactum
2 2 0.8637022684963865 0.012223757199189488 Penicillium-cvjetkovicii
2 2 0.2456599988311563 0.5954239856971217 Penicillium-commune
2 2 0.26112343738552524 0.5716604288923448 Penicillium-solitum
2 2 0.22235917558935214 0.6317739130422173 Penicillium-verrucosum
2 2 0.26357838379137993 0.5679155704331329 Penicillium-polonicum
2 2 0.21201413645403877 0.6481081293184616 Penicillium-mb
2 2 0.22821033004504737 0.62258726107608 Penicillium-chrysogenum
2 2 0.06246377558883169 0.8941649528221134 Penicillium-brevicompactum
0 0 0.8637022684963881 0.01222375719918916 Penicillium-cvjetkovicii
0 0 0.23538720445631145 0.6113721504473273 Penicillium-commune
0 0 0.2510265152199855 0.5871432270864986 Penicillium-solitum
0 0 0.22145776116749816 0.633192569889026 Penicillium-verrucosum
0 0 0.2581936648055716 0.5761397238098533 Penicillium-polonicum
0 0 0.2104565072046994 0.6505774459959095 Penicillium-mb
0 0 0.21706852075564576 0.6401131161075474 Penicillium-chrysogenum
0 0 0.06340405081205149 0.8925781662160622 Penicillium-brevicompactum
2 2 0.8637022684963863 0.012223757199189547 Penicillium-cvjetkovicii
2 2 0.23670400243422982 0.6093208900019041 Penicillium-commune
2 2 0.2524521357450337 0.5849493973884627 Penicillium-solitum
2 2 0.2161295718994302 0.6415962764212146 Penicillium-verrucosum
2 2 0.2573236314320323 0.5774720127229296 Penicillium-polonicum
2 2 0.20787508943624275 0.654675368450484 Penicillium-mb
2 2 0.2182985396102128 0.6381716227901046 Penicillium-chrysogenum
2 2 0.06317351449263672 0.8929671877460028 Penicillium-brevicompactum
0 0 0.8637022684963868 0.012223757199189443 Penicillium-cvjetkovicii
0 0 0.23272313395882 0.6155283106740594 Penicillium-commune
0 0 0.24856011827022306 0.5909445975082332 Penicillium-solitum
0 0 0.22098211435728227 0.6339415089768288 Penicillium-verrucosum
0 0 0.25607441929147884 0.5793866166176813 Penicillium-polonicum
0 0 0.20846288661117024 0.6537416485459678 Penicillium-mb
0 0 0.21299875438001986 0.6465485296409954 Penicillium-chrysogenum
0 0 0.06339146474552913 0.8925994042973233 Penicillium-brevicompactum
0 0 0.8637022684963868 0.012223757199189443 Penicillium-cvjetkovicii
0 0 0.23616556775840994 0.6101593993060583 Penicillium-commune
0 0 0.2514223955741921 0.5865337700287633 Penicillium-solitum
0 0 0.2252127827527347 0.62728880369611 Penicillium-verrucosum
0 0 0.25932769081745544 0.5744046249318795 Penicillium-polonicum
0 0 0.21271435994926954 0.6469988949416765 Penicillium-mb
0 0 0.21217315796839 0.647856175523269 Penicillium-chrysogenum
0 0 0.06294843806045812 0.8933470123821278 Penicillium-brevicompactum
0 0 0.8637022684963868 0.012223757199189443 Penicillium-cvjetkovicii
0 0 0.24017100431911506 0.6039298599962389 Penicillium-commune
0 0 0.25592990718314496 0.5796082301017749 Penicillium-solitum
0 0 0.22529263523056686 0.6271634272779614 Penicillium-verrucosum
0 0 0.2621368009279996 0.5701136682688506 Penicillium-polonicum
0 0 0.21304621246002448 0.6464733836557814 Penicillium-mb
0 0 0.2232722655193616 0.630337795806941 Penicillium-chrysogenum
0 0 0.06306528743819041 0.8931498227957704 Penicillium-brevicompactum
0 0 0.8637022684963883 0.01222375719918911 Penicillium-cvjetkovicii
0 0 0.23640446210871405 0.6097873250627882 Penicillium-commune
0 0 0.2521166303424748 0.5854654660548606 Penicillium-solitum
0 0 0.22003509087417086 0.6354334024434276 Penicillium-verrucosum
0 0 0.2578535075125543 0.5766604950128842 Penicillium-polonicum
0 0 0.20898889429399128 0.6529063858253052 Penicillium-mb
0 0 0.21874954913500114 0.6374601486110139 Penicillium-chrysogenum
0 0 0.0632152554837726 0.8928967500971017 Penicillium-brevicompactum
0 0 0.8637022684963865 0.012223757199189488 Penicillium-cvjetkovicii
0 0 0.23676201369815184 0.6092305687739987 Penicillium-commune
0 0 0.2523117916228796 0.585165255286911 Penicillium-solitum
0 0 0.21755173882442333 0.6393501971063256 Penicillium-verrucosum
0 0 0.2553153911328799 0.5805509018736504 Penicillium-polonicum
0 0 0.20503300219017617 0.6591950737917143 Penicillium-mb
0 0 0.21849132225637904 0.6378674782906031 Penicillium-chrysogenum
0 0 0.06319035763392437 0.89293876498815 Penicillium-brevicompactum
0 0 0.863702268496386 0.012223757199189611 Penicillium-cvjetkovicii
0 0 0.23571275781779835 0.6108648267432326 Penicillium-commune
0 0 0.2512911177934447 0.5867358504130279 Penicillium-solitum
0 0 0.2240953132598822 0.6290440896702687 Penicillium-verrucosum
0 0 0.25851346821561505 0.5756502478852528 Penicillium-polonicum
0 0 0.21086204395767044 0.6499343012420896 Penicillium-mb
0 0 0.21742663492406006 0.6395476906464428 Penicillium-chrysogenum
0 0 0.06315398942784682 0.8930001363569102 Penicillium-brevicompactum
0 0 0.8637022684963883 0.01222375719918911 Penicillium-cvjetkovicii
0 0 0.233589438335271 0.614175905581458 Penicillium-commune
0 0 0.24929568763419585 0.5898101067734299 Penicillium-solitum
0 0 0.2233930287756382 0.6301479272309369 Penicillium-verrucosum
0 0 0.2591722396434283 0.5746423737148103 Penicillium-polonicum
0 0 0.21314426548330084 0.6463181322825245 Penicillium-mb
0 0 0.21733939501756938 0.6396854207287767 Penicillium-chrysogenum
0 0 0.06338189336748261 0.892615555342957 Penicillium-brevicompactum
0 0 0.8637022684963878 0.012223757199189226 Penicillium-cvjetkovicii
0 0 0.23331753899991706 0.6146002797403722 Penicillium-commune
0 0 0.24903475146920503 0.5902124804166297 Penicillium-solitum
0 0 0.2202389703256915 0.6351121379939164 Penicillium-verrucosum
0 0 0.25455621544388896 0.5817161379514515 Penicillium-polonicum
0 0 0.20589474873328437 0.657823781177578 Penicillium-mb
0 0 0.21109524628608392 0.6495645415231708 Penicillium-chrysogenum
0 0 0.0632740599663571 0.8927975188682016 Penicillium-brevicompactum
0 0 0.8637022684963865 0.012223757199189488 Penicillium-cvjetkovicii
0 0 0.2330793592653487 0.6149720953237658 Penicillium-commune
0 0 0.24829639561580644 0.5913515065497575 Penicillium-solitum
0 0 0.22067366426502766 0.634427317932313 Penicillium-verrucosum
0 0 0.25604004170831707 0.5794393332464174 Penicillium-polonicum
0 0 0.20969469601079138 0.6517860755856346 Penicillium-mb
0 0 0.21381937153776626 0.6452494862109703 Penicillium-chrysogenum
0 0 0.06358903861649416 0.892266018506726 Penicillium-brevicompactum
0 0 0.863702268496386 0.012223757199189611 Penicillium-cvjetkovicii
0 0 0.2396136747410396 0.6047955244005723 Penicillium-commune
0 0 0.2555293018470814 0.5802227074712378 Penicillium-solitum
0 0 0.22595846758312463 0.6261182812939787 Penicillium-verrucosum
0 0 0.26046882424503903 0.5726603073214845 Penicillium-polonicum
0 0 0.21033389155207668 0.6507719373174821 Penicillium-mb
0 0 0.2223075672632539 0.631855110667042 Penicillium-chrysogenum
0 0 0.06286999167800827 0.8934793973075154 Penicillium-brevicompactum
0 0 0.8637022684963864 0.012223757199189523 Penicillium-cvjetkovicii
0 0 0.2354146029048225 0.611329449513907 Penicillium-commune
0 0 0.2508239962459756 0.5874550796690005 Penicillium-solitum
0 0 0.2221324197281294 0.632130699821053 Penicillium-verrucosum
0 0 0.2575387948413749 0.5771424419731015 Penicillium-polonicum
0 0 0.20994124037592882 0.6513948613016325 Penicillium-mb
0 0 0.21641583098549014 0.641144001994735 Penicillium-chrysogenum
0 0 0.06325260859932733 0.8928337174341061 Penicillium-brevicompactum
0 0 0.8637022684963869 0.012223757199189422 Penicillium-cvjetkovicii
0 0 0.23893164630912492 0.6058553762199896 Penicillium-commune
0 0 0.2549406243160804 0.5811260298264063 Penicillium-solitum
0 0 0.2257836826605942 0.6263925902321872 Penicillium-verrucosum
0 0 0.2609927434659968 0.5718600113305807 Penicillium-polonicum
0 0 0.21146934545103357 0.6489714987403843 Penicillium-mb
0 0 0.22048218140531048 0.6347289559501902 Penicillium-chrysogenum
0 0 0.06277364977891108 0.8936419851257702 Penicillium-brevicompactum
0 0 0.8637022684963865 0.012223757199189488 Penicillium-cvjetkovicii
0 0 0.22240311086051961 0.6317047900859183 Penicillium-commune
0 0 0.23769398375459536 0.6077800695810415 Penicillium-solitum
0 0 0.21234140792617207 0.6475896292495502 Penicillium-verrucosum
0 0 0.24798137582075613 0.5918376758163428 Penicillium-polonicum
0 0 0.20421187657847553 0.6605024327345226 Penicillium-mb
0 0 0.2024905556522273 0.6632452665260329 Penicillium-chrysogenum
0 0 0.06474082282074595 0.8903227523404225 Penicillium-brevicompactum
0 0 0.8637022684963866 0.012223757199189467 Penicillium-cvjetkovicii
0 0 0.2371650295624884 0.6086031980074393 Penicillium-commune
0 0 0.2527324059330368 0.5845183979302677 Penicillium-solitum
0 0 0.22320080649976276 0.6304501540034306 Penicillium-verrucosum
0 0 0.2597362259636647 0.5737799536550809 Penicillium-polonicum
0 0 0.21183907626644674 0.6483855256549834 Penicillium-mb
0 0 0.2188742048356566 0.6372635413908978 Penicillium-chrysogenum
0 0 0.06313002710581216 0.8930405730212256 Penicillium-brevicompactum
0 0 0.8637022684963865 0.012223757199189488 Penicillium-cvjetkovicii
0 0 0.23305302056747484 0.6150132159354575 Penicillium-commune
0 0 0.2486088137789868 0.5908694724351699 Penicillium-solitum
0 0 0.21948693644507783 0.6362973857658517 Penicillium-verrucosum
0 0 0.255682476995369 0.5799877325177798 Penicillium-polonicum
0 0 0.20829381166982858 0.6540101885539807 Penicillium-mb
0 0 0.21426358700806084 0.6445465883017374 Penicillium-chrysogenum
0 0 0.06378194564410831 0.8919405197116135 Penicillium-brevicompactum
0 0 0.8637022684963871 0.012223757199189368 Penicillium-cvjetkovicii
0 0 0.23990092976694294 0.6043493035237071 Penicillium-commune
0 0 0.25508006973567027 0.5809120122564213 Penicillium-solitum
0 0 0.22754577218751013 0.6236287228408361 Penicillium-verrucosum
0 0 0.2626974207106816 0.5692585270996113 Penicillium-polonicum
0 0 0.2156094103318395 0.6424183298986883 Penicillium-mb
0 0 0.2204858832556725 0.6347231241398554 Penicillium-chrysogenum
0 0 0.06287788981645967 0.8934660684397695 Penicillium-brevicompactum
0 0 0.8637022684963881 0.01222375719918916 Penicillium-cvjetkovicii
0 0 0.24013102691692412 0.6039919420699982 Penicillium-commune
0 0 0.25603755055335653 0.5794431533893478 Penicillium-solitum
0 0 0.22623187792926347 0.6256892574762851 Penicillium-verrucosum
0 0 0.26312791016959003 0.568602155520161 Penicillium-polonicum
0 0 0.2143149220115639 0.6444653726529701 Penicillium-mb
0 0 0.22360622704605215 0.62981276830146 Penicillium-chrysogenum
0 0 0.06280787439614229 0.8935842268856198 Penicillium-brevicompactum
0 0 0.8637022684963883 0.01222375719918911 Penicillium-cvjetkovicii
0 0 0.23683843814997535 0.6091115849641717 Penicillium-commune
0 0 0.25245376265284825 0.584946895247754 Penicillium-solitum
0 0 0.22285155961510056 0.6309993717947536 Penicillium-verrucosum
0 0 0.2589598739217646 0.5749672180373627 Penicillium-polonicum
0 0 0.21069698248963512 0.6501960530430011 Penicillium-mb
0 0 0.21819576640218344 0.6383337799326219 Penicillium-chrysogenum
0 0 0.06307751102480309 0.893129195091086 Penicillium-brevicompactum
0 0 0.8637022684963862 0.012223757199189566 Penicillium-cvjetkovicii
0 0 0.23873817265258904 0.6061561286452717 Penicillium-commune
0 0 0.2543058094306603 0.5821006372319147 Penicillium-solitum
0 0 0.21908069169294503 0.636937907097676 Penicillium-verrucosum
0 0 0.25909021757382283 0.5747678316122256 Penicillium-polonicum
0 0 0.2097307239772903 0.6517289027849938 Penicillium-mb
0 0 0.21655813767818818 0.6409191976489321 Penicillium-chrysogenum
0 0 0.06291434744561698 0.8934045429449884 Penicillium-brevicompactum
0 0 0.8637022684963865 0.012223757199189488 Penicillium-cvjetkovicii
0 0 0.2365337293166263 0.6095860212262524 Penicillium-commune
0 0 0.25236930788523687 0.5850767887725586 Penicillium-solitum
0 0 0.22214422145163576 0.6321121291157208 Penicillium-verrucosum
0 0 0.25924816568883174 0.574526247712768 Penicillium-polonicum
0 0 0.21084959498265654 0.6499540416279683 Penicillium-mb
0 0 0.21782583954618578 0.6389175509770083 Penicillium-chrysogenum
0 0 0.06315469304554078 0.892998948997617 Penicillium-brevicompactum
0 0 0.8637022684963881 0.01222375719918916 Penicillium-cvjetkovicii
0 0 0.24031301314335987 0.6037093456966829 Penicillium-commune
0 0 0.2553914747291088 0.5804341633500623 Penicillium-solitum
0 0 0.2270027713296061 0.6244800566062334 Penicillium-verrucosum
0 0 0.26316121052481173 0.5685513921149887 Penicillium-polonicum
0 0 0.21630796784848247 0.6413144097785974 Penicillium-mb
0 0 0.2224195765763077 0.6316788852764897 Penicillium-chrysogenum
0 0 0.06290457708328166 0.8934210312595381 Penicillium-brevicompactum
0 0 0.8637022684963864 0.012223757199189523 Penicillium-cvjetkovicii
0 0 0.23626187497032275 0.610009394289702 Penicillium-commune
0 0 0.2519102516605883 0.5857829836999888 Penicillium-solitum
0 0 0.2203492570275252 0.6349383719164294 Penicillium-verrucosum
0 0 0.2583894450400712 0.5758400564399861 Penicillium-polonicum
0 0 0.2101423104430895 0.6510758522471711 Penicillium-mb
0 0 0.21708345638200566 0.6400895315215961 Penicillium-chrysogenum
0 0 0.06322749578487595 0.8928760947753687 Penicillium-brevicompactum
0 0 0.8637022684963868 0.012223757199189443 Penicillium-cvjetkovicii
0 0 0.22981353447931008 0.6200768591717584 Penicillium-commune
0 0 0.24617565711475406 0.5946267753076003 Penicillium-solitum
0 0 0.22010056770778225 0.6353302219168953 Penicillium-verrucosum
0 0 0.25540699674586104 0.5804103481074909 Penicillium-polonicum
0 0 0.20822058061527557 0.6541265098991567 Penicillium-mb
0 0 0.20675395841990268 0.6564572841079419 Penicillium-chrysogenum
0 0 0.0632324640629158 0.8928677108955643 Penicillium-brevicompactum
0 0 0.863702268496386 0.012223757199189611 Penicillium-cvjetkovicii
0 0 0.23258140911389497 0.6157496425846241 Penicillium-commune
0 0 0.24873439698880007 0.5906757421619673 Penicillium-solitum
0 0 0.2211927637868616 0.6336097960875222 Penicillium-verrucosum
0 0 0.2568696033224227 0.5781676503677325 Penicillium-polonicum
0 0 0.20903163233685443 0.652838533499382 Penicillium-mb
0 0 0.21565756113538945 0.6423422210866436 Penicillium-chrysogenum
0 0 0.06339970134400857 0.8925855056245204 Penicillium-brevicompactum
0 0 0.8637022684963881 0.01222375719918916 Penicillium-cvjetkovicii
0 0 0.23671208175740888 0.6093083105811605 Penicillium-commune
0 0 0.25209380773114815 0.5855005764875809 Penicillium-solitum
0 0 0.22711709226463786 0.6243007930463389 Penicillium-verrucosum
0 0 0.2617895373744039 0.5706435697420403 Penicillium-polonicum
0 0 0.21592703957248788 0.641916320138139 Penicillium-mb
0 0 0.21965210811273947 0.6360370129839357 Penicillium-chrysogenum
0 0 0.06315895431368738 0.8929917580841573 Penicillium-brevicompactum
