#SPECIES: Penicillium-verrucosum Penicillium-polonicum Penicillium-mb Penicillium-commune Penicillium-solitum Penicillium-chrysogenum Penicillium-cvjetkovicii Penicillium-brevicompactum 
#GENE_TREEs p: 0.0020053264287858822 0.00045886894893891554 0.00036349155045693504 0.0002756524518124154 0.00037705728955412696 0.05855396935283732 0.04367951460326517 0.0950045678304875 
#GENE_TREEs r: 0.9348941943430942 0.9641365487598887 0.9673508657540756 0.9707924596584777 0.9668653356356232 0.7374348312988693 -0.7681511101411745 -0.6767136170103523 
1 0 0.9366302846945973 0.0018760876822497242 Penicillium-verrucosum
1 0 0.9650799639870057 0.0004295041367537449 Penicillium-polonicum
1 0 0.9686719312728792 0.00032806503784908254 Penicillium-mb
1 0 0.972135216763762 0.00024523307439069817 Penicillium-commune
1 0 0.968174846098525 0.00034114205709861426 Penicillium-solitum
1 0 0.7381012979649234 0.0582059179518316 Penicillium-chrysogenum
1 0 -0.7672660843555378 0.044074854405460606 Penicillium-cvjetkovicii
1 0 -0.676713617010352 0.09500456783048765 Penicillium-brevicompactum
3 4 0.9363835134885314 0.001894149517786992 Penicillium-verrucosum
3 4 0.9633788525110206 0.0004832922709865088 Penicillium-polonicum
3 4 0.9677273281568949 0.00035317586567182346 Penicillium-mb
3 4 0.9708088223516107 0.000275268985105849 Penicillium-commune
3 4 0.9670201938467717 0.00037269845145517514 Penicillium-solitum
3 4 0.7375295743487735 0.05850442263496168 Penicillium-chrysogenum
3 4 -0.7644353773110346 0.04535251180731622 Penicillium-cvjetkovicii
3 4 -0.6770622186528381 0.09476853950096852 Penicillium-brevicompactum
5 6 0.9384104265080696 0.0017487990593355552 Penicillium-verrucosum
5 6 0.963911481264841 0.0004660452613400964 Penicillium-polonicum
5 6 0.9677732003137838 0.00035193094335874466 Penicillium-mb
5 6 0.9708506789835537 0.00027428950180490437 Penicillium-commune
5 6 0.9670764155389887 0.00037112341000925556 Penicillium-solitum
5 6 0.7378292160433244 0.05834787223324806 Penicillium-chrysogenum
5 6 -0.764568721219134 0.04529187504771659 Penicillium-cvjetkovicii
5 6 -0.6770558145079282 0.09477287278612988 Penicillium-brevicompactum
1 2 0.9340319545622511 0.002071403159588838 Penicillium-verrucosum
1 2 0.9629754256795434 0.0004966038815637076 Penicillium-polonicum
1 2 0.9672292434326932 0.0003668619752143098 Penicillium-mb
1 2 0.970260929608996 0.00028828228008678585 Penicillium-commune
1 2 0.9658619813314874 0.0004060322533590741 Penicillium-solitum
1 2 0.7367673823906901 0.05890366294497484 Penicillium-chrysogenum
1 2 -0.7678858114171621 0.04379781722034149 Penicillium-cvjetkovicii
1 2 -0.6767757251880054 0.09496249356108356 Penicillium-brevicompactum
1 2 0.935935107210075 0.0019272305510602981 Penicillium-verrucosum
1 2 0.9639228196856091 0.00046568215200772984 Penicillium-polonicum
1 2 0.9667524515291506 0.00038025366389627004 Penicillium-mb
1 2 0.970361622405359 0.0002858638309293579 Penicillium-commune
1 2 0.9667921202131887 0.0003791285966428454 Penicillium-solitum
1 2 0.7375384285293689 0.05849979342611485 Penicillium-chrysogenum
1 2 -0.7680494936066092 0.04372480684935081 Penicillium-cvjetkovicii
1 2 -0.6767330228524054 0.09499142057748476 Penicillium-brevicompactum
1 2 0.9331088388998088 0.0021435453840101255 Penicillium-verrucosum
1 2 0.9619210699096576 0.0005324125471787462 Penicillium-polonicum
1 2 0.9668076901102968 0.0003786875506760418 Penicillium-mb
1 2 0.9695482982378857 0.00030574606526451756 Penicillium-commune
1 2 0.9647460857709433 0.00043976471715530805 Penicillium-solitum
1 2 0.7360597366654756 0.059275651094351754 Penicillium-chrysogenum
1 2 -0.7681007967771616 0.043701936906488895 Penicillium-cvjetkovicii
1 2 -0.6766729755582354 0.09503210508119993 Penicillium-brevicompactum
3 4 0.9381503945537454 0.0017670647131879554 Penicillium-verrucosum
3 4 0.9648672708789415 0.0004360238836424979 Penicillium-polonicum
3 4 0.9685617686897838 0.000330936940493784 Penicillium-mb
3 4 0.9717331735254573 0.0002541195395877531 Penicillium-commune
3 4 0.9677498321884139 0.00035256480335156185 Penicillium-solitum
3 4 0.7379705581644372 0.05827410586459167 Penicillium-chrysogenum
3 4 -0.7631161184770207 0.04595483658781786 Penicillium-cvjetkovicii
3 4 -0.6771188011663332 0.09473025816759506 Penicillium-brevicompactum
1 0 0.9359117309115449 0.0019289643784413232 Penicillium-verrucosum
1 0 0.9648346430154442 0.00043702919868275977 Penicillium-polonicum
1 0 0.9687511799925679 0.00032600824629248047 Penicillium-mb
1 0 0.9717942498771084 0.0002527574185021582 Penicillium-commune
1 0 0.9674119634479564 0.00036180536924117733 Penicillium-solitum
1 0 0.737651923319255 0.058440472843699534 Penicillium-chrysogenum
1 0 -0.768024768037026 0.043735831375712415 Penicillium-cvjetkovicii
1 0 -0.676713617010352 0.09500456783048765 Penicillium-brevicompactum
1 2 0.9357474752756101 0.0019411731504926097 Penicillium-verrucosum
1 2 0.9639971094998908 0.00046330719945110997 Penicillium-polonicum
1 2 0.9672773673587187 0.00036552614407779925 Penicillium-mb
1 2 0.9708156328627776 0.0002751094714517364 Penicillium-commune
1 2 0.9670572052771763 0.000371661136584941 Penicillium-solitum
1 2 0.7376260996825803 0.05845396727178726 Penicillium-chrysogenum
1 2 -0.7662781081387526 0.04451850080453863 Penicillium-cvjetkovicii
1 2 -0.676955590572835 0.09484070162722179 Penicillium-brevicompactum
1 2 0.9356117199875689 0.0019512977766657953 Penicillium-verrucosum
1 2 0.9640355803085888 0.00046208016785916637 Penicillium-polonicum
1 2 0.9672024790850672 0.00036760615731487156 Penicillium-mb
1 2 0.9706323680050878 0.00027942103548403647 Penicillium-commune
1 2 0.9668413438705699 0.00037773528799159127 Penicillium-solitum
1 2 0.7374661408398042 0.05853759323184132 Penicillium-chrysogenum
1 2 -0.7672603319313487 0.04407743042515271 Penicillium-cvjetkovicii
1 2 -0.6768685109449897 0.09489965545216959 Penicillium-brevicompactum
1 2 0.9362088103157846 0.0019069981176645277 Penicillium-verrucosum
1 2 0.9636413516485788 0.00047474581534114865 Penicillium-polonicum
1 2 0.9674108449542267 0.00036183619570135425 Penicillium-mb
1 2 0.9706339125054525 0.00027938453221097584 Penicillium-commune
1 2 0.966626626043918 0.00038383538960003156 Penicillium-solitum
1 2 0.7372896399773599 0.05862994262625793 Penicillium-chrysogenum
1 2 -0.7676341701308875 0.043910192624334994 Penicillium-cvjetkovicii
1 2 -0.6768203360725402 0.09493227861524571 Penicillium-brevicompactum
3 2 0.9380433703921377 0.001774614987471348 Penicillium-verrucosum
3 2 0.9628728936756638 0.0005000213158928552 Penicillium-polonicum
3 2 0.9674775976906825 0.0003599991762518407 Penicillium-mb
3 2 0.9706938267365525 0.0002779706866615704 Penicillium-commune
3 2 0.9664245143840683 0.0003896304750858489 Penicillium-solitum
3 2 0.7374146607928831 0.0585645206375883 Penicillium-chrysogenum
3 2 -0.7681748128350451 0.04366895362310119 Penicillium-cvjetkovicii
3 2 -0.676713617010352 0.09500456783048765 Penicillium-brevicompactum
1 2 0.9336144839923773 0.0021038489800058306 Penicillium-verrucosum
1 2 0.9641016950382867 0.00045997594061306015 Penicillium-polonicum
1 2 0.967317772097529 0.000364406818821417 Penicillium-mb
1 2 0.9700305465770109 0.0002938612898029212 Penicillium-commune
1 2 0.9656557647084334 0.00041214576029371795 Penicillium-solitum
1 2 0.7366268348955718 0.0589774434340388 Penicillium-chrysogenum
1 2 -0.7680047839910978 0.043744742891804946 Penicillium-cvjetkovicii
1 2 -0.6767467198822691 0.09498214155969413 Penicillium-brevicompactum
1 2 0.935865737272973 0.001932378419549614 Penicillium-verrucosum
1 2 0.9639692215108268 0.00046419789855120264 Penicillium-polonicum
1 2 0.9678134944075342 0.0003508395586042188 Penicillium-mb
1 2 0.9707912838254443 0.00027568002019240904 Penicillium-commune
1 2 0.9665023191835191 0.00038739349387687487 Penicillium-solitum
1 2 0.7371733389014263 0.05869083727174401 Penicillium-chrysogenum
1 2 -0.7678620155419754 0.04380843694833448 Penicillium-cvjetkovicii
1 2 -0.6767806914035096 0.09495912969422265 Penicillium-brevicompactum
1 0 0.9346680267373265 0.00202253668133408 Penicillium-verrucosum
1 0 0.9642544885377217 0.0004551347930341413 Penicillium-polonicum
1 0 0.967331616725739 0.0003640237527331427 Penicillium-mb
1 0 0.9704889665346175 0.00028282260547317063 Penicillium-commune
1 0 0.9663621625613518 0.0003914286904342456 Penicillium-solitum
1 0 0.7370970767484247 0.0587307863701851 Penicillium-chrysogenum
1 0 -0.7681766711974412 0.04366812567002534 Penicillium-cvjetkovicii
1 0 -0.676713617010352 0.09500456783048765 Penicillium-brevicompactum
1 2 0.9350441481516558 0.001993963339436941 Penicillium-verrucosum
1 2 0.9637194645866335 0.00047222007015094265 Penicillium-polonicum
1 2 0.9666053451593067 0.00038444314065741285 Penicillium-mb
1 2 0.9699129717635873 0.0002967330500439645 Penicillium-commune
1 2 0.9660582211136292 0.00040026484434200425 Penicillium-solitum
1 2 0.7370378594150316 0.05876181690192321 Penicillium-chrysogenum
1 2 -0.7681007967771618 0.04370193690648881 Penicillium-cvjetkovicii
1 2 -0.6766131044347566 0.09507267933098011 Penicillium-brevicompactum
1 2 0.9355713709401948 0.001954312983005741 Penicillium-verrucosum
1 2 0.9629460064518104 0.0004975830139517565 Penicillium-polonicum
1 2 0.9665053571332456 0.0003873063043733011 Penicillium-mb
1 2 0.9700360627139948 0.00029372696613889904 Penicillium-commune
1 2 0.9664551781736407 0.0003887479407679001 Penicillium-solitum
1 2 0.737236064421197 0.05865799024948937 Penicillium-chrysogenum
1 2 -0.7679744933102695 0.04375825236873803 Penicillium-cvjetkovicii
1 2 -0.6767549344324912 0.09497657686205556 Penicillium-brevicompactum
1 2 0.9330277739100342 0.002149950112521879 Penicillium-verrucosum
1 2 0.9622779453949644 0.0005201264072715004 Penicillium-polonicum
1 2 0.9669692624902398 0.0003741287078318921 Penicillium-mb
1 2 0.9698263105873209 0.00029886038669755437 Penicillium-commune
1 2 0.9650672316577555 0.00042989278411589035 Penicillium-solitum
1 2 0.7362711469337722 0.05916438595511539 Penicillium-chrysogenum
1 2 -0.7681007967771623 0.04370193690648861 Penicillium-cvjetkovicii
1 2 -0.6767127411619183 0.09500516123108704 Penicillium-brevicompactum
1 2 0.934747651698902 0.002016467742558306 Penicillium-verrucosum
1 2 0.9637856669632785 0.0004700857059392961 Penicillium-polonicum
1 2 0.9667437157028196 0.0003805016920444893 Penicillium-mb
1 2 0.9698418277702007 0.0002984788104788441 Penicillium-commune
1 2 0.9657876169813332 0.00040823060685022853 Penicillium-solitum
1 2 0.7368290820187977 0.05887128951935038 Penicillium-chrysogenum
1 2 -0.7681007967771624 0.04370193690648857 Penicillium-cvjetkovicii
1 2 -0.6765850917642314 0.09509166644904521 Penicillium-brevicompactum
3 4 0.9360165016019805 0.0019212006603659705 Penicillium-verrucosum
3 4 0.9630712952676092 0.0004934210829626069 Penicillium-polonicum
3 4 0.967758977085164 0.00035231666745137925 Penicillium-mb
3 4 0.9707827608022042 0.00027587989856744526 Penicillium-commune
3 4 0.9664524855134015 0.0003888253905899122 Penicillium-solitum
3 4 0.7370826352655665 0.05873835304526103 Penicillium-chrysogenum
3 4 -0.7665866504015705 0.04437968848820199 Penicillium-cvjetkovicii
3 4 -0.6769319779898639 0.09485668569308976 Penicillium-brevicompactum
1 0 0.9362377888118278 0.0019048633484426748 Penicillium-verrucosum
1 0 0.9638437724985669 0.000468217111421517 Penicillium-polonicum
1 0 0.9679516112355877 0.000347113875018762 Penicillium-mb
1 0 0.9711770615432722 0.00026672296346701515 Penicillium-commune
1 0 0.967250538696707 0.00036627050091502916 Penicillium-solitum
1 0 0.73757379077309 0.05848130705677996 Penicillium-chrysogenum
1 0 -0.7680874163157734 0.04370790101707559 Penicillium-cvjetkovicii
1 0 -0.676713617010352 0.09500456783048765 Penicillium-brevicompactum
1 2 0.9351233711816163 0.0019879753639871424 Penicillium-verrucosum
1 2 0.9631293395685977 0.0004914999556080731 Penicillium-polonicum
1 2 0.9666986538950869 0.00038178261634779284 Penicillium-mb
1 2 0.9700520133636454 0.0002933387567433765 Penicillium-commune
1 2 0.9661841740987488 0.00039658893331309724 Penicillium-solitum
1 2 0.7370459412556734 0.05875758140463013 Penicillium-chrysogenum
1 2 -0.7681007967771617 0.043701936906488846 Penicillium-cvjetkovicii
1 2 -0.6767040004458815 0.09501108330543119 Penicillium-brevicompactum
1 2 0.9331702004264777 0.0021387048412822365 Penicillium-verrucosum
1 2 0.9624535664697932 0.0005141426980849669 Penicillium-polonicum
1 2 0.9655947768055047 0.00041396421552426826 Penicillium-mb
1 2 0.9693210552380929 0.0003114437171346517 Penicillium-commune
1 2 0.9656295130628179 0.00041292791370012326 Penicillium-solitum
1 2 0.7368260384897359 0.05887288621437198 Penicillium-chrysogenum
1 2 -0.7679200175429286 0.043782554045061595 Penicillium-cvjetkovicii
1 2 -0.676768180067195 0.09496760436963239 Penicillium-brevicompactum
1 0 0.9356125245585653 0.0019512376804820622 Penicillium-verrucosum
1 0 0.9640110496265853 0.0004628623540746486 Penicillium-polonicum
1 0 0.9680460883062422 0.00034457897389190544 Penicillium-mb
1 0 0.9712882273051068 0.00026417450931437745 Penicillium-commune
1 0 0.9670916627676218 0.0003706969444657324 Penicillium-solitum
1 0 0.7374962202908142 0.058521862838278614 Penicillium-chrysogenum
1 0 -0.7681043258165914 0.043700363972584325 Penicillium-cvjetkovicii
1 0 -0.6767136170103522 0.09500456783048765 Penicillium-brevicompactum
1 0 0.9360807289494789 0.0019164503917404603 Penicillium-verrucosum
1 0 0.9630039869604902 0.0004956543981689365 Penicillium-polonicum
1 0 0.9666077015837186 0.00038437581648305977 Penicillium-mb
1 0 0.9701440169316389 0.00029110551664030004 Penicillium-commune
1 0 0.966487158959475 0.0003878287683186774 Penicillium-solitum
1 0 0.7372745109675156 0.05863786215657563 Penicillium-chrysogenum
1 0 -0.7681160428959197 0.04369514175783536 Penicillium-cvjetkovicii
1 0 -0.6767136170103523 0.0950045678304875 Penicillium-brevicompactum
1 2 0.9360425248506041 0.0019192751413525985 Penicillium-verrucosum
1 2 0.9642704102965194 0.00045463207282480755 Penicillium-polonicum
1 2 0.9675039050054566 0.00035927673118106275 Penicillium-mb
1 2 0.9705660069713918 0.00028099211623829106 Penicillium-commune
1 2 0.9664080727068736 0.00039010417260407557 Penicillium-solitum
1 2 0.7371621242666448 0.05869671101075408 Penicillium-chrysogenum
1 2 -0.7677050933949042 0.04387850437895342 Penicillium-cvjetkovicii
1 2 -0.6768092073593612 0.09493981561836663 Penicillium-brevicompactum
3 4 0.9364598520243465 0.0018885512180676076 Penicillium-verrucosum
3 4 0.9623620171446856 0.0005172568136039089 Penicillium-polonicum
3 4 0.9663918922984409 0.000390570676619165 Penicillium-mb
3 4 0.9696598130842177 0.0003029729139512127 Penicillium-commune
3 4 0.9657136109016106 0.00041042537236399295 Penicillium-solitum
3 4 0.7368792230082581 0.05884498795597895 Penicillium-chrysogenum
3 4 -0.7681007967771623 0.04370193690648861 Penicillium-cvjetkovicii
3 4 -0.6765168189134754 0.09513795044402637 Penicillium-brevicompactum
1 2 0.9361743242723286 0.0019095404471368203 Penicillium-verrucosum
1 2 0.9633039279793024 0.00048574828399265577 Penicillium-polonicum
1 2 0.9668762708009803 0.0003767485058864362 Penicillium-mb
1 2 0.9701364597000991 0.00029128857383474476 Penicillium-commune
1 2 0.9664556527301421 0.000388734291902042 Penicillium-solitum
1 2 0.7372207548826218 0.05866600636479094 Penicillium-chrysogenum
1 2 -0.7681007967771618 0.04370193690648881 Penicillium-cvjetkovicii
1 2 -0.6766761946590774 0.09502992377630315 Penicillium-brevicompactum
1 0 0.9353262628269413 0.001972688329837186 Penicillium-verrucosum
1 0 0.964255837645245 0.0004550921829634923 Penicillium-polonicum
1 0 0.9683935506448598 0.0003353510713314903 Penicillium-mb
1 0 0.9716496877529207 0.0002559884855282579 Penicillium-commune
1 0 0.9674342142120361 0.00036119244712682394 Penicillium-solitum
1 0 0.7376241294734038 0.058454996895919965 Penicillium-chrysogenum
1 0 -0.7677380538102182 0.04386378207985345 Penicillium-cvjetkovicii
1 0 -0.676713617010352 0.09500456783048765 Penicillium-brevicompactum
1 2 0.935192419692131 0.001982765055411405 Penicillium-verrucosum
1 2 0.9641603968092135 0.00045811242150186433 Penicillium-polonicum
1 2 0.9672834766148185 0.00036535676953629645 Penicillium-mb
1 2 0.9704928392865959 0.0002827304196637696 Penicillium-commune
1 2 0.9665388840012188 0.00038634485367968066 Penicillium-solitum
1 2 0.7372310748494867 0.05866060273725463 Penicillium-chrysogenum
1 2 -0.768014217366394 0.04374053612770479 Penicillium-cvjetkovicii
1 2 -0.6767440049542732 0.09498398074288139 Penicillium-brevicompactum
3 2 0.9375550474065943 0.001809305740130804 Penicillium-verrucosum
3 2 0.9638088450058493 0.0004693398021320774 Penicillium-polonicum
3 2 0.9681327631619917 0.00034226311952642623 Penicillium-mb
3 2 0.971332334366999 0.00026316739460410885 Penicillium-commune
3 2 0.967194493494971 0.00036782837006327717 Penicillium-solitum
3 2 0.7376000965816216 0.058467557190133405 Penicillium-chrysogenum
3 2 -0.7681355279362749 0.04368645818232268 Penicillium-cvjetkovicii
3 2 -0.676713617010352 0.09500456783048765 Penicillium-brevicompactum
1 0 0.9368620080235391 0.0018592198879729307 Penicillium-verrucosum
1 0 0.964589047304295 0.0004446405530343703 Penicillium-polonicum
1 0 0.9683370023493226 0.00033684274224241967 Penicillium-mb
1 0 0.9716229025160352 0.00025658983786233484 Penicillium-commune
1 0 0.9676844887914233 0.0003543408411892222 Penicillium-solitum
1 0 0.7378671620676974 0.058328063250061964 Penicillium-chrysogenum
1 0 -0.7681601860035017 0.04367547059276955 Penicillium-cvjetkovicii
1 0 -0.6767136170103522 0.09500456783048765 Penicillium-brevicompactum
1 2 0.9368497427445653 0.001860110465362206 Penicillium-verrucosum
1 2 0.9636163781085684 0.00047555501066298754 Penicillium-polonicum
1 2 0.9676594626737895 0.0003550224577596397 Penicillium-mb
1 2 0.9708098537510025 0.00027524482445893847 Penicillium-commune
1 2 0.9667337034487813 0.00038078607879359424 Penicillium-solitum
1 2 0.7373371203358322 0.058605092018217175 Penicillium-chrysogenum
1 2 -0.7671732928428074 0.04411641792251141 Penicillium-cvjetkovicii
1 2 -0.6768779953374895 0.09489323348483059 Penicillium-brevicompactum
1 0 0.9385737071364298 0.0017373866763232004 Penicillium-verrucosum
1 0 0.9658369015335885 0.00040677287260162227 Penicillium-polonicum
1 0 0.969714334390982 0.0003016225438973353 Penicillium-mb
1 0 0.9731583473513363 0.00022346179420942053 Penicillium-commune
1 0 0.9695753980912458 0.0003050707638504149 Penicillium-solitum
1 0 0.7388042065659618 0.057840055960504594 Penicillium-chrysogenum
1 0 -0.7661713119070789 0.04456660374509336 Penicillium-cvjetkovicii
1 0 -0.6767136170103523 0.0950045678304875 Penicillium-brevicompactum
1 2 0.9339312647412702 0.00207920164665062 Penicillium-verrucosum
1 2 0.9622193471949129 0.0005221320935877477 Penicillium-polonicum
1 2 0.9652354585882922 0.0004247745789310894 Penicillium-mb
1 2 0.9689224413149664 0.00032158963347500574 Penicillium-commune
1 2 0.9653708628659518 0.00042068140098806605 Penicillium-solitum
1 2 0.7367756271071273 0.05889933643252362 Penicillium-chrysogenum
1 2 -0.7681007967771616 0.043701936906488895 Penicillium-cvjetkovicii
1 2 -0.6765277016105903 0.09513057197967245 Penicillium-brevicompactum
1 2 0.9351250242856046 0.001987850528975381 Penicillium-verrucosum
1 2 0.9627969864263478 0.0005025603006068898 Penicillium-polonicum
1 2 0.9662957107499165 0.00039335056584361393 Penicillium-mb
1 2 0.9696717541820162 0.0003026768530249845 Penicillium-commune
1 2 0.965899026324937 0.0004049397620779388 Penicillium-solitum
1 2 0.7369463389938065 0.058809792105107235 Penicillium-chrysogenum
1 2 -0.7681007967771624 0.04370193690648857 Penicillium-cvjetkovicii
1 2 -0.6765686711738688 0.09510279732704971 Penicillium-brevicompactum
1 2 0.9364407287958889 0.0018899527079097888 Penicillium-verrucosum
1 2 0.9632348452896556 0.0004880193525723223 Penicillium-polonicum
1 2 0.9662827660738132 0.0003937255941035673 Penicillium-mb
1 2 0.9704908848058247 0.0002827769412949074 Penicillium-commune
1 2 0.9674096574269493 0.00036186892648202646 Penicillium-solitum
1 2 0.7380786264684632 0.05821773926259699 Penicillium-chrysogenum
1 2 -0.7622108746863171 0.04637066616538394 Penicillium-cvjetkovicii
1 2 -0.6771521699729641 0.09470768605411618 Penicillium-brevicompactum
1 2 0.9370571540168131 0.0018450841634637097 Penicillium-verrucosum
1 2 0.9653797685919273 0.00042041301170963214 Penicillium-polonicum
1 2 0.9685965141045663 0.0003300295321633156 Penicillium-mb
1 2 0.9719323964383016 0.00024969253726219386 Penicillium-commune
1 2 0.9680584171961071 0.0003442489935050186 Penicillium-solitum
1 2 0.7381569489716842 0.05817690608079303 Penicillium-chrysogenum
1 2 -0.7622226926001577 0.04636522426646979 Penicillium-cvjetkovicii
1 2 -0.6771517569751748 0.09470796540653031 Penicillium-brevicompactum
1 2 0.9346893049048969 0.0020209138293348027 Penicillium-verrucosum
1 2 0.9646509510161527 0.000442714713124205 Penicillium-polonicum
1 2 0.9683923887003355 0.0003353816823300184 Penicillium-mb
1 2 0.971428524401251 0.0002609789809973842 Penicillium-commune
1 2 0.9669761592139946 0.00037393484320144484 Penicillium-solitum
1 2 0.7374664897845524 0.058537410734028884 Penicillium-chrysogenum
1 2 -0.761167078507436 0.0468526968272709 Penicillium-cvjetkovicii
1 2 -0.6771866577255132 0.09468436000630354 Penicillium-brevicompactum
1 2 0.9340738652661755 0.0020681622285001963 Penicillium-verrucosum
1 2 0.963337614224109 0.0004846431405446967 Penicillium-polonicum
1 2 0.9668125141890925 0.00037855096166282724 Penicillium-mb
1 2 0.9698855238441135 0.00029740585679505633 Penicillium-commune
1 2 0.9656310856266093 0.00041288103522153937 Penicillium-solitum
1 2 0.7366870811317802 0.058945811000186886 Penicillium-chrysogenum
1 2 -0.7681007967771625 0.04370193690648853 Penicillium-cvjetkovicii
1 2 -0.6766639677743778 0.095038209013265 Penicillium-brevicompactum
1 2 0.9370837295960385 0.0018431640285631271 Penicillium-verrucosum
1 2 0.9639805649381609 0.0004638354845544066 Penicillium-polonicum
1 2 0.9681187950306536 0.0003426357049065725 Penicillium-mb
1 2 0.9712160833627347 0.00026582673743850104 Penicillium-commune
1 2 0.9671226265512962 0.0003698317827824262 Penicillium-solitum
1 2 0.7375545205218944 0.05849138059950368 Penicillium-chrysogenum
1 2 -0.7673875019389544 0.044020501183094446 Penicillium-cvjetkovicii
1 2 -0.6768536628847437 0.0949097096655034 Penicillium-brevicompactum
1 2 0.9365706223440556 0.0018804451932790613 Penicillium-verrucosum
1 2 0.963223581335778 0.0004883902472606659 Penicillium-polonicum
1 2 0.967097301198444 0.0003705393111392672 Penicillium-mb
1 2 0.9703144150204256 0.0002869961535168314 Penicillium-commune
1 2 0.9663731085367477 0.0003911126544743642 Penicillium-solitum
1 2 0.7371898065390805 0.05868221281602477 Penicillium-chrysogenum
1 2 -0.7681007967771624 0.04370193690648857 Penicillium-cvjetkovicii
1 2 -0.6765941093500767 0.0950855540702021 Penicillium-brevicompactum
1 2 0.9352451698947059 0.00197879001416609 Penicillium-verrucosum
1 2 0.9629565172039285 0.0004972330630984888 Penicillium-polonicum
1 2 0.9668970517814212 0.00037616211345872054 Penicillium-mb
1 2 0.970288637472916 0.0002876155813236952 Penicillium-commune
1 2 0.9663328972269087 0.00039227439405931336 Penicillium-solitum
1 2 0.7371336434071727 0.0587116294829871 Penicillium-chrysogenum
1 2 -0.7674545233432777 0.043990514521893495 Penicillium-cvjetkovicii
1 2 -0.6768452786146291 0.09491538723607558 Penicillium-brevicompactum
3 4 0.9378400552909038 0.0017890105736311696 Penicillium-verrucosum
3 4 0.9618449112723765 0.0005350565136869943 Penicillium-polonicum
3 4 0.9666791490102723 0.00038233785434972075 Penicillium-mb
3 4 0.9698744205638898 0.0002976782792216913 Penicillium-commune
3 4 0.965482225718927 0.00041733260460947264 Penicillium-solitum
3 4 0.7370556690125071 0.05875248354221182 Penicillium-chrysogenum
3 4 -0.7681007967771617 0.043701936906488846 Penicillium-cvjetkovicii
3 4 -0.6766885494154171 0.09502155227569105 Penicillium-brevicompactum
1 2 0.9365968671951758 0.0018785276362741484 Penicillium-verrucosum
1 2 0.9660684197836745 0.00039996644856638187 Penicillium-polonicum
1 2 0.9685369809146759 0.0003315852013567244 Penicillium-mb
1 2 0.9715997229662298 0.0002571109171108271 Penicillium-commune
1 2 0.9675390068648756 0.0003583141152682716 Penicillium-solitum
1 2 0.7378191938934351 0.058353104711142696 Penicillium-chrysogenum
1 2 -0.766088364904281 0.04460398429783584 Penicillium-cvjetkovicii
1 2 -0.6769689666846562 0.09483164756355875 Penicillium-brevicompactum
1 2 0.9363702913190278 0.0018951201587846362 Penicillium-verrucosum
1 2 0.9627366005624444 0.0005045855703856029 Penicillium-polonicum
1 2 0.9666072473868003 0.0003843887925616258 Penicillium-mb
1 2 0.9698719154034809 0.0002977397646199838 Penicillium-commune
1 2 0.9660690514449195 0.0003999479715774978 Penicillium-solitum
1 2 0.7370312741938424 0.05876526817966013 Penicillium-chrysogenum
1 2 -0.7681007967771623 0.04370193690648861 Penicillium-cvjetkovicii
1 2 -0.6765590876577304 0.09510929393516988 Penicillium-brevicompactum
1 0 0.9359525584662344 0.0019259367839624608 Penicillium-verrucosum
1 0 0.9633555566087236 0.00048405511507692054 Penicillium-polonicum
1 0 0.9669208618627695 0.0003754909136637006 Penicillium-mb
1 0 0.9702460555931026 0.0002886405532111162 Penicillium-commune
1 0 0.9665489075596915 0.0003860576835235176 Penicillium-solitum
1 0 0.7372423505392871 0.05865469899345246 Penicillium-chrysogenum
1 0 -0.7681622374050342 0.04367455656062943 Penicillium-cvjetkovicii
1 0 -0.6767136170103523 0.0950045678304875 Penicillium-brevicompactum
1 2 0.9349834480988265 0.001998558447890854 Penicillium-verrucosum
1 2 0.9629780880696345 0.0004965153282192996 Penicillium-polonicum
1 2 0.9659497137591951 0.0004034477743875243 Penicillium-mb
1 2 0.9693470180363347 0.0003107895866913058 Penicillium-commune
1 2 0.9656235321328199 0.0004131062354368029 Penicillium-solitum
1 2 0.7368299150614567 0.05887085249293429 Penicillium-chrysogenum
1 2 -0.7681007967771626 0.043701936906488464 Penicillium-cvjetkovicii
1 2 -0.6765649590705968 0.0951053137119458 Penicillium-brevicompactum
1 0 0.9354541542935956 0.001963087897662816 Penicillium-verrucosum
1 0 0.9636926048766611 0.0004730876641148586 Penicillium-polonicum
1 0 0.9674126493496776 0.0003617864660877275 Penicillium-mb
1 0 0.9708136861114035 0.0002751550620370897 Penicillium-commune
1 0 0.9668438235104135 0.00037766518074862127 Penicillium-solitum
1 0 0.7373996420837003 0.058572377663978194 Penicillium-chrysogenum
1 0 -0.7681495451103287 0.043680211968455666 Penicillium-cvjetkovicii
1 0 -0.676713617010352 0.09500456783048765 Penicillium-brevicompactum
1 0 0.9355239634584822 0.0019578591527130654 Penicillium-verrucosum
1 0 0.9645871790062311 0.0004446987534235456 Penicillium-polonicum
1 0 0.967707727115486 0.0003537086142741579 Penicillium-mb
1 0 0.970889115306668 0.0002733918856219855 Penicillium-commune
1 0 0.9668901409446748 0.0003763570614648691 Penicillium-solitum
1 0 0.7373998716419494 0.0585722575664472 Penicillium-chrysogenum
1 0 -0.7681751530743065 0.043668802036227826 Penicillium-cvjetkovicii
1 0 -0.676713617010352 0.09500456783048765 Penicillium-brevicompactum
1 2 0.9350409332722034 0.001994206555844057 Penicillium-verrucosum
1 2 0.9636696553864298 0.0004738297033048397 Penicillium-polonicum
1 2 0.9668553834197848 0.00037733844766891817 Penicillium-mb
1 2 0.9700858688630803 0.00029251578797451385 Penicillium-commune
1 2 0.9660923035122938 0.0003992681683999448 Penicillium-solitum
1 2 0.7370117513780771 0.05877550062518036 Penicillium-chrysogenum
1 2 -0.7681007967771623 0.04370193690648861 Penicillium-cvjetkovicii
1 2 -0.6766626424501022 0.09503910710828786 Penicillium-brevicompactum
3 4 0.9367944062105406 0.0018641315521728604 Penicillium-verrucosum
3 4 0.9631406864289781 0.0004911249213434723 Penicillium-polonicum
3 4 0.9670893315507153 0.00037076212982029857 Penicillium-mb
3 4 0.9703069981546858 0.0002871742974932229 Penicillium-commune
3 4 0.96636082789604 0.00039146723572228 Penicillium-solitum
3 4 0.7371558385942945 0.05870000331267694 Penicillium-chrysogenum
3 4 -0.7681007967771616 0.043701936906488895 Penicillium-cvjetkovicii
3 4 -0.6766338818349604 0.09505859759882893 Penicillium-brevicompactum
3 4 0.9367970493618416 0.0018639393686016629 Penicillium-verrucosum
3 4 0.9635264373869294 0.000478476060246222 Penicillium-polonicum
3 4 0.9681315995451786 0.00034229414859523674 Penicillium-mb
3 4 0.971272234946361 0.0002645402348994191 Penicillium-commune
3 4 0.9669812379916675 0.0003737921186061821 Penicillium-solitum
3 4 0.7374432509215453 0.058549565314679516 Penicillium-chrysogenum
3 4 -0.7628381174641267 0.04608231911451069 Penicillium-cvjetkovicii
3 4 -0.6771294446721827 0.0947230581299802 Penicillium-brevicompactum
3 2 0.9361398620737793 0.0019120830100326485 Penicillium-verrucosum
3 2 0.9627299085560825 0.0005048103098400149 Penicillium-polonicum
3 2 0.9672903536443489 0.0003651661648603408 Penicillium-mb
3 2 0.9702727271568228 0.0002879982986000456 Penicillium-commune
3 2 0.9657979464617017 0.00040792482579618723 Penicillium-solitum
3 2 0.7368306960056829 0.058870442799720216 Penicillium-chrysogenum
3 2 -0.7681754984168735 0.043668648175974115 Penicillium-cvjetkovicii
3 2 -0.676713617010352 0.09500456783048765 Penicillium-brevicompactum
1 2 0.935611490158666 0.001951314943579495 Penicillium-verrucosum
1 2 0.9635023990518974 0.00047925856376619745 Penicillium-polonicum
1 2 0.9668802812558537 0.0003766352976265141 Penicillium-mb
1 2 0.9704587981979249 0.0002835413354806508 Penicillium-commune
1 2 0.9667438963212139 0.00038049656294248286 Penicillium-solitum
1 2 0.7374558384940634 0.058542981489252875 Penicillium-chrysogenum
1 2 -0.7679309682431266 0.04377766833335267 Penicillium-cvjetkovicii
1 2 -0.6767656498850982 0.09496931826138422 Penicillium-brevicompactum
1 0 0.9347092205732251 0.0020193955871041147 Penicillium-verrucosum
1 0 0.9633674364138319 0.00048366601155044506 Penicillium-polonicum
1 0 0.9668491345149891 0.0003775150479042649 Penicillium-mb
1 0 0.9701533744712443 0.0002908789458048817 Penicillium-commune
1 0 0.9661907407119473 0.0003963978404720514 Penicillium-solitum
1 0 0.7370286232086235 0.05876665757730252 Penicillium-chrysogenum
1 0 -0.7681226228532466 0.04369220927078276 Penicillium-cvjetkovicii
1 0 -0.676713617010352 0.09500456783048765 Penicillium-brevicompactum
1 2 0.9332431786266353 0.0021329562834659457 Penicillium-verrucosum
1 2 0.9618419477612467 0.0005351595537070263 Penicillium-polonicum
1 2 0.9665313521194493 0.0003865607219717066 Penicillium-mb
1 2 0.9695068638712068 0.0003067802856154493 Penicillium-commune
1 2 0.9649287434268297 0.00043413355295494774 Penicillium-solitum
1 2 0.7362286715214866 0.059186731643545154 Penicillium-chrysogenum
1 2 -0.7681007967771624 0.04370193690648857 Penicillium-cvjetkovicii
1 2 -0.676629531538633 0.09506154588991822 Penicillium-brevicompactum
1 0 0.9339602643432038 0.0020769538431922923 Penicillium-verrucosum
1 0 0.9618355093398631 0.0005353834554437212 Penicillium-polonicum
1 0 0.9664239776790557 0.00038964593257669744 Penicillium-mb
1 0 0.9695762780481274 0.00030504885108220215 Penicillium-commune
1 0 0.9651614173266412 0.00042702275562889685 Penicillium-solitum
1 0 0.7364011545084972 0.059096019335686256 Penicillium-chrysogenum
1 0 -0.7681366231940683 0.04368597010513609 Penicillium-cvjetkovicii
1 0 -0.676713617010352 0.09500456783048765 Penicillium-brevicompactum
1 0 0.9354833025663148 0.00196090367829308 Penicillium-verrucosum
1 0 0.9634021903066782 0.0004825287709830569 Penicillium-polonicum
1 0 0.9667254563746783 0.0003810204224242838 Penicillium-mb
1 0 0.9704808640361116 0.0002830155327075564 Penicillium-commune
1 0 0.9669104211687846 0.00037578514633942556 Penicillium-solitum
1 0 0.7375482922516186 0.058494636635323706 Penicillium-chrysogenum
1 0 -0.7681644723741079 0.043673560749268085 Penicillium-cvjetkovicii
1 0 -0.6767136170103522 0.09500456783048765 Penicillium-brevicompactum
1 2 0.9362809606515522 0.0019016856023334953 Penicillium-verrucosum
1 2 0.9636565286022327 0.00047425444962263894 Penicillium-polonicum
1 2 0.9675035238453097 0.00035928719235122036 Penicillium-mb
1 2 0.9706697814117138 0.0002785375914642061 Penicillium-commune
1 2 0.9666396912526937 0.0003834625492631436 Penicillium-solitum
1 2 0.7372806527203049 0.05863464708452976 Penicillium-chrysogenum
1 2 -0.7679383238431271 0.04377438676291336 Penicillium-cvjetkovicii
1 2 -0.6767639158062888 0.09497049289901606 Penicillium-brevicompactum
1 2 0.9348254377145387 0.0020105493222745377 Penicillium-verrucosum
1 2 0.9623114850068569 0.0005189804812349557 Penicillium-polonicum
1 2 0.9655167529215478 0.0004162975626661757 Penicillium-mb
1 2 0.9695758955236043 0.00030505837662849513 Penicillium-commune
1 2 0.9663070024641159 0.0003930235999304625 Penicillium-solitum
1 2 0.7373486230829813 0.058599072489077655 Penicillium-chrysogenum
1 2 -0.7678594882731253 0.04380956491234013 Penicillium-cvjetkovicii
1 2 -0.6767812065774832 0.09495878074463261 Penicillium-brevicompactum
1 2 0.9340241319672546 0.0020720084069436083 Penicillium-verrucosum
1 2 0.9613467340744066 0.0005525435700024342 Penicillium-polonicum
1 2 0.9651778490948324 0.00042652321559814523 Penicillium-mb
1 2 0.9682045634990571 0.00034035172127726374 Penicillium-commune
1 2 0.9640360280089215 0.0004620658997670598 Penicillium-solitum
1 2 0.7359030977078557 0.0593581632610392 Penicillium-chrysogenum
1 2 -0.7681007967771618 0.04370193690648881 Penicillium-cvjetkovicii
1 2 -0.6762104460603473 0.09534579442762812 Penicillium-brevicompactum
3 2 0.9372670176124915 0.001829953162158272 Penicillium-verrucosum
3 2 0.9639698270894337 0.0004641785465229025 Penicillium-polonicum
3 2 0.9674905414092808 0.00035964361122646683 Penicillium-mb
3 2 0.97067251460868 0.00027847311761212474 Penicillium-commune
3 2 0.9667559306534809 0.0003801549111260567 Penicillium-solitum
3 2 0.7373349563220387 0.05860622451077853 Penicillium-chrysogenum
3 2 -0.7681762235385782 0.04366832511393547 Penicillium-cvjetkovicii
3 2 -0.676713617010352 0.09500456783048765 Penicillium-brevicompactum
1 0 0.9359825342470618 0.0019237156912506178 Penicillium-verrucosum
1 0 0.9641382394631534 0.00045881529065144134 Penicillium-polonicum
1 0 0.96724956271755 0.0003662975962605686 Penicillium-mb
1 0 0.9707947541434562 0.0002755986604330909 Penicillium-commune
1 0 0.9671360108982698 0.00036945818140488707 Penicillium-solitum
1 0 0.737622519532089 0.058455838252691635 Penicillium-chrysogenum
1 0 -0.7681616516298727 0.04367481756029736 Penicillium-cvjetkovicii
1 0 -0.6767136170103523 0.0950045678304875 Penicillium-brevicompactum
1 2 0.9368678154273427 0.0018587983020846158 Penicillium-verrucosum
1 2 0.96266670734942 0.0005069357426502319 Penicillium-polonicum
1 2 0.9663464237344983 0.000391883373057174 Penicillium-mb
1 2 0.9697163057982988 0.00030157378376280446 Penicillium-commune
1 2 0.9660638619418579 0.00040009978694474776 Penicillium-solitum
1 2 0.7370563523173042 0.058752125463147634 Penicillium-chrysogenum
1 2 -0.7681007967771616 0.043701936906488895 Penicillium-cvjetkovicii
1 2 -0.6765755260206952 0.09509815061045135 Penicillium-brevicompactum
1 2 0.9345759930680395 0.002029564768643068 Penicillium-verrucosum
1 2 0.9627778478887654 0.000503201661133585 Penicillium-polonicum
1 2 0.9674088573526052 0.00036189097922673086 Penicillium-mb
1 2 0.9704785206123615 0.0002830713461676469 Penicillium-commune
1 2 0.9660123102810534 0.0004016097546864508 Penicillium-solitum
1 2 0.7368751467781436 0.058847125913019965 Penicillium-chrysogenum
1 2 -0.7669358366087125 0.04422287846664049 Penicillium-cvjetkovicii
1 2 -0.6769016458560935 0.09487722050057 Penicillium-brevicompactum
1 0 0.9360196082040435 0.0019209707361339758 Penicillium-verrucosum
1 0 0.9642165924811741 0.00045633266592009657 Penicillium-polonicum
1 0 0.9680046343089743 0.0003456898606628761 Penicillium-mb
1 0 0.9711643057908109 0.0002670163179996181 Penicillium-commune
1 0 0.9671310818973787 0.0003695957400173218 Penicillium-solitum
1 0 0.7375150098772266 0.05851203777338044 Penicillium-chrysogenum
1 0 -0.7681567142903694 0.043677017489657965 Penicillium-cvjetkovicii
1 0 -0.676713617010352 0.09500456783048765 Penicillium-brevicompactum
1 2 0.9345803810410711 0.002029229358572899 Penicillium-verrucosum
1 2 0.9619940618810748 0.0005298858054453243 Penicillium-polonicum
1 2 0.964877112161661 0.00043572092830504146 Penicillium-mb
1 2 0.9683961040267773 0.000335283809264783 Penicillium-commune
1 2 0.9649022065971807 0.0004349489837517918 Penicillium-solitum
1 2 0.7365893836640016 0.05899711193656565 Penicillium-chrysogenum
1 2 -0.7681007967771618 0.04370193690648881 Penicillium-cvjetkovicii
1 2 -0.6762142075438186 0.09534324118536544 Penicillium-brevicompactum
1 0 0.9360641591306925 0.0019176752368485464 Penicillium-verrucosum
1 0 0.963684416795144 0.00047335233489794343 Penicillium-polonicum
1 0 0.9673335102598422 0.00036397137927618326 Penicillium-mb
1 0 0.9708961332420663 0.0002732281823928144 Penicillium-commune
1 0 0.9671052131678709 0.00037031818377789965 Penicillium-solitum
1 0 0.7376006873877465 0.05846724839995674 Penicillium-chrysogenum
1 0 -0.7681229767421309 0.043692051556332955 Penicillium-cvjetkovicii
1 0 -0.6767136170103523 0.0950045678304875 Penicillium-brevicompactum
1 0 0.9353768689770318 0.0019688861821838765 Penicillium-verrucosum
1 0 0.9632255601417259 0.0004883250778700964 Penicillium-polonicum
1 0 0.9676689332985114 0.00035476442228593873 Penicillium-mb
1 0 0.970610144414196 0.0002799465898801531 Penicillium-commune
1 0 0.9661122896213652 0.00039868439850846414 Penicillium-solitum
1 0 0.7368987495344753 0.058834747000506206 Penicillium-chrysogenum
1 0 -0.7681760713781713 0.043668392905551315 Penicillium-cvjetkovicii
1 0 -0.676713617010352 0.09500456783048765 Penicillium-brevicompactum
1 0 0.9349206870795626 0.0020033161189870704 Penicillium-verrucosum
1 0 0.9643471869339926 0.00045221252399007595 Penicillium-polonicum
1 0 0.9691566345542367 0.00031560528716424664 Penicillium-mb
1 0 0.9722190634016271 0.0002434034743752648 Penicillium-commune
1 0 0.9675120939155715 0.00035905202532124364 Penicillium-solitum
1 0 0.7376210319285572 0.05845661568147266 Penicillium-chrysogenum
1 0 -0.7671177044129073 0.04414132763316273 Penicillium-cvjetkovicii
1 0 -0.676713617010352 0.09500456783048765 Penicillium-brevicompactum
1 2 0.9329646978337328 0.0021549413570697926 Penicillium-verrucosum
1 2 0.9617599477977974 0.0005380153278732175 Penicillium-polonicum
1 2 0.9665197684246594 0.0003868928574978609 Penicillium-mb
1 2 0.9695670169495535 0.0003052795187353632 Penicillium-commune
1 2 0.9650120411462544 0.0004315798583317933 Penicillium-solitum
1 2 0.7362412656599918 0.05918010557542288 Penicillium-chrysogenum
1 2 -0.7680436756176844 0.043727400810447396 Penicillium-cvjetkovicii
1 2 -0.676734936744573 0.09499012398752708 Penicillium-brevicompactum
1 2 0.9360986227406914 0.001915128195384677 Penicillium-verrucosum
1 2 0.9633211397425622 0.0004851834316202261 Penicillium-polonicum
1 2 0.967130303671097 0.0003696174615465273 Penicillium-mb
1 2 0.9702309509556856 0.00028900465223832047 Penicillium-commune
1 2 0.9663216951309348 0.0003925983969190377 Penicillium-solitum
1 2 0.7371038111211247 0.058727258048457305 Penicillium-chrysogenum
1 2 -0.7681007967771623 0.04370193690648861 Penicillium-cvjetkovicii
1 2 -0.6766771463680917 0.09502927889084492 Penicillium-brevicompactum
1 0 0.9352033934780406 0.0019819377288438147 Penicillium-verrucosum
1 0 0.9641064778823532 0.0004598239385991925 Penicillium-polonicum
1 0 0.9673503963451193 0.00036350452329711306 Penicillium-mb
1 0 0.9705558040677433 0.0002812341322539758 Penicillium-commune
1 0 0.966538871732398 0.0003863452052532621 Penicillium-solitum
1 0 0.7372270307290878 0.05866272024290238 Penicillium-chrysogenum
1 0 -0.7681272381191678 0.04369015245170585 Penicillium-cvjetkovicii
1 0 -0.676713617010352 0.09500456783048765 Penicillium-brevicompactum
1 0 0.93131928069172 0.0022875559831045636 Penicillium-verrucosum
1 0 0.9616157068947996 0.0005430606334523425 Penicillium-polonicum
1 0 0.965866062230755 0.0004059118181499336 Penicillium-mb
1 0 0.9690752941549999 0.00031767620680759907 Penicillium-commune
1 0 0.964612229271594 0.0004439187749064407 Penicillium-solitum
1 0 0.7359973364042931 0.05930851400474853 Penicillium-chrysogenum
1 0 -0.7681547068008859 0.04367791198380049 Penicillium-cvjetkovicii
1 0 -0.676713617010352 0.09500456783048765 Penicillium-brevicompactum
1 2 0.9366161707811642 0.0018771179715401235 Penicillium-verrucosum
1 2 0.9643167942482477 0.00045316940643415685 Penicillium-polonicum
1 2 0.9679223952017592 0.0003479000026820478 Penicillium-mb
1 2 0.9712001544696443 0.00026619236441843456 Penicillium-commune
1 2 0.9672551688991577 0.0003661419724561671 Penicillium-solitum
1 2 0.7376721804001414 0.05842988846503101 Penicillium-chrysogenum
1 2 -0.7670452847941944 0.044173791178680505 Penicillium-cvjetkovicii
1 2 -0.6768911092030584 0.09488435434468327 Penicillium-brevicompactum
1 2 0.935984424102325 0.0019235757106117889 Penicillium-verrucosum
1 2 0.9639490093600559 0.00046484407810844865 Penicillium-polonicum
1 2 0.9671350301275761 0.00036948555033960355 Penicillium-mb
1 2 0.9702569821773853 0.00028837733679091317 Penicillium-commune
1 2 0.9663148493493099 0.00039279647853093395 Penicillium-solitum
1 2 0.7371160736772986 0.058720833655956754 Penicillium-chrysogenum
1 2 -0.7681007967771616 0.043701936906488895 Penicillium-cvjetkovicii
1 2 -0.6766641246216747 0.09503810272728776 Penicillium-brevicompactum
1 2 0.9360120394152639 0.0019215309417638853 Penicillium-verrucosum
1 2 0.9637665483682617 0.0004707014999515977 Penicillium-polonicum
1 2 0.9673943007295751 0.00036229234825958844 Penicillium-mb
1 2 0.9706514151490396 0.0002789710666902613 Penicillium-commune
1 2 0.9667345401954879 0.0003807623071158062 Penicillium-solitum
1 2 0.737352232213127 0.05859718385603533 Penicillium-chrysogenum
1 2 -0.768085159419524 0.043708907033972996 Penicillium-cvjetkovicii
1 2 -0.6767201151739924 0.0950001652868467 Penicillium-brevicompactum
1 0 0.9364976278126959 0.0018857845302830399 Penicillium-verrucosum
1 0 0.9646477418734224 0.00044281442838553807 Penicillium-polonicum
1 0 0.9680152981172144 0.00034540388822891705 Penicillium-mb
1 0 0.9713230252423201 0.00026337976314851275 Penicillium-commune
1 0 0.9674339868321465 0.0003611987074364779 Penicillium-solitum
1 0 0.7377621815667343 0.05838287520136316 Penicillium-chrysogenum
1 0 -0.7681673721169171 0.04367226876040263 Penicillium-cvjetkovicii
1 0 -0.676713617010352 0.09500456783048765 Penicillium-brevicompactum
1 0 0.9352158322006 0.00198100020457557 Penicillium-verrucosum
1 0 0.9639661817096763 0.0004642950464675828 Penicillium-polonicum
1 0 0.9679729652158825 0.0003465399633022695 Penicillium-mb
1 0 0.9711959350377067 0.0002662892660719162 Penicillium-commune
1 0 0.9669878557559585 0.000373606193745127 Penicillium-solitum
1 0 0.7374238399634806 0.0585597188431296 Penicillium-chrysogenum
1 0 -0.768121765029691 0.043692591570529384 Penicillium-cvjetkovicii
1 0 -0.6767136170103523 0.0950045678304875 Penicillium-brevicompactum
1 2 0.9361576815563948 0.001910768070092334 Penicillium-verrucosum
1 2 0.964314001229769 0.00045325740199964244 Penicillium-polonicum
1 2 0.9678456939862803 0.00034996886551424673 Penicillium-mb
1 2 0.9712438547268495 0.0002651899968815854 Penicillium-commune
1 2 0.9674196533786925 0.00036159347168648615 Penicillium-solitum
1 2 0.7377741950045168 0.058376601382350346 Penicillium-chrysogenum
1 2 -0.7646148474857123 0.04527090999482062 Penicillium-cvjetkovicii
1 2 -0.6770535638235997 0.09477439570845973 Penicillium-brevicompactum
1 0 0.9362834927040741 0.001901499322672202 Penicillium-verrucosum
1 0 0.9648519668787118 0.0004364952524207795 Penicillium-polonicum
1 0 0.9687391973265663 0.00032631874650271205 Penicillium-mb
1 0 0.9719106040478099 0.00025017453945913874 Penicillium-commune
1 0 0.9678697578218496 0.00034931900648405164 Penicillium-solitum
1 0 0.7378712968595277 0.05832590498315596 Penicillium-chrysogenum
1 0 -0.767638980084137 0.04390804315708266 Penicillium-cvjetkovicii
1 0 -0.676713617010352 0.09500456783048765 Penicillium-brevicompactum
3 4 0.9338060008527309 0.002088927472509943 Penicillium-verrucosum
3 4 0.9601740351436083 0.0005950319286145324 Penicillium-polonicum
3 4 0.9648106807115586 0.0004377683901248817 Penicillium-mb
3 4 0.9679420362062513 0.0003473713977775531 Penicillium-commune
3 4 0.9637458731904375 0.0004713679688144936 Penicillium-solitum
3 4 0.735635210054821 0.059499421821730944 Penicillium-chrysogenum
3 4 -0.7681007967771627 0.0437019369064884 Penicillium-cvjetkovicii
3 4 -0.6762913399589612 0.09529089269839339 Penicillium-brevicompactum
1 2 0.9353881080648824 0.0019680423511855426 Penicillium-verrucosum
1 2 0.9626030723977939 0.0005090811179733354 Penicillium-polonicum
1 2 0.9659854400023212 0.00040239813516034363 Penicillium-mb
1 2 0.9697934171627015 0.00029967021328287284 Penicillium-commune
1 2 0.9663481189338985 0.0003918343849791413 Penicillium-solitum
1 2 0.7372799319549312 0.05863502438434068 Penicillium-chrysogenum
1 2 -0.7675321464334791 0.04395579853054609 Penicillium-cvjetkovicii
1 2 -0.6768349915805421 0.0949223535437461 Penicillium-brevicompactum
1 2 0.9358396285336869 0.0019343180141272265 Penicillium-verrucosum
1 2 0.9635527759854573 0.00047761954904532763 Penicillium-polonicum
1 2 0.967028012553118 0.0003724791743932012 Penicillium-mb
1 2 0.9702342208679631 0.0002889258074725901 Penicillium-commune
1 2 0.9666031608013907 0.00038450555506617737 Penicillium-solitum
1 2 0.7373021358347674 0.05862340190095869 Penicillium-chrysogenum
1 2 -0.7679353872045591 0.043775696875854996 Penicillium-cvjetkovicii
1 2 -0.6767646115525625 0.09497002161054852 Penicillium-brevicompactum
1 2 0.9362889270875734 0.0019010995587222324 Penicillium-verrucosum
1 2 0.9636402750254449 0.0004747806833283141 Penicillium-polonicum
1 2 0.9667636701994005 0.000379935283607098 Penicillium-mb
1 2 0.9702982661872644 0.0002873841128667485 Penicillium-commune
1 2 0.9667027705571919 0.0003816654901873856 Penicillium-solitum
1 2 0.7374335938894035 0.05855461661772371 Penicillium-chrysogenum
1 2 -0.7678425436815253 0.04381712799132334 Penicillium-cvjetkovicii
1 2 -0.6767846038964375 0.09495647961058991 Penicillium-brevicompactum
1 2 0.9350464866882577 0.0019937864322671014 Penicillium-verrucosum
1 2 0.9620532377768014 0.0005278425629302973 Penicillium-polonicum
1 2 0.965896634061336 0.0004050102593515526 Penicillium-mb
1 2 0.9693020089374162 0.0003119241071178336 Penicillium-commune
1 2 0.9655530330784151 0.0004152116157194016 Penicillium-solitum
1 2 0.7367755442551145 0.058899379909239276 Penicillium-chrysogenum
1 2 -0.7681007967771616 0.043701936906488895 Penicillium-cvjetkovicii
1 2 -0.6764770639416756 0.09516490685318682 Penicillium-brevicompactum
1 2 0.9361513147247614 0.0019112378318865114 Penicillium-verrucosum
1 2 0.9630246555409736 0.0004949679699940636 Penicillium-polonicum
1 2 0.9671615828212486 0.0003687450082497514 Penicillium-mb
1 2 0.9703962044831255 0.0002850360297140714 Penicillium-commune
1 2 0.9663683559463156 0.00039124985426976976 Penicillium-solitum
1 2 0.7371249624394746 0.058716177043429796 Penicillium-chrysogenum
1 2 -0.7680761962840514 0.04371290249898959 Penicillium-cvjetkovicii
1 2 -0.6767235781590059 0.09499781913813451 Penicillium-brevicompactum
1 2 0.9354046013522248 0.0019668044200241365 Penicillium-verrucosum
1 2 0.9628324893018841 0.0005013718322240582 Penicillium-polonicum
1 2 0.9662841624220231 0.0003936851294154447 Penicillium-mb
1 2 0.9694988379161424 0.0003069808571814394 Penicillium-commune
1 2 0.9656317583474335 0.00041286098222857205 Penicillium-solitum
1 2 0.7368220917803663 0.05887495677048913 Penicillium-chrysogenum
1 2 -0.7681007967771625 0.04370193690648853 Penicillium-cvjetkovicii
1 2 -0.6764350370792513 0.09519340810966619 Penicillium-brevicompactum
1 2 0.935796396916013 0.0019375321695745055 Penicillium-verrucosum
1 2 0.9631739670824275 0.0004900259153286812 Penicillium-polonicum
1 2 0.9670016782172122 0.0003732180315366506 Penicillium-mb
1 2 0.9701220540257716 0.00029163770898267636 Penicillium-commune
1 2 0.966076799328107 0.00039972137623708957 Penicillium-solitum
1 2 0.736966005983835 0.05879948083374887 Penicillium-chrysogenum
1 2 -0.7681007967771616 0.043701936906488895 Penicillium-cvjetkovicii
1 2 -0.6766453196643577 0.09505084616047155 Penicillium-brevicompactum
1 2 0.9349657050112149 0.0019999028083533027 Penicillium-verrucosum
1 2 0.9629179579672886 0.0004985175911564504 Penicillium-polonicum
1 2 0.966240087298757 0.00039496357168689603 Penicillium-mb
1 2 0.9694734988653908 0.0003076146009844383 Penicillium-commune
1 2 0.9656261138967525 0.0004130292544026562 Penicillium-solitum
1 2 0.7368501705877213 0.05886022668817458 Penicillium-chrysogenum
1 2 -0.7681007967771615 0.043701936906488964 Penicillium-cvjetkovicii
1 2 -0.6763665211954871 0.09523988297082613 Penicillium-brevicompactum
1 2 0.935960637449348 0.0019253380132195038 Penicillium-verrucosum
1 2 0.9627618351076659 0.0005037386459629577 Penicillium-polonicum
1 2 0.966324022220332 0.00039253107647160547 Penicillium-mb
1 2 0.9697893329802708 0.0002997708556333334 Penicillium-commune
1 2 0.9661235370649673 0.00039835609747929026 Penicillium-solitum
1 2 0.737137074107634 0.0587098323492211 Penicillium-chrysogenum
1 2 -0.7681007967771615 0.043701936906488964 Penicillium-cvjetkovicii
1 2 -0.6765136261092479 0.09514011522104836 Penicillium-brevicompactum
1 2 0.9337645476296496 0.0020921518910764682 Penicillium-verrucosum
1 2 0.9624051854106989 0.0005157870240477156 Penicillium-polonicum
1 2 0.966661895916818 0.0003828293911121325 Penicillium-mb
1 2 0.9698241386454919 0.00029891381909432735 Penicillium-commune
1 2 0.9654972701086904 0.0004168814225671673 Penicillium-solitum
1 2 0.7365807528889808 0.059001645120375465 Penicillium-chrysogenum
1 2 -0.7681007967771625 0.04370193690648853 Penicillium-cvjetkovicii
1 2 -0.6767075835726711 0.09500865561551633 Penicillium-brevicompactum
1 2 0.9353442148891702 0.001971339059340143 Penicillium-verrucosum
1 2 0.963348187912787 0.0004842965579508675 Penicillium-polonicum
1 2 0.9671250651346095 0.0003697636971431062 Penicillium-mb
1 2 0.9701809144206178 0.00029021273932933574 Penicillium-commune
1 2 0.9659751303155795 0.0004027008676739907 Penicillium-solitum
1 2 0.7368691524254514 0.05885026998985775 Penicillium-chrysogenum
1 2 -0.7680612012690338 0.043719587223448826 Penicillium-cvjetkovicii
1 2 -0.6767290254085867 0.09499412872529968 Penicillium-brevicompactum
1 2 0.9335006870115128 0.002112744747070948 Penicillium-verrucosum
1 2 0.962722062166053 0.0005050738929110669 Penicillium-polonicum
1 2 0.9667202921595935 0.00038116720910244225 Penicillium-mb
1 2 0.9696319567071877 0.00030366423868018796 Penicillium-commune
1 2 0.9651395027677125 0.00042768951768819047 Penicillium-solitum
1 2 0.7363728616156895 0.05911089396721996 Penicillium-chrysogenum
1 2 -0.7681007967771623 0.04370193690648861 Penicillium-cvjetkovicii
1 2 -0.6766025556620904 0.09507982910431907 Penicillium-brevicompactum
1 0 0.9364467635151679 0.0018895103735335208 Penicillium-verrucosum
1 0 0.9638807789233506 0.00046702933762691996 Penicillium-polonicum
1 0 0.9673423789555001 0.00036372613870048597 Penicillium-mb
1 0 0.9705288252395836 0.00028187467559938117 Penicillium-commune
1 0 0.9666953074704041 0.0003818778436543455 Penicillium-solitum
1 0 0.7373174598146673 0.05861538138800737 Penicillium-chrysogenum
1 0 -0.7681432436887634 0.0436830198934385 Penicillium-cvjetkovicii
1 0 -0.6767136170103524 0.09500456783048743 Penicillium-brevicompactum
1 2 0.9349396499865399 0.0020018779125189107 Penicillium-verrucosum
1 2 0.9635225767167798 0.0004786016828518257 Penicillium-polonicum
1 2 0.9666953162185999 0.00038187759469350953 Penicillium-mb
1 2 0.9698599541948136 0.00029803343863065655 Penicillium-commune
1 2 0.9658529638860767 0.00040629845082645807 Penicillium-solitum
1 2 0.7368238566922996 0.058874030842548636 Penicillium-chrysogenum
1 2 -0.7679418543595812 0.043772811733775605 Penicillium-cvjetkovicii
1 2 -0.6767630731757274 0.09497106368642128 Penicillium-brevicompactum
1 0 0.9364386629933339 0.0018901041416260903 Penicillium-verrucosum
1 0 0.9638134789175604 0.0004691907603087246 Penicillium-polonicum
1 0 0.9676503457252799 0.00035527096235229186 Penicillium-mb
1 0 0.9710076438594961 0.00027063486217359013 Penicillium-commune
1 0 0.9670418869315014 0.0003720902536385574 Penicillium-solitum
1 0 0.7375333486718972 0.05850244929083153 Penicillium-chrysogenum
1 0 -0.7681725252434574 0.04366997282181568 Penicillium-cvjetkovicii
1 0 -0.6767136170103523 0.0950045678304875 Penicillium-brevicompactum
1 2 0.9345670759898679 0.002030246477162067 Penicillium-verrucosum
1 2 0.9626269515632295 0.0005082754306178365 Penicillium-polonicum
1 2 0.9664477768405212 0.0003889608496386186 Penicillium-mb
1 2 0.9698855976006104 0.0002974040476524414 Penicillium-commune
1 2 0.9659460235225762 0.00040355628632445607 Penicillium-solitum
1 2 0.7369314958934352 0.05881757489314908 Penicillium-chrysogenum
1 2 -0.7681007967771618 0.04370193690648881 Penicillium-cvjetkovicii
1 2 -0.676689758351846 0.09502073312922248 Penicillium-brevicompactum
1 2 0.9355011745902279 0.0019595651495524376 Penicillium-verrucosum
1 2 0.9636171522211521 0.0004755299154986528 Penicillium-polonicum
1 2 0.96719770891366 0.000367738885924101 Penicillium-mb
1 2 0.970201802906308 0.00028970804118788254 Penicillium-commune
1 2 0.9660673379488092 0.00039999809495113494 Penicillium-solitum
1 2 0.7369336829025039 0.05881642812806922 Penicillium-chrysogenum
1 2 -0.7681007967771627 0.0437019369064884 Penicillium-cvjetkovicii
1 2 -0.6766675660330915 0.09503577070551482 Penicillium-brevicompactum
