#SPECIES: Penicillium-brevicompactum Penicillium-chrysogenum Penicillium-verrucosum Penicillium-polonicum Penicillium-mb Penicillium-solitum Penicillium-commune Penicillium-cvjetkovicii 
#GENE_TREEs p: 0.049622806328785116 0.4003229430370558 0.07618131720216334 0.044884649882522894 0.0566305024467138 0.040833949722479924 0.08091235605824244 0.0884364824680351 
#GENE_TREEs r: -0.7552798060175464 0.3800884632275731 0.7061183704381037 0.765466789835648 0.7411454065451015 0.7746559473472596 0.698394993609308 -0.6865908256078835 
1 0 -0.7557337910486028 0.0494060886443145 Penicillium-brevicompactum
1 0 0.3857656153910106 0.39272525654449997 Penicillium-chrysogenum
1 0 0.7109361089988423 0.07330708450055812 Penicillium-verrucosum
1 0 0.7703381397910268 0.042710983932657945 Penicillium-polonicum
1 0 0.7459740206436717 0.05417970938900571 Penicillium-mb
1 0 0.7797607689595105 0.038674778093635745 Penicillium-solitum
1 0 0.7035624545821069 0.07773015642408325 Penicillium-commune
1 0 -0.6865908256078834 0.0884364824680351 Penicillium-cvjetkovicii
1 2 -0.7559085250012408 0.04932281479900488 Penicillium-brevicompactum
1 2 0.393352959785403 0.3826625111296463 Penicillium-chrysogenum
1 2 0.7176619196714707 0.06939335168383154 Penicillium-verrucosum
1 2 0.7761273028098945 0.04020495532133721 Penicillium-polonicum
1 2 0.7521326230602162 0.05113946090739257 Penicillium-mb
1 2 0.7852386414280883 0.03642987715407991 Penicillium-solitum
1 2 0.709643317282664 0.07407255387329119 Penicillium-commune
1 2 -0.6849684908595044 0.08949828059243786 Penicillium-cvjetkovicii
1 2 -0.7559085250012408 0.04932281479900488 Penicillium-brevicompactum
1 2 0.391245416650049 0.3854470845533078 Penicillium-chrysogenum
1 2 0.7150418339441246 0.07090427966255336 Penicillium-verrucosum
1 2 0.7735106005675975 0.041327316069880875 Penicillium-polonicum
1 2 0.7495372420854822 0.05240900782034554 Penicillium-mb
1 2 0.7819962699891614 0.03774964760367739 Penicillium-solitum
1 2 0.7062503427296589 0.07610179600327495 Penicillium-commune
1 2 -0.6863424885103815 0.08859858234819712 Penicillium-cvjetkovicii
1 2 -0.755908525001241 0.049322814799004834 Penicillium-brevicompactum
1 2 0.39347686957984884 0.3824990506516084 Penicillium-chrysogenum
1 2 0.7156634334695254 0.07054423994960184 Penicillium-verrucosum
1 2 0.7735277795441545 0.04131989191378379 Penicillium-polonicum
1 2 0.7498205730736137 0.052269587319962764 Penicillium-mb
1 2 0.7812548202465281 0.03805511018335572 Penicillium-solitum
1 2 0.705998092441933 0.07625383051879045 Penicillium-commune
1 2 -0.6855088090887529 0.0891439059099337 Penicillium-cvjetkovicii
1 2 -0.755908525001241 0.049322814799004834 Penicillium-brevicompactum
1 2 0.3954977157558602 0.3798371696772241 Penicillium-chrysogenum
1 2 0.7181784773340399 0.06909752991586306 Penicillium-verrucosum
1 2 0.7762532619220426 0.0401513594802693 Penicillium-polonicum
1 2 0.752446370058764 0.050987141985054614 Penicillium-mb
1 2 0.7843939174774849 0.03677120217087373 Penicillium-solitum
1 2 0.7091534766536094 0.07436370307705426 Penicillium-commune
1 2 -0.6844014553510531 0.08987097610425182 Penicillium-cvjetkovicii
1 2 -0.7560027508788854 0.049277941032371125 Penicillium-brevicompactum
1 2 0.3911937452505641 0.3855154573925325 Penicillium-chrysogenum
1 2 0.7148018306173631 0.07104355638858628 Penicillium-verrucosum
1 2 0.7736147045634018 0.04128233724076694 Penicillium-polonicum
1 2 0.7494940798903306 0.052430264723681605 Penicillium-mb
1 2 0.7829049106097452 0.03737716655277796 Penicillium-solitum
1 2 0.7071264615476964 0.07557500654792577 Penicillium-commune
1 2 -0.6874729387210097 0.08786195842604516 Penicillium-cvjetkovicii
1 2 -0.7559337032638496 0.049310821810038596 Penicillium-brevicompactum
1 2 0.3895604006147491 0.3876792587057119 Penicillium-chrysogenum
1 2 0.7136286232726038 0.0717264928272845 Penicillium-verrucosum
1 2 0.7730678794374433 0.0415188989448163 Penicillium-polonicum
1 2 0.7486846732256882 0.05282976053598064 Penicillium-mb
1 2 0.7827529785263887 0.03743930576994689 Penicillium-solitum
1 2 0.7067550112137104 0.07579811213900498 Penicillium-commune
1 2 -0.6868645087086059 0.08825801981262622 Penicillium-cvjetkovicii
1 2 -0.7559085250012407 0.04932281479900492 Penicillium-brevicompactum
1 2 0.4006932764394464 0.37302827669816985 Penicillium-chrysogenum
1 2 0.721951532453489 0.06695737501017593 Penicillium-verrucosum
1 2 0.7796937134547084 0.038702719911055616 Penicillium-polonicum
1 2 0.7560284257059562 0.04926571763156371 Penicillium-mb
1 2 0.7879949717606045 0.0353284184182006 Penicillium-solitum
1 2 0.7132723032064774 0.07193460430453193 Penicillium-commune
1 2 -0.6821470598903984 0.09136080453939951 Penicillium-cvjetkovicii
1 0 -0.7555926180477397 0.04947342438224143 Penicillium-brevicompactum
1 0 0.3848855636482321 0.3938992144010528 Penicillium-chrysogenum
1 0 0.7100650273763348 0.07382238921522218 Penicillium-verrucosum
1 0 0.7687370124381948 0.043418872271579874 Penicillium-polonicum
1 0 0.7446750054896955 0.054833228247638754 Penicillium-mb
1 0 0.7776468558610948 0.039561020792186284 Penicillium-solitum
1 0 0.701437539326126 0.07903048048552355 Penicillium-commune
1 0 -0.6865908256078835 0.0884364824680351 Penicillium-cvjetkovicii
1 2 -0.7559085250012408 0.04932281479900488 Penicillium-brevicompactum
1 2 0.3920175169993364 0.38442600625147055 Penicillium-chrysogenum
1 2 0.7154876109819377 0.07064597919014376 Penicillium-verrucosum
1 2 0.7744483193225142 0.04092314403648948 Penicillium-polonicum
1 2 0.7502646132426433 0.052051493647554514 Penicillium-mb
1 2 0.7838590146070811 0.03698825295694331 Penicillium-solitum
1 2 0.7082103122132604 0.07492601762110729 Penicillium-commune
1 2 -0.6861005073035491 0.08875668428999693 Penicillium-cvjetkovicii
1 2 -0.7559468496853862 0.04930456050024474 Penicillium-brevicompactum
1 2 0.3873075718645573 0.3906717275393123 Penicillium-chrysogenum
1 2 0.7142041453512581 0.07139103744031419 Penicillium-verrucosum
1 2 0.7734432178720279 0.04135644364034146 Penicillium-polonicum
1 2 0.7491206026796697 0.05261439473047236 Penicillium-mb
1 2 0.7822605829619992 0.037641085889611646 Penicillium-solitum
1 2 0.7059299041019064 0.0762949563348768 Penicillium-commune
1 2 -0.6869970725801261 0.08817164632287977 Penicillium-cvjetkovicii
1 2 -0.7560083216736052 0.04927528871927249 Penicillium-brevicompactum
1 2 0.3930781484541151 0.38302514020146666 Penicillium-chrysogenum
1 2 0.7162981812039916 0.07017759965848047 Penicillium-verrucosum
1 2 0.7750326642124943 0.04067239162767997 Penicillium-polonicum
1 2 0.7509471772013002 0.05171721850739804 Penicillium-mb
1 2 0.7843597067368189 0.0367850628459388 Penicillium-solitum
1 2 0.7090604280165199 0.07441907795033058 Penicillium-commune
1 2 -0.6875119183516946 0.08783661646957805 Penicillium-cvjetkovicii
1 2 -0.7559085250012408 0.04932281479900488 Penicillium-brevicompactum
1 2 0.39249823959923325 0.3837908187914374 Penicillium-chrysogenum
1 2 0.7164281822481131 0.07010263554871783 Penicillium-verrucosum
1 2 0.775066836722752 0.0406577539812892 Penicillium-polonicum
1 2 0.7510160766120692 0.05168354147350935 Penicillium-mb
1 2 0.7839037463706167 0.03697007470527342 Penicillium-solitum
1 2 0.7081837994672354 0.07494185725080885 Penicillium-commune
1 2 -0.6859731984235969 0.08883992315649307 Penicillium-cvjetkovicii
1 0 -0.755842382466885 0.04935432763013268 Penicillium-brevicompactum
1 0 0.3892432993724028 0.3880999096119531 Penicillium-chrysogenum
1 0 0.7134844101925467 0.07181068264644458 Penicillium-verrucosum
1 0 0.7722666377357088 0.04186687251595605 Penicillium-polonicum
1 0 0.7481625736567574 0.05308832985058833 Penicillium-mb
1 0 0.7809852486265789 0.03816650675626525 Penicillium-solitum
1 0 0.7053685681407846 0.07663395973758966 Penicillium-commune
1 0 -0.6865908256078836 0.088436482468035 Penicillium-cvjetkovicii
1 0 -0.7557985401890887 0.0493752218435716 Penicillium-brevicompactum
1 0 0.38906054326353273 0.3883424282889905 Penicillium-chrysogenum
1 0 0.713693726977629 0.07168850343435068 Penicillium-verrucosum
1 0 0.7723520456308245 0.04182970410591956 Penicillium-polonicum
1 0 0.7482876486738821 0.053026323799011066 Penicillium-mb
1 0 0.7814276914425896 0.037983768646956295 Penicillium-solitum
1 0 0.7057693548818956 0.07639183368990966 Penicillium-commune
1 0 -0.6865908256078845 0.08843648246803441 Penicillium-cvjetkovicii
3 2 -0.7554291592743738 0.04955145259620617 Penicillium-brevicompactum
3 2 0.38335558433001543 0.39594348660219814 Penicillium-chrysogenum
3 2 0.7073283321541152 0.0754539036177175 Penicillium-verrucosum
3 2 0.7674375424879945 0.04399811101744116 Penicillium-polonicum
3 2 0.7429360538233739 0.05571476040048651 Penicillium-mb
3 2 0.7772232994732842 0.0397399312804162 Penicillium-solitum
3 2 0.7008821358109912 0.0793722502234272 Penicillium-commune
3 2 -0.6865908256078825 0.08843648246803579 Penicillium-cvjetkovicii
1 2 -0.7560399366770505 0.04926023796993978 Penicillium-brevicompactum
1 2 0.3859156292531383 0.39252528333882525 Penicillium-chrysogenum
1 2 0.7136672846230144 0.07170393180778946 Penicillium-verrucosum
1 2 0.7735212216005447 0.041322725941941904 Penicillium-polonicum
1 2 0.748927868444996 0.0527095535705811 Penicillium-mb
1 2 0.7828305433851998 0.03740757510073732 Penicillium-solitum
1 2 0.7065841044165114 0.07590088254190094 Penicillium-commune
1 2 -0.6877011486653976 0.08771364644077341 Penicillium-cvjetkovicii
1 2 -0.7560380631793443 0.04926112980360835 Penicillium-brevicompactum
1 2 0.39110517542626394 0.38563266650256683 Penicillium-chrysogenum
1 2 0.7153738634223102 0.07071184085547146 Penicillium-verrucosum
1 2 0.7746067905422663 0.040855057131890804 Penicillium-polonicum
1 2 0.7503046201267688 0.052031868427139964 Penicillium-mb
1 2 0.7841913956911313 0.03685329725186439 Penicillium-solitum
1 2 0.7082111083040002 0.07492554203669856 Penicillium-commune
1 2 -0.6876915083104294 0.08771990895858273 Penicillium-cvjetkovicii
1 0 -0.7555530961372938 0.04949228427498143 Penicillium-brevicompactum
1 0 0.38450926093377313 0.3944016167163193 Penicillium-chrysogenum
1 0 0.7101948920504838 0.07374544277109138 Penicillium-verrucosum
1 0 0.7693467044374053 0.043148559570977664 Penicillium-polonicum
1 0 0.745092912336923 0.05462251840494352 Penicillium-mb
1 0 0.778384778512783 0.03925038877779104 Penicillium-solitum
1 0 0.7022859917895438 0.07850989829922177 Penicillium-commune
1 0 -0.6865908256078835 0.0884364824680351 Penicillium-cvjetkovicii
1 2 -0.7559566257320646 0.0492999046975852 Penicillium-brevicompactum
1 2 0.39225239290395914 0.3841156074176912 Penicillium-chrysogenum
1 2 0.7151490549122339 0.07084210547628754 Penicillium-verrucosum
1 2 0.7736879956535647 0.04125068756388732 Penicillium-polonicum
1 2 0.7496882075490351 0.052334696028237794 Penicillium-mb
1 2 0.7828724879073699 0.03739042241731345 Penicillium-solitum
1 2 0.7071674666528133 0.07555039903364943 Penicillium-commune
1 2 -0.687090806014617 0.088110600208477 Penicillium-cvjetkovicii
1 2 -0.7559476015958252 0.049304202397391035 Penicillium-brevicompactum
1 2 0.3847249639434197 0.3941135999814827 Penicillium-chrysogenum
1 2 0.7136462431159686 0.07171621020982773 Penicillium-verrucosum
1 2 0.7734931225856538 0.04133487020189173 Penicillium-polonicum
1 2 0.7488971248749523 0.052724741302475724 Penicillium-mb
1 2 0.7825952945254148 0.037503858045221466 Penicillium-solitum
1 2 0.7057017720819893 0.0764326336050307 Penicillium-commune
1 2 -0.6870044308760169 0.08816685325081419 Penicillium-cvjetkovicii
1 2 -0.7559855855789955 0.049286114101337604 Penicillium-brevicompactum
1 2 0.3921440694851598 0.38425874898523454 Penicillium-chrysogenum
1 2 0.7152675098154854 0.07077345109972633 Penicillium-verrucosum
1 2 0.7741217789122059 0.04106363920069549 Penicillium-polonicum
1 2 0.7499886726113336 0.05218696537024066 Penicillium-mb
1 2 0.783584416925473 0.037099953619868446 Penicillium-solitum
1 2 0.7079390460490116 0.07508816592606071 Penicillium-commune
1 2 -0.6873428101560722 0.08794658731767678 Penicillium-cvjetkovicii
1 2 -0.755908525001241 0.049322814799004834 Penicillium-brevicompactum
1 2 0.38894196752451604 0.3884998117634782 Penicillium-chrysogenum
1 2 0.7147663272515616 0.07106417185634567 Penicillium-verrucosum
1 2 0.7739442192981223 0.04114014654428034 Penicillium-polonicum
1 2 0.7496471900534738 0.05235488093250254 Penicillium-mb
1 2 0.7831973135018764 0.037257736848329226 Penicillium-solitum
1 2 0.7075425817088299 0.0753254880240368 Penicillium-commune
1 2 -0.6865809468169826 0.08844292776846656 Penicillium-cvjetkovicii
3 4 -0.7559085250012408 0.04932281479900488 Penicillium-brevicompactum
3 4 0.38934147812196657 0.3879696508833708 Penicillium-chrysogenum
3 4 0.7130104218066077 0.07208776425159974 Penicillium-verrucosum
3 4 0.7728534754788422 0.04161185590995235 Penicillium-polonicum
3 4 0.7484001233376092 0.052970598157486296 Penicillium-mb
3 4 0.7827431044572397 0.037443346180734395 Penicillium-solitum
3 4 0.706454095390287 0.07597910993437614 Penicillium-commune
3 4 -0.6863001895179669 0.08862620827420126 Penicillium-cvjetkovicii
1 2 -0.7559085250012408 0.04932281479900488 Penicillium-brevicompactum
1 2 0.38827186026830146 0.38938971527831445 Penicillium-chrysogenum
1 2 0.7141359311335285 0.07143075350733724 Penicillium-verrucosum
1 2 0.7730963989173568 0.04150654269271837 Penicillium-polonicum
1 2 0.7488965555882451 0.05272502256019757 Penicillium-mb
1 2 0.7818573816052233 0.03780676296754177 Penicillium-solitum
1 2 0.7059308171172043 0.07629440559802111 Penicillium-commune
1 2 -0.6864113970533553 0.08855358717977066 Penicillium-cvjetkovicii
1 2 -0.755908525001241 0.049322814799004834 Penicillium-brevicompactum
1 2 0.39219754017374475 0.38418808864093745 Penicillium-chrysogenum
1 2 0.7149964805007483 0.07093058755659484 Penicillium-verrucosum
1 2 0.7737409240701124 0.04122783954646765 Penicillium-polonicum
1 2 0.7496544937029443 0.052351286460833854 Penicillium-mb
1 2 0.7827272754718975 0.03744982381275823 Penicillium-solitum
1 2 0.7072766500579506 0.07548489801713644 Penicillium-commune
1 2 -0.6859463091519259 0.08885750954498815 Penicillium-cvjetkovicii
1 2 -0.7559254093179227 0.049314772231886427 Penicillium-brevicompactum
1 2 0.3907723884494314 0.3860731895310701 Penicillium-chrysogenum
1 2 0.7139926705477535 0.07151420206094333 Penicillium-verrucosum
1 2 0.7727795684673214 0.04164392563962064 Penicillium-polonicum
1 2 0.74867481591791 0.05283463597613724 Penicillium-mb
1 2 0.7820524377875262 0.03772656319951065 Penicillium-solitum
1 2 0.7062787196415864 0.0760847030101189 Penicillium-commune
1 2 -0.6867771601274936 0.08831495718732561 Penicillium-cvjetkovicii
1 0 -0.7558043968005489 0.04937243043792889 Penicillium-brevicompactum
1 0 0.38733777114269446 0.39063155221812257 Penicillium-chrysogenum
1 0 0.7130652008018963 0.0720557126042622 Penicillium-verrucosum
1 0 0.7719180301668442 0.042018771054654735 Penicillium-polonicum
1 0 0.7477434690830506 0.053296389632715116 Penicillium-mb
1 0 0.7815201265309449 0.03794565242373892 Penicillium-solitum
1 0 0.7052305656132367 0.07671742544522141 Penicillium-commune
1 0 -0.6865908256078832 0.08843648246803525 Penicillium-cvjetkovicii
1 2 -0.756071657793425 0.049245139235808776 Penicillium-brevicompactum
1 2 0.39125359893571515 0.38543625800503406 Penicillium-chrysogenum
1 2 0.7156900560306735 0.07052884173175333 Penicillium-verrucosum
1 2 0.7745317355360304 0.04088729658377456 Penicillium-polonicum
1 2 0.7503953224738265 0.05198738972063979 Penicillium-mb
1 2 0.7833140963784523 0.037210097043805956 Penicillium-solitum
1 2 0.7072821517627721 0.07548159825245628 Penicillium-commune
1 2 -0.6878322159293465 0.08762852664591263 Penicillium-cvjetkovicii
1 0 -0.7558912021811399 0.04933106698677387 Penicillium-brevicompactum
1 0 0.3881955134154092 0.3894911559698324 Penicillium-chrysogenum
1 0 0.713840640330874 0.07160281602827788 Penicillium-verrucosum
1 0 0.7727075996784416 0.04167516744789568 Penicillium-polonicum
1 0 0.7485416630668498 0.05290051765618006 Penicillium-mb
1 0 0.7818612092971425 0.03780518825600869 Penicillium-solitum
1 0 0.7056187905211487 0.07648274570068343 Penicillium-commune
1 0 -0.6865908256078833 0.08843648246803519 Penicillium-cvjetkovicii
1 0 -0.7557740406851049 0.04938689984941574 Penicillium-brevicompactum
1 0 0.388555201353174 0.38901333794377485 Penicillium-chrysogenum
1 0 0.7119994479537652 0.07268066516752059 Penicillium-verrucosum
1 0 0.7708977493747523 0.04246508283347011 Penicillium-polonicum
1 0 0.746758871078207 0.05378692980437805 Penicillium-mb
1 0 0.7799986727472642 0.038575734524782676 Penicillium-solitum
1 0 0.7041334158560574 0.07738272115465004 Penicillium-commune
1 0 -0.6865908256078836 0.088436482468035 Penicillium-cvjetkovicii
1 2 -0.755908525001241 0.049322814799004834 Penicillium-brevicompactum
1 2 0.39649607149328836 0.37852491068557087 Penicillium-chrysogenum
1 2 0.7189941205365884 0.06863181091605243 Penicillium-verrucosum
1 2 0.7771005095487892 0.03979188136252758 Penicillium-polonicum
1 2 0.753281217206603 0.050583047736244745 Penicillium-mb
1 2 0.785573197481298 0.03629518266739423 Penicillium-solitum
1 2 0.7107311417977024 0.07342816287384134 Penicillium-commune
1 2 -0.6845467180011462 0.08977542144498228 Penicillium-cvjetkovicii
1 2 -0.756189783829753 0.0491889354733224 Penicillium-brevicompactum
1 2 0.3951987674484627 0.38023047230115437 Penicillium-chrysogenum
1 2 0.7184173580510474 0.06896095758196712 Penicillium-verrucosum
1 2 0.7768573172858448 0.039894882237965654 Penicillium-polonicum
1 2 0.7528980373009543 0.05076830138470564 Penicillium-mb
1 2 0.7859035191608593 0.03616246482082172 Penicillium-solitum
1 2 0.7105009410367891 0.07356427477513228 Penicillium-commune
1 2 -0.6876926702835048 0.08771915411108495 Penicillium-cvjetkovicii
1 0 -0.7558954898305547 0.04932902438008828 Penicillium-brevicompactum
1 0 0.3905136702824467 0.38641580498437844 Penicillium-chrysogenum
1 0 0.714156186617964 0.07141895900820439 Penicillium-verrucosum
1 0 0.7730274068564938 0.04153643744331174 Penicillium-polonicum
1 0 0.7488854611546916 0.052730503960281935 Penicillium-mb
1 0 0.7821464494661786 0.0376879428611845 Penicillium-solitum
1 0 0.7064952056613228 0.07595436892704927 Penicillium-commune
1 0 -0.6865908256078831 0.08843648246803536 Penicillium-cvjetkovicii
1 2 -0.7563062783904078 0.049133542397909936 Penicillium-brevicompactum
1 2 0.39721152457554176 0.3775856409847284 Penicillium-chrysogenum
1 2 0.7191684158860872 0.06853251067200411 Penicillium-verrucosum
1 2 0.7769227640170604 0.03986714864858254 Penicillium-polonicum
1 2 0.7532339541582822 0.05060587768249049 Penicillium-mb
1 2 0.7863532616576593 0.0359821997776456 Penicillium-solitum
1 2 0.7112611547429897 0.07311529258203116 Penicillium-commune
1 2 -0.686279851885427 0.08863949261955542 Penicillium-cvjetkovicii
1 2 -0.7559085250012408 0.04932281479900488 Penicillium-brevicompactum
1 2 0.3920444448359999 0.3843904147881112 Penicillium-chrysogenum
1 2 0.7164534630407519 0.07008806256916018 Penicillium-verrucosum
1 2 0.7748759675926605 0.04073954924621208 Penicillium-polonicum
1 2 0.7509150377141882 0.051732931923809865 Penicillium-mb
1 2 0.7831118106221949 0.037292637900162504 Penicillium-solitum
1 2 0.7073533189663039 0.07543892115311597 Penicillium-commune
1 2 -0.6852373419292886 0.08932185839532783 Penicillium-cvjetkovicii
3 4 -0.7559547548981276 0.04930079565603796 Penicillium-brevicompactum
3 4 0.39024824355491 0.3867674318163999 Penicillium-chrysogenum
3 4 0.7147478103734849 0.07107492518355457 Penicillium-verrucosum
3 4 0.7732243913266897 0.041451114154228724 Penicillium-polonicum
3 4 0.7492469648696986 0.05255205677111306 Penicillium-mb
3 4 0.781156809955445 0.03809559063545525 Penicillium-solitum
3 4 0.7070248361302368 0.07563601128555597 Penicillium-commune
3 4 -0.687073195458343 0.08812206779524685 Penicillium-cvjetkovicii
3 4 -0.755908525001241 0.049322814799004834 Penicillium-brevicompactum
3 4 0.39110585879569815 0.38563176210877387 Penicillium-chrysogenum
3 4 0.7121148798208417 0.07261283679692358 Penicillium-verrucosum
3 4 0.773088882309088 0.041509799115513425 Penicillium-polonicum
3 4 0.7484669360330185 0.05293751090754447 Penicillium-mb
3 4 0.7830323204282149 0.03732510092457955 Penicillium-solitum
3 4 0.70648462845327 0.07596073409737976 Penicillium-commune
3 4 -0.6858137365859339 0.08894424284082296 Penicillium-cvjetkovicii
1 2 -0.7559085250012411 0.04932281479900477 Penicillium-brevicompactum
1 2 0.3930378651857945 0.3830783079335248 Penicillium-chrysogenum
1 2 0.7168016215465934 0.06988753391664433 Penicillium-verrucosum
1 2 0.7751465267643157 0.04062363041403085 Penicillium-polonicum
1 2 0.7512174807976414 0.05158516676889111 Penicillium-mb
1 2 0.783809379912551 0.03700842948436256 Penicillium-solitum
1 2 0.7083961977019216 0.07481501348282499 Penicillium-commune
1 2 -0.6853261032128198 0.0892636528793812 Penicillium-cvjetkovicii
3 2 -0.7557877144129516 0.049380381903407336 Penicillium-brevicompactum
3 2 0.38910885266325085 0.38827831543765284 Penicillium-chrysogenum
3 2 0.7117930248261323 0.07280204506395195 Penicillium-verrucosum
3 2 0.7705097888319147 0.04263547540782476 Penicillium-polonicum
3 2 0.7463102364620843 0.05401125887582014 Penicillium-mb
3 2 0.7803376452697998 0.03843485729666938 Penicillium-solitum
3 2 0.7052792297679323 0.07668798720170533 Penicillium-commune
3 2 -0.6865908256078832 0.08843648246803525 Penicillium-cvjetkovicii
1 0 -0.7558174193174129 0.04936622389465557 Penicillium-brevicompactum
1 0 0.38835827658139804 0.38927490829181816 Penicillium-chrysogenum
1 0 0.7134086379696793 0.07185493875633209 Penicillium-verrucosum
1 0 0.7721889911759696 0.04190067911089363 Penicillium-polonicum
1 0 0.7480670460843818 0.053135714369441076 Penicillium-mb
1 0 0.7814108096825855 0.03799073224436313 Penicillium-solitum
1 0 0.7053621552167199 0.07663783728229195 Penicillium-commune
1 0 -0.6865908256078825 0.08843648246803579 Penicillium-cvjetkovicii
1 2 -0.756034939050574 0.0492626169898875 Penicillium-brevicompactum
1 2 0.3923206506479218 0.3840254208173608 Penicillium-chrysogenum
1 2 0.7160241202866565 0.07033577574219448 Penicillium-verrucosum
1 2 0.7746546213134601 0.04083451902817284 Penicillium-polonicum
1 2 0.7506132347331579 0.051880614632439224 Penicillium-mb
1 2 0.7832769458618668 0.037225248365590956 Penicillium-solitum
1 2 0.7084254246840681 0.074797568183611 Penicillium-commune
1 2 -0.6876749793731638 0.08773064695172449 Penicillium-cvjetkovicii
1 0 -0.755752821809548 0.04939701532381026 Penicillium-brevicompactum
1 0 0.38857214119852224 0.38899084046489335 Penicillium-chrysogenum
1 0 0.7110486698980903 0.07324063794928337 Penicillium-verrucosum
1 0 0.7689952213239178 0.04330427931870199 Penicillium-polonicum
1 0 0.74526948079035 0.05453362491336843 Penicillium-mb
1 0 0.7762191426040789 0.04016587340976174 Penicillium-solitum
1 0 0.7003701829837724 0.07968797804711662 Penicillium-commune
1 0 -0.6865908256078845 0.08843648246803441 Penicillium-cvjetkovicii
1 0 -0.7556045889609162 0.049467712628157134 Penicillium-brevicompactum
1 0 0.38327969505744125 0.3960449955687569 Penicillium-chrysogenum
1 0 0.7101359836046076 0.07378034144041351 Penicillium-verrucosum
1 0 0.7696070503582434 0.0430334162595541 Penicillium-polonicum
1 0 0.7452041953572918 0.05456648370945785 Penicillium-mb
1 0 0.7788672089055672 0.039048040075999865 Penicillium-solitum
1 0 0.7022645694595603 0.07852301977221333 Penicillium-commune
1 0 -0.6865908256078831 0.08843648246803536 Penicillium-cvjetkovicii
1 2 -0.755908525001241 0.049322814799004834 Penicillium-brevicompactum
1 2 0.39141070011581147 0.38522841037505684 Penicillium-chrysogenum
1 2 0.7154625405049871 0.07066049256942387 Penicillium-verrucosum
1 2 0.7740590591079013 0.04109065508270894 Penicillium-polonicum
1 2 0.7500261996748221 0.052168530337456144 Penicillium-mb
1 2 0.7827937477678109 0.037422625798279076 Penicillium-solitum
1 2 0.7071236828637227 0.07557667421484708 Penicillium-commune
1 2 -0.6861334282056817 0.08873516619154172 Penicillium-cvjetkovicii
1 2 -0.7559621926842595 0.04929725356677154 Penicillium-brevicompactum
1 2 0.39148204283809657 0.38513403764355647 Penicillium-chrysogenum
1 2 0.7149627465646307 0.07095015879030371 Penicillium-verrucosum
1 2 0.7734403921892908 0.04135766534809521 Penicillium-polonicum
1 2 0.7494655074722282 0.05244433891301423 Penicillium-mb
1 2 0.7821254643043806 0.03769656173981109 Penicillium-solitum
1 2 0.7065341824147215 0.07593091588900525 Penicillium-commune
1 2 -0.6871422776509363 0.0880770875901669 Penicillium-cvjetkovicii
1 2 -0.7559085250012411 0.04932281479900477 Penicillium-brevicompactum
1 2 0.39626769047164623 0.37882493646507936 Penicillium-chrysogenum
1 2 0.7187179699320507 0.06878929883252774 Penicillium-verrucosum
1 2 0.777452213731017 0.03964318227188655 Penicillium-polonicum
1 2 0.7533578680422522 0.05054603429392917 Penicillium-mb
1 2 0.7870840155654156 0.035690367276468876 Penicillium-solitum
1 2 0.7118255937842988 0.0727828868191121 Penicillium-commune
1 2 -0.6839594251969658 0.09016207611005765 Penicillium-cvjetkovicii
1 2 -0.755908525001241 0.049322814799004834 Penicillium-brevicompactum
1 2 0.40446804160279165 0.36811299134560627 Penicillium-chrysogenum
1 2 0.7251816272443824 0.06515397462764308 Penicillium-verrucosum
1 2 0.7826702693091191 0.037473157366192396 Penicillium-polonicum
1 2 0.7591161721946964 0.04780779634680199 Penicillium-mb
1 2 0.7910517939081982 0.03412883139951312 Penicillium-solitum
1 2 0.7163554829328364 0.0701445517517246 Penicillium-commune
1 2 -0.6806137686500938 0.09238146468575781 Penicillium-cvjetkovicii
1 2 -0.7560090080452355 0.049274961936038114 Penicillium-brevicompactum
1 2 0.3906161386096719 0.3862800935039269 Penicillium-chrysogenum
1 2 0.7153912309045829 0.07070178267342862 Penicillium-verrucosum
1 2 0.7739858403097385 0.04112220571471205 Penicillium-polonicum
1 2 0.7499544762441206 0.052203767309021806 Penicillium-mb
1 2 0.7825056494570499 0.037540584221628016 Penicillium-solitum
1 2 0.7065238883571887 0.07593710963910129 Penicillium-commune
1 2 -0.6875166079475318 0.08783356786745397 Penicillium-cvjetkovicii
1 2 -0.755908525001241 0.049322814799004834 Penicillium-brevicompactum
1 2 0.39012808380133335 0.38692665710245877 Penicillium-chrysogenum
1 2 0.7149572691994016 0.07095333683680227 Penicillium-verrucosum
1 2 0.7734864153771879 0.04133776931677651 Penicillium-polonicum
1 2 0.7494736050836293 0.05244034998561276 Penicillium-mb
1 2 0.7821947344886042 0.03766811572593032 Penicillium-solitum
1 2 0.7060537144209676 0.07622029250643914 Penicillium-commune
1 2 -0.6859881233544103 0.08883016259823996 Penicillium-cvjetkovicii
1 0 -0.7557929804206187 0.04937787184650631 Penicillium-brevicompactum
1 0 0.38898171541021564 0.38844705224080417 Penicillium-chrysogenum
1 0 0.7127913282352917 0.07221603411733117 Penicillium-verrucosum
1 0 0.770916977440414 0.04245664764262052 Penicillium-polonicum
1 0 0.7470433392355096 0.05364495202803089 Penicillium-mb
1 0 0.7804438447299218 0.03839077947585305 Penicillium-solitum
1 0 0.7045669813318179 0.07711944702343967 Penicillium-commune
1 0 -0.6865908256078825 0.08843648246803579 Penicillium-cvjetkovicii
1 2 -0.7559085250012407 0.04932281479900492 Penicillium-brevicompactum
1 2 0.39292267850753965 0.3832303531517614 Penicillium-chrysogenum
1 2 0.7185107509315625 0.06890760270998586 Penicillium-verrucosum
1 2 0.7775978636041224 0.039581692303770295 Penicillium-polonicum
1 2 0.7533335769375841 0.05055776246886017 Penicillium-mb
1 2 0.7868105814728154 0.035799410758001304 Penicillium-solitum
1 2 0.7105885464769852 0.07351245998420007 Penicillium-commune
1 2 -0.6841297334273985 0.0900498604203406 Penicillium-cvjetkovicii
1 2 -0.755908525001241 0.049322814799004834 Penicillium-brevicompactum
1 2 0.3882100610175279 0.3894718260132344 Penicillium-chrysogenum
1 2 0.7139703765284879 0.07152719291084052 Penicillium-verrucosum
1 2 0.7726421909365119 0.041703572748690215 Penicillium-polonicum
1 2 0.7485466924993465 0.05289802836731431 Penicillium-mb
1 2 0.7816517923175605 0.03789139579606795 Penicillium-solitum
1 2 0.7059856322167276 0.07626134465747963 Penicillium-commune
1 2 -0.6863858857800221 0.0885702438527696 Penicillium-cvjetkovicii
1 0 -0.7559063213052036 0.04932386454645036 Penicillium-brevicompactum
1 0 0.3906289986242924 0.3862630627538283 Penicillium-chrysogenum
1 0 0.7137785515029709 0.07163902271411952 Penicillium-verrucosum
1 0 0.7723519226978941 0.041829757591640856 Penicillium-polonicum
1 0 0.7483402770516009 0.05300024505558866 Penicillium-mb
1 0 0.7808534535213547 0.03822103487884965 Penicillium-solitum
1 0 0.7052648560392497 0.07669668162553282 Penicillium-commune
1 0 -0.6865908256078832 0.08843648246803525 Penicillium-cvjetkovicii
1 2 -0.7559085250012408 0.04932281479900488 Penicillium-brevicompactum
1 2 0.38969156868495697 0.3875053113111771 Penicillium-chrysogenum
1 2 0.7142599307987858 0.07135856652774511 Penicillium-verrucosum
1 2 0.7730108858781916 0.04154359786487481 Penicillium-polonicum
1 2 0.7489035760966354 0.052721554115236005 Penicillium-mb
1 2 0.7820387499912583 0.037732188025404984 Penicillium-solitum
1 2 0.706500328570824 0.07595128615622525 Penicillium-commune
1 2 -0.6864251402207623 0.08854461475615687 Penicillium-cvjetkovicii
1 0 -0.755755769863837 0.04939560985781434 Penicillium-brevicompactum
1 0 0.3870020709500063 0.39107824099855515 Penicillium-chrysogenum
1 0 0.7123525182317023 0.07247330603787949 Penicillium-verrucosum
1 0 0.7716217233153743 0.04214811942820952 Penicillium-polonicum
1 0 0.7473081443163889 0.053512972013857255 Penicillium-mb
1 0 0.7808542061253302 0.03822072337845362 Penicillium-solitum
1 0 0.7047900542262888 0.07698417688040773 Penicillium-commune
1 0 -0.6865908256078832 0.08843648246803525 Penicillium-cvjetkovicii
1 0 -0.7558235974433719 0.04936327954375089 Penicillium-brevicompactum
1 0 0.3881645204888873 0.38953233874518806 Penicillium-chrysogenum
1 0 0.7127711635606827 0.07222784580930991 Penicillium-verrucosum
1 0 0.7717523958104625 0.042091049233970834 Penicillium-polonicum
1 0 0.747562214132087 0.05338650920328318 Penicillium-mb
1 0 0.7806755899655399 0.03829469150536838 Penicillium-solitum
1 0 0.7049050591970591 0.07691448801908295 Penicillium-commune
1 0 -0.6865908256078845 0.08843648246803441 Penicillium-cvjetkovicii
1 2 -0.755908525001241 0.049322814799004834 Penicillium-brevicompactum
1 2 0.3889028256542808 0.38855176970652827 Penicillium-chrysogenum
1 2 0.7145567588967967 0.07118592568673898 Penicillium-verrucosum
1 2 0.7736226258844036 0.04127891588868637 Penicillium-polonicum
1 2 0.7493776863193641 0.05248761073390263 Penicillium-mb
1 2 0.7827072457889938 0.03745802137032686 Penicillium-solitum
1 2 0.7062144156476774 0.07612343982550122 Penicillium-commune
1 2 -0.6862745549723478 0.08864295268466747 Penicillium-cvjetkovicii
1 2 -0.7562368790858062 0.04916653759654633 Penicillium-brevicompactum
1 2 0.395461786421962 0.3798844303182961 Penicillium-chrysogenum
1 2 0.7175530203871934 0.06945580270836342 Penicillium-verrucosum
1 2 0.7751447237440267 0.04062440229878159 Penicillium-polonicum
1 2 0.7515689480690713 0.05141373997171417 Penicillium-mb
1 2 0.7826721888365449 0.037472371541093695 Penicillium-solitum
1 2 0.7073301031113064 0.07545284167307065 Penicillium-commune
1 2 -0.6872998832716 0.0879745141884464 Penicillium-cvjetkovicii
1 0 -0.7558385962520948 0.04935613186121761 Penicillium-brevicompactum
1 0 0.3850953301555183 0.39361926602054187 Penicillium-chrysogenum
1 0 0.71238136130698 0.07245638044566835 Penicillium-verrucosum
1 0 0.772066409866666 0.0419540805468812 Penicillium-polonicum
1 0 0.7475537975709645 0.05339069591772218 Penicillium-mb
1 0 0.7814156298157957 0.03798874390394049 Penicillium-solitum
1 0 0.704805177881109 0.07697501056817778 Penicillium-commune
1 0 -0.6865908256078835 0.0884364824680351 Penicillium-cvjetkovicii
1 0 -0.7558592674244229 0.049346281942936984 Penicillium-brevicompactum
1 0 0.3900001435904511 0.3870962214111163 Penicillium-chrysogenum
1 0 0.7144700372383052 0.07123634145064243 Penicillium-verrucosum
1 0 0.7729604544665735 0.0415654597559593 Penicillium-polonicum
1 0 0.7489527641930708 0.05269725649094398 Penicillium-mb
1 0 0.782121566940086 0.037698162558320064 Penicillium-solitum
1 0 0.7068224516165773 0.0757575790551723 Penicillium-commune
1 0 -0.6865908256078836 0.088436482468035 Penicillium-cvjetkovicii
1 2 -0.7559805929086179 0.049288491445895824 Penicillium-brevicompactum
1 2 0.3928897494907325 0.3832738235995769 Penicillium-chrysogenum
1 2 0.7164475928392869 0.07009144627080181 Penicillium-verrucosum
1 2 0.7749737783121252 0.040697621981691356 Penicillium-polonicum
1 2 0.7509764083450322 0.051702929283541844 Penicillium-mb
1 2 0.7838737844332788 0.036982250194448126 Penicillium-solitum
1 2 0.7082847916527121 0.07488153060998871 Penicillium-commune
1 2 -0.6873022035941203 0.087973004540359 Penicillium-cvjetkovicii
1 0 -0.7558800318558636 0.04933638867049267 Penicillium-brevicompactum
1 0 0.3917083740930477 0.3848347066345162 Penicillium-chrysogenum
1 0 0.7152441355144661 0.07078699560415151 Penicillium-verrucosum
1 0 0.7737450516879558 0.0412260580398279 Penicillium-polonicum
1 0 0.7497617416340977 0.05229852019809173 Penicillium-mb
1 0 0.7824050632368728 0.0375818165565074 Penicillium-solitum
1 0 0.707215654097689 0.07552148680819082 Penicillium-commune
1 0 -0.6865908256078835 0.0884364824680351 Penicillium-cvjetkovicii
1 2 -0.7560656389246962 0.04924800392423972 Penicillium-brevicompactum
1 2 0.39004625865366943 0.38703509981145573 Penicillium-chrysogenum
1 2 0.7144721551108882 0.07123510999420796 Penicillium-verrucosum
1 2 0.773935209594916 0.04114403076618366 Penicillium-polonicum
1 2 0.7495362559621476 0.05240949342262291 Penicillium-mb
1 2 0.7835256053783164 0.0371239012491694 Penicillium-solitum
1 2 0.7074420442081332 0.07538573302301514 Penicillium-commune
1 2 -0.6878121510414411 0.08764155467402542 Penicillium-cvjetkovicii
1 2 -0.755917860013303 0.04931836813042159 Penicillium-brevicompactum
1 2 0.3819726550271895 0.397794911296595 Penicillium-chrysogenum
1 2 0.7116369765152398 0.07289387582416786 Penicillium-verrucosum
1 2 0.7710888689382772 0.04238128136288402 Penicillium-polonicum
1 2 0.7466626276729305 0.05383501113349066 Penicillium-mb
1 2 0.7796331907741922 0.038727949120594955 Penicillium-solitum
1 2 0.7019846544798592 0.07869457894925261 Penicillium-commune
1 2 -0.6866952333818992 0.08836837801720449 Penicillium-cvjetkovicii
1 2 -0.7559732673783213 0.04929197973492748 Penicillium-brevicompactum
1 2 0.3918026437289432 0.38471005947554326 Penicillium-chrysogenum
1 2 0.715530359731656 0.07062123549253328 Penicillium-verrucosum
1 2 0.7744333651850069 0.04092957229315744 Penicillium-polonicum
1 2 0.7502747218541879 0.05204653452597601 Penicillium-mb
1 2 0.7834139362598527 0.03716939569468857 Penicillium-solitum
1 2 0.7087436068739789 0.07460778909470785 Penicillium-commune
1 2 -0.6872404441488607 0.08801319113344222 Penicillium-cvjetkovicii
1 0 -0.7558720653864054 0.049340184189049834 Penicillium-brevicompactum
1 0 0.386063243947994 0.3923285481294675 Penicillium-chrysogenum
1 0 0.7129705611738693 0.07211109184298482 Penicillium-verrucosum
1 0 0.7723464362148386 0.041832144691902204 Penicillium-polonicum
1 0 0.747967534825003 0.053185099451147806 Penicillium-mb
1 0 0.781303537775068 0.03803499762662519 Penicillium-solitum
1 0 0.7046183603641879 0.07708827983689011 Penicillium-commune
1 0 -0.6865908256078832 0.08843648246803525 Penicillium-cvjetkovicii
1 2 -0.7559743458259529 0.049291466188592294 Penicillium-brevicompactum
1 2 0.38929921747213087 0.3880257180739454 Penicillium-chrysogenum
1 2 0.7140702993834797 0.07146897717804193 Penicillium-verrucosum
1 2 0.773322007998942 0.0414088676655192 Penicillium-polonicum
1 2 0.7490087054594823 0.05266963041072349 Penicillium-mb
1 2 0.7825570294251694 0.03751953221653514 Penicillium-solitum
1 2 0.7063612727246673 0.07603498835411718 Penicillium-commune
1 2 -0.6872496969730882 0.08800716974472363 Penicillium-cvjetkovicii
1 2 -0.7560258749599639 0.049266931929218 Penicillium-brevicompactum
1 2 0.3878716670827435 0.38992156281968143 Penicillium-chrysogenum
1 2 0.7145541328718672 0.07118745204908379 Penicillium-verrucosum
1 2 0.7741658334516716 0.04104466905101585 Penicillium-polonicum
1 2 0.7496837064001793 0.05233691085729445 Penicillium-mb
1 2 0.7835255556279982 0.03712392151076333 Penicillium-solitum
1 2 0.7069601791707923 0.07567483791077917 Penicillium-commune
1 2 -0.6876238633305232 0.0877638587891596 Penicillium-cvjetkovicii
1 2 -0.7559167246467039 0.04931890894273508 Penicillium-brevicompactum
1 2 0.389520178358243 0.38773260539982296 Penicillium-chrysogenum
1 2 0.7145473130121163 0.07119141613653233 Penicillium-verrucosum
1 2 0.7732021044117633 0.04146076280935562 Penicillium-polonicum
1 2 0.7491434261137115 0.05260313231377508 Penicillium-mb
1 2 0.7816521162841699 0.03789126234951121 Penicillium-solitum
1 2 0.7056454316647235 0.07646665535354867 Penicillium-commune
1 2 -0.6866827163007106 0.0883765413584258 Penicillium-cvjetkovicii
1 0 -0.7555847476618478 0.0494771798238005 Penicillium-brevicompactum
1 0 0.3852402489415568 0.3934259080696468 Penicillium-chrysogenum
1 0 0.709787018812098 0.07398725713820319 Penicillium-verrucosum
1 0 0.7687220489663351 0.04342551816908655 Penicillium-polonicum
1 0 0.7445668819227974 0.054887816445765146 Penicillium-mb
1 0 0.7778205549413056 0.03948777935625448 Penicillium-solitum
1 0 0.7016798644497219 0.07888161086441488 Penicillium-commune
1 0 -0.6865908256078826 0.0884364824680356 Penicillium-cvjetkovicii
1 2 -0.7559291489005139 0.04931299104029073 Penicillium-brevicompactum
1 2 0.39167685374468814 0.3848763877642701 Penicillium-chrysogenum
1 2 0.7147530082496326 0.07107190652702951 Penicillium-verrucosum
1 2 0.7735465901494881 0.041311763469612565 Penicillium-polonicum
1 2 0.7494417670620791 0.05245603452314804 Penicillium-mb
1 2 0.7826115233080417 0.037497211499567 Penicillium-solitum
1 2 0.7071099429958464 0.07558492068200744 Penicillium-commune
1 2 -0.6868168929046583 0.08828905533447935 Penicillium-cvjetkovicii
1 2 -0.7559085250012411 0.04932281479900477 Penicillium-brevicompactum
1 2 0.38975543550204816 0.3874206262707693 Penicillium-chrysogenum
1 2 0.7148583824892365 0.07101072547262514 Penicillium-verrucosum
1 2 0.7740123395419612 0.04111078541458473 Penicillium-polonicum
1 2 0.7497326016499917 0.05231285427096161 Penicillium-mb
1 2 0.7831101995414064 0.03729329569433105 Penicillium-solitum
1 2 0.7069849201856014 0.07565997962765462 Penicillium-commune
1 2 -0.6859206352119375 0.08887430278544102 Penicillium-cvjetkovicii
1 2 -0.755908525001241 0.049322814799004834 Penicillium-brevicompactum
1 2 0.39019621116101355 0.3868363773899217 Penicillium-chrysogenum
1 2 0.7140511499570203 0.07148013179471017 Penicillium-verrucosum
1 2 0.7724279006436738 0.041796708268608825 Penicillium-polonicum
1 2 0.7484942903717908 0.05292396763847871 Penicillium-mb
1 2 0.7807696939219221 0.038255711504463955 Penicillium-solitum
1 2 0.7047669818025737 0.07699816199258525 Penicillium-commune
1 2 -0.6864034942234416 0.08855874687287478 Penicillium-cvjetkovicii
1 0 -0.7558347833117292 0.04935794886425872 Penicillium-brevicompactum
1 0 0.3876238296866304 0.3902510792491089 Penicillium-chrysogenum
1 0 0.7136609673963916 0.07170761799606996 Penicillium-verrucosum
1 0 0.7728439064538162 0.041616007332292586 Penicillium-polonicum
1 0 0.7485555583726626 0.05289364040970389 Penicillium-mb
1 0 0.7818243187149956 0.037820366546640796 Penicillium-solitum
1 0 0.7055196001890505 0.07654266918854065 Penicillium-commune
1 0 -0.6865908256078832 0.08843648246803525 Penicillium-cvjetkovicii
1 0 -0.7557935636447128 0.049377593855452206 Penicillium-brevicompactum
1 0 0.3824483811566949 0.3971576347957636 Penicillium-chrysogenum
1 0 0.7117030176068008 0.07285500462756461 Penicillium-verrucosum
1 0 0.7717856826394555 0.04207651829159798 Penicillium-polonicum
1 0 0.7470928588900422 0.053620257733476 Penicillium-mb
1 0 0.7812414961550762 0.03806061193117532 Penicillium-solitum
1 0 0.7040276680478043 0.07744700704907556 Penicillium-commune
1 0 -0.6865908256078835 0.0884364824680351 Penicillium-cvjetkovicii
1 2 -0.7559085250012411 0.04932281479900477 Penicillium-brevicompactum
1 2 0.39384562951235635 0.38201275386628836 Penicillium-chrysogenum
1 2 0.7186972545332444 0.06880112059213954 Penicillium-verrucosum
1 2 0.7772740054488653 0.03971848950223883 Penicillium-polonicum
1 2 0.7532306524575668 0.05060747274686823 Penicillium-mb
1 2 0.786147453701031 0.036064629266709204 Penicillium-solitum
1 2 0.7108412926573456 0.07336308118127602 Penicillium-commune
1 2 -0.6839350405505139 0.09017814912808911 Penicillium-cvjetkovicii
1 2 -0.7559496007371884 0.049303250298605356 Penicillium-brevicompactum
1 2 0.3908717458642661 0.3859416450169386 Penicillium-chrysogenum
1 2 0.7154056540714117 0.07069343024220931 Penicillium-verrucosum
1 2 0.7741507087554202 0.04105118129018127 Penicillium-polonicum
1 2 0.7500476325382143 0.05215800311798295 Penicillium-mb
1 2 0.7833203880928469 0.037207531394461237 Penicillium-solitum
1 2 0.707441570038541 0.07538601722023076 Penicillium-commune
1 2 -0.6870238749547205 0.08815418836250818 Penicillium-cvjetkovicii
1 2 -0.7559173241041076 0.049318623401126506 Penicillium-brevicompactum
1 2 0.3858115712588744 0.3926639915897718 Penicillium-chrysogenum
1 2 0.7128907609722265 0.07215780537790811 Penicillium-verrucosum
1 2 0.7724979055177009 0.04176626991313508 Penicillium-polonicum
1 2 0.7480151097982659 0.05316148599481355 Penicillium-mb
1 2 0.7817904195010328 0.03783431704517828 Penicillium-solitum
1 2 0.7048781189143267 0.07693080983735855 Penicillium-commune
1 2 -0.6866893314646922 0.08837222705693491 Penicillium-cvjetkovicii
1 2 -0.7559085250012407 0.04932281479900492 Penicillium-brevicompactum
1 2 0.3877358649245746 0.39010210704372594 Penicillium-chrysogenum
1 2 0.7133979630223424 0.07186117482332605 Penicillium-verrucosum
1 2 0.7725560434986949 0.04174100062912842 Penicillium-polonicum
1 2 0.7482657310115278 0.05303718664167289 Penicillium-mb
1 2 0.7820363511383459 0.03773317385141255 Penicillium-solitum
1 2 0.7056499531680497 0.07646392469829538 Penicillium-commune
1 2 -0.6864949335521384 0.0884990565915161 Penicillium-cvjetkovicii
1 2 -0.7562842778677771 0.04914400101034005 Penicillium-brevicompactum
1 2 0.3910743010623379 0.38567352755368406 Penicillium-chrysogenum
1 2 0.7172924089497302 0.0696053794279049 Penicillium-verrucosum
1 2 0.7766504131803699 0.039982629746141966 Penicillium-polonicum
1 2 0.7522737109861405 0.05107093433275053 Penicillium-mb
1 2 0.7863551241705635 0.035981454288941755 Penicillium-solitum
1 2 0.7099743331251993 0.07387615216191841 Penicillium-commune
1 2 -0.6866655571960687 0.08838773276371281 Penicillium-cvjetkovicii
1 2 -0.7559085250012408 0.04932281479900488 Penicillium-brevicompactum
1 2 0.39352847221445914 0.3824309853493109 Penicillium-chrysogenum
1 2 0.7171614036801515 0.06968063458597369 Penicillium-verrucosum
1 2 0.7755953625357975 0.04043173310286744 Penicillium-polonicum
1 2 0.75162010582666 0.0513888139789416 Penicillium-mb
1 2 0.7847884255912597 0.03661157450380575 Penicillium-solitum
1 2 0.7093371504673472 0.07425446028764907 Penicillium-commune
1 2 -0.6853776949568602 0.08922983061897752 Penicillium-cvjetkovicii
3 4 -0.755908525001241 0.049322814799004834 Penicillium-brevicompactum
3 4 0.39354164155827065 0.3824136154063931 Penicillium-chrysogenum
3 4 0.7151681650740315 0.07083102714634053 Penicillium-verrucosum
3 4 0.7736996609619261 0.0412456513095094 Penicillium-polonicum
3 4 0.7496134053557039 0.05237150973552119 Penicillium-mb
3 4 0.783418654371121 0.03716747289166264 Penicillium-solitum
3 4 0.7085169898935464 0.07474292788981703 Penicillium-commune
3 4 -0.6857306151958863 0.08899864635225971 Penicillium-cvjetkovicii
1 2 -0.7559085250012408 0.04932281479900488 Penicillium-brevicompactum
1 2 0.3911229770630569 0.38560910750485483 Penicillium-chrysogenum
1 2 0.715041073764444 0.07090472057217294 Penicillium-verrucosum
1 2 0.7739006006649142 0.041158953093326456 Penicillium-polonicum
1 2 0.7497589468029808 0.052299894893495485 Penicillium-mb
1 2 0.7829397057359766 0.03736294363521527 Penicillium-solitum
1 2 0.7074532636635719 0.07537900872259194 Penicillium-commune
1 2 -0.6865166594793275 0.08848487734330666 Penicillium-cvjetkovicii
3 4 -0.755908525001241 0.049322814799004834 Penicillium-brevicompactum
3 4 0.3900315708976118 0.38705456676250566 Penicillium-chrysogenum
3 4 0.7164750561147447 0.07007561664381708 Penicillium-verrucosum
3 4 0.776455204345548 0.040065515112112066 Penicillium-polonicum
3 4 0.7518240347941069 0.05128951775058799 Penicillium-mb
3 4 0.7866588604461312 0.03585999573935056 Penicillium-solitum
3 4 0.7097934938518187 0.0739834149951278 Penicillium-commune
3 4 -0.6843044345707077 0.08993482683639431 Penicillium-cvjetkovicii
1 0 -0.7559016243891203 0.04932610199916004 Penicillium-brevicompactum
1 0 0.38683550960289187 0.3912999465843407 Penicillium-chrysogenum
1 0 0.7139773214730571 0.0715231459170412 Penicillium-verrucosum
1 0 0.7735060971360238 0.04132926241825323 Penicillium-polonicum
1 0 0.7490568508859164 0.052645860567323406 Penicillium-mb
1 0 0.7827296884212324 0.03744883633104684 Penicillium-solitum
1 0 0.7059200662995515 0.07630089069687222 Penicillium-commune
1 0 -0.6865908256078835 0.0884364824680351 Penicillium-cvjetkovicii
1 2 -0.7559884915966522 0.04928473038073803 Penicillium-brevicompactum
1 2 0.39070462472280504 0.386162915870884 Penicillium-chrysogenum
1 2 0.7156183243619865 0.07057033471600868 Penicillium-verrucosum
1 2 0.7746061702237254 0.040855323528596534 Penicillium-polonicum
1 2 0.7504022426116497 0.05198399706990648 Penicillium-mb
1 2 0.7837253003546429 0.037042621800725484 Penicillium-solitum
1 2 0.7077003435539372 0.0752310044151868 Penicillium-commune
1 2 -0.687365882038843 0.08793157941768101 Penicillium-cvjetkovicii
1 2 -0.755908525001241 0.049322814799004834 Penicillium-brevicompactum
1 2 0.3888275776553994 0.388651663722934 Penicillium-chrysogenum
1 2 0.7152942290920655 0.07075797001491574 Penicillium-verrucosum
1 2 0.7746428785603579 0.04083956073227682 Penicillium-polonicum
1 2 0.7502706216565505 0.052048545985604384 Penicillium-mb
1 2 0.7838247585804141 0.03700217739544352 Penicillium-solitum
1 2 0.7076078918691213 0.07528636606469946 Penicillium-commune
1 2 -0.6860951012142938 0.08876021813698885 Penicillium-cvjetkovicii
1 2 -0.7560253107828274 0.049267200511281486 Penicillium-brevicompactum
1 2 0.3867976519245492 0.39135034501049476 Penicillium-chrysogenum
1 2 0.7146548535021588 0.07112892132140432 Penicillium-verrucosum
1 2 0.7743134271947899 0.04098114959377136 Penicillium-polonicum
1 2 0.7498012459604045 0.052279091290430534 Penicillium-mb
1 2 0.7837357367976838 0.03703837669916214 Penicillium-solitum
1 2 0.706855011490135 0.07573801404008793 Penicillium-commune
1 2 -0.6876205283876284 0.08776602584624364 Penicillium-cvjetkovicii
1 0 -0.7557033161370607 0.04942062010867373 Penicillium-brevicompactum
1 0 0.3848053414765146 0.39400629766290524 Penicillium-chrysogenum
1 0 0.7082964466587743 0.07487457028390618 Penicillium-verrucosum
1 0 0.7655888609457892 0.04482945350618414 Penicillium-polonicum
1 0 0.7421554828728066 0.056112947879231455 Penicillium-mb
1 0 0.7709095808134546 0.042459892371295264 Penicillium-solitum
1 0 0.6944395060451984 0.0833941369638471 Penicillium-commune
1 0 -0.6865908256078832 0.08843648246803525 Penicillium-cvjetkovicii
1 2 -0.7559085250012407 0.04932281479900492 Penicillium-brevicompactum
1 2 0.38935233980279843 0.38795524122181 Penicillium-chrysogenum
1 2 0.7149662799523084 0.07094810870821461 Penicillium-verrucosum
1 2 0.7740999231302252 0.04107305222948999 Penicillium-polonicum
1 2 0.7498222430453285 0.05226876616754725 Penicillium-mb
1 2 0.7833986482274257 0.037175626506666504 Penicillium-solitum
1 2 0.7071959415503962 0.07553331352310151 Penicillium-commune
1 2 -0.6860470701332105 0.08879161830814727 Penicillium-cvjetkovicii
1 2 -0.7559107083856214 0.04932177473924325 Penicillium-brevicompactum
1 2 0.39031949346375155 0.38667303009324966 Penicillium-chrysogenum
1 2 0.7131550474339822 0.07200315913221007 Penicillium-verrucosum
1 2 0.7715004082427634 0.04220114104874421 Penicillium-polonicum
1 2 0.7475876057802806 0.0533738795267242 Penicillium-mb
1 2 0.7795788329638151 0.038750616234222414 Penicillium-solitum
1 2 0.7039342836382427 0.07750380069885492 Penicillium-commune
1 2 -0.6866155480917059 0.0884203536628811 Penicillium-cvjetkovicii
1 0 -0.7555997087683508 0.04947004110028876 Penicillium-brevicompactum
1 0 0.3854012723514675 0.3932111071161308 Penicillium-chrysogenum
1 0 0.7106007949221312 0.07350521712112251 Penicillium-verrucosum
1 0 0.7697879374287124 0.04295351512757001 Penicillium-polonicum
1 0 0.7455207043966164 0.05440728223367774 Penicillium-mb
1 0 0.7790507080188072 0.038971225949151735 Penicillium-solitum
1 0 0.7028559218535603 0.07816123734594752 Penicillium-commune
1 0 -0.6865908256078835 0.0884364824680351 Penicillium-cvjetkovicii
1 0 -0.7557248859873225 0.04941033463541793 Penicillium-brevicompactum
1 0 0.38621269292743415 0.3921294085178637 Penicillium-chrysogenum
1 0 0.7120541956328406 0.0726484909144248 Penicillium-verrucosum
1 0 0.7709815117409036 0.042428343746163784 Penicillium-polonicum
1 0 0.7468148854811124 0.05375895688724918 Penicillium-mb
1 0 0.7794067079773507 0.038822440528537755 Penicillium-solitum
1 0 0.7034805529439929 0.07778006241374975 Penicillium-commune
1 0 -0.6865908256078835 0.0884364824680351 Penicillium-cvjetkovicii
1 2 -0.7559085250012408 0.04932281479900488 Penicillium-brevicompactum
1 2 0.38899819842781136 0.3884251742840793 Penicillium-chrysogenum
1 2 0.7145452494914476 0.07119261559455936 Penicillium-verrucosum
1 2 0.7736555802476194 0.04126468402514056 Penicillium-polonicum
1 2 0.7493923652652082 0.05248037666975832 Penicillium-mb
1 2 0.7828187978075338 0.03741237908883055 Penicillium-solitum
1 2 0.7067772377499194 0.0757847522492391 Penicillium-commune
1 2 -0.6864740839645307 0.0885126650322496 Penicillium-cvjetkovicii
1 2 -0.7561342178666468 0.04921536909343802 Penicillium-brevicompactum
1 2 0.394599917828536 0.38101882826288996 Penicillium-chrysogenum
1 2 0.7174044182233706 0.0695410710437959 Penicillium-verrucosum
1 2 0.7757669168106605 0.04035851869415927 Penicillium-polonicum
1 2 0.7518461289076654 0.05127876608254704 Penicillium-mb
1 2 0.7845433899007819 0.03671067658800633 Penicillium-solitum
1 2 0.709338781199768 0.07425349076952567 Penicillium-commune
1 2 -0.6878937507441055 0.08758857879240414 Penicillium-cvjetkovicii
1 0 -0.7557679495192283 0.04938980351734016 Penicillium-brevicompactum
1 0 0.38788800206142254 0.3898998482985621 Penicillium-chrysogenum
1 0 0.7120094891702131 0.07267476354879017 Penicillium-verrucosum
1 0 0.7704168186081699 0.042676363920764834 Penicillium-polonicum
1 0 0.7464368692354191 0.05394788759282562 Penicillium-mb
1 0 0.779545223553621 0.038764634976497805 Penicillium-solitum
1 0 0.7048693212947029 0.0769361402911861 Penicillium-commune
1 0 -0.6865908256078836 0.088436482468035 Penicillium-cvjetkovicii
1 2 -0.7559085250012408 0.04932281479900488 Penicillium-brevicompactum
1 2 0.39486354596991596 0.3806716931849951 Penicillium-chrysogenum
1 2 0.7179909498534389 0.06920484445709531 Penicillium-verrucosum
1 2 0.7758269360869168 0.04033292152711856 Penicillium-polonicum
1 2 0.7520572427232837 0.05117609382302736 Penicillium-mb
1 2 0.7855730485452406 0.03629524256838411 Penicillium-solitum
1 2 0.710150408540595 0.07377179497156622 Penicillium-commune
1 2 -0.6848869938326024 0.08955179587089503 Penicillium-cvjetkovicii
1 2 -0.7559085250012407 0.04932281479900492 Penicillium-brevicompactum
1 2 0.39336039421855007 0.38265270290728287 Penicillium-chrysogenum
1 2 0.7168232190201239 0.0698751045963923 Penicillium-verrucosum
1 2 0.7759168453140732 0.04029459362389488 Penicillium-polonicum
1 2 0.7516693128899044 0.05136484467301754 Penicillium-mb
1 2 0.7855054901465854 0.03632241972289752 Penicillium-solitum
1 2 0.7098094834142118 0.07397392760542422 Penicillium-commune
1 2 -0.6849244311474718 0.08952721044443397 Penicillium-cvjetkovicii
1 2 -0.7559085250012411 0.04932281479900477 Penicillium-brevicompactum
1 2 0.39233824495252206 0.3840021754581992 Penicillium-chrysogenum
1 2 0.7184642355407715 0.06893417393847365 Penicillium-verrucosum
1 2 0.7774175518266212 0.039657823498788054 Penicillium-polonicum
1 2 0.7532073526977332 0.050618729732877316 Penicillium-mb
1 2 0.7861047066099953 0.03608176332866961 Penicillium-solitum
1 2 0.7094893003430395 0.07416403189458359 Penicillium-commune
1 2 -0.6830902633934437 0.09073591265925683 Penicillium-cvjetkovicii
