#SPECIES: Penicillium-brevicompactum Penicillium-commune Penicillium-solitum Penicillium-polonicum Penicillium-mb Penicillium-verrucosum Penicillium-chrysogenum Penicillium-cvjetkovicii 
#GENE_TREEs p: 0.0008596607141643383 0.00015336947332025624 0.00017910852227383402 0.0001738995609864409 0.00014148777397939477 0.00021863650391935985 0.00022993623458238756 0.02973934125545094 
#GENE_TREEs r: -0.9537955860547279 0.9769288308132678 0.9754438735884927 0.9757335880368461 0.9776646590639759 0.9733930578584867 0.9728481112642128 -0.8027803640653709 
1 0 -0.953924122514257 0.000853754164826458 Penicillium-brevicompactum
1 0 0.9774685910230748 0.00014459802355761646 Penicillium-commune
1 0 0.9759597799323512 0.00016989622530491858 Penicillium-solitum
1 0 0.9760792364943046 0.00016780436273788606 Penicillium-polonicum
1 0 0.977999150941289 0.00013627445927581644 Penicillium-mb
1 0 0.9740472310362125 0.00020551715903696391 Penicillium-verrucosum
1 0 0.9731184475630044 0.00022428831479515233 Penicillium-chrysogenum
1 0 -0.8027803640653712 0.029739341255450854 Penicillium-cvjetkovicii
1 2 -0.9536767346548699 0.0008651436683418689 Penicillium-brevicompactum
1 2 0.9783273009990974 0.00013127296117073967 Penicillium-commune
1 2 0.9769020772676654 0.0001538122598177046 Penicillium-solitum
1 2 0.9764757213956353 0.00016097166560047547 Penicillium-polonicum
1 2 0.9783842734850419 0.00013041595608116098 Penicillium-mb
1 2 0.974574316155689 0.00019529636370903728 Penicillium-verrucosum
1 2 0.9740766258933872 0.00020493897258589208 Penicillium-chrysogenum
1 2 -0.80594209573085 0.0286135891687598 Penicillium-cvjetkovicii
1 2 -0.9536767346548699 0.0008651436683418689 Penicillium-brevicompactum
1 2 0.9791705127494846 0.0001189287471921925 Penicillium-commune
1 2 0.97771015094731 0.000140771887072058 Penicillium-solitum
1 2 0.9787232256040714 0.0001253862892494538 Penicillium-polonicum
1 2 0.9805323167560082 0.00010050672025151101 Penicillium-mb
1 2 0.9760499515753721 0.00016831575694271949 Penicillium-verrucosum
1 2 0.9758897022670292 0.00017113058187912807 Penicillium-chrysogenum
1 2 -0.830204324027146 0.020776757861287395 Penicillium-cvjetkovicii
1 0 -0.9537654398062263 0.0008610494942415099 Penicillium-brevicompactum
1 0 0.9780398600866511 0.0001356479277537888 Penicillium-commune
1 0 0.9765522916521514 0.00015967157882823408 Penicillium-solitum
1 0 0.9768965194949907 0.0001539043395847568 Penicillium-polonicum
1 0 0.9787939023561838 0.00012435236052422383 Penicillium-mb
1 0 0.9746647856495174 0.0001935732050066643 Penicillium-verrucosum
1 0 0.9739203795352366 0.00020802341718785417 Penicillium-chrysogenum
1 0 -0.8027803640653709 0.02973934125545094 Penicillium-cvjetkovicii
1 2 -0.9536432355416313 0.0008666928055953853 Penicillium-brevicompactum
1 2 0.9781846549549771 0.00013343340352184915 Penicillium-commune
1 2 0.9767443863678813 0.0001564376093984594 Penicillium-solitum
1 2 0.9762808558259077 0.00016430867149866968 Penicillium-polonicum
1 2 0.9781910707814988 0.00013333578098316377 Penicillium-mb
1 2 0.9745331379574378 0.00019608369213739064 Penicillium-verrucosum
1 2 0.9740172890167073 0.00020610710544329876 Penicillium-chrysogenum
1 2 -0.7976869984132098 0.03160414654280897 Penicillium-cvjetkovicii
1 2 -0.9536767346548699 0.0008651436683418689 Penicillium-brevicompactum
1 2 0.9789225723055178 0.00012248314116537344 Penicillium-commune
1 2 0.9775282578967783 0.00014364725274996785 Penicillium-solitum
1 2 0.9774232961253736 0.00014532227957751316 Penicillium-polonicum
1 2 0.9791535545092711 0.00011916986799033013 Penicillium-mb
1 2 0.9755999761409965 0.00017629047647537563 Penicillium-verrucosum
1 2 0.9771009453852753 0.0001505390457373968 Penicillium-chrysogenum
1 2 -0.8610009804930867 0.01281896942226991 Penicillium-cvjetkovicii
1 2 -0.9535439449012055 0.000871294052188676 Penicillium-brevicompactum
1 2 0.9776940429267896 0.00014102512478445423 Penicillium-commune
1 2 0.9762437132610399 0.0001649493586726805 Penicillium-solitum
1 2 0.9761065249364417 0.00016732866671804772 Penicillium-polonicum
1 2 0.9780015363408247 0.0001362376994558746 Penicillium-mb
1 2 0.9741309493876151 0.000203873000206487 Penicillium-verrucosum
1 2 0.973940620322148 0.00020762229831504595 Penicillium-chrysogenum
1 2 -0.7812520528656881 0.03805625284649062 Penicillium-cvjetkovicii
1 2 -0.9536767346548699 0.0008651436683418689 Penicillium-brevicompactum
1 2 0.9764009912780763 0.0001622465709200522 Penicillium-commune
1 2 0.9748956521154913 0.00018921707449940197 Penicillium-solitum
1 2 0.9746738119583763 0.00019340178108518544 Penicillium-polonicum
1 2 0.9766365587076511 0.00015824806348020972 Penicillium-mb
1 2 0.9731394293906703 0.00022385345163998795 Penicillium-verrucosum
1 2 0.9725823199494218 0.00023557090090618082 Penicillium-chrysogenum
1 2 -0.8078613809444013 0.02794207030221728 Penicillium-cvjetkovicii
1 0 -0.9540333531018971 0.0008487536959347505 Penicillium-brevicompactum
1 0 0.9776439725031171 0.00014181402600670269 Penicillium-commune
1 0 0.9761816734339427 0.00016602282383175403 Penicillium-solitum
1 0 0.9759467161422819 0.00017012592884296733 Penicillium-polonicum
1 0 0.9778973848454358 0.00013784821996673367 Penicillium-mb
1 0 0.9738937412215953 0.00020855202084193823 Penicillium-verrucosum
1 0 0.9729110600275777 0.0002286136255801573 Penicillium-chrysogenum
1 0 -0.8027803640653715 0.029739341255450767 Penicillium-cvjetkovicii
1 2 -0.9534761199300386 0.0008744454326044316 Penicillium-brevicompactum
1 2 0.9788608979839388 0.00012337699230643875 Penicillium-commune
1 2 0.9774340820214773 0.00014514961966686805 Penicillium-solitum
1 2 0.9773318116109392 0.00014679168078845524 Penicillium-polonicum
1 2 0.9791770815257831 0.00011883542726976987 Penicillium-mb
1 2 0.975432667850995 0.00017931183890620685 Penicillium-verrucosum
1 2 0.9753936259769059 0.00018002128740226932 Penicillium-chrysogenum
1 2 -0.768745591900799 0.04341506202983775 Penicillium-cvjetkovicii
1 2 -0.9536636377931635 0.0008657491260369754 Penicillium-brevicompactum
1 2 0.9781014862900683 0.0001347027466632136 Penicillium-commune
1 2 0.9766487735912791 0.00015804234877249645 Penicillium-solitum
1 2 0.9761419571730482 0.00016671220715072841 Penicillium-polonicum
1 2 0.9780881697237369 0.00013490665349601995 Penicillium-mb
1 2 0.9746745680854778 0.0001933874251380491 Penicillium-verrucosum
1 2 0.9739462535772851 0.00020751074408875927 Penicillium-chrysogenum
1 2 -0.8008145027630884 0.030451579116251664 Penicillium-cvjetkovicii
1 0 -0.9538667445000025 0.0008563878404159164 Penicillium-brevicompactum
1 0 0.9769975799409933 0.00015223512321572565 Penicillium-commune
1 0 0.9755109915736 0.00017789361012558578 Penicillium-solitum
1 0 0.9758313616246483 0.00017216226448456444 Penicillium-polonicum
1 0 0.9777927203180372 0.00013947805308330247 Penicillium-mb
1 0 0.9735532581909986 0.00021537897796562394 Penicillium-verrucosum
1 0 0.9727509714418175 0.00023198614601307785 Penicillium-chrysogenum
1 0 -0.802780364065371 0.02973934125545091 Penicillium-cvjetkovicii
1 0 -0.953793552898862 0.0008597543360551672 Penicillium-brevicompactum
1 0 0.9780985240119766 0.00013474808995728334 Penicillium-commune
1 0 0.9766269246046643 0.00015841042694392398 Penicillium-solitum
1 0 0.9763732696577557 0.00016272102988910188 Penicillium-polonicum
1 0 0.9782653887384065 0.0001322080695820444 Penicillium-mb
1 0 0.9744459123704513 0.00019775768255283926 Penicillium-verrucosum
1 0 0.9737724462328032 0.00021096907393307739 Penicillium-chrysogenum
1 0 -0.8027803640653725 0.02973934125545039 Penicillium-cvjetkovicii
1 0 -0.9537451709519947 0.0008619839875291114 Penicillium-brevicompactum
1 0 0.9781671524265924 0.00013369993678684832 Penicillium-commune
1 0 0.9767138602432678 0.00015694889128660937 Penicillium-solitum
1 0 0.9762339741892279 0.00016511759776956337 Penicillium-polonicum
1 0 0.9781299537368165 0.00013426746203684664 Penicillium-mb
1 0 0.9744105124197521 0.00019843947971824287 Penicillium-verrucosum
1 0 0.9738105855786028 0.00021020728108541646 Penicillium-chrysogenum
1 0 -0.8027803640653716 0.029739341255450708 Penicillium-cvjetkovicii
1 0 -0.9537274601218322 0.0008628010345013094 Penicillium-brevicompactum
1 0 0.9774567052326162 0.00014478786616486106 Penicillium-commune
1 0 0.9760012389091648 0.0001691684670408755 Penicillium-solitum
1 0 0.9756100640273597 0.00017610927992816765 Penicillium-polonicum
1 0 0.9775311504751587 0.00014360125551776857 Penicillium-mb
1 0 0.9737349501253397 0.00021171961883460506 Penicillium-verrucosum
1 0 0.9732704779837442 0.00022114873620207045 Penicillium-chrysogenum
1 0 -0.8027803640653725 0.02973934125545039 Penicillium-cvjetkovicii
1 2 -0.9536767346548699 0.0008651436683418689 Penicillium-brevicompactum
1 2 0.9788203872644989 0.00012396622766621657 Penicillium-commune
1 2 0.9773704832311486 0.00014616947181837392 Penicillium-solitum
1 2 0.9769140975688144 0.0001536132228341509 Penicillium-polonicum
1 2 0.9788380562346558 0.00012370902361271305 Penicillium-mb
1 2 0.9758201406005284 0.0001723611182410385 Penicillium-verrucosum
1 2 0.9752600372853536 0.0001824614274208365 Penicillium-chrysogenum
1 2 -0.8206465000344366 0.023695819541688604 Penicillium-cvjetkovicii
1 0 -0.9537034765110565 0.0008639081914983797 Penicillium-brevicompactum
1 0 0.978194999043474 0.00013327602998788171 Penicillium-commune
1 0 0.976735796472098 0.00015658138100071956 Penicillium-solitum
1 0 0.9764819063746587 0.00016086641752582364 Penicillium-polonicum
1 0 0.9783720003063532 0.00013060029181941255 Penicillium-mb
1 0 0.9746546239632699 0.00019376629978926695 Penicillium-verrucosum
1 0 0.9741590508028019 0.00020332287385984966 Penicillium-chrysogenum
1 0 -0.802780364065372 0.029739341255450535 Penicillium-cvjetkovicii
1 2 -0.9536767346548699 0.0008651436683418689 Penicillium-brevicompactum
1 2 0.978116204901661 0.00013447758524282545 Penicillium-commune
1 2 0.9766638520366757 0.00015778862780655006 Penicillium-solitum
1 2 0.9764239688424058 0.00016185393262096518 Penicillium-polonicum
1 2 0.9783008281167429 0.0001316723171603872 Penicillium-mb
1 2 0.974462200556156 0.0001974444441194189 Penicillium-verrucosum
1 2 0.9741541086749395 0.00020341955910695562 Penicillium-chrysogenum
1 2 -0.8162917698348052 0.02509798070997438 Penicillium-cvjetkovicii
1 2 -0.9535343296208056 0.0008717404015203776 Penicillium-brevicompactum
1 2 0.9781548090359444 0.0001338880959951829 Penicillium-commune
1 2 0.9767004399476068 0.00015717398241862156 Penicillium-solitum
1 2 0.9759422366164183 0.00017020473592211898 Penicillium-polonicum
1 2 0.9778495167222843 0.0001385922039699662 Penicillium-mb
1 2 0.9746401311578711 0.00019404189393158375 Penicillium-verrucosum
1 2 0.9741194334591547 0.00020409869709404695 Penicillium-chrysogenum
1 2 -0.779545942815289 0.03876433493753666 Penicillium-cvjetkovicii
1 2 -0.95367673465487 0.0008651436683418633 Penicillium-brevicompactum
1 2 0.9772912047552201 0.00014744672308077288 Penicillium-commune
1 2 0.9757660828538872 0.00017332102158696574 Penicillium-solitum
1 2 0.9761364792645425 0.0001668074246868373 Penicillium-polonicum
1 2 0.9779818054528642 0.00013654193698914245 Penicillium-mb
1 2 0.9738879453791586 0.0002086671378230762 Penicillium-verrucosum
1 2 0.9735844723037779 0.00021474765438812374 Penicillium-chrysogenum
1 2 -0.8114343631938766 0.026715734945864246 Penicillium-cvjetkovicii
1 2 -0.953671438302778 0.0008653884843804057 Penicillium-brevicompactum
1 2 0.9781969428584231 0.00013324646941335623 Penicillium-commune
1 2 0.9767481157374196 0.0001563752143495355 Penicillium-solitum
1 2 0.9765473451493346 0.00015975537575273975 Penicillium-polonicum
1 2 0.9784411441646916 0.00012956381809471948 Penicillium-mb
1 2 0.9746761953034498 0.0001933565326762833 Penicillium-verrucosum
1 2 0.9742788039032358 0.0002009884466736112 Penicillium-chrysogenum
1 2 -0.8019892496337137 0.03002483067191141 Penicillium-cvjetkovicii
1 2 -0.9536767346548701 0.000865143668341858 Penicillium-brevicompactum
1 2 0.9759156639151115 0.00017067266938994532 Penicillium-commune
1 2 0.9744163733195691 0.00019832650322743991 Penicillium-solitum
1 2 0.9740921233890695 0.0002046345327425312 Penicillium-polonicum
1 2 0.9760127386627018 0.0001689669335439362 Penicillium-mb
1 2 0.9722414716944373 0.0002429158879491479 Penicillium-verrucosum
1 2 0.9721108085985727 0.0002457672127354663 Penicillium-chrysogenum
1 2 -0.803474860944473 0.029489975896690723 Penicillium-cvjetkovicii
1 2 -0.9535271415152001 0.000872074167735848 Penicillium-brevicompactum
1 2 0.9786307110443856 0.0001267474046768569 Penicillium-commune
1 2 0.9771847830305551 0.00014917170142902874 Penicillium-solitum
1 2 0.9769304561060577 0.0001533425983034835 Penicillium-polonicum
1 2 0.9788005975242853 0.00012425468166470994 Penicillium-mb
1 2 0.9751538279125963 0.00018441543490593877 Penicillium-verrucosum
1 2 0.974791775877512 0.00019116976837882225 Penicillium-chrysogenum
1 2 -0.7782564623721919 0.03930430670494155 Penicillium-cvjetkovicii
1 2 -0.9529126308463282 0.0009008878595300768 Penicillium-brevicompactum
1 2 0.9801319524457253 0.00010573131240663652 Penicillium-commune
1 2 0.9787210388224699 0.0001254183610721883 Penicillium-solitum
1 2 0.9784434209553285 0.00012952977247902107 Penicillium-polonicum
1 2 0.980200352119185 0.00010482752570658938 Penicillium-mb
1 2 0.9768911554754195 0.00015399324044562064 Penicillium-verrucosum
1 2 0.9771735788304046 0.00014935400517876807 Penicillium-chrysogenum
1 2 -0.6039559779842352 0.15095786867097055 Penicillium-cvjetkovicii
1 2 -0.9536767346548699 0.0008651436683418689 Penicillium-brevicompactum
1 2 0.9781348470653207 0.00013419272464590772 Penicillium-commune
1 2 0.9766116079040024 0.00015866876347655335 Penicillium-solitum
1 2 0.9769251858582467 0.00015342975465291146 Penicillium-polonicum
1 2 0.9788005436977504 0.00012425546678206153 Penicillium-mb
1 2 0.9751207723982152 0.00018502611134365096 Penicillium-verrucosum
1 2 0.9742953210229253 0.00020066772658157187 Penicillium-chrysogenum
1 2 -0.8047461783894231 0.02903654151538054 Penicillium-cvjetkovicii
1 2 -0.9531076777291381 0.0008916822860291756 Penicillium-brevicompactum
1 2 0.9800210949026319 0.00010720594944713741 Penicillium-commune
1 2 0.9786218365993368 0.00012687843025403168 Penicillium-solitum
1 2 0.9784962646913958 0.0001287410805452262 Penicillium-polonicum
1 2 0.9802946269561268 0.00010358942037529072 Penicillium-mb
1 2 0.9767253198711964 0.0001567568374841282 Penicillium-verrucosum
1 2 0.9768187519879731 0.00015519621863096465 Penicillium-chrysogenum
1 2 -0.676362349123047 0.09524271330499816 Penicillium-cvjetkovicii
1 0 -0.9537649791670288 0.0008610707252999273 Penicillium-brevicompactum
1 0 0.9769518947945856 0.00015298836168905477 Penicillium-commune
1 0 0.9754701461768502 0.00017863237169774191 Penicillium-solitum
1 0 0.9758269160071358 0.0001722410312869922 Penicillium-polonicum
1 0 0.977775531220906 0.00013974681354028242 Penicillium-mb
1 0 0.9734053622635086 0.00021838527264475096 Penicillium-verrucosum
1 0 0.9727369297889117 0.00023228335882988734 Penicillium-chrysogenum
1 0 -0.8027803640653721 0.02973934125545051 Penicillium-cvjetkovicii
1 2 -0.9536767346548699 0.0008651436683418689 Penicillium-brevicompactum
1 2 0.9779371600509802 0.00013723183422370411 Penicillium-commune
1 2 0.976476278883263 0.00016096217730591307 Penicillium-solitum
1 2 0.9764669703551211 0.00016112064971481155 Penicillium-polonicum
1 2 0.9783565101432388 0.0001308331663605864 Penicillium-mb
1 2 0.9744636982772552 0.00019741565625879724 Penicillium-verrucosum
1 2 0.9741221618701421 0.00020404521042405272 Penicillium-chrysogenum
1 2 -0.8051975692363105 0.02887649244332593 Penicillium-cvjetkovicii
3 4 -0.9536262216487713 0.0008674802262640709 Penicillium-brevicompactum
3 4 0.9784191249166155 0.00012989335464024803 Penicillium-commune
3 4 0.9769694254241124 0.00015269906166942972 Penicillium-solitum
3 4 0.9765618795994667 0.00015950922746448207 Penicillium-polonicum
3 4 0.9785454027388757 0.00012801027154179642 Penicillium-mb
3 4 0.9751603645332536 0.00018429481801238954 Penicillium-verrucosum
3 4 0.974292958065784 0.00020071359045211847 Penicillium-chrysogenum
3 4 -0.7950166513931417 0.03260720262983619 Penicillium-cvjetkovicii
1 2 -0.9535330048720889 0.0008718019080622956 Penicillium-brevicompactum
1 2 0.9792156799402364 0.00011828795762790066 Penicillium-commune
1 2 0.9778008655453165 0.00013935080591388467 Penicillium-solitum
1 2 0.9777443452162969 0.00014023521051617535 Penicillium-polonicum
1 2 0.9795796216176248 0.00011319981459716256 Penicillium-mb
1 2 0.975781761909862 0.00017304228158351078 Penicillium-verrucosum
1 2 0.9757626307702578 0.00017338242813840052 Penicillium-chrysogenum
1 2 -0.7793092032823388 0.038863159966978714 Penicillium-cvjetkovicii
1 2 -0.9535374937705786 0.0008715935041178413 Penicillium-brevicompactum
1 2 0.978072616655433 0.0001351450390795022 Penicillium-commune
1 2 0.9765702501949591 0.0001593675698093559 Penicillium-solitum
1 2 0.9763739909124324 0.0001627086750649899 Penicillium-polonicum
1 2 0.9782499621572087 0.00013244168516136177 Penicillium-mb
1 2 0.9749326905248814 0.00018852370261487263 Penicillium-verrucosum
1 2 0.9743270388445363 0.00020005270285714552 Penicillium-chrysogenum
1 2 -0.7801097412126609 0.03852954292980186 Penicillium-cvjetkovicii
1 0 -0.953990098548069 0.000850731768038911 Penicillium-brevicompactum
1 0 0.9773196303981808 0.00014698799735064606 Penicillium-commune
1 0 0.9758455140973052 0.00017191165595779886 Penicillium-solitum
1 0 0.9763477521003343 0.00016315849593660125 Penicillium-polonicum
1 0 0.978305723322357 0.00013159841615370698 Penicillium-mb
1 0 0.9736565740161082 0.0002132935711312335 Penicillium-verrucosum
1 0 0.9726732433679479 0.0002336342227252094 Penicillium-chrysogenum
1 0 -0.8027803640653713 0.0297393412554508 Penicillium-cvjetkovicii
1 2 -0.9535637018746751 0.0008703773414904622 Penicillium-brevicompactum
1 2 0.9787536057500756 0.00012494123315689103 Penicillium-commune
1 2 0.9772924142354771 0.00014742718744348166 Penicillium-solitum
1 2 0.9772265899574732 0.0001484926311939582 Penicillium-polonicum
1 2 0.979092341578577 0.00012004264853566914 Penicillium-mb
1 2 0.975537585395166 0.00017741359362171213 Penicillium-verrucosum
1 2 0.9751004992962232 0.00018540123712506716 Penicillium-chrysogenum
1 2 -0.784691511226697 0.03665075270863748 Penicillium-cvjetkovicii
1 2 -0.9536767346548699 0.0008651436683418689 Penicillium-brevicompactum
1 2 0.9785515043059692 0.0001279196986585661 Penicillium-commune
1 2 0.9770965017036074 0.00015061172723430897 Penicillium-solitum
1 2 0.9770002872990488 0.000152190554906245 Penicillium-polonicum
1 2 0.9788475035252922 0.00012357163176104878 Penicillium-mb
1 2 0.9751313175364413 0.00018483116700588578 Penicillium-verrucosum
1 2 0.9749475516502664 0.00018824592329561886 Penicillium-chrysogenum
1 2 -0.8166974185063289 0.024965447902300545 Penicillium-cvjetkovicii
3 2 -0.9537029834449897 0.0008639309617537421 Penicillium-brevicompactum
3 2 0.9781486656692374 0.0001339818025693557 Penicillium-commune
3 2 0.9767061001868893 0.00015707902294122056 Penicillium-solitum
3 2 0.9762234903490065 0.00016529881670719992 Penicillium-polonicum
3 2 0.9782059261572531 0.00013310990663466387 Penicillium-mb
3 2 0.974967751613255 0.00018786874325951302 Penicillium-verrucosum
3 2 0.9741299000934645 0.00020389355881976666 Penicillium-chrysogenum
3 2 -0.8027803640653715 0.029739341255450767 Penicillium-cvjetkovicii
1 0 -0.9536916314092627 0.000864455307672601 Penicillium-brevicompactum
1 0 0.9772965492257362 0.0001473604103507794 Penicillium-commune
1 0 0.9757654689100198 0.00017333194163096568 Penicillium-solitum
1 0 0.9756267989527723 0.00017580893541132946 Penicillium-polonicum
1 0 0.9775191660601624 0.00014379188658857818 Penicillium-mb
1 0 0.9740627627596661 0.00020521153467402306 Penicillium-verrucosum
1 0 0.9733393957527372 0.00021973418757861157 Penicillium-chrysogenum
1 0 -0.8027803640653721 0.02973934125545051 Penicillium-cvjetkovicii
1 2 -0.9536767346548699 0.0008651436683418689 Penicillium-brevicompactum
1 2 0.9789664834397481 0.00012184909413529229 Penicillium-commune
1 2 0.9775009842484509 0.00014408138493202978 Penicillium-solitum
1 2 0.9771070476930779 0.00015043926958326656 Penicillium-polonicum
1 2 0.9789598083948203 0.00012194535079820704 Penicillium-mb
1 2 0.9756429536166424 0.00017551929460719884 Penicillium-verrucosum
1 2 0.9751458440333947 0.00018456282108972205 Penicillium-chrysogenum
1 2 -0.8193238344867628 0.024116898375365764 Penicillium-cvjetkovicii
1 2 -0.9534462955198253 0.0008758333083120922 Penicillium-brevicompactum
1 2 0.9786701705662673 0.00012616578686202478 Penicillium-commune
1 2 0.9772388529484531 0.00014829379353890958 Penicillium-solitum
1 2 0.9771069524225764 0.00015044082700642385 Penicillium-polonicum
1 2 0.9789713875718018 0.00012177840358537203 Penicillium-mb
1 2 0.9752255014833906 0.000183095446371836 Penicillium-verrucosum
1 2 0.9750691958873323 0.00018598135262197727 Penicillium-chrysogenum
1 2 -0.7628813047257375 0.04606250205706451 Penicillium-cvjetkovicii
1 2 -0.9534239553060906 0.000876873760977559 Penicillium-brevicompactum
1 2 0.9787082654313467 0.00012560579618565407 Penicillium-commune
1 2 0.977280344884922 0.00014762220183791225 Penicillium-solitum
1 2 0.9767340706283426 0.0001566102764487538 Penicillium-polonicum
1 2 0.9785927425590174 0.00012730855164431082 Penicillium-mb
1 2 0.9750548717445895 0.0001862471680342523 Penicillium-verrucosum
1 2 0.9748599658423772 0.00018988656850131284 Penicillium-chrysogenum
1 2 -0.7583329711848628 0.04817532272243492 Penicillium-cvjetkovicii
3 2 -0.9538649853641626 0.0008564686613610166 Penicillium-brevicompactum
3 2 0.9773563870174927 0.00014639609110425004 Penicillium-commune
3 2 0.9758921186884835 0.00017108793009545698 Penicillium-solitum
3 2 0.9756476875308319 0.00017543447303198587 Penicillium-polonicum
3 2 0.977651350010704 0.00014169762242139354 Penicillium-mb
3 2 0.9739274753832232 0.00020788274376743252 Penicillium-verrucosum
3 2 0.9729422140137263 0.00022796073228634482 Penicillium-chrysogenum
3 2 -0.8027803640653721 0.02973934125545051 Penicillium-cvjetkovicii
1 2 -0.9536767346548699 0.0008651436683418689 Penicillium-brevicompactum
1 2 0.9789179037615162 0.00012255066720837863 Penicillium-commune
1 2 0.9774809441127849 0.00014440087445621286 Penicillium-solitum
1 2 0.9775227201035668 0.0001437353381847381 Penicillium-polonicum
1 2 0.9793671155621209 0.00011615457690439714 Penicillium-mb
1 2 0.9755445099423208 0.00017728873282663756 Penicillium-verrucosum
1 2 0.9754185525802227 0.00017956814162112142 Penicillium-chrysogenum
1 2 -0.8225538497440652 0.023095957939937944 Penicillium-cvjetkovicii
1 2 -0.9536767346548699 0.0008651436683418689 Penicillium-brevicompactum
1 2 0.9793979940111659 0.00011572241026039829 Penicillium-commune
1 2 0.9779955426476574 0.00013633007554661152 Penicillium-solitum
1 2 0.9778951805437034 0.00013788242760925178 Penicillium-polonicum
1 2 0.9797098540492734 0.00011141141539957984 Penicillium-mb
1 2 0.9757849868000392 0.0001729849830882087 Penicillium-verrucosum
1 2 0.9759175877861719 0.00017063876517134336 Penicillium-chrysogenum
1 2 -0.8312893918248359 0.020459031287830765 Penicillium-cvjetkovicii
1 2 -0.9536767346548698 0.0008651436683418742 Penicillium-brevicompactum
1 2 0.978118031787558 0.0001344496536920956 Penicillium-commune
1 2 0.9766653676528532 0.0001577631383739963 Penicillium-solitum
1 2 0.9765632227836175 0.00015948649137536853 Penicillium-polonicum
1 2 0.9784758333716846 0.00012904567713488988 Penicillium-mb
1 2 0.9746976039445368 0.000192950366882977 Penicillium-verrucosum
1 2 0.9742080998572269 0.00020236478677467106 Penicillium-chrysogenum
1 2 -0.8046531437688017 0.02906959028897822 Penicillium-cvjetkovicii
1 2 -0.9536767346548699 0.0008651436683418689 Penicillium-brevicompactum
1 2 0.9785758771709783 0.000127558284195499 Penicillium-commune
1 2 0.9771371256972983 0.00014994805331732853 Penicillium-solitum
1 2 0.9766735455534589 0.0001576256458630531 Penicillium-polonicum
1 2 0.9785850517249143 0.00012742239670909336 Penicillium-mb
1 2 0.9750772543037922 0.00018583191067921993 Penicillium-verrucosum
1 2 0.9744861468839282 0.00019698446863110247 Penicillium-chrysogenum
1 2 -0.808757816686983 0.02763148717260504 Penicillium-cvjetkovicii
1 2 -0.9536420118251708 0.0008667494263446938 Penicillium-brevicompactum
1 2 0.977771425627831 0.00013981105225354174 Penicillium-commune
1 2 0.9762922164716661 0.00016411300375416115 Penicillium-solitum
1 2 0.976308814800644 0.00016382737557523876 Penicillium-polonicum
1 2 0.9781773388285643 0.00013354477691522257 Penicillium-mb
1 2 0.9742903949665931 0.00020076334604145278 Penicillium-verrucosum
1 2 0.974001740737325 0.00020641384983896118 Penicillium-chrysogenum
1 2 -0.7974968458669615 0.03167499484173495 Penicillium-cvjetkovicii
1 0 -0.9537223536563396 0.0008630366942056193 Penicillium-brevicompactum
1 0 0.9769118485618394 0.0001536504511165126 Penicillium-commune
1 0 0.9754271286551618 0.00017941239269557492 Penicillium-solitum
1 0 0.9752833882688354 0.00018203348497511672 Penicillium-polonicum
1 0 0.9771968484462855 0.00014897553320667147 Penicillium-mb
1 0 0.9733666122524186 0.00021917705225473624 Penicillium-verrucosum
1 0 0.9730199460512922 0.00022633654776060418 Penicillium-chrysogenum
1 0 -0.8027803640653712 0.029739341255450854 Penicillium-cvjetkovicii
1 2 -0.9536767346548701 0.000865143668341858 Penicillium-brevicompactum
1 2 0.9794888226392093 0.0001144567616200154 Penicillium-commune
1 2 0.9780715334424841 0.00013516165108898732 Penicillium-solitum
1 2 0.9786021412360233 0.00012716950827772625 Penicillium-polonicum
1 2 0.9804544853833977 0.0001015100326513371 Penicillium-mb
1 2 0.9764083011807037 0.00016212159855537732 Penicillium-verrucosum
1 2 0.9763271351591358 0.00016351245842348403 Penicillium-chrysogenum
1 2 -0.8353852202057056 0.01928463259244023 Penicillium-cvjetkovicii
1 0 -0.9539084800797195 0.0008544716833705772 Penicillium-brevicompactum
1 0 0.9770964111015892 0.00015061320935146706 Penicillium-commune
1 0 0.9755937359780686 0.0001764026165774422 Penicillium-solitum
1 0 0.9754605401777414 0.00017880637821038821 Penicillium-polonicum
1 0 0.9773991271888587 0.00014570961864541284 Penicillium-mb
1 0 0.9735899336872117 0.0002146373081338527 Penicillium-verrucosum
1 0 0.972714819962559 0.0002327518059241509 Penicillium-chrysogenum
1 0 -0.8027803640653715 0.029739341255450767 Penicillium-cvjetkovicii
1 2 -0.9534689435490228 0.0008747792657385911 Penicillium-brevicompactum
1 2 0.9788662299891554 0.00012329956202485192 Penicillium-commune
1 2 0.9774248431232063 0.00014529750782283542 Penicillium-solitum
1 2 0.9773730933050266 0.0001461275336453851 Penicillium-polonicum
1 2 0.9792223183176383 0.00011819395256089702 Penicillium-mb
1 2 0.9754961544207488 0.00017816175547887827 Penicillium-verrucosum
1 2 0.9752833406113038 0.00018203435776266178 Penicillium-chrysogenum
1 2 -0.7673557077561742 0.04403473044649025 Penicillium-cvjetkovicii
1 2 -0.9536767346548699 0.0008651436683418689 Penicillium-brevicompactum
1 2 0.9765065075606661 0.00016044819194380495 Penicillium-commune
1 2 0.9750415906376103 0.00018649382972210963 Penicillium-solitum
1 2 0.975692212636048 0.00017463787369042757 Penicillium-polonicum
1 2 0.9775958559992532 0.0001425746146510997 Penicillium-mb
1 2 0.9726771523830059 0.00023355117359013497 Penicillium-verrucosum
1 2 0.9726403932031387 0.00023433283675950532 Penicillium-chrysogenum
1 2 -0.8045065952736535 0.029121691561685772 Penicillium-cvjetkovicii
3 4 -0.9530141189646768 0.0008960909725299141 Penicillium-brevicompactum
3 4 0.9785433423473131 0.00012804086504003456 Penicillium-commune
3 4 0.9776556431185524 0.00014162991125041608 Penicillium-solitum
3 4 0.9761819430624656 0.00016601814951418742 Penicillium-polonicum
3 4 0.9780141424132167 0.0001360435337539603 Penicillium-mb
3 4 0.9743734405697372 0.00019915497586085203 Penicillium-verrucosum
3 4 0.9749683275316682 0.00018785799613643656 Penicillium-chrysogenum
3 4 -0.6441737579035204 0.1183900003889639 Penicillium-cvjetkovicii
1 2 -0.9536767346548698 0.0008651436683418742 Penicillium-brevicompactum
1 2 0.9785762940067408 0.00012755210842429785 Penicillium-commune
1 2 0.9771406700562312 0.0001498902319885797 Penicillium-solitum
1 2 0.9768991967055409 0.00015385998014013925 Penicillium-polonicum
1 2 0.9787745541486205 0.0001246348976451566 Penicillium-mb
1 2 0.9751065458975985 0.00018528930574855855 Penicillium-verrucosum
1 2 0.9748530058568727 0.0001900173057877444 Penicillium-chrysogenum
1 2 -0.804945755576937 0.0289657165665059 Penicillium-cvjetkovicii
1 2 -0.9536767346548699 0.0008651436683418689 Penicillium-brevicompactum
1 2 0.977860861265644 0.0001384156670351446 Penicillium-commune
1 2 0.9763687830423491 0.00016279789649479944 Penicillium-solitum
1 2 0.9762818216328345 0.00016429203171847338 Penicillium-polonicum
1 2 0.9781736562738857 0.00013360085740710497 Penicillium-mb
1 2 0.9747223217531377 0.0001924820519468079 Penicillium-verrucosum
1 2 0.9742154452636516 0.0002022215391165942 Penicillium-chrysogenum
1 2 -0.8093036306948936 0.027443335647881338 Penicillium-cvjetkovicii
1 2 -0.95367673465487 0.0008651436683418633 Penicillium-brevicompactum
1 2 0.9774857327883113 0.0001443244927217411 Penicillium-commune
1 2 0.9759686346467413 0.0001697406360147031 Penicillium-solitum
1 2 0.9763385162769784 0.0001633170048938002 Penicillium-polonicum
1 2 0.9782119374451775 0.00013301857054725508 Penicillium-mb
1 2 0.9741641362626647 0.00020322341311128473 Penicillium-verrucosum
1 2 0.9736152302098809 0.00021412663686425697 Penicillium-chrysogenum
1 2 -0.805800170778709 0.028663601019586437 Penicillium-cvjetkovicii
1 2 -0.9536255157684501 0.0008675129042819969 Penicillium-brevicompactum
1 2 0.9782640010655553 0.00013222907402453456 Penicillium-commune
1 2 0.9767804228521947 0.00015583531366313738 Penicillium-solitum
1 2 0.9770960007726406 0.0001506199218447153 Penicillium-polonicum
1 2 0.978926018268281 0.000122433312831698 Penicillium-mb
1 2 0.9746953042578909 0.00019299397226701546 Penicillium-verrucosum
1 2 0.9744141110156034 0.00019837010754768762 Penicillium-chrysogenum
1 2 -0.7949046150437071 0.03264966909144 Penicillium-cvjetkovicii
1 0 -0.9538006301432241 0.0008594284721875629 Penicillium-brevicompactum
1 0 0.9775550423561755 0.0001432216670937421 Penicillium-commune
1 0 0.9760749839525484 0.00016787856612549896 Penicillium-solitum
1 0 0.9758390534125362 0.0001720260332034715 Penicillium-polonicum
1 0 0.9777488424397522 0.00014016471783440476 Penicillium-mb
1 0 0.9739560618143234 0.00020731659871168836 Penicillium-verrucosum
1 0 0.9733310605926566 0.0002199049809111731 Penicillium-chrysogenum
1 0 -0.8027803640653711 0.029739341255450857 Penicillium-cvjetkovicii
3 2 -0.9537505593803193 0.0008617354960992904 Penicillium-brevicompactum
3 2 0.9779467190277065 0.0001370839466939426 Penicillium-commune
3 2 0.9764984712187815 0.00016058474017888698 Penicillium-solitum
3 2 0.9767346277370889 0.0001566009485439792 Penicillium-polonicum
3 2 0.9787111374509416 0.00012556363799085137 Penicillium-mb
3 2 0.9745529861769078 0.00019570395805681553 Penicillium-verrucosum
3 2 0.9737013450739883 0.00021239362690770854 Penicillium-chrysogenum
3 2 -0.8027803640653711 0.029739341255450857 Penicillium-cvjetkovicii
1 0 -0.953824107833309 0.000858347991429357 Penicillium-brevicompactum
1 0 0.9761444736076722 0.00016666847709857584 Penicillium-commune
1 0 0.9746266388344076 0.0001942986726887327 Penicillium-solitum
1 0 0.9744955401065061 0.0001968042123927445 Penicillium-polonicum
1 0 0.9764238090081935 0.00016185666189407036 Penicillium-mb
1 0 0.9725912021580715 0.00023538128947080627 Penicillium-verrucosum
1 0 0.9720816585801059 0.0002464060262568716 Penicillium-chrysogenum
1 0 -0.8027803640653712 0.029739341255450854 Penicillium-cvjetkovicii
1 0 -0.9541780126190622 0.0008421580638416121 Penicillium-brevicompactum
1 0 0.9766355112275225 0.00015826571184744743 Penicillium-commune
1 0 0.975135163046337 0.00018476010684566888 Penicillium-solitum
1 0 0.975005151706053 0.00018717158608723137 Penicillium-polonicum
1 0 0.9770500881108133 0.00015137212479783983 Penicillium-mb
1 0 0.9731479982862087 0.00022367599971454872 Penicillium-verrucosum
1 0 0.9716518186451585 0.000255940681156686 Penicillium-chrysogenum
1 0 -0.8027803640653718 0.029739341255450642 Penicillium-cvjetkovicii
1 2 -0.9536203318292527 0.000867752911839144 Penicillium-brevicompactum
1 2 0.9780609225240465 0.0001353244430910648 Penicillium-commune
1 2 0.9765953746999457 0.00015894283191766976 Penicillium-solitum
1 2 0.9762430633374962 0.00016496058269492602 Penicillium-polonicum
1 2 0.9781942378017113 0.00013328760764069262 Penicillium-mb
1 2 0.974906839859769 0.000189007476222661 Penicillium-verrucosum
1 2 0.9742048214338453 0.00020242874098728457 Penicillium-chrysogenum
1 2 -0.7940787448125075 0.032963659965736414 Penicillium-cvjetkovicii
1 2 -0.9535230423761201 0.0008722645374285137 Penicillium-brevicompactum
1 2 0.9782659728958509 0.00013219922810635311 Penicillium-commune
1 2 0.976819232335942 0.0001551882193004362 Penicillium-solitum
1 2 0.9767034624017622 0.0001571232717086734 Penicillium-polonicum
1 2 0.9785778855850085 0.000127528529498222 Penicillium-mb
1 2 0.9748169166577142 0.0001906960696959569 Penicillium-verrucosum
1 2 0.9746109275765363 0.0001945979359267123 Penicillium-chrysogenum
1 2 -0.7775156751986358 0.03961638383111765 Penicillium-cvjetkovicii
1 2 -0.9535130501524512 0.0008727286931466005 Penicillium-brevicompactum
1 2 0.9774968255878466 0.00014414764962555716 Penicillium-commune
1 2 0.976059165122877 0.0001681547634172818 Penicillium-solitum
1 2 0.9755527984004622 0.00017713934735846687 Penicillium-polonicum
1 2 0.9774725774986659 0.000144534383889433 Penicillium-mb
1 2 0.973812589859274 0.0002101672930849031 Penicillium-verrucosum
1 2 0.9735877329043162 0.00021468177048823738 Penicillium-chrysogenum
1 2 -0.775693161759938 0.04038998622702086 Penicillium-cvjetkovicii
1 2 -0.9536347686217568 0.0008670846105685461 Penicillium-brevicompactum
1 2 0.977643433426264 0.00014182253388801352 Penicillium-commune
1 2 0.9761880322994076 0.00016591260653741818 Penicillium-solitum
1 2 0.9758119234149433 0.00017250682612423277 Penicillium-polonicum
1 2 0.9777169680633221 0.00014066479540154035 Penicillium-mb
1 2 0.9740034187130215 0.00020638073280160142 Penicillium-verrucosum
1 2 0.9736540758014534 0.0002133438545552693 Penicillium-chrysogenum
1 2 -0.7963652910828913 0.03209843001780848 Penicillium-cvjetkovicii
3 4 -0.9536767346548699 0.0008651436683418689 Penicillium-brevicompactum
3 4 0.9784353907595812 0.00012964987446974417 Penicillium-commune
3 4 0.9770203835359186 0.00015185997536855132 Penicillium-solitum
3 4 0.9761537505265829 0.00016650732386926358 Penicillium-polonicum
3 4 0.9781273744572666 0.00013430686619380562 Penicillium-mb
3 4 0.9749521324337683 0.00018816034996595846 Penicillium-verrucosum
3 4 0.9741979343689962 0.00020256313037366873 Penicillium-chrysogenum
3 4 -0.8054278940776332 0.02879501739296274 Penicillium-cvjetkovicii
1 2 -0.9536767346548699 0.0008651436683418689 Penicillium-brevicompactum
1 2 0.9793939954861423 0.00011577831841823316 Penicillium-commune
1 2 0.9779559911199908 0.00013694058838541748 Penicillium-solitum
1 2 0.977547845920398 0.00014333593929861133 Penicillium-polonicum
1 2 0.9793470870304063 0.00011643540479134795 Penicillium-mb
1 2 0.9759903608532912 0.00016935923701764407 Penicillium-verrucosum
1 2 0.9760075341779795 0.00016905812455133483 Penicillium-chrysogenum
1 2 -0.8310558059099301 0.02052719509558446 Penicillium-cvjetkovicii
1 2 -0.9536767346548699 0.0008651436683418689 Penicillium-brevicompactum
1 2 0.9777025139931403 0.00014089191547496345 Penicillium-commune
1 2 0.9761992082437366 0.0001657190011839133 Penicillium-solitum
1 2 0.9762092884191336 0.00016554449379059378 Penicillium-polonicum
1 2 0.9780524745515337 0.0001354541348581169 Penicillium-mb
1 2 0.9742427088518958 0.00020169038181254152 Penicillium-verrucosum
1 2 0.9739820663401161 0.0002068023857801186 Penicillium-chrysogenum
1 2 -0.8102609853373394 0.027115060728828216 Penicillium-cvjetkovicii
1 2 -0.9536767346548699 0.0008651436683418689 Penicillium-brevicompactum
1 2 0.9781034571902089 0.00013467258333238092 Penicillium-commune
1 2 0.9766194915404588 0.00015853576413079647 Penicillium-solitum
1 2 0.976438685256398 0.00016160275777465333 Penicillium-polonicum
1 2 0.9783267280807877 0.00013128159625915622 Penicillium-mb
1 2 0.9747887613794478 0.00019122661408413217 Penicillium-verrucosum
1 2 0.9742065181979452 0.00020239563966851742 Penicillium-chrysogenum
1 2 -0.8069577130106855 0.028257131433605892 Penicillium-cvjetkovicii
1 2 -0.9536671912303857 0.0008655848286303697 Penicillium-brevicompactum
1 2 0.978238120674999 0.0001326211759064411 Penicillium-commune
1 2 0.976787196527272 0.0001557222564144165 Penicillium-solitum
1 2 0.9764936562973351 0.00016066658531836277 Penicillium-polonicum
1 2 0.9783869676339324 0.00013037551236762867 Penicillium-mb
1 2 0.9746419723391169 0.00019400686922575733 Penicillium-verrucosum
1 2 0.9741594109362395 0.00020331582946446172 Penicillium-chrysogenum
1 2 -0.8013510692147188 0.030256243485084686 Penicillium-cvjetkovicii
3 4 -0.9536767346548699 0.0008651436683418689 Penicillium-brevicompactum
3 4 0.9787918124503985 0.00012438286048631504 Penicillium-commune
3 4 0.9773411792120159 0.00014664081571076867 Penicillium-solitum
3 4 0.9767658811898795 0.00015607818909320058 Penicillium-polonicum
3 4 0.9787240875006028 0.00012537364982799742 Penicillium-mb
3 4 0.975665771440315 0.00017511067306010344 Penicillium-verrucosum
3 4 0.9748209495369328 0.00019062014795038248 Penicillium-chrysogenum
3 4 -0.806163649098109 0.02853561550607691 Penicillium-cvjetkovicii
1 2 -0.9530531267789385 0.0008942512782800378 Penicillium-brevicompactum
1 2 0.9783581248940953 0.00013080887912355168 Penicillium-commune
1 2 0.9769508962830274 0.00015300484949594528 Penicillium-solitum
1 2 0.976848971023209 0.00015469345343992842 Penicillium-polonicum
1 2 0.9786742581325688 0.00012610562890216038 Penicillium-mb
1 2 0.9746966823100214 0.00019296784170137502 Penicillium-verrucosum
1 2 0.9751996619481175 0.00018357067355626258 Penicillium-chrysogenum
1 2 -0.6581247885644599 0.10803645091914263 Penicillium-cvjetkovicii
1 2 -0.9536767346548699 0.0008651436683418689 Penicillium-brevicompactum
1 2 0.9777184089018767 0.00014064216715064487 Penicillium-commune
1 2 0.9762582217388741 0.0001646989192254402 Penicillium-solitum
1 2 0.976225257521033 0.00016526826186795166 Penicillium-polonicum
1 2 0.9781042977897072 0.00013465971973482193 Penicillium-mb
1 2 0.9742375379267965 0.00020179105938412654 Penicillium-verrucosum
1 2 0.9741250135895051 0.00020398931538819073 Penicillium-chrysogenum
1 2 -0.8170864834928051 0.024838704362264527 Penicillium-cvjetkovicii
1 2 -0.9536767346548699 0.0008651436683418689 Penicillium-brevicompactum
1 2 0.979133651665385 0.0001194532282152408 Penicillium-commune
1 2 0.9777211804072611 0.00014059864698833584 Penicillium-solitum
1 2 0.9774165026585753 0.0001454310917479216 Penicillium-polonicum
1 2 0.9792831298055641 0.00011733488346516165 Penicillium-mb
1 2 0.9757355362786656 0.00017386484201820267 Penicillium-verrucosum
1 2 0.9756078331104474 0.00017614934164077238 Penicillium-chrysogenum
1 2 -0.8260448697772448 0.022020464706489842 Penicillium-cvjetkovicii
1 2 -0.9536528170208604 0.0008662495509966853 Penicillium-brevicompactum
1 2 0.9782622490382682 0.0001322555963417591 Penicillium-commune
1 2 0.9767658502616762 0.00015607870589752536 Penicillium-solitum
1 2 0.9766748449378754 0.00015760380629208505 Penicillium-polonicum
1 2 0.9785240222605923 0.000128327949336916 Penicillium-mb
1 2 0.974773147540945 0.0001915212121607211 Penicillium-verrucosum
1 2 0.9742441564561624 0.0002016622024128546 Penicillium-chrysogenum
1 2 -0.7991657616100045 0.03105620115421128 Penicillium-cvjetkovicii
1 2 -0.9536767346548701 0.000865143668341858 Penicillium-brevicompactum
1 2 0.9779190082345205 0.00013751292380499616 Penicillium-commune
1 2 0.9764397984333366 0.00016158376789772352 Penicillium-solitum
1 2 0.9761813221507001 0.0001660289138445273 Penicillium-polonicum
1 2 0.9781148596156894 0.0001344981557467552 Penicillium-mb
1 2 0.9747625424414643 0.00019172146062343195 Penicillium-verrucosum
1 2 0.9740673783458367 0.00020512076400810801 Penicillium-chrysogenum
1 2 -0.8050933986300247 0.028913384092995112 Penicillium-cvjetkovicii
1 0 -0.9538731708897461 0.000856092627619533 Penicillium-brevicompactum
1 0 0.976954382779646 0.00015294728372921863 Penicillium-commune
1 0 0.9754726645406986 0.00017858676984870911 Penicillium-solitum
1 0 0.9755785561490645 0.0001766755861315787 Penicillium-polonicum
1 0 0.977576314693564 0.00014288420121983577 Penicillium-mb
1 0 0.9736144898493674 0.00021414157253794093 Penicillium-verrucosum
1 0 0.9727246755061393 0.0002325429243649334 Penicillium-chrysogenum
1 0 -0.8027803640653712 0.029739341255450854 Penicillium-cvjetkovicii
3 4 -0.9536750604388515 0.000865221052069509 Penicillium-brevicompactum
3 4 0.9780381084462157 0.00013567485083256593 Penicillium-commune
3 4 0.9765578685828953 0.00015957713346993012 Penicillium-solitum
3 4 0.9767158526553499 0.00015691549005807361 Penicillium-polonicum
3 4 0.9787027535894293 0.000125686727805662 Penicillium-mb
3 4 0.975006719206432 0.00018714240076799993 Penicillium-verrucosum
3 4 0.9740949843016352 0.00020457836114220776 Penicillium-chrysogenum
3 4 -0.8025308526571636 0.029829217641142183 Penicillium-cvjetkovicii
1 0 -0.9539596809551304 0.0008521244258770316 Penicillium-brevicompactum
1 0 0.9773766271178869 0.00014607076443916506 Penicillium-commune
1 0 0.9758964111816029 0.00017101217975605776 Penicillium-solitum
1 0 0.9766267770519328 0.00015841291442044903 Penicillium-polonicum
1 0 0.9785779168651209 0.00012752806611541353 Penicillium-mb
1 0 0.9738767511235369 0.00020888958513518724 Penicillium-verrucosum
1 0 0.9729633574850989 0.0002275182621080429 Penicillium-chrysogenum
1 0 -0.8027803640653713 0.0297393412554508 Penicillium-cvjetkovicii
1 2 -0.9535250438719836 0.0008721715821185701 Penicillium-brevicompactum
1 2 0.9789121731495698 0.0001226335853958536 Penicillium-commune
1 2 0.9774984534829426 0.00014412170834880952 Penicillium-solitum
1 2 0.9770075333618004 0.00015207130906826384 Penicillium-polonicum
1 2 0.9789021495008827 0.000122778701420207 Penicillium-mb
1 2 0.9752949678958066 0.0001818214926002566 Penicillium-verrucosum
1 2 0.9748446491314763 0.00019017435043075566 Penicillium-chrysogenum
1 2 -0.777877877015251 0.03946362558701608 Penicillium-cvjetkovicii
1 2 -0.9536767346548699 0.0008651436683418689 Penicillium-brevicompactum
1 2 0.9781319298692531 0.00013423727693976848 Penicillium-commune
1 2 0.9767042110964891 0.0001571107116219235 Penicillium-solitum
1 2 0.9762674942365375 0.00016453897988724127 Penicillium-polonicum
1 2 0.9781400321305227 0.00013411355853586892 Penicillium-mb
1 2 0.9744291310905492 0.00019808071300819456 Penicillium-verrucosum
1 2 0.9743973873460996 0.00019869262162802874 Penicillium-chrysogenum
1 2 -0.8137370121675116 0.025941755651905967 Penicillium-cvjetkovicii
1 2 -0.9536453555743556 0.0008665947179209172 Penicillium-brevicompactum
1 2 0.9781371725223013 0.00013415721588442927 Penicillium-commune
1 2 0.9766904473402596 0.0001573417077202133 Penicillium-solitum
1 2 0.9768996050543957 0.00015385321476447006 Penicillium-polonicum
1 2 0.9787898303388448 0.000124411791426892 Penicillium-mb
1 2 0.9745959859952007 0.00019488279310890432 Penicillium-verrucosum
1 2 0.9742483940024916 0.00020157972683233682 Penicillium-chrysogenum
1 2 -0.7980157349353268 0.03148187265683075 Penicillium-cvjetkovicii
3 2 -0.953858883059498 0.0008567490578851833 Penicillium-brevicompactum
3 2 0.9783219733624139 0.00013135327297071476 Penicillium-commune
3 2 0.9768826973067651 0.00015413348451185285 Penicillium-solitum
3 2 0.9767705671733399 0.00015599989899344868 Penicillium-polonicum
3 2 0.9787689942773704 0.00012471615780989195 Penicillium-mb
3 2 0.974879120763798 0.00018952703660359322 Penicillium-verrucosum
3 2 0.9738209197434332 0.00021000114961581548 Penicillium-chrysogenum
3 2 -0.8027803640653709 0.02973934125545094 Penicillium-cvjetkovicii
1 2 -0.9536300826059474 0.0008673015000314219 Penicillium-brevicompactum
1 2 0.9783361025460261 0.00013114034583830943 Penicillium-commune
1 2 0.9768819286697633 0.00015414623297801925 Penicillium-solitum
1 2 0.9770399233993511 0.00015153895878490886 Penicillium-polonicum
1 2 0.9789203019308493 0.00012251597720069798 Penicillium-mb
1 2 0.974893476453646 0.00018925785079484974 Penicillium-verrucosum
1 2 0.9745036721453335 0.0001966482376744203 Penicillium-chrysogenum
1 2 -0.7956276861101131 0.03237613740922171 Penicillium-cvjetkovicii
1 2 -0.9536767346548699 0.0008651436683418689 Penicillium-brevicompactum
1 2 0.9789590772683948 0.00012195589667106534 Penicillium-commune
1 2 0.9775448573746645 0.00014338341038212926 Penicillium-solitum
1 2 0.9770459013082474 0.00015144082976064805 Penicillium-polonicum
1 2 0.9789563729314155 0.00012199490914328917 Penicillium-mb
1 2 0.9755375378917166 0.0001774144503666664 Penicillium-verrucosum
1 2 0.9751217645880309 0.00018500776385539503 Penicillium-chrysogenum
1 2 -0.8158406230793706 0.025245842706497403 Penicillium-cvjetkovicii
1 2 -0.9536767346548698 0.0008651436683418742 Penicillium-brevicompactum
1 2 0.9785175457597493 0.00012842427185906117 Penicillium-commune
1 2 0.9770560082651276 0.0001512750074369113 Penicillium-solitum
1 2 0.976836924548957 0.00015489375852711733 Penicillium-polonicum
1 2 0.9786998550387447 0.0001257293003520251 Penicillium-mb
1 2 0.975119009884931 0.00018505870625938904 Penicillium-verrucosum
1 2 0.9747536607273007 0.00019188926354865772 Penicillium-chrysogenum
1 2 -0.8105035313629747 0.027032244221939013 Penicillium-cvjetkovicii
1 2 -0.9536315570236976 0.0008672332540192695 Penicillium-brevicompactum
1 2 0.9776025119612967 0.0001424692577803291 Penicillium-commune
1 2 0.9760665680200171 0.00016802547491092515 Penicillium-solitum
1 2 0.9762301522744413 0.00016518364794755147 Penicillium-polonicum
1 2 0.9780912405848279 0.0001348596153350347 Penicillium-mb
1 2 0.9744149143340138 0.00019835462349581962 Penicillium-verrucosum
1 2 0.9737771906930213 0.00021087421902101796 Penicillium-chrysogenum
1 2 -0.7958602396718857 0.03228843715916959 Penicillium-cvjetkovicii
1 0 -0.9537169892465147 0.0008632842988740079 Penicillium-brevicompactum
1 0 0.9774557547719361 0.00014480305355490906 Penicillium-commune
1 0 0.9759692987909327 0.0001697289695282625 Penicillium-solitum
1 0 0.9758493709527042 0.00017184339741504567 Penicillium-polonicum
1 0 0.9777573028010804 0.00014003216136566958 Penicillium-mb
1 0 0.9739856197202584 0.00020673218036148567 Penicillium-verrucosum
1 0 0.9734353627934088 0.0002177734426218471 Penicillium-chrysogenum
1 0 -0.8027803640653711 0.029739341255450857 Penicillium-cvjetkovicii
1 2 -0.95367673465487 0.0008651436683418633 Penicillium-brevicompactum
1 2 0.9789501832442095 0.0001220842289068012 Penicillium-commune
1 2 0.9774820769431878 0.00014438280307775927 Penicillium-solitum
1 2 0.9773416492815524 0.00014663324768406913 Penicillium-polonicum
1 2 0.9791385986598903 0.00011938275951907866 Penicillium-mb
1 2 0.9755649186064624 0.00017692103614303135 Penicillium-verrucosum
1 2 0.9755116913760191 0.00017788096884477567 Penicillium-chrysogenum
1 2 -0.8276093952179033 0.021547860127848383 Penicillium-cvjetkovicii
1 0 -0.9537794551702345 0.0008604036681893073 Penicillium-brevicompactum
1 0 0.9763151551656556 0.00016371834724073566 Penicillium-commune
1 0 0.9748239397245548 0.0001905638672211289 Penicillium-solitum
1 0 0.9748368357740259 0.00019032125367894072 Penicillium-polonicum
1 0 0.9767860135519438 0.00015574199755393484 Penicillium-mb
1 0 0.9727739696036757 0.0002314998443483641 Penicillium-verrucosum
1 0 0.9723216854318265 0.00024117526851117585 Penicillium-chrysogenum
1 0 -0.8027803640653719 0.029739341255450587 Penicillium-cvjetkovicii
1 0 -0.9537098465542283 0.0008636140488359949 Penicillium-brevicompactum
1 0 0.9774374895794882 0.00014509509713458608 Penicillium-commune
1 0 0.9759754090371032 0.00016962165816818386 Penicillium-solitum
1 0 0.975419062227001 0.0001795588837455554 Penicillium-polonicum
1 0 0.9773081922298931 0.00014717248114036444 Penicillium-mb
1 0 0.9734143026375744 0.00021820283599462376 Penicillium-verrucosum
1 0 0.9730122327587027 0.0002264974054907814 Penicillium-chrysogenum
1 0 -0.8027803640653712 0.029739341255450854 Penicillium-cvjetkovicii
1 0 -0.9536852229154718 0.0008647513965377498 Penicillium-brevicompactum
1 0 0.9779985244953865 0.0001362841140009236 Penicillium-commune
1 0 0.976543423248238 0.00015982183388997038 Penicillium-solitum
1 0 0.9764979466542875 0.00016059365564032241 Penicillium-polonicum
1 0 0.9784059439792699 0.00013009085728893732 Penicillium-mb
1 0 0.9744304264978891 0.0001980557659422416 Penicillium-verrucosum
1 0 0.9739029431082323 0.00020836933072775554 Penicillium-chrysogenum
1 0 -0.8027803640653709 0.02973934125545094 Penicillium-cvjetkovicii
1 0 -0.9538392315587625 0.0008576523993770931 Penicillium-brevicompactum
1 0 0.9774707117794884 0.0001445641659512125 Penicillium-commune
1 0 0.9759812940995537 0.00016951833982932702 Penicillium-solitum
1 0 0.9759372632769993 0.00017029225600242605 Penicillium-polonicum
1 0 0.9778559294208843 0.0001384923969443693 Penicillium-mb
1 0 0.9738968954639934 0.00020848938719525837 Penicillium-verrucosum
1 0 0.9731310149595088 0.00022402778631316783 Penicillium-chrysogenum
1 0 -0.8027803640653716 0.029739341255450708 Penicillium-cvjetkovicii
1 0 -0.9537059911746308 0.0008637920674902996 Penicillium-brevicompactum
1 0 0.9775615056338794 0.00014311908300824439 Penicillium-commune
1 0 0.976113795842667 0.00016720205497793437 Penicillium-solitum
1 0 0.9759114319936542 0.00017074726231059578 Penicillium-polonicum
1 0 0.9778155572310411 0.00013912146305908963 Penicillium-mb
1 0 0.9738461889214173 0.00020949762248773495 Penicillium-verrucosum
1 0 0.9735661520098761 0.00021511805922738153 Penicillium-chrysogenum
1 0 -0.8027803640653716 0.029739341255450708 Penicillium-cvjetkovicii
1 0 -0.9537791062844283 0.0008604197413192409 Penicillium-brevicompactum
1 0 0.9779038593263042 0.0001377477744443193 Penicillium-commune
1 0 0.9764381137848019 0.0001616125071235075 Penicillium-solitum
1 0 0.9768760477991691 0.0001542437927685801 Penicillium-polonicum
1 0 0.978828282106484 0.00012385126448864967 Penicillium-mb
1 0 0.974563499006837 0.0001955030052486251 Penicillium-verrucosum
1 0 0.9737333097680827 0.00021175248945970486 Penicillium-chrysogenum
1 0 -0.8027803640653718 0.029739341255450642 Penicillium-cvjetkovicii
1 2 -0.9536741664580777 0.0008652623743195916 Penicillium-brevicompactum
1 2 0.9778855650354984 0.00013803170586617963 Penicillium-commune
1 2 0.9764229327115334 0.0001618716257166718 Penicillium-solitum
1 2 0.9762628129656808 0.0001646197145589272 Penicillium-polonicum
1 2 0.9781861513653063 0.00013341063049130328 Penicillium-mb
1 2 0.9745233378820979 0.00019627134784550701 Penicillium-verrucosum
1 2 0.9739888498203839 0.00020666837441842993 Penicillium-chrysogenum
1 2 -0.8023974072308554 0.029877348260620013 Penicillium-cvjetkovicii
1 0 -0.953844298921728 0.0008574194085950193 Penicillium-brevicompactum
1 0 0.9770619291452225 0.000151177915321658 Penicillium-commune
1 0 0.9755749410774289 0.0001767406308206187 Penicillium-solitum
1 0 0.9754309242104418 0.0001793434878331413 Penicillium-polonicum
1 0 0.9773634710587789 0.00014628217760073514 Penicillium-mb
1 0 0.9734759151467675 0.00021694804272014324 Penicillium-verrucosum
1 0 0.972811603202451 0.000230705382702599 Penicillium-chrysogenum
1 0 -0.8027803640653716 0.029739341255450708 Penicillium-cvjetkovicii
1 0 -0.9537486587863763 0.0008618231385804773 Penicillium-brevicompactum
1 0 0.9780473258160115 0.00013553321365512345 Penicillium-commune
1 0 0.9766306820670544 0.00015834709065659847 Penicillium-solitum
1 0 0.976514370426691 0.00016031465828411764 Penicillium-polonicum
1 0 0.9784159643939442 0.00012994069548182187 Penicillium-mb
1 0 0.9740421531258061 0.00020561713800256004 Penicillium-verrucosum
1 0 0.973585121494625 0.0002147345358373296 Penicillium-chrysogenum
1 0 -0.8027803640653719 0.029739341255450587 Penicillium-cvjetkovicii
1 0 -0.953725430874097 0.0008628946782626657 Penicillium-brevicompactum
1 0 0.9773588943830395 0.0001463557658730966 Penicillium-commune
1 0 0.9758971309308611 0.00017099948017783767 Penicillium-solitum
1 0 0.9756848591131557 0.00017476928680138968 Penicillium-polonicum
1 0 0.9775922098238079 0.00014263234945202728 Penicillium-mb
1 0 0.9736273866827129 0.00021388148677573495 Penicillium-verrucosum
1 0 0.9732545105650989 0.0002214772413651161 Penicillium-chrysogenum
1 0 -0.8027803640653722 0.029739341255450486 Penicillium-cvjetkovicii
3 2 -0.953698700793159 0.0008641287535877402 Penicillium-brevicompactum
3 2 0.976849469375515 0.00015468517031746543 Penicillium-commune
3 2 0.9753479590196242 0.00018085324189866136 Penicillium-solitum
3 2 0.9751819242268557 0.00018389732124396739 Penicillium-polonicum
3 2 0.9771813202425285 0.00014922803034851933 Penicillium-mb
3 2 0.9737769798124891 0.00021087843456808525 Penicillium-verrucosum
3 2 0.9730144103136955 0.0002264519865329046 Penicillium-chrysogenum
3 2 -0.8027803640653712 0.029739341255450854 Penicillium-cvjetkovicii
1 2 -0.9533665080858043 0.0008795526122761026 Penicillium-brevicompactum
1 2 0.9777486693353321 0.00014016743080533435 Penicillium-commune
1 2 0.9763140281336986 0.00016373772441819376 Penicillium-solitum
1 2 0.9759624834669851 0.00016984871154308718 Penicillium-polonicum
1 2 0.977826878434613 0.00013894488832988893 Penicillium-mb
1 2 0.9740812448751817 0.00020484820701791167 Penicillium-verrucosum
1 2 0.974263967541851 0.00020127679081614105 Penicillium-chrysogenum
1 2 -0.7459875675827273 0.054172916585430136 Penicillium-cvjetkovicii
1 2 -0.9536767346548699 0.0008651436683418689 Penicillium-brevicompactum
1 2 0.977849033106133 0.00013859973269369922 Penicillium-commune
1 2 0.9763811387196121 0.0001625862660067283 Penicillium-solitum
1 2 0.976063287380048 0.00016808276260716528 Penicillium-polonicum
1 2 0.9780175224271285 0.0001359915009742678 Penicillium-mb
1 2 0.9746880188819242 0.00019313215227500702 Penicillium-verrucosum
1 2 0.9740389842394259 0.00020567954487171327 Penicillium-chrysogenum
1 2 -0.8045835113908634 0.029094339642664578 Penicillium-cvjetkovicii
