#SPECIES: Penicillium-cvjetkovicii Penicillium-brevicompactum Penicillium-commune Penicillium-solitum Penicillium-verrucosum Penicillium-mb Penicillium-polonicum Penicillium-chrysogenum 
#GENE_TREEs p: 0.013234244145498243 0.07015578563042707 0.5586030088622205 0.5047358098778179 0.13737866245539862 0.10947534199642844 0.01388373064549583 0.43753018063950894 
#GENE_TREEs r: 0.8591586505351333 0.7163360028970437 0.26970566000668517 0.3058348375429493 0.6201290946791134 0.6561457330319854 0.8563424640777783 0.35287564477033356 
0 0 0.8591586505351337 0.013234244145498154 Penicillium-cvjetkovicii
0 0 0.7158685700531805 0.07042563765341962 Penicillium-brevicompactum
0 0 0.2807866290639737 0.5418883773475117 Penicillium-commune
0 0 0.3166490924677782 0.4889791754147134 Penicillium-solitum
0 0 0.6277886451463249 0.1311733192130481 Penicillium-verrucosum
0 0 0.6633767749479406 0.10426588246173907 Penicillium-mb
0 0 0.8583730137028079 0.013413642149340599 Penicillium-polonicum
0 0 0.36595049120735373 0.4194929171819307 Penicillium-chrysogenum
0 0 0.8591586505351331 0.013234244145498307 Penicillium-cvjetkovicii
0 0 0.71636184421214 0.07014088349540866 Penicillium-brevicompactum
0 0 0.27030396511453786 0.5576963172628082 Penicillium-commune
0 0 0.306215248158975 0.5041785671229468 Penicillium-solitum
0 0 0.6183019427973009 0.1388804179884087 Penicillium-verrucosum
0 0 0.654466820736408 0.11070375499654804 Penicillium-mb
0 0 0.8549445789712093 0.014212746830681813 Penicillium-polonicum
0 0 0.3535177405058718 0.4366375981590148 Penicillium-chrysogenum
0 0 0.8591586505351334 0.013234244145498217 Penicillium-cvjetkovicii
0 0 0.7166320605044544 0.06998515734810576 Penicillium-brevicompactum
0 0 0.2657847646783937 0.564556539223078 Penicillium-commune
0 0 0.3015326558766152 0.5110527212182034 Penicillium-solitum
0 0 0.6167401524579272 0.1401706200388833 Penicillium-verrucosum
0 0 0.652920763596799 0.11184124449959829 Penicillium-mb
0 0 0.8592778456306852 0.013207147074159875 Penicillium-polonicum
0 0 0.3493869901544058 0.4423918760248875 Penicillium-chrysogenum
0 0 0.8591586505351331 0.013234244145498307 Penicillium-cvjetkovicii
0 0 0.7163335177022057 0.07015721887886264 Penicillium-brevicompactum
0 0 0.2706698820914798 0.5571420281760726 Penicillium-commune
0 0 0.306519506176365 0.503733030778643 Penicillium-solitum
0 0 0.6185565533382285 0.13867065520992305 Penicillium-verrucosum
0 0 0.6550123173307264 0.11030385114924247 Penicillium-mb
0 0 0.8564518615798439 0.01385816792098255 Penicillium-polonicum
0 0 0.3536774891699171 0.43641563807279393 Penicillium-chrysogenum
0 0 0.8591586505351338 0.01323424414549812 Penicillium-cvjetkovicii
0 0 0.7160726680810732 0.07030774212427783 Penicillium-brevicompactum
0 0 0.2773058466516313 0.5471209535736832 Penicillium-commune
0 0 0.3129777271433089 0.49430865991529416 Penicillium-solitum
0 0 0.6262977005938705 0.1323697752225035 Penicillium-verrucosum
0 0 0.6620289630155922 0.10522687287237495 Penicillium-mb
0 0 0.862224334163973 0.012547400531844008 Penicillium-polonicum
0 0 0.3624474082600597 0.42429685141513274 Penicillium-chrysogenum
0 0 0.8591586505351336 0.013234244145498175 Penicillium-cvjetkovicii
0 0 0.7163115132507643 0.0701699098557177 Penicillium-brevicompactum
0 0 0.2706653359175377 0.557148913606514 Penicillium-commune
0 0 0.3066083762931052 0.5036029209095759 Penicillium-solitum
0 0 0.6201877105357371 0.1373306223476135 Penicillium-verrucosum
0 0 0.6556940841192209 0.10980510211328587 Penicillium-mb
0 0 0.8556624396699446 0.014043235528988287 Penicillium-polonicum
0 0 0.3536734611448671 0.4364212342159081 Penicillium-chrysogenum
0 0 0.8591586505351337 0.013234244145498154 Penicillium-cvjetkovicii
0 0 0.716048289260985 0.07032181877032805 Penicillium-brevicompactum
0 0 0.27714147600763894 0.5473684559846603 Penicillium-commune
0 0 0.31295471865285684 0.49434212442339465 Penicillium-solitum
0 0 0.6235504591761603 0.13458885965091166 Penicillium-verrucosum
0 0 0.6580536951636345 0.10808796893707948 Penicillium-mb
0 0 0.8522839778061194 0.014851169272915266 Penicillium-polonicum
0 0 0.36054991838025474 0.426907790127671 Penicillium-chrysogenum
0 0 0.859158650535134 0.013234244145498088 Penicillium-cvjetkovicii
0 0 0.7164520132496098 0.07008889824964135 Penicillium-brevicompactum
0 0 0.26757239046579134 0.5618396840352333 Penicillium-commune
0 0 0.3035058928282747 0.5081520237250443 Penicillium-solitum
0 0 0.6156871736685353 0.14104389471375633 Penicillium-verrucosum
0 0 0.6508540271143214 0.11337121880713757 Penicillium-mb
0 0 0.8502769527532351 0.01534339385621953 Penicillium-polonicum
0 0 0.3484719660579153 0.44367039523725554 Penicillium-chrysogenum
0 0 0.8591586505351343 0.013234244145498009 Penicillium-cvjetkovicii
0 0 0.7163098231140327 0.07017088468609738 Penicillium-brevicompactum
0 0 0.27106851297881984 0.5565383864643512 Penicillium-commune
0 0 0.3068747240960001 0.5032130460077974 Penicillium-solitum
0 0 0.6196494397881002 0.13777209557416806 Penicillium-verrucosum
0 0 0.6557165846013723 0.10978866177715431 Penicillium-mb
0 0 0.8572004404763761 0.013683971570161442 Penicillium-polonicum
0 0 0.35370323153206273 0.436379874804108 Penicillium-chrysogenum
0 0 0.8591586505351331 0.013234244145498307 Penicillium-cvjetkovicii
0 0 0.716772343647482 0.06990438520845409 Penicillium-brevicompactum
0 0 0.26388508236582686 0.5674482690480002 Penicillium-commune
0 0 0.29977503428530267 0.5136412616275252 Penicillium-solitum
0 0 0.6150145624917788 0.1416031503357394 Penicillium-verrucosum
0 0 0.6512133723535317 0.11310442859771791 Penicillium-mb
0 0 0.8571004357565227 0.013707169987292666 Penicillium-polonicum
0 0 0.34781700597672177 0.4445863949522961 Penicillium-chrysogenum
0 0 0.8591586505351351 0.01323424414549785 Penicillium-cvjetkovicii
0 0 0.7162952554062504 0.070179287292428 Penicillium-brevicompactum
0 0 0.27495295877867126 0.5506673172134562 Penicillium-commune
0 0 0.31083188129841216 0.4974331086257273 Penicillium-solitum
0 0 0.6232451262664213 0.13483664988561062 Penicillium-verrucosum
0 0 0.658785369437111 0.10755836917955136 Penicillium-mb
0 0 0.8567926920705696 0.013778699388774088 Penicillium-polonicum
0 0 0.35934250933860834 0.42857239248908385 Penicillium-chrysogenum
0 0 0.8591586505351337 0.013234244145498154 Penicillium-cvjetkovicii
0 0 0.7164570125730528 0.07008601659023932 Penicillium-brevicompactum
0 0 0.2686296119618734 0.5602348790027691 Penicillium-commune
0 0 0.30448467164719684 0.506715325114841 Penicillium-solitum
0 0 0.6181623734971315 0.1389954712701507 Penicillium-verrucosum
0 0 0.6543757822050394 0.11077056841844214 Penicillium-mb
0 0 0.8574264653032317 0.013631622693289113 Penicillium-polonicum
0 0 0.3516929580859671 0.43917605671455184 Penicillium-chrysogenum
0 0 0.8591586505351343 0.013234244145498009 Penicillium-cvjetkovicii
0 0 0.7166028859053101 0.0700019617727943 Penicillium-brevicompactum
0 0 0.26651834039157285 0.5634411360435273 Penicillium-commune
0 0 0.30253274919428913 0.5095818495676991 Penicillium-solitum
0 0 0.6157739637518619 0.1409718128297563 Penicillium-verrucosum
0 0 0.652131806723633 0.11242402847841611 Penicillium-mb
0 0 0.8544691690102736 0.014325647816519496 Penicillium-polonicum
0 0 0.34998951142191065 0.4415507640449523 Penicillium-chrysogenum
0 0 0.8591586505351347 0.01323424414549791 Penicillium-cvjetkovicii
0 0 0.7162694542050476 0.07019417066683126 Penicillium-brevicompactum
0 0 0.27599388152218685 0.5490974753824922 Penicillium-commune
0 0 0.31182210319628717 0.49599043722688085 Penicillium-solitum
0 0 0.6244655270343981 0.1338476308398998 Penicillium-verrucosum
0 0 0.6598827606282582 0.10676658995106605 Penicillium-mb
0 0 0.857864373913754 0.01353052673110864 Penicillium-polonicum
0 0 0.3601267408853228 0.42749092270382383 Penicillium-chrysogenum
0 0 0.8591586505351325 0.013234244145498422 Penicillium-cvjetkovicii
0 0 0.7165232337216819 0.07004785206906376 Penicillium-brevicompactum
0 0 0.26644645411250484 0.5635504081730913 Penicillium-commune
0 0 0.3024152955641716 0.5097545166233368 Penicillium-solitum
0 0 0.6156042377232939 0.14111279300583018 Penicillium-verrucosum
0 0 0.6518010742358742 0.11266879906338823 Penicillium-mb
0 0 0.854012119550151 0.014434670265012526 Penicillium-polonicum
0 0 0.34654449705966733 0.44636810830027934 Penicillium-chrysogenum
0 0 0.8591586505351334 0.013234244145498217 Penicillium-cvjetkovicii
0 0 0.7162367092278019 0.0702130619854783 Penicillium-brevicompactum
0 0 0.27128956614248717 0.5562037394509172 Penicillium-commune
0 0 0.30707245236728337 0.5029236833273178 Penicillium-solitum
0 0 0.619835453341642 0.13761945177628884 Penicillium-verrucosum
0 0 0.6559632477777759 0.10960851709626705 Penicillium-mb
0 0 0.8575422784968756 0.013604844061267853 Penicillium-polonicum
0 0 0.3516903005078752 0.43917975775447887 Penicillium-chrysogenum
0 0 0.8591586505351336 0.013234244145498175 Penicillium-cvjetkovicii
0 0 0.7162232000734399 0.07022085651776713 Penicillium-brevicompactum
0 0 0.2717819450224311 0.5554585726740757 Penicillium-commune
0 0 0.30770534529095117 0.5019978763801962 Penicillium-solitum
0 0 0.6214498865035476 0.1362982399176326 Penicillium-verrucosum
0 0 0.6573806085861094 0.1085763548483821 Penicillium-mb
0 0 0.8580965914630251 0.013477091501205692 Penicillium-polonicum
0 0 0.3551182170581145 0.4344157875232311 Penicillium-chrysogenum
0 0 0.8591586505351326 0.013234244145498404 Penicillium-cvjetkovicii
0 0 0.7162952232657441 0.07017930583156444 Penicillium-brevicompactum
0 0 0.27190098642631466 0.5552784637297896 Penicillium-commune
0 0 0.3078512237578674 0.5017845674409196 Penicillium-solitum
0 0 0.6204217189241903 0.13713891969184092 Penicillium-verrucosum
0 0 0.6557247130574427 0.10978272290495784 Penicillium-mb
0 0 0.8539262734496667 0.014455200310588001 Penicillium-polonicum
0 0 0.35517998206946416 0.4343301308964071 Penicillium-chrysogenum
0 0 0.8591586505351337 0.013234244145498154 Penicillium-cvjetkovicii
0 0 0.7163157171934323 0.0701674851538298 Penicillium-brevicompactum
0 0 0.2723301493708787 0.5546292995331477 Penicillium-commune
0 0 0.3083361985287436 0.5010756474997964 Penicillium-solitum
0 0 0.6215889640207497 0.13618472461557338 Penicillium-verrucosum
0 0 0.6572006281827818 0.10870714079287895 Penicillium-mb
0 0 0.8559750650182293 0.013969777446860452 Penicillium-polonicum
0 0 0.3573978313480607 0.43125866691024933 Penicillium-chrysogenum
0 0 0.8591586505351354 0.013234244145497762 Penicillium-cvjetkovicii
0 0 0.716701784078272 0.06994500569115619 Penicillium-brevicompactum
0 0 0.2653157946357467 0.5652699770884051 Penicillium-commune
0 0 0.3013553100257242 0.5113137028621193 Penicillium-solitum
0 0 0.6152133301078303 0.14143776481087514 Penicillium-verrucosum
0 0 0.6515064269187477 0.11288709545871058 Penicillium-mb
0 0 0.8544209843345485 0.01433711928746095 Penicillium-polonicum
0 0 0.34837756535288167 0.4438023761192854 Penicillium-chrysogenum
0 0 0.8591586505351351 0.01323424414549785 Penicillium-cvjetkovicii
0 0 0.7163869403065921 0.0701264127402897 Penicillium-brevicompactum
0 0 0.2694199687400118 0.5590361220595301 Penicillium-commune
0 0 0.3051228116695036 0.505779394301431 Penicillium-solitum
0 0 0.619004350343337 0.13830212363465527 Penicillium-verrucosum
0 0 0.6553901932804862 0.11002726983993297 Penicillium-mb
0 0 0.8599899337166212 0.013045927657978155 Penicillium-polonicum
0 0 0.35172840024693336 0.439126699803998 Penicillium-chrysogenum
0 0 0.8591586505351336 0.013234244145498175 Penicillium-cvjetkovicii
0 0 0.7164545048040591 0.07008746208509933 Penicillium-brevicompactum
0 0 0.26698305981665427 0.5627348934851213 Penicillium-commune
0 0 0.30302422815781704 0.5088595525673989 Penicillium-solitum
0 0 0.6180910121949945 0.1390543162417883 Penicillium-verrucosum
0 0 0.6543540538214333 0.11078651802478719 Penicillium-mb
0 0 0.8576903171870517 0.013570658041642003 Penicillium-polonicum
0 0 0.35170243241136623 0.43916286252071235 Penicillium-chrysogenum
0 0 0.8591586505351337 0.013234244145498154 Penicillium-cvjetkovicii
0 0 0.7165285641053628 0.07004478055189836 Penicillium-brevicompactum
0 0 0.2674224813023736 0.5620673569631247 Penicillium-commune
0 0 0.30341623205210366 0.5082837027315013 Penicillium-solitum
0 0 0.6178424756089923 0.13925935941898593 Penicillium-verrucosum
0 0 0.6533585779709168 0.11151851762184835 Penicillium-mb
0 0 0.8548856599314688 0.014226711279965052 Penicillium-polonicum
0 0 0.35075835078072704 0.44047835451108946 Penicillium-chrysogenum
0 0 0.8591586505351325 0.013234244145498422 Penicillium-cvjetkovicii
0 0 0.7163590308234613 0.07014250583416787 Penicillium-brevicompactum
0 0 0.2697333220688138 0.558561078399845 Penicillium-commune
0 0 0.3057267488230327 0.5048941823077109 Penicillium-solitum
0 0 0.6195289592913449 0.13787100830000362 Penicillium-verrucosum
0 0 0.655227183586073 0.11014653848473635 Penicillium-mb
0 0 0.8556458277453936 0.014047145025971118 Penicillium-polonicum
0 0 0.3527133674633453 0.43775587342926964 Penicillium-chrysogenum
0 0 0.8591586505351337 0.013234244145498154 Penicillium-cvjetkovicii
0 0 0.7163676726869106 0.07013752257331692 Penicillium-brevicompactum
0 0 0.26938797344829024 0.5590846342259326 Penicillium-commune
0 0 0.30522626363348393 0.5056277227702375 Penicillium-solitum
0 0 0.619769426746388 0.1376736237699814 Penicillium-verrucosum
0 0 0.6559681992617155 0.10960490246654281 Penicillium-mb
0 0 0.8596645040205555 0.013119465437237443 Penicillium-polonicum
0 0 0.35378599540052635 0.43626490044086874 Penicillium-chrysogenum
0 0 0.8591586505351337 0.013234244145498154 Penicillium-cvjetkovicii
0 0 0.7163616527513696 0.07014099390049894 Penicillium-brevicompactum
0 0 0.27044503662012903 0.5574826018653988 Penicillium-commune
0 0 0.30618606678588617 0.5042213057189677 Penicillium-solitum
0 0 0.6190398958460671 0.1382728913790921 Penicillium-verrucosum
0 0 0.6547759936194453 0.11047700811098668 Penicillium-mb
0 0 0.8566261911710673 0.013817488312608931 Penicillium-polonicum
0 0 0.354509983263739 0.43525963944794477 Penicillium-chrysogenum
0 0 0.8591586505351336 0.013234244145498175 Penicillium-cvjetkovicii
0 0 0.7166641305486775 0.06996668766125771 Penicillium-brevicompactum
0 0 0.26516262727206125 0.5655030506502283 Penicillium-commune
0 0 0.3010673355528426 0.5117375833078479 Penicillium-solitum
0 0 0.6154821696090328 0.1412142309103792 Penicillium-verrucosum
0 0 0.6511651469042957 0.11314021394145236 Penicillium-mb
0 0 0.8547297836107849 0.014263693470554025 Penicillium-polonicum
0 0 0.3482146673882082 0.4440301573320046 Penicillium-chrysogenum
0 0 0.8591586505351333 0.013234244145498243 Penicillium-cvjetkovicii
0 0 0.7166928591070257 0.06995014461635081 Penicillium-brevicompactum
0 0 0.26271634437945723 0.5692296689630416 Penicillium-commune
0 0 0.2989581117372224 0.5148459189312835 Penicillium-solitum
0 0 0.6156095102799232 0.14110841237086094 Penicillium-verrucosum
0 0 0.6512767784967021 0.11305738743817184 Penicillium-mb
0 0 0.854430862183136 0.014334767210536104 Penicillium-polonicum
0 0 0.34620059850224927 0.44685008106862134 Penicillium-chrysogenum
0 0 0.8591586505351344 0.013234244145498002 Penicillium-cvjetkovicii
0 0 0.7164332450460549 0.07009971699526882 Penicillium-brevicompactum
0 0 0.2683334226721524 0.5606843300240056 Penicillium-commune
0 0 0.30439328291801154 0.5068494100542213 Penicillium-solitum
0 0 0.6194657225444086 0.1379229391317838 Penicillium-verrucosum
0 0 0.655079706085287 0.11025450046834308 Penicillium-mb
0 0 0.8564350079321337 0.013862104327449571 Penicillium-polonicum
0 0 0.353089555567227 0.4372327444452069 Penicillium-chrysogenum
0 0 0.8591586505351337 0.013234244145498154 Penicillium-cvjetkovicii
0 0 0.7161906676931817 0.07023962900613592 Penicillium-brevicompactum
0 0 0.2714528830590917 0.5559565396764578 Penicillium-commune
0 0 0.3074287720529075 0.5024023791899448 Penicillium-solitum
0 0 0.6212100481968394 0.13649410901557457 Penicillium-verrucosum
0 0 0.6567038154014685 0.10906858269970755 Penicillium-mb
0 0 0.8564042626917809 0.013869286958459152 Penicillium-polonicum
0 0 0.35702344533253116 0.43177656268679215 Penicillium-chrysogenum
0 0 0.8591586505351345 0.013234244145497977 Penicillium-cvjetkovicii
0 0 0.7164992355485663 0.07006168138795821 Penicillium-brevicompactum
0 0 0.26821784400810567 0.5608597456484925 Penicillium-commune
0 0 0.30410219711164427 0.5072765714115764 Penicillium-solitum
0 0 0.6164191256036458 0.14043656920276895 Penicillium-verrucosum
0 0 0.6528574295063881 0.11188797004173048 Penicillium-mb
0 0 0.8551262015351578 0.014169749652536263 Penicillium-polonicum
0 0 0.35139402198462166 0.43959244023821886 Penicillium-chrysogenum
0 0 0.8591586505351333 0.013234244145498243 Penicillium-cvjetkovicii
0 0 0.7164143100661083 0.0701106327861572 Penicillium-brevicompactum
0 0 0.2696158961483394 0.5587390808906401 Penicillium-commune
0 0 0.3054996740721674 0.5052269503999498 Penicillium-solitum
0 0 0.6183014779566824 0.1388808010975247 Penicillium-verrucosum
0 0 0.6544587050028922 0.11070971030709832 Penicillium-mb
0 0 0.8559730937056185 0.01397023995907357 Penicillium-polonicum
0 0 0.3519963105535222 0.4387536748765807 Penicillium-chrysogenum
0 0 0.8591586505351331 0.013234244145498307 Penicillium-cvjetkovicii
0 0 0.7163859082214932 0.07012700782321923 Penicillium-brevicompactum
0 0 0.2686052418172358 0.5602718549989675 Penicillium-commune
0 0 0.3043244084106624 0.506950470426251 Penicillium-solitum
0 0 0.619147900429194 0.13818408871626836 Penicillium-verrucosum
0 0 0.654524033666916 0.1106617769615956 Penicillium-mb
0 0 0.8581916417747358 0.013455254523796853 Penicillium-polonicum
0 0 0.3520248273877915 0.43871397655181005 Penicillium-chrysogenum
0 0 0.8591586505351337 0.013234244145498154 Penicillium-cvjetkovicii
0 0 0.7165045207822758 0.07005863556430468 Penicillium-brevicompactum
0 0 0.26909378322308714 0.559530757143122 Penicillium-commune
0 0 0.30498709505917254 0.5059783932368411 Penicillium-solitum
0 0 0.618303783139846 0.13887890123290705 Penicillium-verrucosum
0 0 0.6541576115036364 0.11093076948211075 Penicillium-mb
0 0 0.8556454206887415 0.01404724083163927 Penicillium-polonicum
0 0 0.35204977111319413 0.43867925347574455 Penicillium-chrysogenum
0 0 0.8591586505351334 0.013234244145498217 Penicillium-cvjetkovicii
0 0 0.7160695246080255 0.07030955712131064 Penicillium-brevicompactum
0 0 0.2766885539422288 0.5480506365287716 Penicillium-commune
0 0 0.3126236866982257 0.49482367978604125 Penicillium-solitum
0 0 0.625334951105718 0.13314530163816998 Penicillium-verrucosum
0 0 0.6609958818502197 0.10596656801587 Penicillium-mb
0 0 0.8583905927562951 0.013409612888809437 Penicillium-polonicum
0 0 0.3619771003070082 0.4249434170178868 Penicillium-chrysogenum
0 0 0.8591586505351333 0.013234244145498243 Penicillium-cvjetkovicii
0 0 0.7163619432028938 0.07014082641282154 Penicillium-brevicompactum
0 0 0.27210367070781416 0.5549718470563468 Penicillium-commune
0 0 0.3081740450411722 0.501312638984392 Penicillium-solitum
0 0 0.6220088224783223 0.13584232643510422 Penicillium-verrucosum
0 0 0.6575953949036965 0.10842038353087494 Penicillium-mb
0 0 0.8562677140684803 0.01390121285105531 Penicillium-polonicum
0 0 0.35718958813897633 0.43154670457479344 Penicillium-chrysogenum
0 0 0.8591586505351351 0.01323424414549785 Penicillium-cvjetkovicii
0 0 0.7167094119339972 0.06994061379513546 Penicillium-brevicompactum
0 0 0.2635767945628036 0.5679179921791134 Penicillium-commune
0 0 0.2994492515685939 0.5141215537269701 Penicillium-solitum
0 0 0.615293091649972 0.14137142628404387 Penicillium-verrucosum
0 0 0.6516048253635163 0.11281417035039998 Penicillium-mb
0 0 0.8583755372838812 0.013413063681644391 Penicillium-polonicum
0 0 0.3457758115957536 0.44744568865358436 Penicillium-chrysogenum
0 0 0.8591586505351333 0.013234244145498243 Penicillium-cvjetkovicii
0 0 0.7162681294962371 0.07019493486835482 Penicillium-brevicompactum
0 0 0.2722832031060744 0.5547002998348376 Penicillium-commune
0 0 0.3081295130397123 0.5013777305199216 Penicillium-solitum
0 0 0.621547104733091 0.13621888519046446 Penicillium-verrucosum
0 0 0.6574023387739264 0.10856056975207415 Penicillium-mb
0 0 0.8582204294267847 0.013448644812089194 Penicillium-polonicum
0 0 0.35601432307647646 0.4331736870339859 Penicillium-chrysogenum
0 0 0.859158650535133 0.013234244145498324 Penicillium-cvjetkovicii
0 0 0.7163145652747923 0.07016814953979081 Penicillium-brevicompactum
0 0 0.2708403880834887 0.5568838072829094 Penicillium-commune
0 0 0.30670757370010554 0.503457705285145 Penicillium-solitum
0 0 0.6200861335999486 0.13741387770051575 Penicillium-verrucosum
0 0 0.655750805643739 0.10976366007386198 Penicillium-mb
0 0 0.856499662931925 0.013847006722384298 Penicillium-polonicum
0 0 0.3539045583848402 0.43610021458057996 Penicillium-chrysogenum
0 0 0.8591586505351335 0.013234244145498196 Penicillium-cvjetkovicii
0 0 0.716481783162575 0.07007173951640011 Penicillium-brevicompactum
0 0 0.2680408603853491 0.5611283906480483 Penicillium-commune
0 0 0.30410040268208804 0.5072792050812249 Penicillium-solitum
0 0 0.6186792216264806 0.13856965130996043 Penicillium-verrucosum
0 0 0.6546595974134392 0.11056234462133964 Penicillium-mb
0 0 0.8563916075003011 0.013872244053059124 Penicillium-polonicum
0 0 0.3522580397585651 0.4383893725076177 Penicillium-chrysogenum
0 0 0.8591586505351334 0.013234244145498217 Penicillium-cvjetkovicii
0 0 0.7162557490604873 0.07020207714285119 Penicillium-brevicompactum
0 0 0.27072975694399026 0.557051346978786 Penicillium-commune
0 0 0.3064612858608986 0.5038182743156059 Penicillium-solitum
0 0 0.6212384762368617 0.13647088519623948 Penicillium-verrucosum
0 0 0.6571673410885843 0.10873133840359053 Penicillium-mb
0 0 0.8608767949485584 0.012846723488632908 Penicillium-polonicum
0 0 0.35375245540178374 0.43631149232862826 Penicillium-chrysogenum
0 0 0.8591586505351344 0.013234244145498002 Penicillium-cvjetkovicii
0 0 0.7165111543308241 0.07005481282186285 Penicillium-brevicompactum
0 0 0.26162046110418646 0.5709016252539921 Penicillium-commune
0 0 0.2974917184236742 0.5170107351798616 Penicillium-solitum
0 0 0.6119037667386398 0.1442042084603348 Penicillium-verrucosum
0 0 0.6480953799838415 0.11543015245449227 Penicillium-mb
0 0 0.8534607996096332 0.014566808581315437 Penicillium-polonicum
0 0 0.3329094254558139 0.4656258851134152 Penicillium-chrysogenum
0 0 0.8591586505351355 0.013234244145497743 Penicillium-cvjetkovicii
0 0 0.7155028653560402 0.07063714916717927 Penicillium-brevicompactum
0 0 0.2868250539859159 0.5328505145358586 Penicillium-commune
0 0 0.3223899115783349 0.48068700542139553 Penicillium-solitum
0 0 0.6339282495067147 0.12630474390426638 Penicillium-verrucosum
0 0 0.669604969977569 0.09988485179082182 Penicillium-mb
0 0 0.8656914794813025 0.011795794925825312 Penicillium-polonicum
0 0 0.3736779338125363 0.40897143578997264 Penicillium-chrysogenum
0 0 0.8591586505351331 0.013234244145498307 Penicillium-cvjetkovicii
0 0 0.7163783362007035 0.07013137380612432 Penicillium-brevicompactum
0 0 0.2690238607968903 0.5596368073734636 Penicillium-commune
0 0 0.30487465211217873 0.5061432870385859 Penicillium-solitum
0 0 0.6191124093755662 0.1382132666997081 Penicillium-verrucosum
0 0 0.6548369122912188 0.11043235886878464 Penicillium-mb
0 0 0.8572323605980876 0.013676571690649043 Penicillium-polonicum
0 0 0.35136953357524686 0.4396265564057281 Penicillium-chrysogenum
0 0 0.8591586505351344 0.013234244145498002 Penicillium-cvjetkovicii
0 0 0.716450174821263 0.07008995795389522 Penicillium-brevicompactum
0 0 0.2689448630397751 0.5597566297758256 Penicillium-commune
0 0 0.3048389943702254 0.5061955818234456 Penicillium-solitum
0 0 0.6179642958245449 0.13915883840094434 Penicillium-verrucosum
0 0 0.6533058715716124 0.11155734361816373 Penicillium-mb
0 0 0.8537636760421705 0.014494131101827573 Penicillium-polonicum
0 0 0.3520511638505676 0.43867731473735333 Penicillium-chrysogenum
0 0 0.8591586505351337 0.013234244145498154 Penicillium-cvjetkovicii
0 0 0.7161792714203601 0.07024620574988814 Penicillium-brevicompactum
0 0 0.2734325616491558 0.5529628865509679 Penicillium-commune
0 0 0.30913981597194373 0.4999017200265634 Penicillium-solitum
0 0 0.6226395943774489 0.1353287484785825 Penicillium-verrucosum
0 0 0.6586333155484078 0.10766831745517315 Penicillium-mb
0 0 0.860651255770951 0.012897216934318192 Penicillium-polonicum
0 0 0.3575407634034887 0.43106100893421717 Penicillium-chrysogenum
0 0 0.8591586505351331 0.013234244145498307 Penicillium-cvjetkovicii
0 0 0.7160188675791456 0.07033880924474084 Penicillium-brevicompactum
0 0 0.27952642223554197 0.5437809053652825 Penicillium-commune
0 0 0.31528346948968183 0.4909591653329469 Penicillium-solitum
0 0 0.6271111947603044 0.13171627538833622 Penicillium-verrucosum
0 0 0.6626914125135803 0.10475397235364539 Penicillium-mb
0 0 0.8596270224503274 0.013127950406243366 Penicillium-polonicum
0 0 0.3639034594348737 0.4222975295253512 Penicillium-chrysogenum
0 0 0.859158650535135 0.013234244145497854 Penicillium-cvjetkovicii
0 0 0.7161451949268333 0.07026587313116378 Penicillium-brevicompactum
0 0 0.27651718725609636 0.5483088174515516 Penicillium-commune
0 0 0.3123285122987771 0.49525321259738486 Penicillium-solitum
0 0 0.6255831989872113 0.13294510933246276 Penicillium-verrucosum
0 0 0.6609821579796348 0.1059764125746971 Penicillium-mb
0 0 0.8594520132841716 0.01316761006863811 Penicillium-polonicum
0 0 0.3612654636224543 0.42592247689390966 Penicillium-chrysogenum
0 0 0.8591586505351326 0.013234244145498404 Penicillium-cvjetkovicii
0 0 0.7162798217508485 0.07018818996386833 Penicillium-brevicompactum
0 0 0.2715827507428709 0.5557599946647714 Penicillium-commune
0 0 0.3073162186785268 0.5025670270121996 Penicillium-solitum
0 0 0.6203756972751341 0.13717661049453067 Penicillium-verrucosum
0 0 0.6563197314214722 0.10934843869756568 Penicillium-mb
0 0 0.8583761558624792 0.013412921890187852 Penicillium-polonicum
0 0 0.35591950784317955 0.43330504695528965 Penicillium-chrysogenum
0 0 0.8591586505351344 0.013234244145498002 Penicillium-cvjetkovicii
0 0 0.7162195199559779 0.07022297995801516 Penicillium-brevicompactum
0 0 0.271444625549672 0.5559690375573557 Penicillium-commune
0 0 0.30747744923026177 0.5023311780084383 Penicillium-solitum
0 0 0.6201494346483207 0.13736199135471464 Penicillium-verrucosum
0 0 0.6562822897078077 0.1093757398422121 Penicillium-mb
0 0 0.8555155650499185 0.01407782299187156 Penicillium-polonicum
0 0 0.3532125456073908 0.43706176553995374 Penicillium-chrysogenum
0 0 0.8591586505351337 0.013234244145498154 Penicillium-cvjetkovicii
0 0 0.7163294227531903 0.07015958053051766 Penicillium-brevicompactum
0 0 0.2723746726806425 0.5545619663626973 Penicillium-commune
0 0 0.30813460817021626 0.5013702829196087 Penicillium-solitum
0 0 0.6220839694979807 0.13578108952610626 Penicillium-verrucosum
0 0 0.6578910556207223 0.10820587406975944 Penicillium-mb
0 0 0.8598135024827204 0.013085766668744548 Penicillium-polonicum
0 0 0.35649513807651934 0.432507785790536 Penicillium-chrysogenum
0 0 0.8591586505351343 0.013234244145498009 Penicillium-cvjetkovicii
0 0 0.7160336584971324 0.07033026748907341 Penicillium-brevicompactum
0 0 0.27513529279659127 0.5503922291552865 Penicillium-commune
0 0 0.31098289646225863 0.4972129965755294 Penicillium-solitum
0 0 0.6233077996372627 0.13478576898632952 Penicillium-verrucosum
0 0 0.6589098093103073 0.10746843167973281 Penicillium-mb
0 0 0.8568677344798068 0.01376123750939048 Penicillium-polonicum
0 0 0.3545628387459396 0.43518628397142944 Penicillium-chrysogenum
0 0 0.8591586505351326 0.013234244145498404 Penicillium-cvjetkovicii
0 0 0.7162925080496739 0.07018087201928787 Penicillium-brevicompactum
0 0 0.2703895722921105 0.5575666240557426 Penicillium-commune
0 0 0.3058334403198578 0.5047378569893944 Penicillium-solitum
0 0 0.6230267377367709 0.1350140231315182 Penicillium-verrucosum
0 0 0.6594930515774982 0.10704742096168715 Penicillium-mb
0 0 0.8691615523237519 0.011070118328218225 Penicillium-polonicum
0 0 0.3574060805450978 0.43124725831067473 Penicillium-chrysogenum
0 0 0.8591586505351356 0.0132342441454977 Penicillium-cvjetkovicii
0 0 0.7163116471990435 0.07016983259786991 Penicillium-brevicompactum
0 0 0.2688450344656046 0.559908059768889 Penicillium-commune
0 0 0.30465842672744914 0.5064604268373138 Penicillium-solitum
0 0 0.6202101113520184 0.1373122654404357 Penicillium-verrucosum
0 0 0.6560340627061292 0.1095568274148637 Penicillium-mb
0 0 0.8603034166395419 0.012975313341545537 Penicillium-polonicum
0 0 0.35371741739922646 0.43636016718395554 Penicillium-chrysogenum
0 0 0.8591586505351341 0.013234244145498071 Penicillium-cvjetkovicii
0 0 0.7165061005954299 0.07005772514868633 Penicillium-brevicompactum
0 0 0.26795047767012037 0.5612655992597204 Penicillium-commune
0 0 0.30384734981665595 0.5076506562743864 Penicillium-solitum
0 0 0.6175082676017565 0.13953532262096346 Penicillium-verrucosum
0 0 0.6532366196732566 0.11160836843985315 Penicillium-mb
0 0 0.8550363903399639 0.014191002171700594 Penicillium-polonicum
0 0 0.3487609605616697 0.4432664464707269 Penicillium-chrysogenum
0 0 0.8591586505351335 0.013234244145498196 Penicillium-cvjetkovicii
0 0 0.7167730625259365 0.06990397142208211 Penicillium-brevicompactum
0 0 0.26515634888582285 0.5655126050726067 Penicillium-commune
0 0 0.3011162267824201 0.5116656099215642 Penicillium-solitum
0 0 0.6144317169247501 0.14208867224674887 Penicillium-verrucosum
0 0 0.6503817007708453 0.11372238433207255 Penicillium-mb
0 0 0.8528175387628203 0.014721853356708519 Penicillium-polonicum
0 0 0.3457581772532596 0.447470420788738 Penicillium-chrysogenum
0 0 0.859158650535133 0.013234244145498324 Penicillium-cvjetkovicii
0 0 0.7164571444229694 0.07008594059150643 Penicillium-brevicompactum
0 0 0.2669312156591629 0.5628136679776643 Penicillium-commune
0 0 0.30270516757143406 0.5093284162529428 Penicillium-solitum
0 0 0.6185577969990468 0.13866963100454885 Penicillium-verrucosum
0 0 0.6542564631990925 0.11085816858294872 Penicillium-mb
0 0 0.8594449925066191 0.013169202510240141 Penicillium-polonicum
0 0 0.3491891271170081 0.4426682223572223 Penicillium-chrysogenum
0 0 0.8591586505351333 0.013234244145498243 Penicillium-cvjetkovicii
0 0 0.7167928840958948 0.06989256264644125 Penicillium-brevicompactum
0 0 0.2640291348937064 0.5672288254440592 Penicillium-commune
0 0 0.30000960977703506 0.5132955294382371 Penicillium-solitum
0 0 0.6148855552840834 0.14171054360585872 Penicillium-verrucosum
0 0 0.6510367930214579 0.11323548652839857 Penicillium-mb
0 0 0.8553969172358641 0.014105798867761766 Penicillium-polonicum
0 0 0.34478968025572615 0.4488295245828327 Penicillium-chrysogenum
0 0 0.8591586505351334 0.013234244145498217 Penicillium-cvjetkovicii
0 0 0.7164993237019011 0.07006163058555122 Penicillium-brevicompactum
0 0 0.26708033993338737 0.5625870909281558 Penicillium-commune
0 0 0.30301951034411745 0.5088664843658478 Penicillium-solitum
0 0 0.6165291446046725 0.14034539716138453 Penicillium-verrucosum
0 0 0.6524342850151492 0.1122004095642765 Penicillium-mb
0 0 0.8545095446174374 0.01431603951594772 Penicillium-polonicum
0 0 0.34901563356279375 0.4429105866217817 Penicillium-chrysogenum
2 2 0.8591586505351333 0.013234244145498243 Penicillium-cvjetkovicii
2 2 0.7160142358772575 0.07034148416725068 Penicillium-brevicompactum
2 2 0.27291332475406777 0.5537475657044134 Penicillium-commune
2 2 0.30956508509896147 0.49928087635007024 Penicillium-solitum
2 2 0.623537070814239 0.13459972000640053 Penicillium-verrucosum
2 2 0.6591327589490854 0.10730739512515079 Penicillium-mb
2 2 0.8556828353091473 0.014038436413126356 Penicillium-polonicum
2 2 0.3599628994181596 0.42771677621738863 Penicillium-chrysogenum
0 0 0.859158650535135 0.013234244145497854 Penicillium-cvjetkovicii
0 0 0.7163859579058864 0.07012697917597065 Penicillium-brevicompactum
0 0 0.2689705828720518 0.5597176174846157 Penicillium-commune
0 0 0.3048597286585825 0.506165173187139 Penicillium-solitum
0 0 0.6186563422377516 0.13858848715485908 Penicillium-verrucosum
0 0 0.6547442626395209 0.11050026846560491 Penicillium-mb
0 0 0.8572012926925181 0.013683773975464157 Penicillium-polonicum
0 0 0.3519085907532573 0.43887579828701234 Penicillium-chrysogenum
0 0 0.8591586505351341 0.013234244145498071 Penicillium-cvjetkovicii
0 0 0.7163515651889506 0.07014681098514654 Penicillium-brevicompactum
0 0 0.2694346354117673 0.5590138844890786 Penicillium-commune
0 0 0.30533364369363203 0.5054703089909123 Penicillium-solitum
0 0 0.6173821619069658 0.13963952277986022 Penicillium-verrucosum
0 0 0.6533638300065651 0.11151464911040462 Penicillium-mb
0 0 0.8537141147145464 0.014506009500706216 Penicillium-polonicum
0 0 0.34989667603363467 0.4416803215780336 Penicillium-chrysogenum
0 0 0.8591586505351331 0.013234244145498307 Penicillium-cvjetkovicii
0 0 0.7160908926957565 0.07029721998429188 Penicillium-brevicompactum
0 0 0.2738385079270468 0.5523496655129935 Penicillium-commune
0 0 0.31000196467618407 0.49864336509651874 Penicillium-solitum
0 0 0.6248930393806255 0.13350204751369776 Penicillium-verrucosum
0 0 0.6600503292617387 0.10664595502618845 Penicillium-mb
0 0 0.8572759988229193 0.013666458969106031 Penicillium-polonicum
0 0 0.35980210556735226 0.42793847326867707 Penicillium-chrysogenum
0 0 0.8591586505351333 0.013234244145498243 Penicillium-cvjetkovicii
0 0 0.7164543253000832 0.07008756555300848 Penicillium-brevicompactum
0 0 0.26828901466927796 0.5607517266946014 Penicillium-commune
0 0 0.30426862199960686 0.5070323316149429 Penicillium-solitum
0 0 0.6164875184324117 0.14037988898472056 Penicillium-verrucosum
0 0 0.6528621245594608 0.11188450585905967 Penicillium-mb
0 0 0.8540033946185057 0.014436756066054044 Penicillium-polonicum
0 0 0.35127098284964114 0.4397638630695065 Penicillium-chrysogenum
0 0 0.8591586505351336 0.013234244145498175 Penicillium-cvjetkovicii
0 0 0.7163461721831695 0.07014992101725864 Penicillium-brevicompactum
0 0 0.27266836448887966 0.5541178787965155 Penicillium-commune
0 0 0.3083979046039191 0.5009854728034403 Penicillium-solitum
0 0 0.6211229176114645 0.1365653013944779 Penicillium-verrucosum
0 0 0.6568890405073984 0.1089337546881564 Penicillium-mb
0 0 0.8577601205560158 0.013554555688566543 Penicillium-polonicum
0 0 0.3551949711830896 0.4343093447456902 Penicillium-chrysogenum
0 0 0.8591586505351337 0.013234244145498154 Penicillium-cvjetkovicii
0 0 0.7161586163696948 0.07025812654016715 Penicillium-brevicompactum
0 0 0.2698359554519314 0.558405514418314 Penicillium-commune
0 0 0.3058424671044908 0.5047246316397116 Penicillium-solitum
0 0 0.6203342855136809 0.13721053037844533 Penicillium-verrucosum
0 0 0.6562259850799889 0.10941680179798768 Penicillium-mb
0 0 0.8572159270228807 0.013680381116749409 Penicillium-polonicum
0 0 0.34918865971104757 0.4426688752391866 Penicillium-chrysogenum
0 0 0.8591586505351337 0.013234244145498154 Penicillium-cvjetkovicii
0 0 0.7163951515466477 0.07012167837382172 Penicillium-brevicompactum
0 0 0.270951519349586 0.5567155265577113 Penicillium-commune
0 0 0.3068549411625075 0.5032420002667595 Penicillium-solitum
0 0 0.6203518245540113 0.13719616383921526 Penicillium-verrucosum
0 0 0.6555723762778913 0.10989405201482118 Penicillium-mb
0 0 0.8551503460563601 0.014164039307303339 Penicillium-polonicum
0 0 0.3538023612909903 0.4362421665506731 Penicillium-chrysogenum
0 0 0.8591586505351337 0.013234244145498154 Penicillium-cvjetkovicii
0 0 0.7164269013137584 0.07010337397987476 Penicillium-brevicompactum
0 0 0.26728298692546937 0.562279239036701 Penicillium-commune
0 0 0.3034061142945578 0.5082985627735704 Penicillium-solitum
0 0 0.6184583558847496 0.1387515369005435 Penicillium-verrucosum
0 0 0.6529531256759403 0.11181737285833039 Penicillium-mb
0 0 0.8521226651874283 0.014890392850606815 Penicillium-polonicum
0 0 0.35209601321426903 0.4386148846187115 Penicillium-chrysogenum
2 2 0.8591586505351331 0.013234244145498307 Penicillium-cvjetkovicii
2 2 0.7165800419189293 0.07001512130832073 Penicillium-brevicompactum
2 2 0.2627667758850584 0.5691527643962482 Penicillium-commune
2 2 0.2989631343784916 0.5148385094362029 Penicillium-solitum
2 2 0.6161170255153444 0.14068707148917722 Penicillium-verrucosum
2 2 0.6518047044969979 0.11266611086202655 Penicillium-mb
2 2 0.8541288846072171 0.014406772734914582 Penicillium-polonicum
2 2 0.34787309951201445 0.4445079169732771 Penicillium-chrysogenum
0 0 0.8591586505351333 0.013234244145498243 Penicillium-cvjetkovicii
0 0 0.7167010587416154 0.0699454233264803 Penicillium-brevicompactum
0 0 0.2675907954367472 0.561811733717239 Penicillium-commune
0 0 0.30360866938115555 0.5080010969872196 Penicillium-solitum
0 0 0.6179628989686388 0.13915999082072297 Penicillium-verrucosum
0 0 0.6539310572534874 0.11109725346530322 Penicillium-mb
0 0 0.8559446958767815 0.013976903670633768 Penicillium-polonicum
0 0 0.35139461625862667 0.4395916123344792 Penicillium-chrysogenum
0 0 0.8591586505351337 0.013234244145498154 Penicillium-cvjetkovicii
0 0 0.7163459368366543 0.07015005673829101 Penicillium-brevicompactum
0 0 0.2702002355163081 0.5578534785993439 Penicillium-commune
0 0 0.3062518297723841 0.5041249920331028 Penicillium-solitum
0 0 0.6194926459129013 0.1379008281037824 Penicillium-verrucosum
0 0 0.6555204032183753 0.10993204778759694 Penicillium-mb
0 0 0.8553896461215703 0.014107514351090035 Penicillium-polonicum
0 0 0.353207415979287 0.43706889616315847 Penicillium-chrysogenum
0 0 0.8591586505351334 0.013234244145498217 Penicillium-cvjetkovicii
0 0 0.7163130647825986 0.07016901497572409 Penicillium-brevicompactum
0 0 0.2727766091051445 0.5539542325775042 Penicillium-commune
0 0 0.3086355597704956 0.5006382265676624 Penicillium-solitum
0 0 0.6210022456790243 0.13666393071296526 Penicillium-verrucosum
0 0 0.6566100551100611 0.10913686514996533 Penicillium-mb
0 0 0.8557158347948813 0.01403067358547399 Penicillium-polonicum
0 0 0.35612380172469216 0.43302203091779984 Penicillium-chrysogenum
0 0 0.8591586505351337 0.013234244145498154 Penicillium-cvjetkovicii
0 0 0.7163574401866883 0.07014342308274894 Penicillium-brevicompactum
0 0 0.2717186811583223 0.5555542982106745 Penicillium-commune
0 0 0.3076260659112714 0.5021138149574575 Penicillium-solitum
0 0 0.6207510616288767 0.13686934784238208 Penicillium-verrucosum
0 0 0.6563852026577812 0.10930070793409975 Penicillium-mb
0 0 0.85615042761738 0.013928668662057043 Penicillium-polonicum
0 0 0.35521169861980345 0.4342861484243101 Penicillium-chrysogenum
0 0 0.8591586505351333 0.013234244145498243 Penicillium-cvjetkovicii
0 0 0.7166494499348203 0.06997514215288633 Penicillium-brevicompactum
0 0 0.2653786050997995 0.5651744077395597 Penicillium-commune
0 0 0.3013915838767659 0.5112603186221192 Penicillium-solitum
0 0 0.6159615463327449 0.14081608320777086 Penicillium-verrucosum
0 0 0.6521430257790015 0.11241573023873765 Penicillium-mb
0 0 0.8557030517013516 0.01403368040008689 Penicillium-polonicum
0 0 0.3490068912735554 0.44292280061296396 Penicillium-chrysogenum
0 0 0.8591586505351334 0.013234244145498217 Penicillium-cvjetkovicii
0 0 0.7160926005469173 0.0702962339848815 Penicillium-brevicompactum
0 0 0.2761196369468702 0.5489079194646458 Penicillium-commune
0 0 0.3119247891031795 0.4958409169524508 Penicillium-solitum
0 0 0.6244523478484548 0.13385829156374496 Penicillium-verrucosum
0 0 0.6600834387751597 0.10662212742922174 Penicillium-mb
0 0 0.8584238726401953 0.013401986769537579 Penicillium-polonicum
0 0 0.3577881960988928 0.4307189211786365 Penicillium-chrysogenum
0 0 0.8591586505351344 0.013234244145498002 Penicillium-cvjetkovicii
0 0 0.7162693760573836 0.07019421574873845 Penicillium-brevicompactum
0 0 0.270067446714674 0.5580546885146676 Penicillium-commune
0 0 0.30608428492080775 0.5043703837866425 Penicillium-solitum
0 0 0.6201618386280446 0.1373518252744047 Penicillium-verrucosum
0 0 0.656134161507501 0.10948378423403492 Penicillium-mb
0 0 0.8570683234695526 0.013714623947942598 Penicillium-polonicum
0 0 0.3541536080857378 0.43575435778483546 Penicillium-chrysogenum
0 0 0.8591586505351331 0.013234244145498307 Penicillium-cvjetkovicii
0 0 0.7166946080874308 0.06994913755181378 Penicillium-brevicompactum
0 0 0.2653700500689657 0.5651874243562143 Penicillium-commune
0 0 0.3012246068840384 0.5115060746919684 Penicillium-solitum
0 0 0.6149792220587545 0.1416325657257472 Penicillium-verrucosum
0 0 0.6511200193577659 0.11317370581061892 Penicillium-mb
0 0 0.8553070150790845 0.014127017981180906 Penicillium-polonicum
0 0 0.3475230418167157 0.4449977526150892 Penicillium-chrysogenum
0 0 0.8591586505351351 0.01323424414549785 Penicillium-cvjetkovicii
0 0 0.7162856295481304 0.07018483975240862 Penicillium-brevicompactum
0 0 0.2703629845254134 0.5576069029644906 Penicillium-commune
0 0 0.3061633988653473 0.5042545056836473 Penicillium-solitum
0 0 0.6197361229700048 0.13770095218951667 Penicillium-verrucosum
0 0 0.6556165946992315 0.1098617307616925 Penicillium-mb
0 0 0.8576473876530273 0.013580566530055321 Penicillium-polonicum
0 0 0.3518667910310593 0.4389339963561176 Penicillium-chrysogenum
2 2 0.8591586505351336 0.013234244145498175 Penicillium-cvjetkovicii
2 2 0.7161416351142065 0.07026792786144878 Penicillium-brevicompactum
2 2 0.27386654872534427 0.5523073153385955 Penicillium-commune
2 2 0.30976736703476154 0.4989856632820979 Penicillium-solitum
2 2 0.6199314588290131 0.1375407026535541 Penicillium-verrucosum
2 2 0.6559820309912759 0.10959480550177562 Penicillium-mb
2 2 0.8526524583697587 0.01476179386943755 Penicillium-polonicum
2 2 0.35882296986062917 0.4292894255679762 Penicillium-chrysogenum
0 0 0.8591586505351338 0.01323424414549812 Penicillium-cvjetkovicii
0 0 0.716554729864061 0.07002970415390752 Penicillium-brevicompactum
0 0 0.2661811850452718 0.5639536940281222 Penicillium-commune
0 0 0.30203071045955043 0.5103200318765443 Penicillium-solitum
0 0 0.6174687732429636 0.13956795227304544 Penicillium-verrucosum
0 0 0.6536502715596458 0.11130376903308399 Penicillium-mb
0 0 0.8590326776396847 0.01326291661608809 Penicillium-polonicum
0 0 0.3483889530405621 0.44378645429668506 Penicillium-chrysogenum
2 2 0.8591586505351345 0.013234244145497977 Penicillium-cvjetkovicii
2 2 0.7162584351370944 0.0702005275118716 Penicillium-brevicompactum
2 2 0.2722615074085548 0.5547331128333008 Penicillium-commune
2 2 0.3081180177742367 0.5013945334002446 Penicillium-solitum
2 2 0.6181857256318607 0.1389762176919467 Penicillium-verrucosum
2 2 0.6550754421915664 0.11025762269843706 Penicillium-mb
2 2 0.8555514046002425 0.01406937865798342 Penicillium-polonicum
2 2 0.35565491240274943 0.43367170609980227 Penicillium-chrysogenum
2 2 0.8591586505351337 0.013234244145498154 Penicillium-cvjetkovicii
2 2 0.716243455777777 0.0702091695248205 Penicillium-brevicompactum
2 2 0.2719773402646406 0.555162950761488 Penicillium-commune
2 2 0.30781906700234885 0.5018315855220012 Penicillium-solitum
2 2 0.61692509218471 0.14001752558751482 Penicillium-verrucosum
2 2 0.6545563538927944 0.11063806674545205 Penicillium-mb
2 2 0.856543779641681 0.01383671042067463 Penicillium-polonicum
2 2 0.3550697072216206 0.4344830662006993 Penicillium-chrysogenum
0 0 0.8591586505351331 0.013234244145498307 Penicillium-cvjetkovicii
0 0 0.7163804568441363 0.07013015104080872 Penicillium-brevicompactum
0 0 0.26834733187154053 0.5606632209905285 Penicillium-commune
0 0 0.3043235512381327 0.5069517282096786 Penicillium-solitum
0 0 0.6176942441544829 0.1393817234235259 Penicillium-verrucosum
0 0 0.6536000374317277 0.11134073676831359 Penicillium-mb
0 0 0.8548045062158347 0.014245958426749914 Penicillium-polonicum
0 0 0.3513754574357436 0.4396183034534855 Penicillium-chrysogenum
0 0 0.8591586505351341 0.013234244145498071 Penicillium-cvjetkovicii
0 0 0.7165013678924972 0.07006045253240237 Penicillium-brevicompactum
0 0 0.2663443394836824 0.5637056411100458 Penicillium-commune
0 0 0.3022011227471535 0.5100694214291749 Penicillium-solitum
0 0 0.6182522789784067 0.1389213525937038 Penicillium-verrucosum
0 0 0.6538821093499785 0.1111332399497227 Penicillium-mb
0 0 0.8586314829513082 0.013354468724617761 Penicillium-polonicum
0 0 0.3493473462332698 0.4424472396640044 Penicillium-chrysogenum
0 0 0.859158650535135 0.013234244145497854 Penicillium-cvjetkovicii
0 0 0.7164708228397492 0.07007805654676218 Penicillium-brevicompactum
0 0 0.26459697248752717 0.5663640676445578 Penicillium-commune
0 0 0.30071520621264874 0.5122560604898803 Penicillium-solitum
0 0 0.6138830083047665 0.14254652387295422 Penicillium-verrucosum
0 0 0.6498939354424949 0.11408561758694792 Penicillium-mb
0 0 0.8509949316786536 0.015166256009932318 Penicillium-polonicum
0 0 0.34357347264448873 0.45053843312489494 Penicillium-chrysogenum
0 0 0.8591586505351351 0.01323424414549785 Penicillium-cvjetkovicii
0 0 0.7161755195257237 0.07024837102571088 Penicillium-brevicompactum
0 0 0.27295429348141015 0.5536856399956813 Penicillium-commune
0 0 0.30860058627562087 0.500689322260613 Penicillium-solitum
0 0 0.623659648794664 0.13450030396111098 Penicillium-verrucosum
0 0 0.6595779936241748 0.10698617758680679 Penicillium-mb
0 0 0.8634511336446689 0.012278409644371067 Penicillium-polonicum
0 0 0.3568816426345792 0.4319727834108961 Penicillium-chrysogenum
0 0 0.8591586505351334 0.013234244145498217 Penicillium-cvjetkovicii
0 0 0.7160218955364477 0.0703370605539551 Penicillium-brevicompactum
0 0 0.27571520139725475 0.5495176166201188 Penicillium-commune
0 0 0.3115374637637103 0.4964049819977693 Penicillium-solitum
0 0 0.6238286845474699 0.13436326984751432 Penicillium-verrucosum
0 0 0.6592443998941634 0.10722680400482412 Penicillium-mb
0 0 0.8568200823327256 0.013772324384997925 Penicillium-polonicum
0 0 0.35552314066199603 0.4338543510188765 Penicillium-chrysogenum
0 0 0.8591586505351333 0.013234244145498243 Penicillium-cvjetkovicii
0 0 0.7162792436328064 0.07018852345432713 Penicillium-brevicompactum
0 0 0.2706765525768031 0.5571319254088685 Penicillium-commune
0 0 0.30662872395330165 0.5035731326665005 Penicillium-solitum
0 0 0.6210594158038629 0.13661719910469255 Penicillium-verrucosum
0 0 0.656909830187537 0.1089186269835068 Penicillium-mb
0 0 0.858183428307598 0.013457140695832306 Penicillium-polonicum
0 0 0.353869743625139 0.4361485703751259 Penicillium-chrysogenum
0 0 0.8591586505351326 0.013234244145498404 Penicillium-cvjetkovicii
0 0 0.7162907929648505 0.07018186132215912 Penicillium-brevicompactum
0 0 0.26993238042071505 0.5582593733850343 Penicillium-commune
0 0 0.3059071385133267 0.5046298836062066 Penicillium-solitum
0 0 0.6205451426115672 0.1370378640938819 Penicillium-verrucosum
0 0 0.6559425573320862 0.1096236219846204 Penicillium-mb
0 0 0.8564418252963034 0.013860511959128661 Penicillium-polonicum
0 0 0.3513178709738967 0.4396985337497132 Penicillium-chrysogenum
0 0 0.859158650535135 0.013234244145497854 Penicillium-cvjetkovicii
0 0 0.7163757841348398 0.07013284534526214 Penicillium-brevicompactum
0 0 0.2685054884441406 0.5604232155751925 Penicillium-commune
0 0 0.30446759409563934 0.5067403802484474 Penicillium-solitum
0 0 0.6173524895368695 0.1396640465462186 Penicillium-verrucosum
0 0 0.653511922669025 0.11140559655086625 Penicillium-mb
0 0 0.854760476646727 0.014256407102326923 Penicillium-polonicum
0 0 0.3499130614637345 0.4416574536500057 Penicillium-chrysogenum
0 0 0.8591586505351348 0.013234244145497892 Penicillium-cvjetkovicii
0 0 0.7164791456691768 0.07007325961940397 Penicillium-brevicompactum
0 0 0.26868216320352867 0.5601551474448543 Penicillium-commune
0 0 0.30468921263341475 0.5064152686409467 Penicillium-solitum
0 0 0.6182027304656154 0.13896219824273434 Penicillium-verrucosum
0 0 0.6544184151694131 0.11073927737138631 Penicillium-mb
0 0 0.8559520031708386 0.013975188798962125 Penicillium-polonicum
0 0 0.35257511175286604 0.4379481922728457 Penicillium-chrysogenum
0 0 0.8591586505351337 0.013234244145498154 Penicillium-cvjetkovicii
0 0 0.7165471532286976 0.07003406954154863 Penicillium-brevicompactum
0 0 0.2666463796663473 0.5632465242120797 Penicillium-commune
0 0 0.30265107067686714 0.5094079271781853 Penicillium-solitum
0 0 0.617208567681322 0.13978302668691123 Penicillium-verrucosum
0 0 0.6531596003181643 0.11166513051528915 Penicillium-mb
0 0 0.8557690555164497 0.014018159070668522 Penicillium-polonicum
0 0 0.34918133893687753 0.4426791010900091 Penicillium-chrysogenum
0 0 0.8591586505351337 0.013234244145498154 Penicillium-cvjetkovicii
0 0 0.7163056415849832 0.07017329652313548 Penicillium-brevicompactum
0 0 0.2699693530834996 0.5582033411304461 Penicillium-commune
0 0 0.305933383332635 0.5045914349219349 Penicillium-solitum
0 0 0.6183594210433128 0.1388330500877313 Penicillium-verrucosum
0 0 0.6543200997210119 0.11081144423690031 Penicillium-mb
0 0 0.854242124934291 0.014379746795721288 Penicillium-polonicum
0 0 0.35196413400380916 0.43879846953478047 Penicillium-chrysogenum
0 0 0.8591586505351345 0.013234244145497977 Penicillium-cvjetkovicii
0 0 0.7161448669434379 0.07026606244242345 Penicillium-brevicompactum
0 0 0.2746266901665304 0.5511596716561691 Penicillium-commune
0 0 0.31048391575435175 0.4979404161687444 Penicillium-solitum
0 0 0.6229873500196859 0.13504602608981908 Penicillium-verrucosum
0 0 0.6589863026496502 0.1074131663899494 Penicillium-mb
0 0 0.8584104612894047 0.013405059695435805 Penicillium-polonicum
0 0 0.3595823007784244 0.42824160409187884 Penicillium-chrysogenum
0 0 0.8591586505351333 0.013234244145498243 Penicillium-cvjetkovicii
0 0 0.716062405766177 0.07031366753324651 Penicillium-brevicompactum
0 0 0.27609478329071524 0.5489453806280726 Penicillium-commune
0 0 0.31194249653748757 0.4958151348824219 Penicillium-solitum
0 0 0.6239120640579953 0.13429570177237926 Penicillium-verrucosum
0 0 0.6588320271383706 0.10752464327741512 Penicillium-mb
0 0 0.8548475907034759 0.014235738268620585 Penicillium-polonicum
0 0 0.35702780474348006 0.4317705308548029 Penicillium-chrysogenum
0 0 0.8591586505351344 0.013234244145498002 Penicillium-cvjetkovicii
0 0 0.7162791430408814 0.07018858148139952 Penicillium-brevicompactum
0 0 0.2699798175517641 0.5581874825052564 Penicillium-commune
0 0 0.30574355911187273 0.5048695506047303 Penicillium-solitum
0 0 0.620380004460616 0.13717308277384213 Penicillium-verrucosum
0 0 0.6565501774077696 0.10918048365769824 Penicillium-mb
0 0 0.8605957951034926 0.012909650792877399 Penicillium-polonicum
0 0 0.3523526333106966 0.43825773549738106 Penicillium-chrysogenum
0 0 0.8591586505351336 0.013234244145498175 Penicillium-cvjetkovicii
0 0 0.7167570079237537 0.06991321276297893 Penicillium-brevicompactum
0 0 0.26585430548498196 0.5644507721451253 Penicillium-commune
0 0 0.30179863594806716 0.5106613920450629 Penicillium-solitum
0 0 0.6163069105325502 0.1405295919369485 Penicillium-verrucosum
0 0 0.652512627996691 0.11214252901279358 Penicillium-mb
0 0 0.8564714722248983 0.01385358838409554 Penicillium-polonicum
0 0 0.3492452456558205 0.44258983750942693 Penicillium-chrysogenum
0 0 0.8591586505351337 0.013234244145498154 Penicillium-cvjetkovicii
0 0 0.7162006162005548 0.07023388803235059 Penicillium-brevicompactum
0 0 0.2729072469217936 0.5537567527582494 Penicillium-commune
0 0 0.3087133334579166 0.5005246070624381 Penicillium-solitum
0 0 0.6208298929825338 0.13680486309453688 Penicillium-verrucosum
0 0 0.6569639639178856 0.10887924144560718 Penicillium-mb
0 0 0.8573673152488492 0.013645311152627708 Penicillium-polonicum
0 0 0.3561282170020597 0.4330159150479088 Penicillium-chrysogenum
0 0 0.8591586505351333 0.013234244145498243 Penicillium-cvjetkovicii
0 0 0.7161956226357488 0.07023676963159589 Penicillium-brevicompactum
0 0 0.27360637833310814 0.5527002926308187 Penicillium-commune
0 0 0.30944801358476054 0.49945176017162163 Penicillium-solitum
0 0 0.6218623107217538 0.13596175836772467 Penicillium-verrucosum
0 0 0.6572383345977558 0.10867973399226669 Penicillium-mb
0 0 0.8557345365103666 0.014026275267936069 Penicillium-polonicum
0 0 0.35640152282577814 0.4326374068224823 Penicillium-chrysogenum
0 0 0.8591586505351331 0.013234244145498307 Penicillium-cvjetkovicii
0 0 0.7165865379215532 0.0700113790777145 Penicillium-brevicompactum
0 0 0.266044486489322 0.5641615513543281 Penicillium-commune
0 0 0.301757580542954 0.5107217889710304 Penicillium-solitum
0 0 0.6169202158926473 0.140021561131993 Penicillium-verrucosum
0 0 0.653135677545304 0.11168276427085787 Penicillium-mb
0 0 0.8595460054884507 0.013146301528364872 Penicillium-polonicum
0 0 0.3468609142321172 0.4459248235577478 Penicillium-chrysogenum
