#SPECIES: Penicillium-brevicompactum Penicillium-chrysogenum Penicillium-solitum Penicillium-commune Penicillium-verrucosum Penicillium-mb Penicillium-polonicum Penicillium-cvjetkovicii 
#GENE_TREEs p: 9.903981268000254e-05 0.024985940191422994 0.012629398224480148 0.057905306611536096 0.01779032477099051 0.01194741037847307 0.015659075437986975 0.2936494079795679 
#GENE_TREEs r: 0.9806469501343644 0.8166346178007089 0.8618533679050827 0.7386786678486197 0.8408070485053311 0.8649820895114276 0.8490090598659238 0.4645271450245743 
1 2 0.9806920290788084 9.846648136658876e-05 Penicillium-brevicompactum
1 2 0.8302826984848294 0.020753715536462897 Penicillium-chrysogenum
1 2 0.8723819895658017 0.010420234137763468 Penicillium-solitum
1 2 0.7438249895591688 0.05526317285688363 Penicillium-commune
1 2 0.8511499002562832 0.01512817658861024 Penicillium-verrucosum
1 2 0.8750071650867984 0.009907146071075883 Penicillium-mb
1 2 0.8592519767630469 0.013213025239141824 Penicillium-polonicum
1 2 0.49354325944901856 0.2603354069995821 Penicillium-cvjetkovicii
1 2 0.9806656701973336 9.880148261296153e-05 Penicillium-brevicompactum
1 2 0.8281589698092711 0.021383222253478867 Penicillium-chrysogenum
1 2 0.8714651446283607 0.010602952066230447 Penicillium-solitum
1 2 0.7408647595929634 0.05677476250622036 Penicillium-commune
1 2 0.8504987675815375 0.015288542944133628 Penicillium-verrucosum
1 2 0.8740702769119372 0.01008854856710641 Penicillium-mb
1 2 0.8585451195953363 0.013374223913023887 Penicillium-polonicum
1 2 0.4935432594490186 0.26033540699958196 Penicillium-cvjetkovicii
1 2 0.9807124377795196 9.820756852773856e-05 Penicillium-brevicompactum
1 2 0.8328761685327878 0.019999382922874353 Penicillium-chrysogenum
1 2 0.8731370200783903 0.010271135153745978 Penicillium-solitum
1 2 0.7479852860188003 0.053176288119230954 Penicillium-commune
1 2 0.8517137471460403 0.014990087163313643 Penicillium-verrucosum
1 2 0.8759600282309816 0.009724592798589107 Penicillium-mb
1 2 0.8598757708115177 0.013071698238254253 Penicillium-polonicum
1 2 0.4935432594490183 0.2603354069995822 Penicillium-cvjetkovicii
1 0 0.9806469501343644 9.903981268000254e-05 Penicillium-brevicompactum
1 0 0.8270559749048861 0.02171437217089584 Penicillium-chrysogenum
1 0 0.8712334240757003 0.010649421141455121 Penicillium-solitum
1 0 0.7386233572243742 0.05793406782959795 Penicillium-commune
1 0 0.8507130273661152 0.015235666696608563 Penicillium-verrucosum
1 0 0.8739955054878102 0.010103107718641343 Penicillium-mb
1 0 0.8587196032925896 0.013334328867139195 Penicillium-polonicum
1 0 0.49272022125375325 0.26125534518969074 Penicillium-cvjetkovicii
1 2 0.9804311642669815 0.00010181181988374051 Penicillium-brevicompactum
1 2 0.8240340537419851 0.02263640770269856 Penicillium-chrysogenum
1 2 0.8687952216262924 0.011145478705064268 Penicillium-solitum
1 2 0.7369944865901968 0.05878455038173678 Penicillium-commune
1 2 0.8482831256786226 0.01584147231028726 Penicillium-verrucosum
1 2 0.8714539363005627 0.010605197085717336 Penicillium-mb
1 2 0.8561406354961617 0.01393096232029663 Penicillium-polonicum
1 2 0.5171318626321046 0.2346054727579121 Penicillium-cvjetkovicii
1 0 0.9806469501343644 9.903981268000254e-05 Penicillium-brevicompactum
1 0 0.8235077350825529 0.022799213382041005 Penicillium-chrysogenum
1 0 0.8681757731125715 0.011273578759179588 Penicillium-solitum
1 0 0.7354572966273591 0.05959333714488961 Penicillium-commune
1 0 0.8489160133387568 0.015682386830583355 Penicillium-verrucosum
1 0 0.8714082526235084 0.010614350320265557 Penicillium-mb
1 0 0.8563459640879578 0.013882912386837448 Penicillium-polonicum
1 0 0.4829180153595918 0.2723248505814868 Penicillium-cvjetkovicii
1 0 0.9806469501343643 9.903981268000413e-05 Penicillium-brevicompactum
1 0 0.8265067411330181 0.021880341542548806 Penicillium-chrysogenum
1 0 0.8714552137257684 0.010604941204617717 Penicillium-solitum
1 0 0.7363835976092827 0.05910524941486706 Penicillium-commune
1 0 0.8506204154092758 0.015258509170764867 Penicillium-verrucosum
1 0 0.8734631908318368 0.010207107241300025 Penicillium-mb
1 0 0.85830548159844 0.013429127496805958 Penicillium-polonicum
1 0 0.49141127017737335 0.2627214512177381 Penicillium-cvjetkovicii
1 2 0.9807513219570777 9.771539371996898e-05 Penicillium-brevicompactum
1 2 0.8347706172133402 0.019458350099551516 Penicillium-chrysogenum
1 2 0.8751067933251305 0.00988796728925476 Penicillium-solitum
1 2 0.7433672304855539 0.055495468772888676 Penicillium-commune
1 2 0.8555105063057903 0.01407901514099327 Penicillium-verrucosum
1 2 0.8783791984107413 0.009269884900660491 Penicillium-mb
1 2 0.8630894265589693 0.012357370909285058 Penicillium-polonicum
1 2 0.49354325944901745 0.26033540699958324 Penicillium-cvjetkovicii
1 2 0.9805901549333218 9.976498494034248e-05 Penicillium-brevicompactum
1 2 0.8274308008677559 0.021601516037881293 Penicillium-chrysogenum
1 2 0.8709043191436459 0.010715620629999256 Penicillium-solitum
1 2 0.7401687041410363 0.057133415160913525 Penicillium-commune
1 2 0.8502018731780169 0.015361985117577418 Penicillium-verrucosum
1 2 0.8738364677206406 0.010134115047047644 Penicillium-mb
1 2 0.8583927863787802 0.013409110141519671 Penicillium-polonicum
1 2 0.4995756394454525 0.2536381181031451 Penicillium-cvjetkovicii
1 2 0.9805111219078063 0.0001007793508042942 Penicillium-brevicompactum
1 2 0.8303793109546267 0.020725331103113927 Penicillium-chrysogenum
1 2 0.8708173473208263 0.01073315445330811 Penicillium-solitum
1 2 0.7481645601099288 0.05308734475556843 Penicillium-commune
1 2 0.849648758138839 0.015499344038192404 Penicillium-verrucosum
1 2 0.8747415631559718 0.009958380019012806 Penicillium-mb
1 2 0.8586045157512343 0.013360635542245283 Penicillium-polonicum
1 2 0.5082278370434846 0.24417242452915358 Penicillium-cvjetkovicii
1 2 0.980623646520856 9.933697595139241e-05 Penicillium-brevicompactum
1 2 0.8273126402250689 0.02163705706423176 Penicillium-chrysogenum
1 2 0.8712836482921469 0.010639339287953633 Penicillium-solitum
1 2 0.736610796445044 0.05898586601388161 Penicillium-commune
1 2 0.8521610241556968 0.014881060413661728 Penicillium-verrucosum
1 2 0.8744049864273744 0.010023523619118277 Penicillium-mb
1 2 0.8594591775762573 0.013165985189000699 Penicillium-polonicum
1 2 0.4959962435782561 0.25760241243038473 Penicillium-cvjetkovicii
1 2 0.9807437187754496 9.781151463861904e-05 Penicillium-brevicompactum
1 2 0.8282364361084728 0.0213600728474112 Penicillium-chrysogenum
1 2 0.8720672429566024 0.01048275395242429 Penicillium-solitum
1 2 0.7317305581709552 0.06157904468861709 Penicillium-commune
1 2 0.8552550407834967 0.014139293510477 Penicillium-verrucosum
1 2 0.8761795924957951 0.009682804979801143 Penicillium-mb
1 2 0.8620256160283368 0.012591286735924126 Penicillium-polonicum
1 2 0.49354325944901706 0.26033540699958363 Penicillium-cvjetkovicii
1 0 0.9806469501343643 9.903981268000413e-05 Penicillium-brevicompactum
1 0 0.8270638214823726 0.021712006241028817 Penicillium-chrysogenum
1 0 0.8709445975302391 0.010707505953047635 Penicillium-solitum
1 0 0.7399026353529535 0.05727083538705795 Penicillium-commune
1 0 0.8498953720242148 0.015438014489260908 Penicillium-verrucosum
1 0 0.8731044312766689 0.010277545063730251 Penicillium-mb
1 0 0.8575752711315167 0.01359722093259659 Penicillium-polonicum
1 0 0.4888189070873574 0.2656360737321257 Penicillium-cvjetkovicii
1 2 0.9807597620028392 9.760875903124483e-05 Penicillium-brevicompactum
1 2 0.8324081315055777 0.0201343459325952 Penicillium-chrysogenum
1 2 0.8750897130352909 0.009891253783708531 Penicillium-solitum
1 2 0.7434251352459041 0.055466054919136074 Penicillium-commune
1 2 0.8527060905302531 0.014748811012041712 Penicillium-verrucosum
1 2 0.8765122092267355 0.009619698328283039 Penicillium-mb
1 2 0.860773371424304 0.01286986373481702 Penicillium-polonicum
1 2 0.49354325944901867 0.2603354069995818 Penicillium-cvjetkovicii
1 2 0.9806534373369867 9.895718359902618e-05 Penicillium-brevicompactum
1 2 0.8302185779109171 0.020772566099770094 Penicillium-chrysogenum
1 2 0.8723923140692383 0.010418186971529514 Penicillium-solitum
1 2 0.744378675011784 0.05498290680268342 Penicillium-commune
1 2 0.8508377706511573 0.015204929995525121 Penicillium-verrucosum
1 2 0.8746569292784488 0.009974737673484798 Penicillium-mb
1 2 0.8587840933184596 0.013319600734443481 Penicillium-polonicum
1 2 0.49354325944901856 0.2603354069995821 Penicillium-cvjetkovicii
1 0 0.9806469501343645 9.903981268000112e-05 Penicillium-brevicompactum
1 0 0.8245482220150787 0.022477996495977495 Penicillium-chrysogenum
1 0 0.8698220216717872 0.010934990799886331 Penicillium-solitum
1 0 0.7372089619051538 0.05867218160471054 Penicillium-commune
1 0 0.8482859157332024 0.015840768979490907 Penicillium-verrucosum
1 0 0.8716665719125692 0.010562652945070108 Penicillium-mb
1 0 0.856238821017648 0.013907973604156316 Penicillium-polonicum
1 0 0.4823690939055589 0.2729508860978932 Penicillium-cvjetkovicii
1 2 0.9806452243911934 9.906180082069855e-05 Penicillium-brevicompactum
1 2 0.8277855587094757 0.021495008460261648 Penicillium-chrysogenum
1 2 0.8732453382726469 0.01024984652811456 Penicillium-solitum
1 2 0.7367985864601683 0.058887289149327185 Penicillium-commune
1 2 0.8513104692477256 0.015088778657817646 Penicillium-verrucosum
1 2 0.874148642337352 0.010073302584157557 Penicillium-mb
1 2 0.8588666954069768 0.0133007498098454 Penicillium-polonicum
1 2 0.4937237973659068 0.26013381152716575 Penicillium-cvjetkovicii
1 0 0.9806469501343645 9.903981268000112e-05 Penicillium-brevicompactum
1 0 0.8260616186162896 0.02201537458416643 Penicillium-chrysogenum
1 0 0.869842795142672 0.010930756162285258 Penicillium-solitum
1 0 0.7404973130136802 0.05696394166086045 Penicillium-commune
1 0 0.8489320350985458 0.01567837141239573 Penicillium-verrucosum
1 0 0.872409296973773 0.010414820065838217 Penicillium-mb
1 0 0.8567989888938705 0.013777233672052174 Penicillium-polonicum
1 0 0.49044856175487633 0.2638021279206631 Penicillium-cvjetkovicii
1 0 0.9806469501343644 9.903981268000254e-05 Penicillium-brevicompactum
1 0 0.826576794233554 0.021859132893580987 Penicillium-chrysogenum
1 0 0.8709603428852345 0.010704334779662456 Penicillium-solitum
1 0 0.7387963057044049 0.05784416137461342 Penicillium-commune
1 0 0.849842741167194 0.015451091428334887 Penicillium-verrucosum
1 0 0.8733709000297462 0.010225200709585325 Penicillium-mb
1 0 0.8579717186125922 0.01350581076041425 Penicillium-polonicum
1 0 0.49017255885952205 0.26411232386192957 Penicillium-cvjetkovicii
1 0 0.9806469501343643 9.903981268000413e-05 Penicillium-brevicompactum
1 0 0.8259595941563459 0.02204639104690358 Penicillium-chrysogenum
1 0 0.8700170674792299 0.010895268174263253 Penicillium-solitum
1 0 0.7313055869501226 0.06180772117340217 Penicillium-commune
1 0 0.8533687761456017 0.01458893145862864 Penicillium-verrucosum
1 0 0.8743611746771325 0.01003202127618747 Penicillium-mb
1 0 0.8601312173603978 0.013014075305945632 Penicillium-polonicum
1 0 0.4885225056764709 0.26597025191411333 Penicillium-cvjetkovicii
1 2 0.9807058176071729 9.82915100820122e-05 Penicillium-brevicompactum
1 2 0.8297515077384412 0.020910170727873215 Penicillium-chrysogenum
1 2 0.8725765613474886 0.010381692921417725 Penicillium-solitum
1 2 0.7405128233276296 0.056955949288626476 Penicillium-commune
1 2 0.8523583420461335 0.014833107314348653 Penicillium-verrucosum
1 2 0.8759693642648598 0.009722813838364916 Penicillium-mb
1 2 0.8607047804522572 0.01288522361898306 Penicillium-polonicum
1 2 0.4935432594490186 0.26033540699958196 Penicillium-cvjetkovicii
1 0 0.9806469501343644 9.903981268000254e-05 Penicillium-brevicompactum
1 0 0.8287257653861154 0.021214173351677322 Penicillium-chrysogenum
1 0 0.8710956998578031 0.010677095665623922 Penicillium-solitum
1 0 0.7415670725624042 0.056414130022751065 Penicillium-commune
1 0 0.8509867021765171 0.01516827972033636 Penicillium-verrucosum
1 0 0.8744459420977025 0.010015583673466033 Penicillium-mb
1 0 0.8589724079784313 0.013276647057633243 Penicillium-polonicum
1 0 0.49007824133875605 0.2642183640584325 Penicillium-cvjetkovicii
1 2 0.9805551163606954 0.00010021393940232138 Penicillium-brevicompactum
1 2 0.8264589205072881 0.021894825964975637 Penicillium-chrysogenum
1 2 0.8703129572314456 0.010835166534095917 Penicillium-solitum
1 2 0.739397254452963 0.05753235062444552 Penicillium-commune
1 2 0.8496452677534962 0.015500213045854378 Penicillium-verrucosum
1 2 0.873075760015663 0.010283186334251047 Penicillium-mb
1 2 0.8576444491914977 0.013581244902434432 Penicillium-polonicum
1 2 0.5033807466611671 0.2494548101082646 Penicillium-cvjetkovicii
1 2 0.9807043252395832 9.831043871049675e-05 Penicillium-brevicompactum
1 2 0.8312967792334311 0.020456877628123548 Penicillium-chrysogenum
1 2 0.873115777984037 0.010275313012137867 Penicillium-solitum
1 2 0.7398062121145155 0.05732068073183126 Penicillium-commune
1 2 0.8541969534402035 0.014390523947998049 Penicillium-verrucosum
1 2 0.8771288188073066 0.009503339048367853 Penicillium-mb
1 2 0.8621357254226595 0.012566958608805924 Penicillium-polonicum
1 2 0.4935432594490189 0.2603354069995817 Penicillium-cvjetkovicii
1 0 0.9806469501343644 9.903981268000254e-05 Penicillium-brevicompactum
1 0 0.8274007224415004 0.021610560061962596 Penicillium-chrysogenum
1 0 0.8719531814044266 0.010505463759139144 Penicillium-solitum
1 0 0.7349888081841439 0.059841022860932805 Penicillium-commune
1 0 0.8522511778733199 0.014859139874926706 Penicillium-verrucosum
1 0 0.8745883067265947 0.009988012085594269 Penicillium-mb
1 0 0.8597576895660846 0.013098383980664628 Penicillium-polonicum
1 0 0.49274873425049687 0.2612234504851529 Penicillium-cvjetkovicii
1 2 0.9804701130962638 0.00010130810102817769 Penicillium-brevicompactum
1 2 0.8244888153148264 0.02249626713080432 Penicillium-chrysogenum
1 2 0.8697781706303143 0.010943932858875476 Penicillium-solitum
1 2 0.7357015245016639 0.05946443690559579 Penicillium-commune
1 2 0.8491158725859485 0.015632339521105824 Penicillium-verrucosum
1 2 0.8731154614437733 0.010275375276126408 Penicillium-mb
1 2 0.8580872917883932 0.013479229108860919 Penicillium-polonicum
1 2 0.5127900967154083 0.23924828967072415 Penicillium-cvjetkovicii
1 2 0.9806568320615369 9.891396056407086e-05 Penicillium-brevicompactum
1 2 0.8306079946536093 0.020658232208853773 Penicillium-chrysogenum
1 2 0.8725418483199365 0.010388562931814197 Penicillium-solitum
1 2 0.7456136263806404 0.054360591369694324 Penicillium-commune
1 2 0.8503256968600165 0.015331330682069471 Penicillium-verrucosum
1 2 0.8746328881181266 0.009979387061283101 Penicillium-mb
1 2 0.858588650466584 0.013364264352676888 Penicillium-polonicum
1 2 0.49354325944901667 0.26033540699958413 Penicillium-cvjetkovicii
1 0 0.9806469501343644 9.903981268000254e-05 Penicillium-brevicompactum
1 0 0.8174529183196428 0.024719665012217312 Penicillium-chrysogenum
1 0 0.863293266467206 0.012312836609547842 Penicillium-solitum
1 0 0.7362976777500166 0.05915043080644561 Penicillium-commune
1 0 0.842926100910454 0.017224848325783904 Penicillium-verrucosum
1 0 0.8674194701450874 0.011431121554513474 Penicillium-mb
1 0 0.8519760629423745 0.014926090825093977 Penicillium-polonicum
1 0 0.4684293905311981 0.28906477788848306 Penicillium-cvjetkovicii
1 2 0.9805689072630409 0.0001000370909828029 Penicillium-brevicompactum
1 2 0.8267873259448535 0.021795464175252893 Penicillium-chrysogenum
1 2 0.8705352102163956 0.010790147824447554 Penicillium-solitum
1 2 0.7388682876153496 0.057806764269988306 Penicillium-commune
1 2 0.8505266764792204 0.01528164950409189 Penicillium-verrucosum
1 2 0.8733009492162817 0.010238926751009259 Penicillium-mb
1 2 0.8579834743955789 0.013503105578892567 Penicillium-polonicum
1 2 0.5018763783963747 0.2511048773085075 Penicillium-cvjetkovicii
1 0 0.9806469501343645 9.903981268000112e-05 Penicillium-brevicompactum
1 0 0.8248967935117089 0.02237096164231012 Penicillium-chrysogenum
1 0 0.869145906037264 0.011073331024643392 Penicillium-solitum
1 0 0.7388859536670949 0.057797588150031824 Penicillium-commune
1 0 0.8483155831427709 0.01583329137320037 Penicillium-verrucosum
1 0 0.8717133319998163 0.01055331038209797 Penicillium-mb
1 0 0.8562110907224005 0.013914464049906778 Penicillium-polonicum
1 0 0.4844082949549057 0.2706284862057355 Penicillium-cvjetkovicii
1 2 0.9805806808686588 9.988625892263996e-05 Penicillium-brevicompactum
1 2 0.8271551125079215 0.021684490537946022 Penicillium-chrysogenum
1 2 0.8708504070800902 0.010726487547549768 Penicillium-solitum
1 2 0.7399417978867858 0.057250597308785615 Penicillium-commune
1 2 0.8500884917745126 0.015390085062295597 Penicillium-verrucosum
1 2 0.873370637972517 0.010225252111768324 Penicillium-mb
1 2 0.8578921540633861 0.013524127908472714 Penicillium-polonicum
1 2 0.500598828866854 0.25251008729877406 Penicillium-cvjetkovicii
1 2 0.9805920970758779 9.974013515084938e-05 Penicillium-brevicompactum
1 2 0.8267969733489972 0.0217925491361153 Penicillium-chrysogenum
1 2 0.8716977661455128 0.01055641987748567 Penicillium-solitum
1 2 0.7352326495068463 0.059712036584040395 Penicillium-commune
1 2 0.8515156323723763 0.01503852425072639 Penicillium-verrucosum
1 2 0.8740308447964087 0.010096225102313469 Penicillium-mb
1 2 0.8590859706505505 0.013250782350089538 Penicillium-polonicum
1 2 0.49936644419260057 0.25386903282166845 Penicillium-cvjetkovicii
1 0 0.9806469501343644 9.903981268000254e-05 Penicillium-brevicompactum
1 0 0.8264199187514985 0.02190664324597276 Penicillium-chrysogenum
1 0 0.8720295787447748 0.010490249819539119 Penicillium-solitum
1 0 0.7365670038032697 0.05900886700968308 Penicillium-commune
1 0 0.8501974751616181 0.015363074556122437 Penicillium-verrucosum
1 0 0.8734895019858773 0.01020195236010077 Penicillium-mb
1 0 0.8582138798012825 0.013450148457914764 Penicillium-polonicum
1 0 0.49177713272542345 0.2623112862393083 Penicillium-cvjetkovicii
1 2 0.9805722333857663 9.999446615020468e-05 Penicillium-brevicompactum
1 2 0.8268135305276826 0.021787546768019254 Penicillium-chrysogenum
1 2 0.8709950417598943 0.010697348203976099 Penicillium-solitum
1 2 0.7392000987657092 0.05763454671185489 Penicillium-commune
1 2 0.8498667803907233 0.015445117732743987 Penicillium-verrucosum
1 2 0.8734161232377686 0.01021633246452982 Penicillium-mb
1 2 0.8579818683094622 0.013503475145038562 Penicillium-polonicum
1 2 0.5015148085213597 0.251502211591943 Penicillium-cvjetkovicii
3 4 0.9808843150887067 9.604317732689639e-05 Penicillium-brevicompactum
3 4 0.8312262704752913 0.02047743836420455 Penicillium-chrysogenum
3 4 0.8776025870561797 0.009414489306688416 Penicillium-solitum
3 4 0.7326048753935249 0.06111001838610924 Penicillium-commune
3 4 0.8554691582839885 0.014088761425127648 Penicillium-verrucosum
3 4 0.8776236254850023 0.009410554950376007 Penicillium-mb
3 4 0.8628214904311119 0.012416049068582898 Penicillium-polonicum
3 4 0.4935432594490186 0.26033540699958196 Penicillium-cvjetkovicii
1 2 0.9806292665551203 9.926526173197934e-05 Penicillium-brevicompactum
1 2 0.828640036886834 0.021239693473965964 Penicillium-chrysogenum
1 2 0.8716734616166776 0.010561276098468127 Penicillium-solitum
1 2 0.7394338182267174 0.05751340854455069 Penicillium-commune
1 2 0.8516956050130621 0.014994519022689569 Penicillium-verrucosum
1 2 0.8754567753852199 0.009820764184321597 Penicillium-mb
1 2 0.8602946189999585 0.012977292079780666 Penicillium-polonicum
1 2 0.4954017285959527 0.25826358176514425 Penicillium-cvjetkovicii
1 2 0.980428066728789 0.00010185194383381229 Penicillium-brevicompactum
1 2 0.8238162080542041 0.02270371379922015 Penicillium-chrysogenum
1 2 0.8698492980710225 0.010929430744950647 Penicillium-solitum
1 2 0.7356086478999513 0.05951343810922873 Penicillium-commune
1 2 0.8482270648308888 0.015855608180893026 Penicillium-verrucosum
1 2 0.8714151710280224 0.010612963848776098 Penicillium-mb
1 2 0.8560992940352107 0.013940648322025075 Penicillium-polonicum
1 2 0.5174764667604569 0.23423879157131952 Penicillium-cvjetkovicii
3 4 0.9806137106818917 9.946383743425702e-05 Penicillium-brevicompactum
3 4 0.8319727351919037 0.020260358724989908 Penicillium-chrysogenum
3 4 0.8721237025057533 0.010471523244634625 Penicillium-solitum
3 4 0.749639018514021 0.052358902693686045 Penicillium-commune
3 4 0.8503767922131075 0.015318691435399314 Penicillium-verrucosum
3 4 0.8747196453470975 0.009962614710428586 Penicillium-mb
3 4 0.8583564720184371 0.01341743426944855 Penicillium-polonicum
3 4 0.49705172918766327 0.25643050092428965 Penicillium-cvjetkovicii
1 0 0.9806469501343645 9.903981268000112e-05 Penicillium-brevicompactum
1 0 0.8248295082835077 0.02239160024717166 Penicillium-chrysogenum
1 0 0.8695059020278065 0.01099954767424193 Penicillium-solitum
1 0 0.73772192271098 0.05840390239124687 Penicillium-commune
1 0 0.849081312807985 0.015640987205601656 Penicillium-verrucosum
1 0 0.8721249975433848 0.010471265722203886 Penicillium-mb
1 0 0.8567964992084321 0.013777813187508717 Penicillium-polonicum
1 0 0.48713848006240273 0.26753319674911763 Penicillium-cvjetkovicii
1 0 0.9806469501343645 9.903981268000112e-05 Penicillium-brevicompactum
1 0 0.8310911061745869 0.02051688572116207 Penicillium-chrysogenum
1 0 0.8723976946651845 0.01041712018637973 Penicillium-solitum
1 0 0.7469652975404584 0.053683882187185714 Penicillium-commune
1 0 0.8502672004714401 0.01534580799754915 Penicillium-verrucosum
1 0 0.8747815124848852 0.009950664165280678 Penicillium-mb
1 0 0.8586374251883598 0.013353110082212074 Penicillium-polonicum
1 0 0.4926617666346952 0.2613207382130508 Penicillium-cvjetkovicii
1 2 0.9807555002448546 9.766259498975538e-05 Penicillium-brevicompactum
1 2 0.8315641893943049 0.0203790056883805 Penicillium-chrysogenum
1 2 0.8731997298739461 0.01025880720549189 Penicillium-solitum
1 2 0.7401279088414391 0.05715447362557567 Penicillium-commune
1 2 0.8544041544670042 0.014341127261676932 Penicillium-verrucosum
1 2 0.8772306760688489 0.009484196285212078 Penicillium-mb
1 2 0.8622210860177705 0.012548117167329289 Penicillium-polonicum
1 2 0.49354325944901706 0.26033540699958363 Penicillium-cvjetkovicii
1 2 0.9806309600174049 9.924365843321119e-05 Penicillium-brevicompactum
1 2 0.8272890921054132 0.021644143949770937 Penicillium-chrysogenum
1 2 0.8718311237362476 0.010529796933475674 Penicillium-solitum
1 2 0.7377333631185012 0.05839792665124307 Penicillium-commune
1 2 0.851262089855409 0.015100643069197374 Penicillium-verrucosum
1 2 0.8738943802555523 0.01012281760151362 Penicillium-mb
1 2 0.8586626406839616 0.013347345652248176 Penicillium-polonicum
1 2 0.49522294659464045 0.2584625595333147 Penicillium-cvjetkovicii
1 0 0.9806469501343644 9.903981268000254e-05 Penicillium-brevicompactum
1 0 0.8285916623324278 0.0212541015349073 Penicillium-chrysogenum
1 0 0.8715335569907358 0.010589255050679907 Penicillium-solitum
1 0 0.7408163678521431 0.05679965733463462 Penicillium-commune
1 0 0.8511094342528593 0.015138114764298825 Penicillium-verrucosum
1 0 0.8745683745660103 0.009991869687774194 Penicillium-mb
1 0 0.8591397815779475 0.01323853661312971 Penicillium-polonicum
1 0 0.49206258983108986 0.26199146575241183 Penicillium-cvjetkovicii
3 2 0.9806469501343646 9.903981267999987e-05 Penicillium-brevicompactum
3 2 0.8278876511768409 0.021464412799250012 Penicillium-chrysogenum
3 2 0.8711863925856438 0.010658867078261533 Penicillium-solitum
3 2 0.7408110752692706 0.056802380430827255 Penicillium-commune
3 2 0.8516025612530754 0.01501726001907744 Penicillium-verrucosum
3 2 0.8739670644530982 0.010108648802113603 Penicillium-mb
3 2 0.8584576605047514 0.013394246786858173 Penicillium-polonicum
3 2 0.4925617164707025 0.26143268137232195 Penicillium-cvjetkovicii
1 2 0.9806010998289705 9.962499281177263e-05 Penicillium-brevicompactum
1 2 0.8262978496349074 0.0219436527013383 Penicillium-chrysogenum
1 2 0.870604094755428 0.010776216717823426 Penicillium-solitum
1 2 0.7374381179646643 0.058552250180578934 Penicillium-commune
1 2 0.8505391397028083 0.015278571686783607 Penicillium-verrucosum
1 2 0.8732831127143638 0.010242428400432454 Penicillium-mb
1 2 0.8580927205545045 0.013477981238184347 Penicillium-polonicum
1 2 0.4983992661248459 0.25493788016007973 Penicillium-cvjetkovicii
1 2 0.9806815545296 9.859952360460937e-05 Penicillium-brevicompactum
1 2 0.829490811710765 0.020987198711843 Penicillium-chrysogenum
1 2 0.8730761002043992 0.010283119389297596 Penicillium-solitum
1 2 0.7398932016405392 0.05727571104110212 Penicillium-commune
1 2 0.8519150261114036 0.014940967825469532 Penicillium-verrucosum
1 2 0.875110446304047 0.0098872644850294 Penicillium-mb
1 2 0.8597196299916083 0.01310699188911553 Penicillium-polonicum
1 2 0.4935432594490178 0.26033540699958274 Penicillium-cvjetkovicii
1 2 0.9805562449016035 0.00010019946049244534 Penicillium-brevicompactum
1 2 0.8266858258058422 0.021826146603021908 Penicillium-chrysogenum
1 2 0.8724872813673343 0.010399367495155378 Penicillium-solitum
1 2 0.7372312190316345 0.05866052724409803 Penicillium-commune
1 2 0.8495449770394117 0.015525194485927875 Penicillium-verrucosum
1 2 0.8731772155778162 0.01026323224898812 Penicillium-mb
1 2 0.857696136497572 0.013569315215646138 Penicillium-polonicum
1 2 0.5032573362274724 0.2495899842860281 Penicillium-cvjetkovicii
1 2 0.9807446163073146 9.78001649287982e-05 Penicillium-brevicompactum
1 2 0.831414701152632 0.02042251710133402 Penicillium-chrysogenum
1 2 0.8746755598682112 0.009971135509523913 Penicillium-solitum
1 2 0.7421552117718807 0.05611308644226009 Penicillium-commune
1 2 0.8524910542566789 0.014800904701663996 Penicillium-verrucosum
1 2 0.8758676207317707 0.009742210956649643 Penicillium-mb
1 2 0.8602040414684169 0.01299767455493154 Penicillium-polonicum
1 2 0.4935432594490186 0.26033540699958196 Penicillium-cvjetkovicii
1 0 0.9806469501343644 9.903981268000254e-05 Penicillium-brevicompactum
1 0 0.8244736273856745 0.022500939551046362 Penicillium-chrysogenum
1 0 0.8686052396376582 0.011184676957443419 Penicillium-solitum
1 0 0.7358402630086316 0.05939127997793946 Penicillium-commune
1 0 0.8497306082226763 0.015478973641684698 Penicillium-verrucosum
1 0 0.8731187979208481 0.010274718996540264 Penicillium-mb
1 0 0.8582295470649314 0.013446551768902835 Penicillium-polonicum
1 0 0.48307656127119747 0.272144152447284 Penicillium-cvjetkovicii
1 0 0.9806469501343645 9.903981268000112e-05 Penicillium-brevicompactum
1 0 0.8282414909424599 0.021358562794479008 Penicillium-chrysogenum
1 0 0.8709491958661074 0.010706579775145476 Penicillium-solitum
1 0 0.7440993655799287 0.05512419142207264 Penicillium-commune
1 0 0.8488592038235402 0.01569662931736092 Penicillium-verrucosum
1 0 0.8729710359401057 0.010303806670904797 Penicillium-mb
1 0 0.8569541090598918 0.013741154391303427 Penicillium-polonicum
1 0 0.48720015376443604 0.2674634617980764 Penicillium-cvjetkovicii
3 2 0.9806469501343646 9.903981267999987e-05 Penicillium-brevicompactum
3 2 0.8265642024752942 0.021862944204290746 Penicillium-chrysogenum
3 2 0.870581133716628 0.0107808591739338 Penicillium-solitum
3 2 0.7374978720205383 0.058520999113768096 Penicillium-commune
3 2 0.8504708922370428 0.015295429867989808 Penicillium-verrucosum
3 2 0.8735591994683621 0.010188304475595246 Penicillium-mb
3 2 0.8585137120428427 0.013381412380781716 Penicillium-polonicum
3 2 0.49148647510598226 0.26263711586889504 Penicillium-cvjetkovicii
1 2 0.980692115962288 9.846537826630948e-05 Penicillium-brevicompactum
1 2 0.8298879185099932 0.020869929256221165 Penicillium-chrysogenum
1 2 0.8731479843191201 0.010268979108570536 Penicillium-solitum
1 2 0.7376094288012024 0.058462679724438346 Penicillium-commune
1 2 0.8537204437600747 0.014504492304086838 Penicillium-verrucosum
1 2 0.8762089592782619 0.009677223709977471 Penicillium-mb
1 2 0.8612823219670686 0.012756219992678416 Penicillium-polonicum
1 2 0.49354325944901856 0.2603354069995821 Penicillium-cvjetkovicii
1 0 0.9806469501343645 9.903981268000112e-05 Penicillium-brevicompactum
1 0 0.8264447850070048 0.021899108514102927 Penicillium-chrysogenum
1 0 0.8708972091335662 0.010717053413948763 Penicillium-solitum
1 0 0.7361478176483055 0.05922928032605473 Penicillium-commune
1 0 0.8511086194949183 0.015138314901585582 Penicillium-verrucosum
1 0 0.8736154635069348 0.010177294748105158 Penicillium-mb
1 0 0.8585944925175395 0.013362928055395677 Penicillium-polonicum
1 0 0.49018220980937965 0.2641014744921449 Penicillium-cvjetkovicii
1 2 0.9806887638679854 9.850794286676811e-05 Penicillium-brevicompactum
1 2 0.8308974797879001 0.020573470020907297 Penicillium-chrysogenum
1 2 0.8740323903147206 0.010095924161763734 Penicillium-solitum
1 2 0.7427777555304643 0.05579538730481881 Penicillium-commune
1 2 0.8516767225747613 0.0149991325224694 Penicillium-verrucosum
1 2 0.8757183782369795 0.009770703934772182 Penicillium-mb
1 2 0.8599924153480368 0.013045367790065975 Penicillium-polonicum
1 2 0.4935432594490186 0.26033540699958196 Penicillium-cvjetkovicii
3 4 0.9806234375439481 9.933964318862694e-05 Penicillium-brevicompactum
3 4 0.8276279980914404 0.02154227552212003 Penicillium-chrysogenum
3 4 0.8725282987212304 0.010391245225205679 Penicillium-solitum
3 4 0.737892355879746 0.05831491332839265 Penicillium-commune
3 4 0.8507825929388676 0.015218521393946454 Penicillium-verrucosum
3 4 0.8741814495850695 0.010066923881667479 Penicillium-mb
3 4 0.8589117318566737 0.013290478316664283 Penicillium-polonicum
3 4 0.49601838540777266 0.2575778031290862 Penicillium-cvjetkovicii
1 0 0.9806469501343645 9.903981268000112e-05 Penicillium-brevicompactum
1 0 0.8266068081280821 0.021850049713922518 Penicillium-chrysogenum
1 0 0.8706016821778352 0.010776704458997047 Penicillium-solitum
1 0 0.7393466185662951 0.057558588443239134 Penicillium-commune
1 0 0.8500103881495006 0.01540945896829349 Penicillium-verrucosum
1 0 0.8734021233850343 0.010219077354120512 Penicillium-mb
1 0 0.8580086524842854 0.01349731276768386 Penicillium-polonicum
1 0 0.490071577605998 0.264225856755124 Penicillium-cvjetkovicii
1 0 0.9806469501343644 9.903981268000254e-05 Penicillium-brevicompactum
1 0 0.8258615621889093 0.022076217005266435 Penicillium-chrysogenum
1 0 0.8700936128242516 0.01087970181727852 Penicillium-solitum
1 0 0.7391475126507699 0.057661821490032114 Penicillium-commune
1 0 0.8490652663706578 0.01564500333619753 Penicillium-verrucosum
1 0 0.8725420284680536 0.010388527272180611 Penicillium-mb
1 0 0.8570558910947623 0.01371751039538943 Penicillium-polonicum
1 0 0.48742681409692684 0.2672072459494294 Penicillium-cvjetkovicii
1 2 0.9805283288449315 0.0001005579833310698 Penicillium-brevicompactum
1 2 0.8255772387271693 0.022162850569609354 Penicillium-chrysogenum
1 2 0.8708943400047066 0.010717631621800746 Penicillium-solitum
1 2 0.7337319059694644 0.060508288432342586 Penicillium-commune
1 2 0.8510747446536251 0.015146637260769157 Penicillium-verrucosum
1 2 0.8734241487633876 0.010214759126452094 Penicillium-mb
1 2 0.8586104766729891 0.013359272267527644 Penicillium-polonicum
1 2 0.5063244205516935 0.246240551253451 Penicillium-cvjetkovicii
1 2 0.9806404245518069 9.912297213206769e-05 Penicillium-brevicompactum
1 2 0.8293430233839739 0.021030937018507112 Penicillium-chrysogenum
1 2 0.8728186292872755 0.010333858277131862 Penicillium-solitum
1 2 0.7413631466201452 0.05651871570712638 Penicillium-commune
1 2 0.8509908403589027 0.015167262083889039 Penicillium-verrucosum
1 2 0.8745510201854576 0.009995229094016903 Penicillium-mb
1 2 0.8589170505254946 0.01328926558431238 Penicillium-polonicum
1 2 0.49422688404645615 0.2595724219726302 Penicillium-cvjetkovicii
1 2 0.980666448908659 9.879157605464399e-05 Penicillium-brevicompactum
1 2 0.8279619615146843 0.021442158548225648 Penicillium-chrysogenum
1 2 0.8731231232178704 0.010273868253607264 Penicillium-solitum
1 2 0.7362810514167413 0.059159176010798724 Penicillium-commune
1 2 0.8519893442884245 0.014922854776472042 Penicillium-verrucosum
1 2 0.8746463831225564 0.009976777070653387 Penicillium-mb
1 2 0.8595388541508124 0.01314792208048506 Penicillium-polonicum
1 2 0.4935432594490182 0.2603354069995822 Penicillium-cvjetkovicii
1 2 0.980655030125837 9.893690215063294e-05 Penicillium-brevicompactum
1 2 0.8291575154645442 0.021085911488263866 Penicillium-chrysogenum
1 2 0.872563093798309 0.010384357956090528 Penicillium-solitum
1 2 0.7415439091821149 0.05642600431496807 Penicillium-commune
1 2 0.8508755702400487 0.015195623185128813 Penicillium-verrucosum
1 2 0.8750554246211254 0.009897853269387484 Penicillium-mb
1 2 0.8594848066103158 0.01316017339930806 Penicillium-polonicum
1 2 0.4935432594490185 0.2603354069995821 Penicillium-cvjetkovicii
1 2 0.9806283929853133 9.927640685589052e-05 Penicillium-brevicompactum
1 2 0.8268782227337421 0.021768007740786778 Penicillium-chrysogenum
1 2 0.870816126695973 0.010733400652888627 Penicillium-solitum
1 2 0.7388661630482823 0.05780786786825142 Penicillium-commune
1 2 0.8503141414048706 0.015334189932277012 Penicillium-verrucosum
1 2 0.8736910078323519 0.010162523039964583 Penicillium-mb
1 2 0.85837222395472 0.013413823182225523 Penicillium-polonicum
1 2 0.4954940186390991 0.2581608937677507 Penicillium-cvjetkovicii
1 2 0.9806345526170523 9.919783735123618e-05 Penicillium-brevicompactum
1 2 0.8269592533813455 0.021743547986429666 Penicillium-chrysogenum
1 2 0.8709428369806332 0.010707860567910323 Penicillium-solitum
1 2 0.7392202815478895 0.0576240803939499 Penicillium-commune
1 2 0.850196288932852 0.01536336840599244 Penicillium-verrucosum
1 2 0.8734971383224349 0.0102004565297999 Penicillium-mb
1 2 0.8580992096306702 0.013476489728581165 Penicillium-polonicum
1 2 0.4948442282040094 0.258884290417383 Penicillium-cvjetkovicii
1 2 0.9806665500978732 9.87902887958906e-05 Penicillium-brevicompactum
1 2 0.8297745115769715 0.020903381469595972 Penicillium-chrysogenum
1 2 0.8720482482864659 0.010486533853821626 Penicillium-solitum
1 2 0.7431930997863461 0.05558397302170414 Penicillium-commune
1 2 0.8510477090518765 0.015153281231797563 Penicillium-verrucosum
1 2 0.8749409144840444 0.00991991139612618 Penicillium-mb
1 2 0.8592671147831983 0.013209585255425886 Penicillium-polonicum
1 2 0.49354325944901706 0.26033540699958363 Penicillium-cvjetkovicii
1 2 0.9805676168214691 0.00010005363113081883 Penicillium-brevicompactum
1 2 0.826691101708157 0.021824551151774157 Penicillium-chrysogenum
1 2 0.8703727821817807 0.010823038018419587 Penicillium-solitum
1 2 0.7401753339147173 0.05712999328144383 Penicillium-commune
1 2 0.8495062554999434 0.015534845786858067 Penicillium-verrucosum
1 2 0.8736969305312384 0.01016136545566311 Penicillium-mb
1 2 0.8582558423864435 0.013440516464696097 Penicillium-polonicum
1 2 0.5020167923541119 0.25095065231890235 Penicillium-cvjetkovicii
1 2 0.9807033937833349 9.8322254053013e-05 Penicillium-brevicompactum
1 2 0.8290337145545245 0.02112264454901452 Penicillium-chrysogenum
1 2 0.8723367852609752 0.010429200076964322 Penicillium-solitum
1 2 0.7411438173546032 0.05663131877133168 Penicillium-commune
1 2 0.8510745814222997 0.015146677369706313 Penicillium-verrucosum
1 2 0.8747160930003807 0.009963301149156752 Penicillium-mb
1 2 0.8591816293345879 0.013229017813248832 Penicillium-polonicum
1 2 0.49354325944901883 0.2603354069995817 Penicillium-cvjetkovicii
1 2 0.9806751588216093 9.868081124343877e-05 Penicillium-brevicompactum
1 2 0.8259940114216654 0.022035925093079937 Penicillium-chrysogenum
1 2 0.8703722528704959 0.010823145293242693 Penicillium-solitum
1 2 0.7378285692359824 0.05834820991808426 Penicillium-commune
1 2 0.8500420040219075 0.015401614853272544 Penicillium-verrucosum
1 2 0.8732716037214528 0.010244688203692797 Penicillium-mb
1 2 0.8580363436014753 0.013490943418162716 Penicillium-polonicum
1 2 0.493543259449017 0.26033540699958363 Penicillium-cvjetkovicii
1 0 0.9806469501343645 9.903981268000112e-05 Penicillium-brevicompactum
1 0 0.8253504454649828 0.022232092151799054 Penicillium-chrysogenum
1 0 0.869479754495914 0.011004897219045644 Penicillium-solitum
1 0 0.7396407579842349 0.05740626605260213 Penicillium-commune
1 0 0.8485487633677808 0.015774588899482054 Penicillium-verrucosum
1 0 0.8718881455223266 0.010518425151386214 Penicillium-mb
1 0 0.8563121308493198 0.013890823331107104 Penicillium-polonicum
1 0 0.48646784627140455 0.26829201966251165 Penicillium-cvjetkovicii
1 2 0.9806220549245975 9.93572910656951e-05 Penicillium-brevicompactum
1 2 0.8293633095479259 0.02102493022818707 Penicillium-chrysogenum
1 2 0.872525022652229 0.0103918938192472 Penicillium-solitum
1 2 0.7429088503610556 0.0557286115672325 Penicillium-commune
1 2 0.8502219338092589 0.015357016430926969 Penicillium-verrucosum
1 2 0.874350285206016 0.010034134024197425 Penicillium-mb
1 2 0.8585227222823483 0.01337934991757406 Penicillium-polonicum
1 2 0.49616494188734955 0.25741494160386824 Penicillium-cvjetkovicii
1 0 0.9806469501343644 9.903981268000254e-05 Penicillium-brevicompactum
1 0 0.8274877156056318 0.021584408691758518 Penicillium-chrysogenum
1 0 0.8722936299902394 0.010437763746715355 Penicillium-solitum
1 0 0.7385756929791472 0.05795885919628039 Penicillium-commune
1 0 0.8504271776715633 0.015306233618435154 Penicillium-verrucosum
1 0 0.8740809883963396 0.010086463865734347 Penicillium-mb
1 0 0.8586726315161514 0.013345062075777679 Penicillium-polonicum
1 0 0.49086623278719455 0.26333302842437356 Penicillium-cvjetkovicii
1 2 0.9806452580520993 9.90613719105302e-05 Penicillium-brevicompactum
1 2 0.8276976660610466 0.02152136838548397 Penicillium-chrysogenum
1 2 0.8713388761211099 0.01062825936636898 Penicillium-solitum
1 2 0.7393029146203675 0.05758123958945966 Penicillium-commune
1 2 0.8508963079017133 0.015190518652067457 Penicillium-verrucosum
1 2 0.8744425435998723 0.010016242391553836 Penicillium-mb
1 2 0.8591523362227185 0.013235680489157483 Penicillium-polonicum
1 2 0.4937202742033504 0.26013774494204606 Penicillium-cvjetkovicii
1 0 0.9806469501343645 9.903981268000112e-05 Penicillium-brevicompactum
1 0 0.8267886507753215 0.021795063854235436 Penicillium-chrysogenum
1 0 0.8708759034262848 0.010721347524192891 Penicillium-solitum
1 0 0.7389342631708997 0.057772499215568415 Penicillium-commune
1 0 0.8503240392838558 0.015331740809484093 Penicillium-verrucosum
1 0 0.8733411639198615 0.01023103435808149 Penicillium-mb
1 0 0.857969902120807 0.01350622879001682 Penicillium-polonicum
1 0 0.4908457704459556 0.26335600147492694 Penicillium-cvjetkovicii
1 0 0.9806469501343643 9.903981268000413e-05 Penicillium-brevicompactum
1 0 0.8207226828663686 0.023671693589709646 Penicillium-chrysogenum
1 0 0.8661286322482963 0.011702916992682076 Penicillium-solitum
1 0 0.7361490787799088 0.05922861653861855 Penicillium-commune
1 0 0.8457394419974693 0.01649011763966919 Penicillium-verrucosum
1 0 0.8692809235190364 0.011045625141244944 Penicillium-mb
1 0 0.8539150345213902 0.014457889328486994 Penicillium-polonicum
1 0 0.47827668152625236 0.2776386149517449 Penicillium-cvjetkovicii
1 0 0.9806469501343645 9.903981268000112e-05 Penicillium-brevicompactum
1 0 0.8283493883189239 0.021326344536745548 Penicillium-chrysogenum
1 0 0.8700027669211394 0.010898177772581284 Penicillium-solitum
1 0 0.7458371984592413 0.05424834178052633 Penicillium-commune
1 0 0.8485778378321014 0.015767278202712478 Penicillium-verrucosum
1 0 0.8728992416069843 0.010317956830230278 Penicillium-mb
1 0 0.8567913075535282 0.013779021675905905 Penicillium-polonicum
1 0 0.4851719276767254 0.26976111052541796 Penicillium-cvjetkovicii
1 2 0.9807399326812637 9.785940021800377e-05 Penicillium-brevicompactum
1 2 0.8293760189251058 0.021021167440610163 Penicillium-chrysogenum
1 2 0.8730199119773422 0.01029417994220972 Penicillium-solitum
1 2 0.7387608519578862 0.057862585657544846 Penicillium-commune
1 2 0.8527875555363923 0.014729103079004296 Penicillium-verrucosum
1 2 0.8754920190299548 0.009814011376979338 Penicillium-mb
1 2 0.8603190475285213 0.012971798116156296 Penicillium-polonicum
1 2 0.49354325944901817 0.26033540699958224 Penicillium-cvjetkovicii
1 2 0.9805082726987602 0.00010081603394451771 Penicillium-brevicompactum
1 2 0.8254169129866278 0.022211786504593063 Penicillium-chrysogenum
1 2 0.8704801265882306 0.010801295304662324 Penicillium-solitum
1 2 0.7374923365647718 0.05852389374827735 Penicillium-commune
1 2 0.8492307665460709 0.015603609910137721 Penicillium-verrucosum
1 2 0.8725106733790139 0.010394734953709435 Penicillium-mb
1 2 0.8571461716002332 0.013696557705826604 Penicillium-polonicum
1 2 0.5085437928244602 0.24382990887569753 Penicillium-cvjetkovicii
1 0 0.9806469501343643 9.903981268000413e-05 Penicillium-brevicompactum
1 0 0.8267634825797179 0.02180266958152235 Penicillium-chrysogenum
1 0 0.8716040556525293 0.010575150988734872 Penicillium-solitum
1 0 0.7358787393657895 0.05937100001535103 Penicillium-commune
1 0 0.8513293312096344 0.01508415445164771 Penicillium-verrucosum
1 0 0.8739147719465958 0.010118841364217902 Penicillium-mb
1 0 0.8588894175677506 0.013295566983493367 Penicillium-polonicum
1 0 0.49053595437636105 0.2637039430912711 Penicillium-cvjetkovicii
1 0 0.9806469501343644 9.903981268000254e-05 Penicillium-brevicompactum
1 0 0.8218468154592283 0.02331730819086869 Penicillium-chrysogenum
1 0 0.8686565605942727 0.011174080304152904 Penicillium-solitum
1 0 0.7355239417785303 0.05955814769830735 Penicillium-commune
1 0 0.8459324806445095 0.016440371726897423 Penicillium-verrucosum
1 0 0.869636750109971 0.010972799822892232 Penicillium-mb
1 0 0.854086310374549 0.01441694100561708 Penicillium-polonicum
1 0 0.4773639783709342 0.27868898120545577 Penicillium-cvjetkovicii
1 2 0.9806445789552958 9.907002523491115e-05 Penicillium-brevicompactum
1 2 0.8281806071504033 0.02137675489660778 Penicillium-chrysogenum
1 2 0.8712279561921524 0.010650519079063885 Penicillium-solitum
1 2 0.7410074030055213 0.0567014150238927 Penicillium-commune
1 2 0.8510493100216836 0.015152887748794629 Penicillium-verrucosum
1 2 0.8741106978182444 0.010080683026966556 Penicillium-mb
1 2 0.8586436374087281 0.013351689795021793 Penicillium-polonicum
1 2 0.4937913661244177 0.26005838002153625 Penicillium-cvjetkovicii
1 0 0.9806469501343645 9.903981268000112e-05 Penicillium-brevicompactum
1 0 0.8265741677116689 0.02185992786600215 Penicillium-chrysogenum
1 0 0.8710583849305177 0.010684600901585612 Penicillium-solitum
1 0 0.7359408379461058 0.05933827727161515 Penicillium-commune
1 0 0.8512245593166615 0.015109850609069483 Penicillium-verrucosum
1 0 0.8738119406942823 0.010138901911156758 Penicillium-mb
1 0 0.858824539955486 0.01331036834934173 Penicillium-polonicum
1 0 0.4924442556488627 0.261564132688722 Penicillium-cvjetkovicii
1 0 0.9806469501343644 9.903981268000254e-05 Penicillium-brevicompactum
1 0 0.8269864943409688 0.021735328575407963 Penicillium-chrysogenum
1 0 0.8701330409069411 0.01087168866691843 Penicillium-solitum
1 0 0.7402636909889958 0.05708439945680637 Penicillium-commune
1 0 0.8499414089185411 0.015426581101131393 Penicillium-verrucosum
1 0 0.8734945428262993 0.010200964929808898 Penicillium-mb
1 0 0.858067994921553 0.013483665273577177 Penicillium-polonicum
1 0 0.4857066402703439 0.26915450473412994 Penicillium-cvjetkovicii
1 2 0.9807053972691563 9.829684127112042e-05 Penicillium-brevicompactum
1 2 0.8287865712063984 0.02119608287048315 Penicillium-chrysogenum
1 2 0.8727570998298845 0.01034600495842497 Penicillium-solitum
1 2 0.7359962260396841 0.059309098864415266 Penicillium-commune
1 2 0.8534106911080038 0.01457885252371877 Penicillium-verrucosum
1 2 0.8756234125940633 0.009788859490252969 Penicillium-mb
1 2 0.8608030767959048 0.012863214935431293 Penicillium-polonicum
1 2 0.4935432594490185 0.2603354069995821 Penicillium-cvjetkovicii
1 2 0.9808269672134479 9.676214072473867e-05 Penicillium-brevicompactum
1 2 0.8307316863431443 0.020621990731202102 Penicillium-chrysogenum
1 2 0.8745135564017985 0.010002483433024106 Penicillium-solitum
1 2 0.7366071518959907 0.05898778003699197 Penicillium-commune
1 2 0.8547524340490951 0.014258316167666428 Penicillium-verrucosum
1 2 0.8771216613045997 0.009504685045931377 Penicillium-mb
1 2 0.8623155686484756 0.012527281138293348 Penicillium-polonicum
1 2 0.4935432594490189 0.2603354069995817 Penicillium-cvjetkovicii
1 2 0.9807385385314829 9.787703660113866e-05 Penicillium-brevicompactum
1 2 0.8315402040916648 0.020385983528838927 Penicillium-chrysogenum
1 2 0.8738703206293774 0.010127510217483128 Penicillium-solitum
1 2 0.7435199186879174 0.055417926142972154 Penicillium-commune
1 2 0.852364148289284 0.01483169759336533 Penicillium-verrucosum
1 2 0.8760963392035773 0.009698637671151738 Penicillium-mb
1 2 0.8604131798174321 0.01295064027528031 Penicillium-polonicum
1 2 0.4935432594490183 0.2603354069995822 Penicillium-cvjetkovicii
1 2 0.9807091285539783 9.824952304368852e-05 Penicillium-brevicompactum
1 2 0.8302674938199018 0.02075818462153465 Penicillium-chrysogenum
1 2 0.8745240388975594 0.01000045333850965 Penicillium-solitum
1 2 0.7397789604935525 0.057334772546019 Penicillium-commune
1 2 0.8522976936406625 0.014847836958120532 Penicillium-verrucosum
1 2 0.8753943495088488 0.009832731773011619 Penicillium-mb
1 2 0.859902431378921 0.01306567740365314 Penicillium-polonicum
1 2 0.4935432594490171 0.26033540699958346 Penicillium-cvjetkovicii
1 2 0.9804884935700905 0.00010107090686314969 Penicillium-brevicompactum
1 2 0.824649217339363 0.022446954451806736 Penicillium-chrysogenum
1 2 0.8689511871620164 0.011113358046860169 Penicillium-solitum
1 2 0.7395078160844625 0.057475083886471996 Penicillium-commune
1 2 0.8476705286119224 0.015996330205244224 Penicillium-verrucosum
1 2 0.871336645228338 0.010628706803974364 Penicillium-mb
1 2 0.8557082346149183 0.014032461240735039 Penicillium-polonicum
1 2 0.5107419905658376 0.24145309357209976 Penicillium-cvjetkovicii
3 2 0.9806469501343643 9.903981268000413e-05 Penicillium-brevicompactum
3 2 0.8274196947629112 0.02160485518799272 Penicillium-chrysogenum
3 2 0.8730641017959129 0.010285480679948727 Penicillium-solitum
3 2 0.7387866200303432 0.05784919442183141 Penicillium-commune
3 2 0.8493154566455828 0.01558245217462726 Penicillium-verrucosum
3 2 0.8733184222679669 0.010235497122307865 Penicillium-mb
3 2 0.8576414193113313 0.013581944400002911 Penicillium-polonicum
3 2 0.4914494713553028 0.26267861060086295 Penicillium-cvjetkovicii
1 2 0.9805715883048401 0.00010000273212565014 Penicillium-brevicompactum
1 2 0.832752949688041 0.020034864381293996 Penicillium-chrysogenum
1 2 0.8720750391107475 0.010481202760322498 Penicillium-solitum
1 2 0.7524316391056339 0.050994288057252535 Penicillium-commune
1 2 0.8492266801532437 0.015604631208963712 Penicillium-verrucosum
1 2 0.8751199646712012 0.009885433361737271 Penicillium-mb
1 2 0.8584530620361821 0.013395300034305594 Penicillium-polonicum
1 2 0.5015848932357443 0.25142517192599356 Penicillium-cvjetkovicii
1 2 0.9805674402851535 0.00010005589400002604 Penicillium-brevicompactum
1 2 0.8267864654361412 0.021795724195445752 Penicillium-chrysogenum
1 2 0.8705453939667026 0.010788087625854146 Penicillium-solitum
1 2 0.7350612943096848 0.05980266365643317 Penicillium-commune
1 2 0.8520252583147974 0.014914106199256422 Penicillium-verrucosum
1 2 0.87440741980014 0.010023051767604582 Penicillium-mb
1 2 0.8596858126404342 0.013114643054749575 Penicillium-polonicum
1 2 0.5020360072232388 0.25092955087788904 Penicillium-cvjetkovicii
1 2 0.9808275115686639 9.675530116546113e-05 Penicillium-brevicompactum
1 2 0.831705707122689 0.02033786268297868 Penicillium-chrysogenum
1 2 0.8751560808269508 0.009878487189539816 Penicillium-solitum
1 2 0.7400980870575425 0.057169870249062456 Penicillium-commune
1 2 0.8541039982893909 0.014412715992168609 Penicillium-verrucosum
1 2 0.8773197453065164 0.009467475103913962 Penicillium-mb
1 2 0.8620854686523327 0.012578059247729657 Penicillium-polonicum
1 2 0.49354325944901734 0.26033540699958324 Penicillium-cvjetkovicii
1 0 0.9806469501343643 9.903981268000413e-05 Penicillium-brevicompactum
1 0 0.8277910005033681 0.021493377010013155 Penicillium-chrysogenum
1 0 0.8711577208872464 0.010664627946870514 Penicillium-solitum
1 0 0.7407641880767404 0.05682650754354458 Penicillium-commune
1 0 0.8505127568665323 0.01528508739783948 Penicillium-verrucosum
1 0 0.8736947561369717 0.010161790429559395 Penicillium-mb
1 0 0.8581713027010822 0.013459925543201669 Penicillium-polonicum
1 0 0.4926320591503278 0.2613539747543977 Penicillium-cvjetkovicii
1 2 0.9806770875691382 9.865629319902067e-05 Penicillium-brevicompactum
1 2 0.8308102815888841 0.020598981166238622 Penicillium-chrysogenum
1 2 0.8735244549628031 0.010195106691851917 Penicillium-solitum
1 2 0.7439252714879914 0.0552123543108175 Penicillium-commune
1 2 0.8512545195002358 0.015102500081287022 Penicillium-verrucosum
1 2 0.8751633374947368 0.0098770918636625 Penicillium-mb
1 2 0.8592918567723032 0.013203963957499464 Penicillium-polonicum
1 2 0.4935432594490183 0.2603354069995822 Penicillium-cvjetkovicii
1 0 0.9806469501343643 9.903981268000413e-05 Penicillium-brevicompactum
1 0 0.8235648174346554 0.022781524292262725 Penicillium-chrysogenum
1 0 0.8674039635814035 0.011434364818219724 Penicillium-solitum
1 0 0.7359347292507338 0.05934149580452145 Penicillium-commune
1 0 0.8485246800840898 0.015780646040841628 Penicillium-verrucosum
1 0 0.8714597134718537 0.010604039888574444 Penicillium-mb
1 0 0.8564254663187552 0.013864333189015195 Penicillium-polonicum
1 0 0.4779081292270506 0.27806254165779354 Penicillium-cvjetkovicii
1 0 0.9806469501343644 9.903981268000254e-05 Penicillium-brevicompactum
1 0 0.827717962220948 0.021515279732040937 Penicillium-chrysogenum
1 0 0.8704003278946448 0.010817456208921794 Penicillium-solitum
1 0 0.7419433215447943 0.05622144309552277 Penicillium-commune
1 0 0.8496110740044037 0.015508727796751009 Penicillium-verrucosum
1 0 0.8735256506463094 0.010194872559670675 Penicillium-mb
1 0 0.857894924738682 0.013523489811831513 Penicillium-polonicum
1 0 0.48850144441776844 0.2659940047179912 Penicillium-cvjetkovicii
3 4 0.9805573349328507 0.00010018547683728185 Penicillium-brevicompactum
3 4 0.8276818547307048 0.021526112308308972 Penicillium-chrysogenum
3 4 0.8706158609543834 0.01077383817435014 Penicillium-solitum
3 4 0.7403048657898321 0.057063159285376516 Penicillium-commune
3 4 0.8496818681661832 0.015491101956412987 Penicillium-verrucosum
3 4 0.8736526293110347 0.010170025915590616 Penicillium-mb
3 4 0.8583781882988802 0.013412456018298434 Penicillium-polonicum
3 4 0.5031381871331814 0.24972052292983077 Penicillium-cvjetkovicii
1 2 0.9806786803912567 9.863604814500145e-05 Penicillium-brevicompactum
1 2 0.8281409000846788 0.021388624105177542 Penicillium-chrysogenum
1 2 0.8722240536121731 0.010451578902424633 Penicillium-solitum
1 2 0.7371193805239742 0.05871910125368658 Penicillium-commune
1 2 0.8521507926371886 0.014883549335288059 Penicillium-verrucosum
1 2 0.8751165608989713 0.009886088149778064 Penicillium-mb
1 2 0.8601016893941855 0.01302072868925815 Penicillium-polonicum
1 2 0.4935432594490184 0.2603354069995822 Penicillium-cvjetkovicii
1 2 0.9806800199399817 9.861902416009593e-05 Penicillium-brevicompactum
1 2 0.8275498036508785 0.021565755102546113 Penicillium-chrysogenum
1 2 0.8714974180759372 0.0105964892467034 Penicillium-solitum
1 2 0.7378208636116096 0.05835223294801856 Penicillium-commune
1 2 0.8515358276184108 0.015033582629778356 Penicillium-verrucosum
1 2 0.8742611469650625 0.01005143803810639 Penicillium-mb
1 2 0.8591170970046283 0.013243698144261446 Penicillium-polonicum
1 2 0.4935432594490186 0.26033540699958196 Penicillium-cvjetkovicii
1 2 0.980602286470532 9.960982196343222e-05 Penicillium-brevicompactum
1 2 0.8283031123519858 0.02134015921388086 Penicillium-chrysogenum
1 2 0.8711186080160456 0.010672489598751988 Penicillium-solitum
1 2 0.7415322276631019 0.05643199315223318 Penicillium-commune
1 2 0.850503118084007 0.015287468262265902 Penicillium-verrucosum
1 2 0.8739261821438908 0.010116616847981257 Penicillium-mb
1 2 0.858360096861411 0.01341660323506527 Penicillium-polonicum
1 2 0.49827210092083823 0.2550785660838487 Penicillium-cvjetkovicii
1 2 0.9806029252927739 9.960165538781148e-05 Penicillium-brevicompactum
1 2 0.8263171796325981 0.021937789793587365 Penicillium-chrysogenum
1 2 0.8708790578464869 0.010720711696544783 Penicillium-solitum
1 2 0.738649487853591 0.057920479080440096 Penicillium-commune
1 2 0.8494847723594328 0.015540201911998975 Penicillium-verrucosum
1 2 0.8733216439010633 0.010234864849053029 Penicillium-mb
1 2 0.8579173820116707 0.013518318455781232 Penicillium-polonicum
1 2 0.49820367326649523 0.25515428396788686 Penicillium-cvjetkovicii
1 2 0.9806465179797408 9.904531860066534e-05 Penicillium-brevicompactum
1 2 0.8276690676072187 0.02152994930145356 Penicillium-chrysogenum
1 2 0.8727785941511598 0.01034176077814967 Penicillium-solitum
1 2 0.7360874987773772 0.05926103343728905 Penicillium-commune
1 2 0.851727552672855 0.014986715175048914 Penicillium-verrucosum
1 2 0.8743853252274503 0.01002733656102203 Penicillium-mb
1 2 0.8592890829713131 0.013204594087690452 Penicillium-polonicum
1 2 0.4935884520268177 0.26028493656987856 Penicillium-cvjetkovicii
