#SPECIES: Penicillium-chrysogenum Penicillium-solitum Penicillium-commune Penicillium-verrucosum Penicillium-mb Penicillium-polonicum Penicillium-brevicompactum Penicillium-cvjetkovicii 
#GENE_TREEs p: 0.7904850653273863 0.9451854346450212 0.9754657274641523 0.6602130788313147 0.4627054061484933 0.4292905048028376 0.56740186160457 0.8818151484113235 
#GENE_TREEs r: 0.12437421644745851 0.03230529900611145 0.01445338905493013 -0.2043935766852101 -0.334963561780896 -0.35882218813266564 -0.2639155448002498 -0.06978643490168465 
1 2 0.12545595242424823 0.7886914678980751 Penicillium-chrysogenum
1 2 0.03959286073526899 0.9328377425198702 Penicillium-solitum
1 2 0.021637838585257183 0.9632750629785611 Penicillium-commune
1 2 -0.205488929563667 0.6584694642830875 Penicillium-verrucosum
1 2 -0.33884327764600486 0.4572079318731365 Penicillium-mb
1 2 -0.3633270836109863 0.42308852136305286 Penicillium-polonicum
1 2 -0.26391341990297257 0.5674050987017709 Penicillium-brevicompactum
1 2 -0.067939552558054 0.8849282360144457 Penicillium-cvjetkovicii
1 2 0.12476499597127065 0.7898370390903698 Penicillium-chrysogenum
1 2 0.036651693356190715 0.9378199371813964 Penicillium-solitum
1 2 0.018506181612353016 0.9685883098952497 Penicillium-commune
1 2 -0.20831218553975298 0.6539810040865423 Penicillium-verrucosum
1 2 -0.3363195195897531 0.4607812801211471 Penicillium-mb
1 2 -0.35899741950456193 0.42904861065266076 Penicillium-polonicum
1 2 -0.2639134199029726 0.5674050987017707 Penicillium-brevicompactum
1 2 -0.06868321248342547 0.883674586398365 Penicillium-cvjetkovicii
1 2 0.12068312029499882 0.7966106710644171 Penicillium-chrysogenum
1 2 0.03140344203665323 0.9467141447023296 Penicillium-solitum
1 2 0.014757617443694084 0.9749494185696663 Penicillium-commune
1 2 -0.19163536723731467 0.6806103774847883 Penicillium-verrucosum
1 2 -0.3179724635390859 0.487063167337511 Penicillium-mb
1 2 -0.3443883099867336 0.4493932257949724 Penicillium-polonicum
1 2 -0.2639134199029726 0.5674050987017707 Penicillium-brevicompactum
1 2 -0.06666405610487126 0.887078890244305 Penicillium-cvjetkovicii
1 0 0.12171258690298767 0.7949013599677816 Penicillium-chrysogenum
1 0 0.03581141948654699 0.9392436223119882 Penicillium-solitum
1 0 0.018557544532117845 0.9685011584094346 Penicillium-commune
1 0 -0.19922775492708192 0.6684525585225165 Penicillium-verrucosum
1 0 -0.3273070629020614 0.4736252556652388 Penicillium-mb
1 0 -0.35383106886917914 0.4362022898885075 Penicillium-polonicum
1 0 -0.26391502136948947 0.5674026590055137 Penicillium-brevicompactum
1 0 -0.06978643490168503 0.8818151484113228 Penicillium-cvjetkovicii
1 2 0.12364723206565705 0.7916908722524103 Penicillium-chrysogenum
1 2 0.04024268613722267 0.9317372004148601 Penicillium-solitum
1 2 0.02170181865881598 0.9631665235293817 Penicillium-commune
1 2 -0.21440764849125987 0.6443186798484635 Penicillium-verrucosum
1 2 -0.339118205434895 0.456819289494645 Penicillium-mb
1 2 -0.35768823498433583 0.4308571097509589 Penicillium-polonicum
1 2 -0.26391341990297246 0.5674050987017709 Penicillium-brevicompactum
1 2 -0.06895223411323674 0.8832211216065393 Penicillium-cvjetkovicii
1 0 0.12149320918772502 0.7952655569873059 Penicillium-chrysogenum
1 0 0.038462988433634854 0.9347514921924677 Penicillium-solitum
1 0 0.020739189307175034 0.9647996299563637 Penicillium-commune
1 0 -0.20573691108778888 0.6580748904551772 Penicillium-verrucosum
1 0 -0.3295626734332844 0.47039858006668134 Penicillium-mb
1 0 -0.3518574141391932 0.43894705227602004 Penicillium-polonicum
1 0 -0.2639159605609891 0.5674012282297312 Penicillium-brevicompactum
1 0 -0.06978643490168578 0.8818151484113215 Penicillium-cvjetkovicii
1 0 0.12265386072350727 0.793339053395876 Penicillium-chrysogenum
1 0 0.0378835864492243 0.9357329662894334 Penicillium-solitum
1 0 0.020113640768136633 0.96586092951812 Penicillium-commune
1 0 -0.20527276333147543 0.6588134668462603 Penicillium-verrucosum
1 0 -0.33250081448829144 0.4662076354643088 Penicillium-mb
1 0 -0.3568925512541516 0.43195768730077233 Penicillium-polonicum
1 0 -0.2639135899471757 0.5674048396539205 Penicillium-brevicompactum
1 0 -0.06978643490168578 0.8818151484113215 Penicillium-cvjetkovicii
1 2 0.12486981126325483 0.7896632411788601 Penicillium-chrysogenum
1 2 0.037440955604917184 0.9364828014953261 Penicillium-solitum
1 2 0.019653580903473602 0.9666414882519132 Penicillium-commune
1 2 -0.20361316687003678 0.6614561040563567 Penicillium-verrucosum
1 2 -0.3365897546090473 0.4603981663701885 Penicillium-mb
1 2 -0.36075316453057243 0.4266278288337306 Penicillium-polonicum
1 2 -0.26391341990297246 0.5674050987017709 Penicillium-brevicompactum
1 2 -0.0688960640208014 0.8833158002268597 Penicillium-cvjetkovicii
3 4 0.12226680540756726 0.7939814134444212 Penicillium-chrysogenum
3 4 0.03464045901078756 0.9412278073147162 Penicillium-solitum
3 4 0.017256989379439445 0.9707079870213469 Penicillium-commune
3 4 -0.20106155059417047 0.6655245847260854 Penicillium-verrucosum
3 4 -0.3342753906718745 0.46368306329713616 Penicillium-mb
3 4 -0.36193552293005615 0.4250005946719085 Penicillium-polonicum
3 4 -0.2639130065117853 0.5674057284681671 Penicillium-brevicompactum
3 4 -0.06990184396137496 0.8816206557965018 Penicillium-cvjetkovicii
3 4 0.12481869223274632 0.7897480025704571 Penicillium-chrysogenum
3 4 0.035478540727743035 0.939807658160795 Penicillium-solitum
3 4 0.017786433206450365 0.9698095891814902 Penicillium-commune
3 4 -0.2015073308235052 0.6648133275798157 Penicillium-verrucosum
3 4 -0.3380514377219665 0.45832797506664164 Penicillium-mb
3 4 -0.3629989854357411 0.4235390441498937 Penicillium-polonicum
3 4 -0.26390458685788204 0.5674185551446613 Penicillium-brevicompactum
3 4 -0.07233847132586928 0.8775154564943926 Penicillium-cvjetkovicii
1 0 0.12222649732698683 0.794048314380276 Penicillium-chrysogenum
1 0 0.03573460900374573 0.9393737696112839 Penicillium-solitum
1 0 0.018013632203836224 0.9694240695480846 Penicillium-commune
1 0 -0.20481192481995644 0.6595469954692591 Penicillium-verrucosum
1 0 -0.3332882139020873 0.46508683230093956 Penicillium-mb
1 0 -0.35705417444380216 0.43173404551221717 Penicillium-polonicum
1 0 -0.2639249157630932 0.5673875858230869 Penicillium-brevicompactum
1 0 -0.06978643490168543 0.8818151484113221 Penicillium-cvjetkovicii
1 0 0.12145018695247317 0.7953369832519039 Penicillium-chrysogenum
1 0 0.035545375425671724 0.9396944106164786 Penicillium-solitum
1 0 0.017654689810828315 0.9700331383766021 Penicillium-commune
1 0 -0.20752354289555458 0.6552339736245181 Penicillium-verrucosum
1 0 -0.3349970891213664 0.46265779463372314 Penicillium-mb
1 0 -0.3567021697432346 0.43222117954378486 Penicillium-polonicum
1 0 -0.2639322575860206 0.5673764013251682 Penicillium-brevicompactum
1 0 -0.06978643490168666 0.88181514841132 Penicillium-cvjetkovicii
3 4 0.1288051361967178 0.7831430074063406 Penicillium-chrysogenum
3 4 0.04415695222271119 0.9251098912536705 Penicillium-solitum
3 4 0.026244398996212184 0.9554614665607819 Penicillium-commune
3 4 -0.20058315721732276 0.6662880989613627 Penicillium-verrucosum
3 4 -0.3428182868374352 0.4516007778682376 Penicillium-mb
3 4 -0.3666037977818433 0.4185993584110791 Penicillium-polonicum
3 4 -0.26391341990297257 0.5674050987017709 Penicillium-brevicompactum
3 4 -0.06582888129296582 0.8884874036991872 Penicillium-cvjetkovicii
1 2 0.12589362095323473 0.7879659918543045 Penicillium-chrysogenum
1 2 0.03712964909947646 0.9370101901537609 Penicillium-solitum
1 2 0.01918756877522625 0.9674321674621251 Penicillium-commune
1 2 -0.20532064840716327 0.6587372593826146 Penicillium-verrucosum
1 2 -0.3352353801269361 0.46231945434885335 Penicillium-mb
1 2 -0.3621577299570274 0.42469504768087457 Penicillium-polonicum
1 2 -0.2638953338456868 0.5674326514825695 Penicillium-brevicompactum
1 2 -0.07521234285264249 0.8726764032786921 Penicillium-cvjetkovicii
1 2 0.12150750021638318 0.7952418310240221 Penicillium-chrysogenum
1 2 0.034822221780864485 0.9409197954117829 Penicillium-solitum
1 2 0.017614078093491196 0.970102050812041 Penicillium-commune
1 2 -0.19857250626460693 0.6694995893718321 Penicillium-verrucosum
1 2 -0.32711977890083305 0.4738935284755911 Penicillium-mb
1 2 -0.35399107139505664 0.43598006159505576 Penicillium-polonicum
1 2 -0.2639134199029727 0.5674050987017707 Penicillium-brevicompactum
1 2 -0.06976142440127123 0.8818572978709903 Penicillium-cvjetkovicii
1 0 0.12285308007037497 0.7930084635862005 Penicillium-chrysogenum
1 0 0.03749290798035895 0.9363947900511356 Penicillium-solitum
1 0 0.01953052998950853 0.9668502657049718 Penicillium-commune
1 0 -0.20714285673140775 0.6558390255651017 Penicillium-verrucosum
1 0 -0.33938012117697774 0.45644915538297265 Penicillium-mb
1 0 -0.36153212914339083 0.425555500304283 Penicillium-polonicum
1 0 -0.26392027840828686 0.5673946503832217 Penicillium-brevicompactum
1 0 -0.06978643490168578 0.8818151484113215 Penicillium-cvjetkovicii
1 0 0.12550336558735256 0.7886128703254945 Penicillium-chrysogenum
1 0 0.03906906337383067 0.93372490595792 Penicillium-solitum
1 0 0.021297780532235765 0.9638519644090451 Penicillium-commune
1 0 -0.20359319372622905 0.6614879251095604 Penicillium-verrucosum
1 0 -0.3347222514433558 0.4630481394910694 Penicillium-mb
1 0 -0.3588798103986873 0.42921095567913686 Penicillium-polonicum
1 0 -0.26391530616914133 0.5674022251381305 Penicillium-brevicompactum
1 0 -0.0697864349016861 0.881815148411321 Penicillium-cvjetkovicii
1 2 0.12367682940189245 0.7916417744013894 Penicillium-chrysogenum
1 2 0.03594241038599236 0.9390216744666627 Penicillium-solitum
1 2 0.018296524819586026 0.9689440535551823 Penicillium-commune
1 2 -0.20267899450149687 0.6629448528955568 Penicillium-verrucosum
1 2 -0.3334774015184544 0.4648176858852242 Penicillium-mb
1 2 -0.3600120910678574 0.42764896128948554 Penicillium-polonicum
1 2 -0.26391035783996003 0.5674097635002016 Penicillium-brevicompactum
1 2 -0.07065055625986955 0.8803590068867703 Penicillium-cvjetkovicii
1 2 0.12273884106688032 0.7931980317734965 Penicillium-chrysogenum
1 2 0.038049781569631735 0.9354514345188452 Penicillium-solitum
1 2 0.020212830245858123 0.9656926429101427 Penicillium-commune
1 2 -0.20618540041799494 0.6573614404235034 Penicillium-verrucosum
1 2 -0.3320376917970104 0.46686731797996883 Penicillium-mb
1 2 -0.35687055687707564 0.43198812486386273 Penicillium-polonicum
1 2 -0.263911259069506 0.5674083905506508 Penicillium-brevicompactum
1 2 -0.07039399342751097 0.8807913162432784 Penicillium-cvjetkovicii
3 2 0.122882708964176 0.7929592987268815 Penicillium-chrysogenum
3 2 0.03191549018164957 0.9458461714211975 Penicillium-solitum
3 2 0.014057658838137864 0.9761373351542707 Penicillium-commune
3 2 -0.2066413506938627 0.6566363335011274 Penicillium-verrucosum
3 2 -0.340349923349926 0.455079621914898 Penicillium-mb
3 2 -0.36272107915625085 0.4239207917962863 Penicillium-polonicum
3 2 -0.263927411111342 0.5673837844136645 Penicillium-brevicompactum
3 2 -0.06978643490168548 0.8818151484113219 Penicillium-cvjetkovicii
3 2 0.12396009596576912 0.7911719024124404 Penicillium-chrysogenum
3 2 0.03300067693909431 0.9440068119904053 Penicillium-solitum
3 2 0.015186218707780105 0.9742220471199979 Penicillium-commune
3 2 -0.2049303678188534 0.6593584459515368 Penicillium-verrucosum
3 2 -0.34030280469442653 0.4551461264522613 Penicillium-mb
3 2 -0.3677280247857128 0.41706343545784447 Penicillium-polonicum
3 2 -0.26391430833223956 0.5674037452559185 Penicillium-brevicompactum
3 2 -0.0697864349016855 0.8818151484113219 Penicillium-cvjetkovicii
1 2 0.12277436745309206 0.7931390784251623 Penicillium-chrysogenum
1 2 0.03575889934671084 0.9393326120590842 Penicillium-solitum
1 2 0.01846895284772609 0.9686514790092923 Penicillium-commune
1 2 -0.19892950956423525 0.6689290760357108 Penicillium-verrucosum
1 2 -0.3285293949029533 0.4718756985274377 Penicillium-mb
1 2 -0.3558516040610242 0.43339913228870713 Penicillium-polonicum
1 2 -0.2639077396763326 0.5674137520644633 Penicillium-brevicompactum
1 2 -0.07140660106306365 0.8790852062067518 Penicillium-cvjetkovicii
1 0 0.12308025692671663 0.7926315104289241 Penicillium-chrysogenum
1 0 0.03381889057151995 0.9426200945560144 Penicillium-solitum
1 0 0.016116884252150344 0.9726426809186574 Penicillium-commune
1 0 -0.20323457403812464 0.6620593440116083 Penicillium-verrucosum
1 0 -0.33718792553232557 0.45955055536476375 Penicillium-mb
1 0 -0.360699334823386 0.42670196964341667 Penicillium-polonicum
1 0 -0.26392009913171505 0.5673949234942454 Penicillium-brevicompactum
1 0 -0.06978643490168503 0.8818151484113228 Penicillium-cvjetkovicii
1 2 0.11851028336673113 0.80022053339545 Penicillium-chrysogenum
1 2 0.03281991620015256 0.9443131825364868 Penicillium-solitum
1 2 0.01638371944339863 0.972189866855498 Penicillium-commune
1 2 -0.19066366425123005 0.6821704117372634 Penicillium-verrucosum
1 2 -0.31683545756138604 0.48870918930583396 Penicillium-mb
1 2 -0.34304051683900044 0.4512880623978286 Penicillium-polonicum
1 2 -0.26390583918536353 0.5674166473170188 Penicillium-brevicompactum
1 2 -0.07196549493860811 0.8781437028547505 Penicillium-cvjetkovicii
1 2 0.12511488862329004 0.7892568968767694 Penicillium-chrysogenum
1 2 0.03552241803671895 0.9397333104981056 Penicillium-solitum
1 2 0.017989554861464387 0.9694649246468604 Penicillium-commune
1 2 -0.20043780731280195 0.6665201223154582 Penicillium-verrucosum
1 2 -0.3318014130843797 0.4672040105883507 Penicillium-mb
1 2 -0.358300408812123 0.4300110932603542 Penicillium-polonicum
1 2 -0.26389729872217305 0.567429658116928 Penicillium-brevicompactum
1 2 -0.07458445361360384 0.873733384196484 Penicillium-cvjetkovicii
1 0 0.12268058098414292 0.793294711664893 Penicillium-chrysogenum
1 0 0.03499686380218703 0.9406238557165467 Penicillium-solitum
1 0 0.017544467525568534 0.9702201706072372 Penicillium-commune
1 0 -0.20074774701571751 0.6660253883200423 Penicillium-verrucosum
1 0 -0.33169514820197404 0.46735546501282066 Penicillium-mb
1 0 -0.3579137612916352 0.4305453610257658 Penicillium-polonicum
1 0 -0.263914719421726 0.5674031189966613 Penicillium-brevicompactum
1 0 -0.06978643490168658 0.8818151484113201 Penicillium-cvjetkovicii
1 2 0.12504812626578365 0.7893675867506651 Penicillium-chrysogenum
1 2 0.037771102877299914 0.9359235146132424 Penicillium-solitum
1 2 0.02012291728164238 0.96584519077978 Penicillium-commune
1 2 -0.20193309776648466 0.6641341887958763 Penicillium-verrucosum
1 2 -0.3344493194551542 0.4634358978275201 Penicillium-mb
1 2 -0.3628030671456484 0.4238081546671797 Penicillium-polonicum
1 2 -0.26391341990297257 0.5674050987017709 Penicillium-brevicompactum
1 2 -0.06831647313266985 0.8842928055466213 Penicillium-cvjetkovicii
1 0 0.12349132668437192 0.7919495065593434 Penicillium-chrysogenum
1 0 0.035431939946443704 0.9398866209767266 Penicillium-solitum
1 0 0.01770697860417584 0.9699444117857963 Penicillium-commune
1 0 -0.20347572595164012 0.6616750820235905 Penicillium-verrucosum
1 0 -0.3374482544724201 0.45918184864410816 Penicillium-mb
1 0 -0.36103528831191983 0.4262393349231266 Penicillium-polonicum
1 0 -0.26391938658574304 0.5673960089915396 Penicillium-brevicompactum
1 0 -0.06978643490168487 0.881815148411323 Penicillium-cvjetkovicii
1 2 0.12513091533386558 0.7892303255176736 Penicillium-chrysogenum
1 2 0.03825342217736823 0.9351064780098003 Penicillium-solitum
1 2 0.020287669727903992 0.965565669601971 Penicillium-commune
1 2 -0.20590105968543218 0.6578137414005829 Penicillium-verrucosum
1 2 -0.3377282318756326 0.4587854359580746 Penicillium-mb
1 2 -0.3643628270932145 0.4216675249782248 Penicillium-polonicum
1 2 -0.2639134199029724 0.5674050987017711 Penicillium-brevicompactum
1 2 -0.0689151915300047 0.8832835593479282 Penicillium-cvjetkovicii
1 2 0.12344277553719077 0.7920300520497242 Penicillium-chrysogenum
1 2 0.036952780507356016 0.9373098338509223 Penicillium-solitum
1 2 0.01921901212262512 0.9673788171020321 Penicillium-commune
1 2 -0.20416830001452882 0.6605718325676284 Penicillium-verrucosum
1 2 -0.3324901203594544 0.4662228645631852 Penicillium-mb
1 2 -0.3566061990608729 0.4323540284234725 Penicillium-polonicum
1 2 -0.2639134199029726 0.5674050987017707 Penicillium-brevicompactum
1 2 -0.06964254320659388 0.8820576478768147 Penicillium-cvjetkovicii
1 2 0.12391997936739421 0.7912384432737379 Penicillium-chrysogenum
1 2 0.02969985955821423 0.949602186806856 Penicillium-solitum
1 2 0.01178332196074609 0.979997400063055 Penicillium-commune
1 2 -0.20500921980621256 0.6592329293468037 Penicillium-verrucosum
1 2 -0.336134202897671 0.461044072762448 Penicillium-mb
1 2 -0.3603194892183583 0.42722528022279027 Penicillium-polonicum
1 2 -0.2639107612667156 0.5674091489123836 Penicillium-brevicompactum
1 2 -0.07053547662466919 0.8805529135965928 Penicillium-cvjetkovicii
1 2 0.1265881420851122 0.7868150091259493 Penicillium-chrysogenum
1 2 0.03718847708108027 0.9369105274481004 Penicillium-solitum
1 2 0.01934534452953089 0.9671644681462215 Penicillium-commune
1 2 -0.2031713353409389 0.6621601210697292 Penicillium-verrucosum
1 2 -0.33643780700506143 0.46061356886658394 Penicillium-mb
1 2 -0.3619345133377941 0.4250019831109402 Penicillium-polonicum
1 2 -0.26391341990297246 0.5674050987017709 Penicillium-brevicompactum
1 2 -0.06726821677449371 0.886060126810762 Penicillium-cvjetkovicii
1 2 0.12283869490139304 0.7930323338878926 Penicillium-chrysogenum
1 2 0.03908708828147672 0.9336943759913314 Penicillium-solitum
1 2 0.021003578347285702 0.964351082436024 Penicillium-commune
1 2 -0.20887065531186155 0.6530941158363541 Penicillium-verrucosum
1 2 -0.33790398007024464 0.45853666351207784 Penicillium-mb
1 2 -0.3562750852468728 0.43281249771779984 Penicillium-polonicum
1 2 -0.2639115715151166 0.5674079145655468 Penicillium-brevicompactum
1 2 -0.0703054829275835 0.880940462240831 Penicillium-cvjetkovicii
1 2 0.12416800221471086 0.7908270672769986 Penicillium-chrysogenum
1 2 0.03699243887189042 0.9372426457226659 Penicillium-solitum
1 2 0.01934907276890134 0.9671581424438553 Penicillium-commune
1 2 -0.20242655607477406 0.6633473043121934 Penicillium-verrucosum
1 2 -0.33383873178705165 0.464303801225806 Penicillium-mb
1 2 -0.35865302362183354 0.42952407378193297 Penicillium-polonicum
1 2 -0.2639090309990405 0.5674117848358085 Penicillium-brevicompactum
1 2 -0.0710317070262059 0.8797168100297875 Penicillium-cvjetkovicii
1 2 0.1259090467424115 0.7879404244032305 Penicillium-chrysogenum
1 2 0.042125964237124496 0.9285481804458116 Penicillium-solitum
1 2 0.023659375713888278 0.9598458369873444 Penicillium-commune
1 2 -0.21257757438499353 0.6472155382330932 Penicillium-verrucosum
1 2 -0.338725923916563 0.45737386238460814 Penicillium-mb
1 2 -0.36356106820446277 0.42276734250087744 Penicillium-polonicum
1 2 -0.26389376246383217 0.5674350453875115 Penicillium-brevicompactum
1 2 -0.07572141901614036 0.8718195412952822 Penicillium-cvjetkovicii
1 2 0.117529066996855 0.8018516165528243 Penicillium-chrysogenum
1 2 0.032472132962656636 0.9449026540765236 Penicillium-solitum
1 2 0.016436676975486064 0.9720999996701483 Penicillium-commune
1 2 -0.18609803943022082 0.6895123349981975 Penicillium-verrucosum
1 2 -0.31357722642106306 0.49343700580642413 Penicillium-mb
1 2 -0.3421969529115057 0.4524755302371159 Penicillium-polonicum
1 2 -0.26389964323249526 0.5674260864095833 Penicillium-brevicompactum
1 2 -0.07384776857219219 0.8749737009149319 Penicillium-cvjetkovicii
3 4 0.12969574252094324 0.781668795599037 Penicillium-chrysogenum
3 4 0.044689268782582205 0.924208876332369 Penicillium-solitum
3 4 0.02682613715787639 0.9544749201155482 Penicillium-commune
3 4 -0.1998067964261081 0.6675276554264018 Penicillium-verrucosum
3 4 -0.34208089880726894 0.4526389884895771 Penicillium-mb
3 4 -0.36712833195465994 0.41788246439112564 Penicillium-polonicum
3 4 -0.2639134199029724 0.5674050987017711 Penicillium-brevicompactum
3 4 -0.06562393883044465 0.8888330727556522 Penicillium-cvjetkovicii
1 0 0.12359469731552995 0.7917780214206295 Penicillium-chrysogenum
1 0 0.034808753433636486 0.94094261842892 Penicillium-solitum
1 0 0.017047649792920144 0.9710632161178081 Penicillium-commune
1 0 -0.20426149604857954 0.6604234113512708 Penicillium-verrucosum
1 0 -0.3346016018677644 0.4632195332978687 Penicillium-mb
1 0 -0.3604302211491601 0.42707270011631343 Penicillium-polonicum
1 0 -0.263922751702228 0.5673908825563898 Penicillium-brevicompactum
1 0 -0.06978643490168465 0.8818151484113235 Penicillium-cvjetkovicii
1 0 0.1182364436628057 0.8006756812967513 Penicillium-chrysogenum
1 0 0.03171167051152477 0.9461916612662835 Penicillium-solitum
1 0 0.014898838829323824 0.9747097527669295 Penicillium-commune
1 0 -0.1956981131177915 0.6740976318001658 Penicillium-verrucosum
1 0 -0.3206406833899364 0.48320824166238585 Penicillium-mb
1 0 -0.34643277372160286 0.4465246667501425 Penicillium-polonicum
1 0 -0.2639244266421519 0.5673883309500716 Penicillium-brevicompactum
1 0 -0.06978643490168428 0.8818151484113241 Penicillium-cvjetkovicii
1 2 0.12640384483783884 0.7871204024443422 Penicillium-chrysogenum
1 2 0.03999109967577339 0.9321632762133185 Penicillium-solitum
1 2 0.022442323832281105 0.9619103215361255 Penicillium-commune
1 2 -0.20030421302663298 0.6667333987057005 Penicillium-verrucosum
1 2 -0.3306513575440937 0.4688440873306426 Penicillium-mb
1 2 -0.3573240609194692 0.4313606961986643 Penicillium-polonicum
1 2 -0.2639134199029724 0.5674050987017711 Penicillium-brevicompactum
1 2 -0.0668474833015466 0.8867695737685456 Penicillium-cvjetkovicii
1 2 0.13014271565835647 0.7809291209690872 Penicillium-chrysogenum
1 2 0.041697874604869525 0.9292730138848281 Penicillium-solitum
1 2 0.024131609566765248 0.9590448344640246 Penicillium-commune
1 2 -0.19780219928990553 0.6707310175960179 Penicillium-verrucosum
1 2 -0.3345703092987452 0.46326399108518207 Penicillium-mb
1 2 -0.36701735329688884 0.4180341018166385 Penicillium-polonicum
1 2 -0.2639134199029724 0.5674050987017711 Penicillium-brevicompactum
1 2 -0.06313764050438386 0.8930277253130401 Penicillium-cvjetkovicii
1 0 0.12366144645447079 0.7916672924964113 Penicillium-chrysogenum
1 0 0.035374489132327935 0.9399839691981509 Penicillium-solitum
1 0 0.017670816929793328 0.9700057729400303 Penicillium-commune
1 0 -0.20315112717738665 0.6621923256120242 Penicillium-verrucosum
1 0 -0.33632810538834584 0.4607691061724817 Penicillium-mb
1 0 -0.3608857777410319 0.4264451990013195 Penicillium-polonicum
1 0 -0.263917012334904 0.5673996259458816 Penicillium-brevicompactum
1 0 -0.06978643490168446 0.8818151484113238 Penicillium-cvjetkovicii
1 2 0.12024160744897369 0.79734395089681 Penicillium-chrysogenum
1 2 0.03716084629883072 0.9369573377184557 Penicillium-solitum
1 2 0.019828804629618245 0.9663441930917875 Penicillium-commune
1 2 -0.20165552355224078 0.6645769253842563 Penicillium-verrucosum
1 2 -0.3226643675922086 0.4802918514553522 Penicillium-mb
1 2 -0.3448997380008703 0.448675001255076 Penicillium-polonicum
1 2 -0.2639105506850497 0.5674094697163812 Penicillium-brevicompactum
1 2 -0.07059549923287851 0.880451776200329 Penicillium-cvjetkovicii
1 0 0.12049257703835006 0.7969271173435103 Penicillium-chrysogenum
1 0 0.0328793092649198 0.9442125169002573 Penicillium-solitum
1 0 0.015617426941333388 0.9734902657664718 Penicillium-commune
1 0 -0.19982262132563813 0.6675023830003008 Penicillium-verrucosum
1 0 -0.32752192381129086 0.47331754868257414 Penicillium-mb
1 0 -0.35326154068210974 0.43699366041367277 Penicillium-polonicum
1 0 -0.2639222547554611 0.5673916396066363 Penicillium-brevicompactum
1 0 -0.06978643490168406 0.8818151484113245 Penicillium-cvjetkovicii
1 2 0.12369847473187312 0.7916058681658122 Penicillium-chrysogenum
1 2 0.03863205945060474 0.9344651078210382 Penicillium-solitum
1 2 0.020688433899717383 0.9648857395629048 Penicillium-commune
1 2 -0.20675565124634382 0.6564545925668201 Penicillium-verrucosum
1 2 -0.3353562370105685 0.4621478891884618 Penicillium-mb
1 2 -0.3582236609600147 0.43011712283688336 Penicillium-polonicum
1 2 -0.2639134199029724 0.5674050987017711 Penicillium-brevicompactum
1 2 -0.06972356102701038 0.8819211083222241 Penicillium-cvjetkovicii
1 0 0.11662522285761287 0.8033545897825811 Penicillium-chrysogenum
1 0 0.03190897221184348 0.945857219771596 Penicillium-solitum
1 0 0.015513959172531762 0.9736658542714764 Penicillium-commune
1 0 -0.19142432642872953 0.6809491191907633 Penicillium-verrucosum
1 0 -0.31417339326905896 0.4925707374374475 Penicillium-mb
1 0 -0.34051885269846216 0.4548412202362086 Penicillium-polonicum
1 0 -0.2639156781176741 0.567401658507201 Penicillium-brevicompactum
1 0 -0.06978643490168548 0.8818151484113219 Penicillium-cvjetkovicii
1 0 0.12362607449287369 0.7917259700490178 Penicillium-chrysogenum
1 0 0.03997012405637927 0.9321988001853608 Penicillium-solitum
1 0 0.021733082125442935 0.9631134865643087 Penicillium-commune
1 0 -0.2106631781664648 0.6502496629174297 Penicillium-verrucosum
1 0 -0.338427070959118 0.4577965218854084 Penicillium-mb
1 0 -0.35881305893121546 0.42930310843638325 Penicillium-polonicum
1 0 -0.263916894718439 0.5673998051240154 Penicillium-brevicompactum
1 0 -0.06978643490168479 0.8818151484113231 Penicillium-cvjetkovicii
1 0 0.12221984722107532 0.7940593519238986 Penicillium-chrysogenum
1 0 0.03550947519034029 0.9397552413961482 Penicillium-solitum
1 0 0.01791422640103113 0.9695927443993132 Penicillium-commune
1 0 -0.20306100863880172 0.6623359471757022 Penicillium-verrucosum
1 0 -0.33136635831301425 0.4678241880005905 Penicillium-mb
1 0 -0.35521806015967633 0.4342773268547876 Penicillium-polonicum
1 0 -0.2639169819056852 0.5673996723020651 Penicillium-brevicompactum
1 0 -0.06978643490168371 0.881815148411325 Penicillium-cvjetkovicii
1 2 0.12356632230247228 0.7918250930532411 Penicillium-chrysogenum
1 2 0.03882177512730198 0.9341437607663632 Penicillium-solitum
1 2 0.020945208383309946 0.9644501089821009 Penicillium-commune
1 2 -0.20620356002857165 0.6573325567409589 Penicillium-verrucosum
1 2 -0.3333999438519271 0.46492787355622683 Penicillium-mb
1 2 -0.35829903168810606 0.43001299571217655 Penicillium-polonicum
1 2 -0.26391187362365554 0.5674074543282388 Penicillium-brevicompactum
1 2 -0.0702201138700625 0.8810843173528837 Penicillium-cvjetkovicii
1 2 0.12414463163477206 0.7908658285744407 Penicillium-chrysogenum
1 2 0.03218302305340695 0.9453926931029774 Penicillium-solitum
1 2 0.01448354700878115 0.975414545807078 Penicillium-commune
1 2 -0.2025591942927642 0.6631358370425149 Penicillium-verrucosum
1 2 -0.3343163503558598 0.46362485223256417 Penicillium-mb
1 2 -0.3620484382781697 0.4248453191976371 Penicillium-polonicum
1 2 -0.2639101592588978 0.56741006602236 Penicillium-brevicompactum
1 2 -0.07070734085801794 0.8802633278113097 Penicillium-cvjetkovicii
1 0 0.12392956354621652 0.7912225460337957 Penicillium-chrysogenum
1 0 0.03299484848387066 0.9440166905269164 Penicillium-solitum
1 0 0.015363288251705836 0.9739215497250826 Penicillium-commune
1 0 -0.20165950798231408 0.6645705695877065 Penicillium-verrucosum
1 0 -0.3363544681938174 0.46073172664899703 Penicillium-mb
1 0 -0.36171056669469837 0.4253100084031463 Penicillium-polonicum
1 0 -0.2639152171629407 0.5674023607312885 Penicillium-brevicompactum
1 0 -0.06978643490168494 0.8818151484113229 Penicillium-cvjetkovicii
1 2 0.12189116109110415 0.7946049242447845 Penicillium-chrysogenum
1 2 0.03737436621882514 0.9365956099483501 Penicillium-solitum
1 2 0.019732519343642365 0.9665075561432073 Penicillium-commune
1 2 -0.2041378706573103 0.6606202953666097 Penicillium-verrucosum
1 2 -0.33021881122436536 0.4694614793815789 Penicillium-mb
1 2 -0.35354713690011025 0.4365967506076614 Penicillium-polonicum
1 2 -0.263911379369466 0.5674082072835742 Penicillium-brevicompactum
1 2 -0.07035988794120589 0.8808487858929972 Penicillium-cvjetkovicii
1 0 0.12269535666709254 0.7932701919085895 Penicillium-chrysogenum
1 0 0.03590617302422198 0.9390830738716858 Penicillium-solitum
1 0 0.01835489482561112 0.9688450114685132 Penicillium-commune
1 0 -0.20219648734204873 0.6637141487553537 Penicillium-verrucosum
1 0 -0.33102445333700814 0.46831179042601717 Penicillium-mb
1 0 -0.3555882677948126 0.4337640765497324 Penicillium-polonicum
1 0 -0.26391357327937465 0.567404865045893 Penicillium-brevicompactum
1 0 -0.06978643490168637 0.8818151484113205 Penicillium-cvjetkovicii
1 2 0.12480507713100969 0.7897705782955502 Penicillium-chrysogenum
1 2 0.036320330372391366 0.938381353517521 Penicillium-solitum
1 2 0.018608758205583144 0.9684142604097062 Penicillium-commune
1 2 -0.20287489817388163 0.662632576723633 Penicillium-verrucosum
1 2 -0.3343424491672732 0.4635877625401418 Penicillium-mb
1 2 -0.3616305041958903 0.42542015051333243 Penicillium-polonicum
1 2 -0.2638985918893767 0.5674276880608264 Penicillium-brevicompactum
1 2 -0.07417644073226108 0.8744203081244469 Penicillium-cvjetkovicii
1 2 0.12225487383036808 0.7940012166564006 Penicillium-chrysogenum
1 2 0.03294397952544409 0.9441029075869787 Penicillium-solitum
1 2 0.015384478091244536 0.973885589489131 Penicillium-commune
1 2 -0.2024194757486823 0.6633585930907933 Penicillium-verrucosum
1 2 -0.3288859129367076 0.4713658489667391 Penicillium-mb
1 2 -0.35557150549133626 0.4337873105430127 Penicillium-polonicum
1 2 -0.26390362611112095 0.5674200187721721 Penicillium-brevicompactum
1 2 -0.07262715454114417 0.8770292297478508 Penicillium-cvjetkovicii
1 0 0.12430359437198138 0.7906021875409078 Penicillium-chrysogenum
1 0 0.03718177754998444 0.9369218773437515 Penicillium-solitum
1 0 0.019271035559008717 0.9672905484343903 Penicillium-commune
1 0 -0.20575001862291292 0.6580540362589453 Penicillium-verrucosum
1 0 -0.33573004522948496 0.461617389957209 Penicillium-mb
1 0 -0.3596616055449918 0.42813222607340135 Penicillium-polonicum
1 0 -0.2639136455814451 0.5674047548998611 Penicillium-brevicompactum
1 0 -0.06978643490168482 0.8818151484113231 Penicillium-cvjetkovicii
1 2 0.12454750972816103 0.7901976827470991 Penicillium-chrysogenum
1 2 0.037339822347064566 0.9366541307291327 Penicillium-solitum
1 2 0.019607123877250977 0.9667203105658041 Penicillium-commune
1 2 -0.20328237710405603 0.6619831678335291 Penicillium-verrucosum
1 2 -0.3346350063984831 0.4631720767525486 Penicillium-mb
1 2 -0.3604479090071784 0.4270483295493359 Penicillium-polonicum
1 2 -0.2639134199029726 0.5674050987017707 Penicillium-brevicompactum
1 2 -0.06878798221350696 0.883497982780579 Penicillium-cvjetkovicii
3 4 0.1255806332081995 0.7884847855869199 Penicillium-chrysogenum
3 4 0.04072184969752236 0.9309257459422329 Penicillium-solitum
3 4 0.02289990755088973 0.9611341021350324 Penicillium-commune
3 4 -0.20313076567731686 0.6622247749359875 Penicillium-verrucosum
3 4 -0.340080835620903 0.4554594682344946 Penicillium-mb
3 4 -0.36151289913878226 0.42558195994031406 Penicillium-polonicum
3 4 -0.2638960156639598 0.5674316127747827 Penicillium-brevicompactum
3 4 -0.07499337473401622 0.8730449944429186 Penicillium-cvjetkovicii
1 2 0.1221578533629152 0.7941622478270957 Penicillium-chrysogenum
1 2 0.037346839574322936 0.9366422428245231 Penicillium-solitum
1 2 0.01979842668198033 0.9663957339317029 Penicillium-commune
1 2 -0.20288221060655248 0.6626209212440234 Penicillium-verrucosum
1 2 -0.3286450361303181 0.47171030022027544 Penicillium-mb
1 2 -0.3521991062856079 0.438471392312892 Penicillium-polonicum
1 2 -0.2639134199029725 0.5674050987017709 Penicillium-brevicompactum
1 2 -0.06972257338719597 0.8819227727803136 Penicillium-cvjetkovicii
1 0 0.12183325871958912 0.7947010408638195 Penicillium-chrysogenum
1 0 0.03365062401317317 0.942905265242272 Penicillium-solitum
1 0 0.016025668132813302 0.9727974742214089 Penicillium-commune
1 0 -0.20357515394508202 0.66151666629289 Penicillium-verrucosum
1 0 -0.3329776997033764 0.46552870726271933 Penicillium-mb
1 0 -0.3573354925973823 0.4313448848408367 Penicillium-polonicum
1 0 -0.2639269912272357 0.5673844240638573 Penicillium-brevicompactum
1 0 -0.06978643490168494 0.8818151484113229 Penicillium-cvjetkovicii
1 2 0.13410970899494176 0.7743701365640665 Penicillium-chrysogenum
1 2 0.04839017518099126 0.9179464346406078 Penicillium-solitum
1 2 0.030582438179466525 0.9481059162858154 Penicillium-commune
1 2 -0.1985810622498692 0.6694859149002306 Penicillium-verrucosum
1 2 -0.3383136505316929 0.4579569671958503 Penicillium-mb
1 2 -0.3688701271263467 0.4155053451482323 Penicillium-polonicum
1 2 -0.2639134199029726 0.5674050987017707 Penicillium-brevicompactum
1 2 -0.05924891811927825 0.8995923665364317 Penicillium-cvjetkovicii
1 2 0.12703371298178234 0.7860767570549992 Penicillium-chrysogenum
1 2 0.04022371884887026 0.9317693221318859 Penicillium-solitum
1 2 0.022435600434416322 0.9619217269113862 Penicillium-commune
1 2 -0.20275010035761976 0.6628315035986366 Penicillium-verrucosum
1 2 -0.33435890207609825 0.463564381449832 Penicillium-mb
1 2 -0.3635783371528862 0.42274364202690407 Penicillium-polonicum
1 2 -0.26391341990297257 0.5674050987017709 Penicillium-brevicompactum
1 2 -0.06613444686018737 0.8879720433888996 Penicillium-cvjetkovicii
1 2 0.12454157090620949 0.7902075311370362 Penicillium-chrysogenum
1 2 0.04179110418428948 0.9291151559613513 Penicillium-solitum
1 2 0.023277125858080682 0.9604942284553694 Penicillium-commune
1 2 -0.21361745768879778 0.6455690510797563 Penicillium-verrucosum
1 2 -0.34128158618892845 0.45376539164088625 Penicillium-mb
1 2 -0.3582109841096716 0.4301346372706885 Penicillium-polonicum
1 2 -0.26390966462084947 0.5674108195635721 Penicillium-brevicompactum
1 2 -0.07084918107407882 0.88002433953395 Penicillium-cvjetkovicii
1 0 0.12349976033316001 0.7919355154358341 Penicillium-chrysogenum
1 0 0.03596798647517796 0.9389783393191107 Penicillium-solitum
1 0 0.018196225292140294 0.9691142422943433 Penicillium-commune
1 0 -0.2044644636227703 0.660100201876262 Penicillium-verrucosum
1 0 -0.3351055343388553 0.462503806095671 Penicillium-mb
1 0 -0.3600771567932306 0.4275592689389361 Penicillium-polonicum
1 0 -0.26391984925110407 0.5673953041639626 Penicillium-brevicompactum
1 0 -0.06978643490168503 0.8818151484113228 Penicillium-cvjetkovicii
1 2 0.12484018995727175 0.7897123566026737 Penicillium-chrysogenum
1 2 0.03774278864012332 0.935971479604697 Penicillium-solitum
1 2 0.020417587554950913 0.9653452512757585 Penicillium-commune
1 2 -0.19808995312188063 0.6702709398549188 Penicillium-verrucosum
1 2 -0.33007109891234143 0.4696723835950353 Penicillium-mb
1 2 -0.35795160604091025 0.43049305608743466 Penicillium-polonicum
1 2 -0.2639134199029726 0.5674050987017707 Penicillium-brevicompactum
1 2 -0.0677142187818675 0.8853081377551673 Penicillium-cvjetkovicii
1 0 0.12443884550643142 0.790377884896906 Penicillium-chrysogenum
1 0 0.036859582277630684 0.937467728934072 Penicillium-solitum
1 0 0.019176978704354877 0.9674501358028121 Penicillium-commune
1 0 -0.20262688479747465 0.6630279238180705 Penicillium-verrucosum
1 0 -0.33582738383073407 0.46147928638342794 Penicillium-mb
1 0 -0.3612927425397756 0.4258849309143812 Penicillium-polonicum
1 0 -0.2639149972141884 0.5674026958040091 Penicillium-brevicompactum
1 0 -0.06978643490168643 0.8818151484113204 Penicillium-cvjetkovicii
1 0 0.12149655807702443 0.7952599971506221 Penicillium-chrysogenum
1 0 0.037731006289549285 0.9359914392322859 Penicillium-solitum
1 0 0.019833400632175976 0.9663363952777779 Penicillium-commune
1 0 -0.20756981651024914 0.6551604378438332 Penicillium-verrucosum
1 0 -0.336776693541125 0.46013321093751036 Penicillium-mb
1 0 -0.35906990772675534 0.4289485612599984 Penicillium-polonicum
1 0 -0.2639265630609056 0.5673850763314003 Penicillium-brevicompactum
1 0 -0.06978643490168548 0.8818151484113219 Penicillium-cvjetkovicii
1 2 0.12241549851073569 0.7937346302320789 Penicillium-chrysogenum
1 2 0.036341536529656895 0.9383454240812515 Penicillium-solitum
1 2 0.01891674766360213 0.9678916773502229 Penicillium-commune
1 2 -0.20093391509686834 0.6657282681223945 Penicillium-verrucosum
1 2 -0.32958257381205813 0.4703701481652838 Penicillium-mb
1 2 -0.3574340608806473 0.43120856250372264 Penicillium-polonicum
1 2 -0.2639129162621109 0.5674058659559176 Penicillium-brevicompactum
1 2 -0.06992709116003895 0.8815781086953018 Penicillium-cvjetkovicii
1 2 0.12682884259997235 0.7864161843974229 Penicillium-chrysogenum
1 2 0.038775338008067005 0.934222416928649 Penicillium-solitum
1 2 0.021333159575024935 0.9637919440091898 Penicillium-commune
1 2 -0.19839734105762796 0.6697795604092842 Penicillium-verrucosum
1 2 -0.33092965545218694 0.468447017880925 Penicillium-mb
1 2 -0.3591469005803497 0.4288423043253415 Penicillium-polonicum
1 2 -0.26391341990297246 0.5674050987017709 Penicillium-brevicompactum
1 2 -0.06632194571404391 0.8876558273827726 Penicillium-cvjetkovicii
1 2 0.12951682747111948 0.7819649103190423 Penicillium-chrysogenum
1 2 0.03792167067340886 0.9356684517757212 Penicillium-solitum
1 2 0.020273448952074734 0.9655897966479503 Penicillium-commune
1 2 -0.19888899323388204 0.6689938172737828 Penicillium-verrucosum
1 2 -0.33325715422157115 0.4651310246090124 Penicillium-mb
1 2 -0.36211823075985206 0.4247493550660947 Penicillium-polonicum
1 2 -0.2639134199029724 0.5674050987017711 Penicillium-brevicompactum
1 2 -0.06361977447533095 0.8922141560074254 Penicillium-cvjetkovicii
1 0 0.122375209317949 0.79380149611482 Penicillium-chrysogenum
1 0 0.032685444829659675 0.9445411009871039 Penicillium-solitum
1 0 0.01471552851512432 0.975020847679643 Penicillium-commune
1 0 -0.20736212594077258 0.6554905069356369 Penicillium-verrucosum
1 0 -0.3339819643099627 0.46410015353569034 Penicillium-mb
1 0 -0.3557779429249948 0.43350120366040523 Penicillium-polonicum
1 0 -0.26391968952065903 0.5673955474983843 Penicillium-brevicompactum
1 0 -0.06978643490168494 0.8818151484113229 Penicillium-cvjetkovicii
1 2 0.124168739413861 0.7908258446002271 Penicillium-chrysogenum
1 2 0.03697164549166669 0.9372778732679797 Penicillium-solitum
1 2 0.019339401412754895 0.9671745518330961 Penicillium-commune
1 2 -0.20236656000199923 0.663442962862309 Penicillium-verrucosum
1 2 -0.3332569080529827 0.4651313748685594 Penicillium-mb
1 2 -0.35956637791405227 0.42826356637962043 Penicillium-polonicum
1 2 -0.2639114286646945 0.5674081321863609 Penicillium-brevicompactum
1 2 -0.07034592217129292 0.8808723191154944 Penicillium-cvjetkovicii
1 2 0.1246875854651727 0.7899654006123165 Penicillium-chrysogenum
1 2 0.03957972638396795 0.9328599876947751 Penicillium-solitum
1 2 0.021323630945985137 0.9638081092756012 Penicillium-commune
1 2 -0.21029520135823773 0.6508333104580453 Penicillium-verrucosum
1 2 -0.3367379846842846 0.460188069793436 Penicillium-mb
1 2 -0.3584804064789262 0.4297624601799222 Penicillium-polonicum
1 2 -0.26390698481487945 0.5674149020375605 Penicillium-brevicompactum
1 2 -0.07162756652716559 0.8787129578590938 Penicillium-cvjetkovicii
1 2 0.12437365652758497 0.7904859939065038 Penicillium-chrysogenum
1 2 0.035897112151047524 0.939098426357466 Penicillium-solitum
1 2 0.01842330425963818 0.9687289349097936 Penicillium-commune
1 2 -0.20007322141961492 0.6671022069763746 Penicillium-verrucosum
1 2 -0.33088492680930337 0.4685108274378485 Penicillium-mb
1 2 -0.35856951455199654 0.42963939449199834 Penicillium-polonicum
1 2 -0.2639134199029724 0.5674050987017711 Penicillium-brevicompactum
1 2 -0.06816217093653552 0.8845529295141707 Penicillium-cvjetkovicii
1 2 0.12890062809178568 0.782984915861876 Penicillium-chrysogenum
1 2 0.040840885869272134 0.9307241677815381 Penicillium-solitum
1 2 0.023078075973404014 0.9608318737750776 Penicillium-commune
1 2 -0.2017119237301871 0.66448695966147 Penicillium-verrucosum
1 2 -0.3351963965811222 0.4623747993470925 Penicillium-mb
1 2 -0.36417651251926547 0.42192300410019806 Penicillium-polonicum
1 2 -0.26388177891702125 0.5674533016994913 Penicillium-brevicompactum
1 2 -0.0798080810354077 0.8649446599032447 Penicillium-cvjetkovicii
1 0 0.1201354796682689 0.7975202292751179 Penicillium-chrysogenum
1 0 0.033507419845711026 0.9431479651230099 Penicillium-solitum
1 0 0.016369714356673642 0.972213633064918 Penicillium-commune
1 0 -0.19860095640642733 0.669454119651589 Penicillium-verrucosum
1 0 -0.32659716157831226 0.4746424375986134 Penicillium-mb
1 0 -0.35157770999807086 0.43933656627164436 Penicillium-polonicum
1 0 -0.2639250815448854 0.5673873332711266 Penicillium-brevicompactum
1 0 -0.06978643490168578 0.8818151484113215 Penicillium-cvjetkovicii
1 2 0.13092809681604556 0.7796297492684398 Penicillium-chrysogenum
1 2 0.04697769890379955 0.9203361545519759 Penicillium-solitum
1 2 0.028539638219169834 0.9515693346467102 Penicillium-commune
1 2 -0.20935813334015205 0.6523202325230832 Penicillium-verrucosum
1 2 -0.3443129211469944 0.449499134638705 Penicillium-mb
1 2 -0.36844584141334846 0.4160839028714669 Penicillium-polonicum
1 2 -0.2638582349527621 0.567489170249959 Penicillium-brevicompactum
1 2 -0.0888367819093046 0.8497803999319448 Penicillium-cvjetkovicii
1 2 0.12356538553441124 0.7918266470770304 Penicillium-chrysogenum
1 2 0.038784218176465504 0.9342073754810531 Penicillium-solitum
1 2 0.020892718073579508 0.9645391608134725 Penicillium-commune
1 2 -0.20605931829149768 0.6575619890942318 Penicillium-verrucosum
1 2 -0.33628458240433295 0.46083081937211534 Penicillium-mb
1 2 -0.35835092254889045 0.4299413124168002 Penicillium-polonicum
1 2 -0.26391165043339326 0.567407794340085 Penicillium-brevicompactum
1 2 -0.07028316220161089 0.8809780745699894 Penicillium-cvjetkovicii
1 0 0.12438437156793117 0.7904682239647128 Penicillium-chrysogenum
1 0 0.0370619979531148 0.9371248013244927 Penicillium-solitum
1 0 0.019391058067568027 0.967086906097691 Penicillium-commune
1 0 -0.2027310273722015 0.6628619071959393 Penicillium-verrucosum
1 0 -0.3336690572701781 0.46454508662970706 Penicillium-mb
1 0 -0.3593605039326438 0.42854756582994746 Penicillium-polonicum
1 0 -0.26391394442065375 0.5674042996439095 Penicillium-brevicompactum
1 0 -0.06978643490168543 0.8818151484113221 Penicillium-cvjetkovicii
1 2 0.12138598552212493 0.7954435736983433 Penicillium-chrysogenum
1 2 0.03462706635814534 0.9412505024924608 Penicillium-solitum
1 2 0.017502469866222076 0.9702914352104641 Penicillium-commune
1 2 -0.1972421531757689 0.6716266865749063 Penicillium-verrucosum
1 2 -0.3289238795343106 0.47131156551040715 Penicillium-mb
1 2 -0.353938511061747 0.43605305813982326 Penicillium-polonicum
1 2 -0.26391239783855797 0.5674066557305841 Penicillium-brevicompactum
1 2 -0.07007247852238943 0.8813331033154623 Penicillium-cvjetkovicii
1 2 0.12429031417150052 0.7906242122574656 Penicillium-chrysogenum
1 2 0.037223872892199354 0.936850562383079 Penicillium-solitum
1 2 0.019522496835843207 0.9668638954112774 Penicillium-commune
1 2 -0.20322623571384257 0.6620726317161365 Penicillium-verrucosum
1 2 -0.33327457355687823 0.4651062398551249 Penicillium-mb
1 2 -0.35821115154385325 0.4301344059405534 Penicillium-polonicum
1 2 -0.2639075250757348 0.5674140789918172 Penicillium-brevicompactum
1 2 -0.07146928292419273 0.8789796077256757 Penicillium-cvjetkovicii
1 0 0.11985221276555406 0.7979907694431134 Penicillium-chrysogenum
1 0 0.03577502781054962 0.9393052840525413 Penicillium-solitum
1 0 0.018620584795809667 0.9683941934010931 Penicillium-commune
1 0 -0.19926516369108024 0.6683927954133926 Penicillium-verrucosum
1 0 -0.32354308454173014 0.4790274882715976 Penicillium-mb
1 0 -0.34755099289703706 0.4449586332024474 Penicillium-polonicum
1 0 -0.26391366914433223 0.5674047190038154 Penicillium-brevicompactum
1 0 -0.06978643490168542 0.8818151484113221 Penicillium-cvjetkovicii
1 2 0.12287389231283896 0.7929739286262418 Penicillium-chrysogenum
1 2 0.03147342864768683 0.9465955078455226 Penicillium-solitum
1 2 0.014315595129993584 0.9756995810959084 Penicillium-commune
1 2 -0.1966642060450285 0.6725513080872381 Penicillium-verrucosum
1 2 -0.3257906447330841 0.47579901634707716 Penicillium-mb
1 2 -0.35638260277900835 0.43266360559883277 Penicillium-polonicum
1 2 -0.26391341990297235 0.5674050987017711 Penicillium-brevicompactum
1 2 -0.06768774211589697 0.8853527772689056 Penicillium-cvjetkovicii
1 2 0.12407723088778146 0.7909776180659797 Penicillium-chrysogenum
1 2 0.03740062656219169 0.9365511224466994 Penicillium-solitum
1 2 0.019548534136353796 0.9668197184184735 Penicillium-commune
1 2 -0.20498492152735523 0.6592716066733524 Penicillium-verrucosum
1 2 -0.33748464566971575 0.45913031612682176 Penicillium-mb
1 2 -0.3632573646401803 0.4231842393352599 Penicillium-polonicum
1 2 -0.26391259390958377 0.5674063570328314 Penicillium-brevicompactum
1 2 -0.0700174200932664 0.8814258863644115 Penicillium-cvjetkovicii
1 2 0.12616809584529792 0.7875110864873424 Penicillium-chrysogenum
1 2 0.0394279609064997 0.9331170299025224 Penicillium-solitum
1 2 0.021536785685113857 0.9634464958052856 Penicillium-commune
1 2 -0.2046764077972963 0.6597627427095638 Penicillium-verrucosum
1 2 -0.33614296800600363 0.4610316419491798 Penicillium-mb
1 2 -0.3613792982302523 0.4257658064068743 Penicillium-polonicum
1 2 -0.26389788967551325 0.5674287578376924 Penicillium-brevicompactum
1 2 -0.0743974860517527 0.8740481519711637 Penicillium-cvjetkovicii
1 2 0.12178736705810905 0.7947772214443504 Penicillium-chrysogenum
1 2 0.03636310979823835 0.9383088727363309 Penicillium-solitum
1 2 0.018925454072425688 0.9678769048281217 Penicillium-commune
1 2 -0.20129090603328012 0.6651586155908952 Penicillium-verrucosum
1 2 -0.33025986009064895 0.46940287580023055 Penicillium-mb
1 2 -0.3540238882297 0.43593448746647584 Penicillium-polonicum
1 2 -0.2639134199029725 0.5674050987017709 Penicillium-brevicompactum
1 2 -0.069507561560111 0.8822851379719725 Penicillium-cvjetkovicii
1 0 0.1180153841775529 0.8010431361162144 Penicillium-chrysogenum
1 0 0.03199752156058972 0.945707123896242 Penicillium-solitum
1 0 0.015486149287733427 0.9737130487852672 Penicillium-commune
1 0 -0.19184877200798117 0.6802678847650496 Penicillium-verrucosum
1 0 -0.3178181419978933 0.4872864594237478 Penicillium-mb
1 0 -0.34604529602609885 0.447067801141168 Penicillium-polonicum
1 0 -0.26391518700867506 0.5674024066686756 Penicillium-brevicompactum
1 0 -0.06978643490168458 0.8818151484113235 Penicillium-cvjetkovicii
1 0 0.1216654603272729 0.7949795940352078 Penicillium-chrysogenum
1 0 0.03310271099018637 0.9438338773674917 Penicillium-solitum
1 0 0.015416701961035787 0.9738309040098072 Penicillium-commune
1 0 -0.20430404084529522 0.6603556587208479 Penicillium-verrucosum
1 0 -0.33480586891744585 0.4629293669051599 Penicillium-mb
1 0 -0.3588687386994652 0.42922624002493964 Penicillium-polonicum
1 0 -0.26392961236136286 0.5673804310397013 Penicillium-brevicompactum
1 0 -0.06978643490168458 0.8818151484113235 Penicillium-cvjetkovicii
1 0 0.12318315324614898 0.7924607857607928 Penicillium-chrysogenum
1 0 0.03447095011633072 0.9415150592715238 Penicillium-solitum
1 0 0.01676116377772947 0.9715493614225281 Penicillium-commune
1 0 -0.20377259992047994 0.6612021111168578 Penicillium-verrucosum
1 0 -0.3331294670988553 0.4653127165087909 Penicillium-mb
1 0 -0.35794778059089494 0.43049834310186297 Penicillium-polonicum
1 0 -0.2639184540471274 0.5673974296280917 Penicillium-brevicompactum
1 0 -0.06978643490168673 0.8818151484113199 Penicillium-cvjetkovicii
1 2 0.12497891503706535 0.7894823397486506 Penicillium-chrysogenum
1 2 0.0347584800635395 0.9410278103080585 Penicillium-solitum
1 2 0.016960092365343637 0.9712117937622582 Penicillium-commune
1 2 -0.20357781506454034 0.6615124265465036 Penicillium-verrucosum
1 2 -0.33604341128987114 0.46117284212213505 Penicillium-mb
1 2 -0.3647635876992731 0.4211181955144018 Penicillium-polonicum
1 2 -0.26390433073009967 0.5674189453365113 Penicillium-brevicompactum
1 2 -0.07241521526031554 0.8773861943284331 Penicillium-cvjetkovicii
1 2 0.12087976023973121 0.7962841228876607 Penicillium-chrysogenum
1 2 0.0364419086547379 0.9381753654574116 Penicillium-solitum
1 2 0.019084143161430752 0.9676076518044389 Penicillium-commune
1 2 -0.20074805488311145 0.6660248969417313 Penicillium-verrucosum
1 2 -0.3302229193011973 0.4694556143484797 Penicillium-mb
1 2 -0.35224209802141837 0.43841155861347575 Penicillium-polonicum
1 2 -0.2639106404859021 0.5674093329120976 Penicillium-brevicompactum
1 2 -0.07056989054791803 0.8804949263784709 Penicillium-cvjetkovicii
1 0 0.12157391519032 0.7951315705423261 Penicillium-chrysogenum
1 0 0.034969238009028764 0.9406706686524857 Penicillium-solitum
1 0 0.017059613061181672 0.97104291550198 Penicillium-commune
1 0 -0.207481954864689 0.6553000651919338 Penicillium-verrucosum
1 0 -0.3353347433997015 0.46217839921862164 Penicillium-mb
1 0 -0.35704499403088896 0.4317467474759132 Penicillium-polonicum
1 0 -0.2639286521702451 0.5673818937895767 Penicillium-brevicompactum
1 0 -0.06978643490168593 0.8818151484113212 Penicillium-cvjetkovicii
1 2 0.1262164794482107 0.7874309021223956 Penicillium-chrysogenum
1 2 0.036673485179794095 0.9377830167974647 Penicillium-solitum
1 2 0.018936274154514265 0.9678585459597995 Penicillium-commune
1 2 -0.20208118776104836 0.6638980139449484 Penicillium-verrucosum
1 2 -0.3358075336809891 0.46150744844857 Penicillium-mb
1 2 -0.3624423449451844 0.42430381028654357 Penicillium-polonicum
1 2 -0.2639134199029726 0.5674050987017707 Penicillium-brevicompactum
1 2 -0.06805492135095986 0.8847337366454597 Penicillium-cvjetkovicii
1 0 0.12233983379503979 0.7938602078624901 Penicillium-chrysogenum
1 0 0.034496240240341626 0.94147220198092 Penicillium-solitum
1 0 0.016713961963902912 0.9716294600396826 Penicillium-commune
1 0 -0.20511969062888805 0.6590570925626437 Penicillium-verrucosum
1 0 -0.33444159758287567 0.4634468701405241 Penicillium-mb
1 0 -0.35713334073904035 0.43162451744606906 Penicillium-polonicum
1 0 -0.2639202871365916 0.56739463708647 Penicillium-brevicompactum
1 0 -0.06978643490168503 0.8818151484113228 Penicillium-cvjetkovicii
1 0 0.12245386823587766 0.7936709509239439 Penicillium-chrysogenum
1 0 0.029822953301571597 0.9493934939573732 Penicillium-solitum
1 0 0.01210506042494439 0.9794513167694567 Penicillium-commune
1 0 -0.2036048514913846 0.6614693520020092 Penicillium-verrucosum
1 0 -0.3344779954223579 0.4633951518519951 Penicillium-mb
1 0 -0.3580034422762589 0.43042141757994734 Penicillium-polonicum
1 0 -0.26392106492048356 0.5673934522062334 Penicillium-brevicompactum
1 0 -0.06978643490168479 0.8818151484113231 Penicillium-cvjetkovicii
1 0 0.12306601930263819 0.7926551338884056 Penicillium-chrysogenum
1 0 0.036807048692453916 0.9375567312871702 Penicillium-solitum
1 0 0.01903283030419522 0.9676947157590174 Penicillium-commune
1 0 -0.20470340483895588 0.6597197610994121 Penicillium-verrucosum
1 0 -0.3361154807574863 0.46107062520835934 Penicillium-mb
1 0 -0.3598881027705235 0.4278198977721249 Penicillium-polonicum
1 0 -0.26391852223383605 0.5673973257518933 Penicillium-brevicompactum
1 0 -0.06978643490168651 0.8818151484113202 Penicillium-cvjetkovicii
1 2 0.12074111582484048 0.7965143589074557 Penicillium-chrysogenum
1 2 0.034348169045942865 0.9417231288052906 Penicillium-solitum
1 2 0.017407070148398197 0.9704533167927 Penicillium-commune
1 2 -0.19573300033659397 0.6740417755821742 Penicillium-verrucosum
1 2 -0.3230727285987826 0.4797041217677557 Penicillium-mb
1 2 -0.35048540092100866 0.44085896335692976 Penicillium-polonicum
1 2 -0.2639134199029724 0.5674050987017711 Penicillium-brevicompactum
1 2 -0.06923045866130129 0.8827521709813112 Penicillium-cvjetkovicii
1 0 0.12183576582895872 0.7946968790765465 Penicillium-chrysogenum
1 0 0.03346980128304212 0.9432117209758806 Penicillium-solitum
1 0 0.015580272512053227 0.9735533180644047 Penicillium-commune
1 0 -0.207005937184856 0.6560566782483482 Penicillium-verrucosum
1 0 -0.336805124990783 0.4600929189407589 Penicillium-mb
1 0 -0.3608564232925108 0.42648562222561676 Penicillium-polonicum
1 0 -0.2639370540377555 0.5673690944712875 Penicillium-brevicompactum
1 0 -0.06978643490168548 0.8818151484113219 Penicillium-cvjetkovicii
1 2 0.12475325092167586 0.789856514400658 Penicillium-chrysogenum
1 2 0.03776663652664477 0.9359310807072851 Penicillium-solitum
1 2 0.020390117049362128 0.9653918575348268 Penicillium-commune
1 2 -0.19918642895071018 0.6685185812692077 Penicillium-verrucosum
1 2 -0.32870767940620194 0.47162071217929613 Penicillium-mb
1 2 -0.3555305112997863 0.4338441340194997 Penicillium-polonicum
1 2 -0.2638876708567612 0.5674443256116489 Penicillium-brevicompactum
1 2 -0.07775355591860585 0.8684001079130212 Penicillium-cvjetkovicii
1 2 0.12537177453815362 0.7888310144611552 Penicillium-chrysogenum
1 2 0.03745512725553526 0.9364587935442245 Penicillium-solitum
1 2 0.02025740490864757 0.9656170170847612 Penicillium-commune
1 2 -0.19628676312931392 0.6731553325531812 Penicillium-verrucosum
1 2 -0.32524514748496086 0.47658186073626324 Penicillium-mb
1 2 -0.3565021889187385 0.4324980236942537 Penicillium-polonicum
1 2 -0.2639134199029724 0.5674050987017711 Penicillium-brevicompactum
1 2 -0.06496786342191019 0.8899397454544355 Penicillium-cvjetkovicii
