#SPECIES: Penicillium-brevicompactum Penicillium-cvjetkovicii Penicillium-chrysogenum Penicillium-mb Penicillium-polonicum Penicillium-verrucosum Penicillium-solitum Penicillium-commune 
#GENE_TREEs p: 0.8681169270720959 0.4071648076781349 0.2869885315555643 0.27262690720364424 0.6260692764819813 0.863802196343295 0.09916197152437872 0.8545364236087445 
#GENE_TREEs r: -0.07792189072184852 -0.37501260451000384 -0.47020564247961044 0.4826530945817846 0.22598969490097745 0.08048758449894304 0.670646258152833 0.08600282546126574 
1 2 -0.07795410838225186 0.868062730263422 Penicillium-brevicompactum
1 2 -0.3764178234040123 0.4052660931716873 Penicillium-cvjetkovicii
1 2 -0.47073275864839365 0.28637367201516434 Penicillium-chrysogenum
1 2 0.4813997573911164 0.27405798100512113 Penicillium-mb
1 2 0.22725587391011937 0.6240831930941897 Penicillium-polonicum
1 2 0.08825647372030519 0.8507539981611751 Penicillium-verrucosum
1 2 0.6650134259454352 0.10310512420606102 Penicillium-solitum
1 2 0.07876325425301399 0.8667017137164796 Penicillium-commune
1 4 -0.07770227641385898 0.8684863749677184 Penicillium-brevicompactum
1 4 -0.3699833552984499 0.4139888378373648 Penicillium-cvjetkovicii
1 4 -0.4704333971076621 0.28672279298125714 Penicillium-chrysogenum
1 4 0.47979615187113944 0.2758939167255807 Penicillium-mb
1 4 0.22552032943202133 0.6268059636402197 Penicillium-polonicum
1 4 0.08630944354139702 0.854021677585036 Penicillium-verrucosum
1 4 0.6645026075852576 0.10346668357753941 Penicillium-solitum
1 4 0.08569104163374812 0.8550598838833299 Penicillium-commune
3 0 -0.07784645248070801 0.8682438314972414 Penicillium-brevicompactum
3 0 -0.37177677802015324 0.4115502931765139 Penicillium-cvjetkovicii
3 0 -0.4704778228623928 0.28667097086970406 Penicillium-chrysogenum
3 0 0.4785653869591572 0.277306734929726 Penicillium-mb
3 0 0.22309890070507035 0.630610394806993 Penicillium-polonicum
3 0 0.07936760519638396 0.8656853412946524 Penicillium-verrucosum
3 0 0.6668352808422201 0.1018209831961301 Penicillium-solitum
3 0 0.08291926097049195 0.8597153239175168 Penicillium-commune
1 2 -0.07780391803168997 0.8683153851886141 Penicillium-brevicompactum
1 2 -0.36998760388353513 0.41398305430779736 Penicillium-cvjetkovicii
1 2 -0.47035485304378033 0.28681442390236994 Penicillium-chrysogenum
1 2 0.4825215894325446 0.2727769024923866 Penicillium-mb
1 2 0.22679747304075046 0.6248020162246914 Penicillium-polonicum
1 2 0.08762220621941502 0.8518182977635604 Penicillium-verrucosum
1 2 0.6688559935036882 0.10040650238012265 Penicillium-solitum
1 2 0.08212511486949907 0.861049760054574 Penicillium-commune
1 2 -0.07799332690194939 0.8679967571071407 Penicillium-brevicompactum
1 2 -0.3781461033164083 0.4029356729648788 Penicillium-cvjetkovicii
1 2 -0.47069959008130136 0.2864123444754501 Penicillium-chrysogenum
1 2 0.4807622761085778 0.2747871594699445 Penicillium-mb
1 2 0.22678140540246897 0.6248272163447726 Penicillium-polonicum
1 2 0.08615800268613662 0.854275909178423 Penicillium-verrucosum
1 2 0.6644298407764326 0.10351824192996643 Penicillium-solitum
1 2 0.07671423452095207 0.8701487508203791 Penicillium-commune
1 2 -0.07805474363897293 0.8678934434680454 Penicillium-brevicompactum
1 2 -0.38088891714853135 0.39924819095243835 Penicillium-cvjetkovicii
1 2 -0.4709575928580665 0.2861115908413625 Penicillium-chrysogenum
1 2 0.47838611515878976 0.2775127950277012 Penicillium-mb
1 2 0.2237487283070674 0.6295887769291131 Penicillium-polonicum
1 2 0.08611918644951595 0.8543410736166337 Penicillium-verrucosum
1 2 0.6649453740647976 0.10315325350677153 Penicillium-solitum
1 2 0.08039858127169153 0.8639518286506207 Penicillium-commune
3 4 -0.07779043909929034 0.8683380603080818 Penicillium-brevicompactum
3 4 -0.3699833552984502 0.41398883783736434 Penicillium-cvjetkovicii
3 4 -0.4698799928708923 0.2873686820511717 Penicillium-chrysogenum
3 4 0.48418770395353616 0.27087927984781357 Penicillium-mb
3 4 0.22623558191751095 0.6256834459121694 Penicillium-polonicum
3 4 0.08306122496473761 0.8594768039096707 Penicillium-verrucosum
3 4 0.6734498184619837 0.0972293487346661 Penicillium-solitum
3 4 0.08919668903571497 0.8491766505167346 Penicillium-commune
3 2 -0.077634530352795 0.8686003451542049 Penicillium-brevicompactum
3 2 -0.3699833552984498 0.41398883783736495 Penicillium-cvjetkovicii
3 2 -0.4699612493486121 0.28727380546798376 Penicillium-chrysogenum
3 2 0.47848600053641 0.2773979754544179 Penicillium-mb
3 2 0.22302241897004227 0.6307306653442161 Penicillium-polonicum
3 2 0.08077575103280703 0.8633177527246849 Penicillium-verrucosum
3 2 0.6672804342014859 0.10150849208333239 Penicillium-solitum
3 2 0.08252728243038135 0.8603739484575782 Penicillium-commune
1 2 -0.07786103572627953 0.8682192989577182 Penicillium-brevicompactum
1 2 -0.3723961619894598 0.41070941945515754 Penicillium-cvjetkovicii
1 2 -0.4703398993566177 0.28683187062129434 Penicillium-chrysogenum
1 2 0.4855135626477333 0.26937347074620094 Penicillium-mb
1 2 0.23366369304266757 0.6140600254234791 Penicillium-polonicum
1 2 0.09489120382465115 0.8396319735057316 Penicillium-verrucosum
1 2 0.6622881990647568 0.10504168085159984 Penicillium-solitum
1 2 0.06923041819183226 0.882752239191082 Penicillium-commune
1 2 -0.07803032966329894 0.8679345118445745 Penicillium-brevicompactum
1 2 -0.3797935650017999 0.40071918576327237 Penicillium-cvjetkovicii
1 2 -0.47060555199802934 0.2865219996082572 Penicillium-chrysogenum
1 2 0.48152838155096517 0.2739109610207537 Penicillium-mb
1 2 0.22493767408694407 0.6277208065095994 Penicillium-polonicum
1 2 0.08673489599155307 0.853307502359963 Penicillium-verrucosum
1 2 0.6699328357454003 0.09965694543750818 Penicillium-solitum
1 2 0.08863751073224622 0.8501147053391933 Penicillium-commune
1 2 -0.0778836078431132 0.8681813273739631 Penicillium-brevicompactum
1 2 -0.3733607262337307 0.4094012750518109 Penicillium-cvjetkovicii
1 2 -0.4699608443886093 0.2872742782722719 Penicillium-chrysogenum
1 2 0.48617281936964896 0.2686261513478324 Penicillium-mb
1 2 0.22919224912672778 0.6210493618378183 Penicillium-polonicum
1 2 0.08851967296945268 0.8503124031521625 Penicillium-verrucosum
1 2 0.6725820402824088 0.09782541916233886 Penicillium-solitum
1 2 0.08817825512059918 0.8508852391048896 Penicillium-commune
1 4 -0.07780381628270341 0.8683155563569775 Penicillium-brevicompactum
1 4 -0.35864414657934396 0.42953633184780676 Penicillium-cvjetkovicii
1 4 -0.47141480786067047 0.2855789616671487 Penicillium-chrysogenum
1 4 0.4795025457448347 0.27623065798264135 Penicillium-mb
1 4 0.22534082086734136 0.6270877744322594 Penicillium-polonicum
1 4 0.08631901048565065 0.8540056173981957 Penicillium-verrucosum
1 4 0.663837365391737 0.10393853407935788 Penicillium-solitum
1 4 0.07965931128849545 0.865194814645995 Penicillium-commune
1 4 -0.07777071689633634 0.8683712383846465 Penicillium-brevicompactum
1 4 -0.3699833552984501 0.4139888378373644 Penicillium-cvjetkovicii
1 4 -0.47026148729697553 0.2869233630310395 Penicillium-chrysogenum
1 4 0.48286151340463385 0.2723892601414672 Penicillium-mb
1 4 0.22873030557096868 0.6217727299158846 Penicillium-polonicum
1 4 0.08765130989136173 0.8517694579355091 Penicillium-verrucosum
1 4 0.6656669117079427 0.10264354653182171 Penicillium-solitum
1 4 0.07771416416390176 0.8684663762191628 Penicillium-commune
3 4 -0.07735360554824819 0.8690729683379417 Penicillium-brevicompactum
3 4 -0.36998335529844945 0.4139888378373651 Penicillium-cvjetkovicii
3 4 -0.4695712574425613 0.287729294470755 Penicillium-chrysogenum
3 4 0.4792926408487367 0.2764715142994604 Penicillium-mb
3 4 0.22327821236710743 0.6303284455686804 Penicillium-polonicum
3 4 0.08269747640490639 0.86008797098051 Penicillium-verrucosum
3 4 0.6680154208760497 0.10099364002988383 Penicillium-solitum
3 4 0.08565895473810764 0.8551137576331582 Penicillium-commune
1 4 -0.07775310394649947 0.8684008682571416 Penicillium-brevicompactum
1 4 -0.3699833552984516 0.4139888378373623 Penicillium-cvjetkovicii
1 4 -0.47021096807842877 0.2869823165241354 Penicillium-chrysogenum
1 4 0.4835249377964192 0.2716334213711027 Penicillium-mb
1 4 0.22846783548478763 0.6221838457232933 Penicillium-polonicum
1 4 0.08837792223323214 0.8505502283056255 Penicillium-verrucosum
1 4 0.6675101219083255 0.10134745085560644 Penicillium-solitum
1 4 0.08623600860104472 0.8541449553628446 Penicillium-commune
1 2 -0.07782227906184931 0.8682844972085023 Penicillium-brevicompactum
1 2 -0.37075674450930723 0.41293655669481083 Penicillium-cvjetkovicii
1 2 -0.470303181727778 0.28687471170320045 Penicillium-chrysogenum
1 2 0.4840114864191062 0.27107969998131876 Penicillium-mb
1 2 0.2289320469585081 0.6214567886280049 Penicillium-polonicum
1 2 0.08905951248842137 0.8494067592614055 Penicillium-verrucosum
1 2 0.6680837489023772 0.10094584629280323 Penicillium-solitum
1 2 0.07969767903728021 0.8651302988284326 Penicillium-commune
1 4 -0.07780381628270366 0.8683155563569772 Penicillium-brevicompactum
1 4 -0.3644787344070108 0.4215086202875652 Penicillium-cvjetkovicii
1 4 -0.47085743670140356 0.286228326071954 Penicillium-chrysogenum
1 4 0.481041341341019 0.2744678452545315 Penicillium-mb
1 4 0.22552311207296025 0.6268015954513467 Penicillium-polonicum
1 4 0.08542116584746419 0.8555130180196545 Penicillium-verrucosum
1 4 0.6671841478674756 0.10157604116382307 Penicillium-solitum
1 4 0.08647773902000366 0.8537391630473441 Penicillium-commune
1 4 -0.07763809134256384 0.868594354404123 Penicillium-brevicompactum
1 4 -0.3699833552984502 0.41398883783736434 Penicillium-cvjetkovicii
1 4 -0.4700929317339637 0.2871200802730913 Penicillium-chrysogenum
1 4 0.48192266713199877 0.2734605063261517 Penicillium-mb
1 4 0.22647925270121763 0.6253011598586415 Penicillium-polonicum
1 4 0.08771129456451608 0.8516687968731083 Penicillium-verrucosum
1 4 0.6681496282268443 0.10089977655343393 Penicillium-solitum
1 4 0.08426789542911028 0.8574497677783031 Penicillium-commune
1 4 -0.07780381628270347 0.8683155563569775 Penicillium-brevicompactum
1 4 -0.36216616830827697 0.42468344615248943 Penicillium-cvjetkovicii
1 4 -0.4709336424676733 0.28613950386294384 Penicillium-chrysogenum
1 4 0.48283034791627144 0.2724247902681493 Penicillium-mb
1 4 0.22958584339485535 0.6204332147673817 Penicillium-polonicum
1 4 0.08982775743587386 0.8481181657607542 Penicillium-verrucosum
1 4 0.6636898489743073 0.10404331777672815 Penicillium-solitum
1 4 0.07250087461543615 0.8772419182042744 Penicillium-commune
1 4 -0.07760572672708896 0.868648802461998 Penicillium-brevicompactum
1 4 -0.36998335529845156 0.41398883783736234 Penicillium-cvjetkovicii
1 4 -0.4697333604507022 0.28753992810099205 Penicillium-chrysogenum
1 4 0.48468714577308436 0.27031160628908185 Penicillium-mb
1 4 0.22854902737049695 0.6220566637756462 Penicillium-polonicum
1 4 0.0875789662233459 0.8518908609168034 Penicillium-verrucosum
1 4 0.6706541488655592 0.09915650414162153 Penicillium-solitum
1 4 0.08380821742269873 0.8582218890320292 Penicillium-commune
3 2 -0.07779880552514766 0.8683239857646328 Penicillium-brevicompactum
3 2 -0.36998335529845083 0.4139888378373633 Penicillium-cvjetkovicii
3 2 -0.47013195745929015 0.28707452892339724 Penicillium-chrysogenum
3 2 0.48154680684935713 0.27388990344820724 Penicillium-mb
3 2 0.2244059677933831 0.6285559836163328 Penicillium-polonicum
3 2 0.08224557631337266 0.8608473267926209 Penicillium-verrucosum
3 2 0.6713521375290669 0.09867350012877582 Penicillium-solitum
3 2 0.08399323977132706 0.8579110961156221 Penicillium-commune
1 2 -0.077913237042346 0.868131484431658 Penicillium-brevicompactum
1 2 -0.3746374790744312 0.4076722642393591 Penicillium-cvjetkovicii
1 2 -0.4705259405735013 0.2866148468428212 Penicillium-chrysogenum
1 2 0.48178104554581364 0.273622264565482 Penicillium-mb
1 2 0.2264819605859537 0.6252969119333757 Penicillium-polonicum
1 2 0.08795679197754885 0.8512568411599086 Penicillium-verrucosum
1 2 0.6677571678656764 0.10117438828111071 Penicillium-solitum
1 2 0.08008909864383153 0.8644721562725949 Penicillium-commune
1 4 -0.07761440806904815 0.868634197514163 Penicillium-brevicompactum
1 4 -0.3699833552984493 0.4139888378373654 Penicillium-cvjetkovicii
1 4 -0.4698967513839477 0.2873491133561645 Penicillium-chrysogenum
1 4 0.4823372031562114 0.27298727688630614 Penicillium-mb
1 4 0.2271605670173506 0.6242326253283497 Penicillium-polonicum
1 4 0.08615316862363986 0.8542840245342831 Penicillium-verrucosum
1 4 0.6678182267883978 0.10113163861679841 Penicillium-solitum
1 4 0.08113497056131849 0.8627139079180954 Penicillium-commune
1 2 -0.07805838156541936 0.867887323889595 Penicillium-brevicompactum
1 2 -0.3810526779188289 0.39902845446671514 Penicillium-cvjetkovicii
1 2 -0.4695363643854383 0.2877700632884561 Penicillium-chrysogenum
1 2 0.49318971677296275 0.2607303925115437 Penicillium-mb
1 2 0.2334503848774578 0.6143929263061454 Penicillium-polonicum
1 2 0.0910651623371613 0.8460432067251147 Penicillium-verrucosum
1 2 0.6810195526650265 0.09211076694865246 Penicillium-solitum
1 2 0.08991073626387959 0.8479789996684619 Penicillium-commune
1 4 -0.07780381628270366 0.8683155563569772 Penicillium-brevicompactum
1 4 -0.3646647177534484 0.42125369244726746 Penicillium-cvjetkovicii
1 4 -0.4708079166107344 0.2862860511751862 Penicillium-chrysogenum
1 4 0.4809341557933935 0.27459047016379445 Penicillium-mb
1 4 0.22453415697403672 0.6283546017626263 Penicillium-polonicum
1 4 0.08488600207228712 0.856411676441342 Penicillium-verrucosum
1 4 0.6690935475140645 0.10024089582580913 Penicillium-solitum
1 4 0.08727471925491938 0.8524014561062022 Penicillium-commune
1 2 -0.07802564806709554 0.8679423870967266 Penicillium-brevicompactum
1 2 -0.3795842646820224 0.4010005084915456 Penicillium-cvjetkovicii
1 2 -0.4707575491430353 0.2863447693792885 Penicillium-chrysogenum
1 2 0.48030353302494394 0.2753124293947109 Penicillium-mb
1 2 0.2248198833594199 0.6279057989855779 Penicillium-polonicum
1 2 0.08538751231782331 0.8555695260943768 Penicillium-verrucosum
1 2 0.6671940303869937 0.10156910706289378 Penicillium-solitum
1 2 0.0835851800093383 0.8585965574398552 Penicillium-commune
1 2 -0.07802287434599207 0.867947052978045 Penicillium-brevicompactum
1 2 -0.3794603753831981 0.40116706629778376 Penicillium-cvjetkovicii
1 2 -0.4708015995663919 0.28629341526736335 Penicillium-chrysogenum
1 2 0.47801008108567133 0.2779452426289447 Penicillium-mb
1 2 0.22251478020446008 0.6315291113339968 Penicillium-polonicum
1 2 0.08241106864957744 0.8605692298158599 Penicillium-verrucosum
1 2 0.6663368988876055 0.10217143504907938 Penicillium-solitum
1 2 0.08371613821059161 0.8583765653261217 Penicillium-commune
1 2 -0.0778444797617477 0.8682471500932124 Penicillium-brevicompactum
1 2 -0.37169322328005455 0.41166377846771546 Penicillium-cvjetkovicii
1 2 -0.470225554516496 0.2869652943000583 Penicillium-chrysogenum
1 2 0.4808892708475094 0.27464182781541163 Penicillium-mb
1 2 0.22379214987344076 0.6295205289893919 Penicillium-polonicum
1 2 0.08313030101581691 0.8593607492421507 Penicillium-verrucosum
1 2 0.6708697140397698 0.09900720257025959 Penicillium-solitum
1 2 0.08778565556327259 0.8515440129340585 Penicillium-commune
3 4 -0.07761582511708026 0.8686318135638236 Penicillium-brevicompactum
3 4 -0.36998335529845044 0.41398883783736373 Penicillium-cvjetkovicii
3 4 -0.4698036014368195 0.28745789083846 Penicillium-chrysogenum
3 4 0.48267678416342374 0.27259989073124896 Penicillium-mb
3 4 0.22537864543686428 0.627028390581094 Penicillium-polonicum
3 4 0.08290047205992196 0.8597468926359912 Penicillium-verrucosum
3 4 0.6720484212538239 0.09819290597567604 Penicillium-solitum
3 4 0.08515633615638071 0.8559577102154214 Penicillium-commune
1 4 -0.07780381628270366 0.8683155563569772 Penicillium-brevicompactum
1 4 -0.367100479364111 0.41792051920087314 Penicillium-cvjetkovicii
1 4 -0.470528426283222 0.2866119476683374 Penicillium-chrysogenum
1 4 0.484025988898991 0.2710632031284987 Penicillium-mb
1 4 0.2279719646231413 0.6229607580102333 Penicillium-polonicum
1 4 0.0874747766135119 0.8520657100110695 Penicillium-verrucosum
1 4 0.6696870239054552 0.09982778884447582 Penicillium-solitum
1 4 0.08474643625348971 0.8566460586534566 Penicillium-commune
1 2 -0.07814741495859315 0.8677375570122485 Penicillium-brevicompactum
1 2 -0.38509964838132277 0.39361350387642624 Penicillium-cvjetkovicii
1 2 -0.4710214197712193 0.2860372095886062 Penicillium-chrysogenum
1 2 0.47816401023094973 0.27776818410356685 Penicillium-mb
1 2 0.2229848145530315 0.630789802144603 Penicillium-polonicum
1 2 0.08373789501234036 0.8583400175393857 Penicillium-verrucosum
1 2 0.6658290175457149 0.10252921328482226 Penicillium-solitum
1 2 0.08058816182120654 0.8636331095523955 Penicillium-commune
1 2 -0.07838320986617689 0.8673409315214935 Penicillium-brevicompactum
1 2 -0.39600905669195424 0.3791648222043405 Penicillium-cvjetkovicii
1 2 -0.47128130034971016 0.28573444449654983 Penicillium-chrysogenum
1 2 0.4769629603125352 0.2791510477253301 Penicillium-mb
1 2 0.22224598187746383 0.6319520094814945 Penicillium-polonicum
1 2 0.08167470474140535 0.8618067195894752 Penicillium-verrucosum
1 2 0.6638411407951533 0.10393585306111838 Penicillium-solitum
1 2 0.08471486305994859 0.8566990827910108 Penicillium-commune
1 2 -0.07815936422534327 0.8677174568790638 Penicillium-brevicompactum
1 2 -0.3856478269254396 0.39288230087027404 Penicillium-cvjetkovicii
1 2 -0.4710396857003669 0.2860159248144759 Penicillium-chrysogenum
1 2 0.4791342456995353 0.2766533280168694 Penicillium-mb
1 2 0.22405985379587223 0.6290998110533097 Penicillium-polonicum
1 2 0.08403373181182582 0.8578430811997872 Penicillium-verrucosum
1 2 0.6658678305762672 0.10250184831942262 Penicillium-solitum
1 2 0.08020553119981784 0.864276395715562 Penicillium-commune
1 4 -0.0778038162827036 0.8683155563569773 Penicillium-brevicompactum
1 4 -0.3552647798754306 0.4342125425590682 Penicillium-cvjetkovicii
1 4 -0.4716044586530731 0.2853581592656441 Penicillium-chrysogenum
1 4 0.47937427016818834 0.2763778371517943 Penicillium-mb
1 4 0.2232117324841526 0.630432974225487 Penicillium-polonicum
1 4 0.08546411620095168 0.8554409002414631 Penicillium-verrucosum
1 4 0.6679106644925722 0.10106693743931608 Penicillium-solitum
1 4 0.0834110460025162 0.8588890903496095 Penicillium-commune
3 4 -0.07769438440130376 0.8684996517223778 Penicillium-brevicompactum
3 4 -0.3699833552984498 0.41398883783736495 Penicillium-cvjetkovicii
3 4 -0.47013520217146937 0.28707074179676967 Penicillium-chrysogenum
3 4 0.47838158344581894 0.27751800479840205 Penicillium-mb
3 4 0.2215635161314563 0.6330260851154319 Penicillium-polonicum
3 4 0.08153708984367992 0.8620380120654217 Penicillium-verrucosum
3 4 0.6684075637708764 0.10071950667912544 Penicillium-solitum
3 4 0.08438831476660448 0.8572475143059552 Penicillium-commune
1 4 -0.07778874044183673 0.8683409179030446 Penicillium-brevicompactum
1 4 -0.36998335529845106 0.4139888378373629 Penicillium-cvjetkovicii
1 4 -0.47000990415737254 0.2872170018801391 Penicillium-chrysogenum
1 4 0.4844591301995892 0.2705707056447816 Penicillium-mb
1 4 0.2280842324882517 0.6227848364718084 Penicillium-polonicum
1 4 0.08910881608601381 0.849324053263087 Penicillium-verrucosum
1 4 0.671039256096469 0.09888985956795238 Penicillium-solitum
1 4 0.0844276089756215 0.8571815180248603 Penicillium-commune
1 2 -0.07783880142307428 0.8682567024568081 Penicillium-brevicompactum
1 2 -0.3714530258001409 0.41199008658213854 Penicillium-cvjetkovicii
1 2 -0.47036018023557735 0.2868082086920826 Penicillium-chrysogenum
1 2 0.48129728599771854 0.27417513329970433 Penicillium-mb
1 2 0.22547020308097232 0.6268846534541116 Penicillium-polonicum
1 2 0.08446369982681802 0.8571209025011501 Penicillium-verrucosum
1 2 0.6684520306613383 0.10068844601306798 Penicillium-solitum
1 2 0.08261694474368936 0.8602232870733103 Penicillium-commune
1 2 -0.0778208965241638 0.8682868229882118 Penicillium-brevicompactum
1 2 -0.37069866007127783 0.4130155505576989 Penicillium-cvjetkovicii
1 2 -0.47029004256068685 0.2868900428009095 Penicillium-chrysogenum
1 2 0.4816871771945319 0.2737295034779631 Penicillium-mb
1 2 0.22475672331427365 0.628004999359105 Penicillium-polonicum
1 2 0.08477752084258215 0.8565938554988222 Penicillium-verrucosum
1 2 0.6710498311889544 0.09888254277592055 Penicillium-solitum
1 2 0.08372964504290153 0.8583538760840386 Penicillium-commune
1 4 -0.07765508648769291 0.8685657630774252 Penicillium-brevicompactum
1 4 -0.36998335529844983 0.413988837837365 Penicillium-cvjetkovicii
1 4 -0.4699530192061802 0.2872834145013649 Penicillium-chrysogenum
1 4 0.48423588757840624 0.27082449010634685 Penicillium-mb
1 4 0.22903426509505637 0.6212967254228803 Penicillium-polonicum
1 4 0.09012815888731539 0.8476143690614382 Penicillium-verrucosum
1 4 0.6688073512237274 0.10044043010758943 Penicillium-solitum
1 4 0.07898606901314693 0.8663269760111485 Penicillium-commune
1 2 -0.07798565787217229 0.8680096578546809 Penicillium-brevicompactum
1 2 -0.37780666358896264 0.4033929553705489 Penicillium-cvjetkovicii
1 2 -0.4707739876317618 0.2863256048611514 Penicillium-chrysogenum
1 2 0.4803825989308238 0.2752218651526766 Penicillium-mb
1 2 0.22646290263162108 0.6253268087892566 Penicillium-polonicum
1 2 0.08690066328820521 0.8530292627336175 Penicillium-verrucosum
1 2 0.6636435495590902 0.10407621647017488 Penicillium-solitum
1 2 0.08570909868653717 0.8550295663717994 Penicillium-commune
1 4 -0.07750736294485766 0.8688142856232531 Penicillium-brevicompactum
1 4 -0.36998335529844917 0.4139888378373654 Penicillium-cvjetkovicii
1 4 -0.4699278425193304 0.2873128102182002 Penicillium-chrysogenum
1 4 0.48158303033554956 0.2738485071314322 Penicillium-mb
1 4 0.2272942470878249 0.6240230304552916 Penicillium-polonicum
1 4 0.0874306694699645 0.8521397312629996 Penicillium-verrucosum
1 4 0.6653743756319741 0.10285004046345181 Penicillium-solitum
1 4 0.08682234764155625 0.8531607136690526 Penicillium-commune
1 2 -0.07815341182813675 0.8677274695346094 Penicillium-brevicompactum
1 2 -0.38537462935060185 0.3932466449300055 Penicillium-cvjetkovicii
1 2 -0.47108694863686823 0.2859608539192616 Penicillium-chrysogenum
1 2 0.479611931505059 0.2761051802219766 Penicillium-mb
1 2 0.22602146576709697 0.6260194198055076 Penicillium-polonicum
1 2 0.08658001757501216 0.8535674759800449 Penicillium-verrucosum
1 2 0.6628832240372041 0.10461725159693605 Penicillium-solitum
1 2 0.07924904725610966 0.8658847155666876 Penicillium-commune
1 2 -0.07785688548331267 0.8682262806597205 Penicillium-brevicompactum
1 2 -0.372219586126365 0.41094906951692056 Penicillium-cvjetkovicii
1 2 -0.4689055577283218 0.2885075367940219 Penicillium-chrysogenum
1 2 0.4962526624683311 0.257317484270228 Penicillium-mb
1 2 0.23513935845052505 0.611758462260809 Penicillium-polonicum
1 2 0.09174801909424332 0.8448984513996173 Penicillium-verrucosum
1 2 0.6851164030988275 0.08940119667846846 Penicillium-solitum
1 2 0.09341292674652174 0.8421082780459069 Penicillium-commune
1 4 -0.0778038162827035 0.8683155563569775 Penicillium-brevicompactum
1 4 -0.3614712225664742 0.4256393072396703 Penicillium-cvjetkovicii
1 4 -0.47125584222201194 0.2857640973125077 Penicillium-chrysogenum
1 4 0.48001834499365886 0.2756392029621203 Penicillium-mb
1 4 0.22559657521337614 0.6266862761707515 Penicillium-polonicum
1 4 0.08576774323681989 0.85493110405986 Penicillium-verrucosum
1 4 0.6637530157813882 0.10399844246479534 Penicillium-solitum
1 4 0.09252129336024227 0.8436023803196933 Penicillium-commune
1 4 -0.07780381628270366 0.8683155563569772 Penicillium-brevicompactum
1 4 -0.3649379086281896 0.42087933750170675 Penicillium-cvjetkovicii
1 4 -0.47081532719290525 0.28627741239927873 Penicillium-chrysogenum
1 4 0.47978214416521053 0.2759099781751968 Penicillium-mb
1 4 0.22427970896792634 0.6287543508227089 Penicillium-polonicum
1 4 0.08717616377299162 0.8525668632796672 Penicillium-verrucosum
1 4 0.6674293829064342 0.10140404427199819 Penicillium-solitum
1 4 0.08050964584491334 0.8637651072886386 Penicillium-commune
1 4 -0.07780381628270351 0.8683155563569775 Penicillium-brevicompactum
1 4 -0.36316040377035286 0.42331737195035196 Penicillium-cvjetkovicii
1 4 -0.4705700999779102 0.28656334405432593 Penicillium-chrysogenum
1 4 0.48549227142497403 0.2693976216894617 Penicillium-mb
1 4 0.22813926135159412 0.6226986125300235 Penicillium-polonicum
1 4 0.08672849937008538 0.853318239301422 Penicillium-verrucosum
1 4 0.6727903484304183 0.0976821597034652 Penicillium-solitum
1 4 0.08634110893565775 0.8539685205195595 Penicillium-commune
1 4 -0.07775291506505767 0.8684011860088403 Penicillium-brevicompactum
1 4 -0.3699833552984493 0.4139888378373654 Penicillium-cvjetkovicii
1 4 -0.46996748266758837 0.2872665279042223 Penicillium-chrysogenum
1 4 0.4839043628242215 0.27120156920479327 Penicillium-mb
1 4 0.2276160719133349 0.6235185290383574 Penicillium-polonicum
1 4 0.08676267043191303 0.8532608822487404 Penicillium-verrucosum
1 4 0.6706014731137417 0.09919300554376201 Penicillium-solitum
1 4 0.08287627960825891 0.8597875404853172 Penicillium-commune
1 4 -0.07780381628270366 0.8683155563569772 Penicillium-brevicompactum
1 4 -0.3696828149940082 0.41439803861142455 Penicillium-cvjetkovicii
1 4 -0.47046496481231626 0.28668596920223616 Penicillium-chrysogenum
1 4 0.4813063345795648 0.2741647874348012 Penicillium-mb
1 4 0.2261598193349549 0.6258023206015522 Penicillium-polonicum
1 4 0.08700974213494846 0.8528461810110817 Penicillium-verrucosum
1 4 0.6666553669150452 0.1019474224382925 Penicillium-solitum
1 4 0.08921102204741274 0.8491526078940533 Penicillium-commune
1 4 -0.07766418094583832 0.8685504633064005 Penicillium-brevicompactum
1 4 -0.36998335529845044 0.41398883783736373 Penicillium-cvjetkovicii
1 4 -0.4701914343142427 0.28700511293152753 Penicillium-chrysogenum
1 4 0.48182994620025393 0.273566406031647 Penicillium-mb
1 4 0.2274929697123177 0.6237114936239697 Penicillium-polonicum
1 4 0.08752937269427097 0.8519740872674698 Penicillium-verrucosum
1 4 0.6658565760995676 0.10250978284894346 Penicillium-solitum
1 4 0.07884112287955079 0.8665707492602686 Penicillium-commune
1 2 -0.07786616541945336 0.8682106695954529 Penicillium-brevicompactum
1 2 -0.3726147435705695 0.41041283494310654 Penicillium-cvjetkovicii
1 2 -0.47062723107469634 0.28649671859509085 Penicillium-chrysogenum
1 2 0.4818761687848147 0.27351361134685126 Penicillium-mb
1 2 0.22649803296640697 0.6252716989651335 Penicillium-polonicum
1 2 0.08650016080627268 0.8537015249430092 Penicillium-verrucosum
1 2 0.6676108156239328 0.10127689345049946 Penicillium-solitum
1 2 0.0824029694196259 0.8605828396743238 Penicillium-commune
1 4 -0.07780381628270366 0.8683155563569772 Penicillium-brevicompactum
1 4 -0.368103388457953 0.41655110215210367 Penicillium-cvjetkovicii
1 4 -0.470630116900795 0.2864933533695486 Penicillium-chrysogenum
1 4 0.4826070704927531 0.2726793982254971 Penicillium-mb
1 4 0.23174239616534803 0.6170604039442569 Penicillium-polonicum
1 4 0.0947776381455736 0.8398221735733202 Penicillium-verrucosum
1 4 0.6591144908504707 0.10732058545567061 Penicillium-solitum
1 4 0.06914704789158271 0.8828927579249964 Penicillium-commune
1 2 -0.07811389404739182 0.8677939436012096 Penicillium-brevicompactum
1 2 -0.3835677229425505 0.3956597865564456 Penicillium-cvjetkovicii
1 2 -0.470565464445877 0.28656875024752054 Penicillium-chrysogenum
1 2 0.4822025071111092 0.27314100375895095 Penicillium-mb
1 2 0.22669521803224613 0.6249623956212174 Penicillium-polonicum
1 2 0.08612400562757194 0.8543329831769697 Penicillium-verrucosum
1 2 0.6679117671522833 0.10106616577029127 Penicillium-solitum
1 2 0.0836713179237061 0.8584518565429035 Penicillium-commune
1 2 -0.07798219571520526 0.8680154818601664 Penicillium-brevicompactum
1 2 -0.3776536570342613 0.40359914806165026 Penicillium-cvjetkovicii
1 2 -0.47073020492030615 0.2863766494185985 Penicillium-chrysogenum
1 2 0.4808036555598454 0.2747398013890188 Penicillium-mb
1 2 0.22497768960114725 0.6276579649420666 Penicillium-polonicum
1 2 0.08469365102720745 0.8567347065976297 Penicillium-verrucosum
1 2 0.6679577869542231 0.10103396269939614 Penicillium-solitum
1 2 0.08499017316247044 0.8562367404316171 Penicillium-commune
1 2 -0.07781194358405179 0.8683018841268297 Penicillium-brevicompactum
1 2 -0.3703231906317258 0.41352632539078665 Penicillium-cvjetkovicii
1 2 -0.4703890658759301 0.28677450899228996 Penicillium-chrysogenum
1 2 0.48210058404053574 0.27325735319887895 Penicillium-mb
1 2 0.22623603234144463 0.6256827391972704 Penicillium-polonicum
1 2 0.08610611004627514 0.8543630263431361 Penicillium-verrucosum
1 2 0.6684678329912542 0.10067740909837569 Penicillium-solitum
1 2 0.0889915146955108 0.8495208262757058 Penicillium-commune
1 4 -0.07751879745064023 0.868795048487695 Penicillium-brevicompactum
1 4 -0.36998335529845006 0.4139888378373644 Penicillium-cvjetkovicii
1 4 -0.4685194401623247 0.288959359437517 Penicillium-chrysogenum
1 4 0.4941374662172199 0.25967216200357085 Penicillium-mb
1 4 0.23425685579885588 0.6131345787122615 Penicillium-polonicum
1 4 0.09033995054993976 0.8472592026869383 Penicillium-verrucosum
1 4 0.6818855862937506 0.09153443633022294 Penicillium-solitum
1 4 0.09421100986632505 0.8407712564091082 Penicillium-commune
1 2 -0.07783986795261748 0.8682549082905762 Penicillium-brevicompactum
1 2 -0.3714981056420986 0.411928837920878 Penicillium-cvjetkovicii
1 2 -0.47048972692305707 0.286657085634201 Penicillium-chrysogenum
1 2 0.4814653992888315 0.27398294656202055 Penicillium-mb
1 2 0.22693938664482494 0.6245794547541912 Penicillium-polonicum
1 2 0.08552155276602083 0.8553444599698097 Penicillium-verrucosum
1 2 0.6658349493458073 0.10252503084715396 Penicillium-solitum
1 2 0.07817034307362654 0.8676989891587854 Penicillium-commune
1 2 -0.07805102252534415 0.8678997029861667 Penicillium-brevicompactum
1 2 -0.3807215547415811 0.3994728098635508 Penicillium-cvjetkovicii
1 2 -0.4707435190668563 0.286361126544837 Penicillium-chrysogenum
1 2 0.481724210170803 0.27368719328036495 Penicillium-mb
1 2 0.229449429106839 0.6206467428066775 Penicillium-polonicum
1 2 0.09083122842125167 0.8464354280345654 Penicillium-verrucosum
1 2 0.6614139444013569 0.10566690676797248 Penicillium-solitum
1 2 0.07327655709261917 0.8759355589676459 Penicillium-commune
1 4 -0.07769839442126071 0.8684929056515867 Penicillium-brevicompactum
1 4 -0.36998335529845056 0.4139888378373636 Penicillium-cvjetkovicii
1 4 -0.4705189042690963 0.2866230536137478 Penicillium-chrysogenum
1 4 0.4803833741180887 0.2752209772984713 Penicillium-mb
1 4 0.22538253531558508 0.6270222836365809 Penicillium-polonicum
1 4 0.08386927543417431 0.8581193246893395 Penicillium-verrucosum
1 4 0.6662670962602978 0.10222056899090688 Penicillium-solitum
1 4 0.08178853331803895 0.8616154112545239 Penicillium-commune
3 4 -0.07752806323188255 0.8687794599995196 Penicillium-brevicompactum
3 4 -0.369983355298449 0.4139888378373657 Penicillium-cvjetkovicii
3 4 -0.4697404252519522 0.28753167636516297 Penicillium-chrysogenum
3 4 0.4803137040084343 0.2753007785214509 Penicillium-mb
3 4 0.2242611385635995 0.62878352857122 Penicillium-polonicum
3 4 0.08256688789094875 0.8603073981920109 Penicillium-verrucosum
3 4 0.6680607732064148 0.10096191589562287 Penicillium-solitum
3 4 0.0900953317078058 0.8476694208004185 Penicillium-commune
1 4 -0.07753872892226851 0.8687615163856559 Penicillium-brevicompactum
1 4 -0.36998335529845205 0.4139888378373614 Penicillium-cvjetkovicii
1 4 -0.4699512484816271 0.2872854819145884 Penicillium-chrysogenum
1 4 0.4808422496399933 0.2746956344316636 Penicillium-mb
1 4 0.2263120031678065 0.6255635442717322 Penicillium-polonicum
1 4 0.08645369348863362 0.8537795270800687 Penicillium-verrucosum
1 4 0.6660568322392378 0.10236864795531911 Penicillium-solitum
1 4 0.08006489829142452 0.8645128455369887 Penicillium-commune
1 4 -0.07780381628270346 0.8683155563569775 Penicillium-brevicompactum
1 4 -0.3661735398991492 0.41918775949208303 Penicillium-cvjetkovicii
1 4 -0.47070158980538196 0.2864100128571974 Penicillium-chrysogenum
1 4 0.4811956943734804 0.2742913020539555 Penicillium-mb
1 4 0.2254114989571076 0.6269768124806441 Penicillium-polonicum
1 4 0.08483610124155797 0.8564954772802211 Penicillium-verrucosum
1 4 0.6679192682828446 0.1010609163719808 Penicillium-solitum
1 4 0.085901692504495 0.8547062131670138 Penicillium-commune
1 4 -0.0778038162827034 0.8683155563569777 Penicillium-brevicompactum
1 4 -0.35560487051368533 0.4337410642232458 Penicillium-cvjetkovicii
1 4 -0.4716610957799093 0.28529223382373187 Penicillium-chrysogenum
1 4 0.47915373122722443 0.27663095867394344 Penicillium-mb
1 4 0.22533817326996816 0.6270919311694381 Penicillium-polonicum
1 4 0.08785453858108393 0.8514284236996992 Penicillium-verrucosum
1 4 0.6633027156223458 0.10431856756397487 Penicillium-solitum
1 4 0.07369763177957747 0.8752265031393716 Penicillium-commune
1 4 -0.07777706495143794 0.8683605592232301 Penicillium-brevicompactum
1 4 -0.36998335529845044 0.41398883783736373 Penicillium-cvjetkovicii
1 4 -0.4702132596099737 0.28697964230048 Penicillium-chrysogenum
1 4 0.4827622829599336 0.2725023948007851 Penicillium-mb
1 4 0.2288336976831449 0.6216108047841618 Penicillium-polonicum
1 4 0.08712352956161794 0.8526552018421913 Penicillium-verrucosum
1 4 0.664890397464741 0.10319214394455975 Penicillium-solitum
1 4 0.08228030588865541 0.8607889654986276 Penicillium-commune
1 2 -0.07804489675372592 0.8679100075419399 Penicillium-brevicompactum
1 2 -0.3804463580995472 0.3998422634524586 Penicillium-cvjetkovicii
1 2 -0.4706929839219377 0.28642004711909586 Penicillium-chrysogenum
1 2 0.48018046440483 0.2754534222301622 Penicillium-mb
1 2 0.2242605182479704 0.6287845032153979 Penicillium-polonicum
1 2 0.08393123016744301 0.8580152556686185 Penicillium-verrucosum
1 2 0.6680450991185254 0.10097287939316799 Penicillium-solitum
1 2 0.08377106549333016 0.8582842970683477 Penicillium-commune
1 4 -0.07780381628270344 0.8683155563569775 Penicillium-brevicompactum
1 4 -0.36594103742587253 0.4195058530092846 Penicillium-cvjetkovicii
1 4 -0.4708064651698965 0.2862877431843528 Penicillium-chrysogenum
1 4 0.47921321842444564 0.2765626725337456 Penicillium-mb
1 4 0.22578709305073913 0.6263872376095626 Penicillium-polonicum
1 4 0.09064660822649984 0.8467449861373433 Penicillium-verrucosum
1 4 0.6631181614457279 0.10444991798502667 Penicillium-solitum
1 4 0.07755294361710806 0.868737602110669 Penicillium-commune
1 2 -0.07796990238542145 0.8680361616137221 Penicillium-brevicompactum
1 2 -0.37711154868921376 0.4043300324739617 Penicillium-cvjetkovicii
1 2 -0.4705281378662964 0.2866122840589141 Penicillium-chrysogenum
1 2 0.48071423829727744 0.27484214254216816 Penicillium-mb
1 2 0.22465067272924513 0.6281715744411294 Penicillium-polonicum
1 2 0.08662545588332789 0.8534912036945794 Penicillium-verrucosum
1 2 0.6688674166623658 0.10039853565742257 Penicillium-solitum
1 2 0.08399377300585052 0.8579102004313172 Penicillium-commune
1 4 -0.0778038162827036 0.8683155563569773 Penicillium-brevicompactum
1 4 -0.3638263149071504 0.4224033659242531 Penicillium-cvjetkovicii
1 4 -0.47103384692463124 0.28602272849905136 Penicillium-chrysogenum
1 4 0.4803610951475578 0.2752464948437415 Penicillium-mb
1 4 0.22496306514843073 0.6276809314153824 Penicillium-polonicum
1 4 0.08518348806764668 0.85591211633707 Penicillium-verrucosum
1 4 0.666405630031865 0.10212306736920498 Penicillium-solitum
1 4 0.08933445127744868 0.8489455678594475 Penicillium-commune
1 4 -0.07773068083514134 0.8684385903342368 Penicillium-brevicompactum
1 4 -0.3699833552984511 0.4139888378373628 Penicillium-cvjetkovicii
1 4 -0.4679431247649585 0.2896343301813363 Penicillium-chrysogenum
1 4 0.5031388676684191 0.2497197772524562 Penicillium-mb
1 4 0.2398739217815687 0.6043912534598304 Penicillium-polonicum
1 4 0.09587379033476526 0.837986595166945 Penicillium-verrucosum
1 4 0.6925572522605566 0.08458909690970745 Penicillium-solitum
1 4 0.09558688850387993 0.8384669748604924 Penicillium-commune
1 2 -0.07797596493497082 0.8680259632277085 Penicillium-brevicompactum
1 2 -0.37737866162372075 0.40396983857617963 Penicillium-cvjetkovicii
1 2 -0.4702293149945221 0.28696090593356305 Penicillium-chrysogenum
1 2 0.48749442675391363 0.26713083845975116 Penicillium-mb
1 2 0.23290895413055349 0.6152381501045965 Penicillium-polonicum
1 2 0.09288190063015488 0.8429980687451392 Penicillium-verrucosum
1 2 0.668576623702979 0.10060144291908871 Penicillium-solitum
1 2 0.07445494239543314 0.8739514203863007 Penicillium-commune
1 4 -0.07780381628270365 0.8683155563569772 Penicillium-brevicompactum
1 4 -0.3644258445113813 0.4215811275209855 Penicillium-cvjetkovicii
1 4 -0.47106114757489503 0.28599091679713196 Penicillium-chrysogenum
1 4 0.4798601542797526 0.27582053593841366 Penicillium-mb
1 4 0.22530458664487485 0.627144662969183 Penicillium-polonicum
1 4 0.086076614826612 0.8544125433292012 Penicillium-verrucosum
1 4 0.6649393256171101 0.10315753180339635 Penicillium-solitum
1 4 0.08159895235306278 0.8619340373739935 Penicillium-commune
1 4 -0.0774921723890856 0.8688398419259185 Penicillium-brevicompactum
1 4 -0.36998335529845083 0.4139888378373633 Penicillium-cvjetkovicii
1 4 -0.4697551944797926 0.28751442614729456 Penicillium-chrysogenum
1 4 0.475616798046035 0.2807046508718446 Penicillium-mb
1 4 0.218841103895957 0.6373157466113517 Penicillium-polonicum
1 4 0.0832622698306936 0.8591390340459805 Penicillium-verrucosum
1 4 0.6689878383702126 0.10031457142836356 Penicillium-solitum
1 4 0.09349866462332539 0.8419646276245488 Penicillium-commune
1 2 -0.07781968222215911 0.8682888657533779 Penicillium-brevicompactum
1 2 -0.3706476664892084 0.41308490585183744 Penicillium-cvjetkovicii
1 2 -0.47034119431163446 0.28683035975674886 Penicillium-chrysogenum
1 2 0.4845096397986946 0.2705133007448611 Penicillium-mb
1 2 0.23153087745916565 0.617390980085622 Penicillium-polonicum
1 2 0.09224312680833952 0.844068578083554 Penicillium-verrucosum
1 2 0.6640050119054269 0.10381951839228641 Penicillium-solitum
1 2 0.07504390492965263 0.8729599348503116 Penicillium-commune
3 4 -0.07780381628270366 0.8683155563569772 Penicillium-brevicompactum
3 4 -0.36437548351867666 0.42165017235226976 Penicillium-cvjetkovicii
3 4 -0.47093022480838476 0.2861434870784936 Penicillium-chrysogenum
3 4 0.47359054936598854 0.28305041808089704 Penicillium-mb
3 4 0.2170096474923297 0.6402060841908691 Penicillium-polonicum
3 4 0.07971451092855474 0.8651019959946715 Penicillium-verrucosum
3 4 0.6668237824769334 0.10182906152417838 Penicillium-solitum
3 4 0.08156679910783345 0.8619880783683039 Penicillium-commune
1 4 -0.07780381628270343 0.8683155563569775 Penicillium-brevicompactum
1 4 -0.36827222561028305 0.41632073664604485 Penicillium-cvjetkovicii
1 4 -0.4705878883403234 0.28654259878321797 Penicillium-chrysogenum
1 4 0.4829313328734651 0.27230967024592695 Penicillium-mb
1 4 0.22657202319564895 0.6251556332004901 Penicillium-polonicum
1 4 0.08685791532535965 0.8531010138294213 Penicillium-verrucosum
1 4 0.6701443460126735 0.09951006471737034 Penicillium-solitum
1 4 0.0825090300268904 0.8604046187500745 Penicillium-commune
1 4 -0.07778576946776605 0.8683459158766942 Penicillium-brevicompactum
1 4 -0.36998335529845044 0.41398883783736373 Penicillium-cvjetkovicii
1 4 -0.47046169020205264 0.2866897889425119 Penicillium-chrysogenum
1 4 0.47735123152179415 0.2787036632691024 Penicillium-mb
1 4 0.2219854548484853 0.6323619705601895 Penicillium-polonicum
1 4 0.08368838813169899 0.8584231811075425 Penicillium-verrucosum
1 4 0.6662807549841793 0.10221095366988768 Penicillium-solitum
1 4 0.08325707969970446 0.859147753625482 Penicillium-commune
1 4 -0.07780381628270353 0.8683155563569774 Penicillium-brevicompactum
1 4 -0.36867946437010496 0.41576529478624064 Penicillium-cvjetkovicii
1 4 -0.4702352477784944 0.28695398261113186 Penicillium-chrysogenum
1 4 0.48503541227839775 0.26991607970949527 Penicillium-mb
1 4 0.2304864222996196 0.6190240787920698 Penicillium-polonicum
1 4 0.09088881254076318 0.8463388782612994 Penicillium-verrucosum
1 4 0.6674857875441056 0.1013645061140843 Penicillium-solitum
1 4 0.07744014558645601 0.8689273715189343 Penicillium-commune
1 2 -0.07784437348783935 0.8682473288719728 Penicillium-brevicompactum
1 2 -0.37168872360673827 0.411669890339138 Penicillium-cvjetkovicii
1 2 -0.47039275823763144 0.28677020139147014 Penicillium-chrysogenum
1 2 0.48048100169159563 0.27510917068692475 Penicillium-mb
1 2 0.22425982133867467 0.6287855982045818 Penicillium-polonicum
1 2 0.08364557176832944 0.858495106526137 Penicillium-verrucosum
1 2 0.6688870953575834 0.10038481214539607 Penicillium-solitum
1 2 0.08517165995404066 0.8559319782357082 Penicillium-commune
1 4 -0.07740773260378511 0.8689819034723967 Penicillium-brevicompactum
1 4 -0.3699833552984502 0.41398883783736434 Penicillium-cvjetkovicii
1 4 -0.4692466689919878 0.28810864072806464 Penicillium-chrysogenum
1 4 0.48607585549921456 0.26873600856451396 Penicillium-mb
1 4 0.22977799966260606 0.6201324702450806 Penicillium-polonicum
1 4 0.08987418231004078 0.8480403049307783 Penicillium-verrucosum
1 4 0.6716195987702438 0.09848874569981786 Penicillium-solitum
1 4 0.0887582365930295 0.8499121686051685 Penicillium-commune
3 4 -0.0778038162827036 0.8683155563569773 Penicillium-brevicompactum
3 4 -0.3558878682742938 0.43334888476973876 Penicillium-cvjetkovicii
3 4 -0.4711549399228432 0.28588163859005855 Penicillium-chrysogenum
3 4 0.4798353855513036 0.2758489330277531 Penicillium-mb
3 4 0.22049787433594115 0.6347042337694984 Penicillium-polonicum
3 4 0.07993445912798552 0.8647321635320806 Penicillium-verrucosum
3 4 0.6737744155946345 0.09700687600119666 Penicillium-solitum
3 4 0.08240767514299638 0.8605749322242977 Penicillium-commune
1 4 -0.07771866579356022 0.8684588031471965 Penicillium-brevicompactum
1 4 -0.36998335529844917 0.4139888378373654 Penicillium-cvjetkovicii
1 4 -0.4701802690783775 0.28701814341240295 Penicillium-chrysogenum
1 4 0.48181132947943095 0.2735876710454062 Penicillium-mb
1 4 0.22666167810352614 0.6250150030727613 Penicillium-polonicum
1 4 0.08537684458499578 0.8555874385242951 Penicillium-verrucosum
1 4 0.6672322556164181 0.10154228853761067 Penicillium-solitum
1 4 0.08314366841516387 0.8593382909080837 Penicillium-commune
3 2 -0.07765047143214018 0.8685735270811226 Penicillium-brevicompactum
3 2 -0.3699833552984504 0.4139888378373637 Penicillium-cvjetkovicii
3 2 -0.46999910792568195 0.28722960584884405 Penicillium-chrysogenum
3 2 0.48007877208695887 0.2755699499471588 Penicillium-mb
3 2 0.22448915168736852 0.628425301806778 Penicillium-polonicum
3 2 0.08087909892497096 0.8631440204127663 Penicillium-verrucosum
3 2 0.6678145740007072 0.10113419580638013 Penicillium-solitum
3 2 0.08392719320046585 0.8580220367504426 Penicillium-commune
1 2 -0.07785337060280248 0.8682321935353264 Penicillium-brevicompactum
1 2 -0.37207023208630696 0.4111518167457471 Penicillium-cvjetkovicii
1 2 -0.47057077331178926 0.2865625587818937 Penicillium-chrysogenum
1 2 0.48171515601272286 0.2736975373890869 Penicillium-mb
1 2 0.22759812381653424 0.6235466618899951 Penicillium-polonicum
1 2 0.08846606837795891 0.8504023382753495 Penicillium-verrucosum
1 2 0.6651670908228438 0.10299648869574303 Penicillium-solitum
1 2 0.07855087007689374 0.8670589273802064 Penicillium-commune
1 2 -0.07787051082921312 0.8682033595923033 Penicillium-brevicompactum
1 2 -0.3728001939235078 0.4101612708295614 Penicillium-cvjetkovicii
1 2 -0.47046169537753274 0.28668978290544284 Penicillium-chrysogenum
1 2 0.48169723289029254 0.2737180145479182 Penicillium-mb
1 2 0.2279452517539708 0.6230026186500233 Penicillium-polonicum
1 2 0.08900070701507797 0.8495054059406977 Penicillium-verrucosum
1 2 0.6642589897476752 0.10363934971845615 Penicillium-solitum
1 2 0.08169146980573581 0.8617785427023203 Penicillium-commune
1 2 -0.07796749080478897 0.8680402183648491 Penicillium-brevicompactum
1 2 -0.37700542209701715 0.4044731762811046 Penicillium-cvjetkovicii
1 2 -0.4702908827406006 0.28688906244775936 Penicillium-chrysogenum
1 2 0.4838961417464114 0.2712109229416307 Penicillium-mb
1 2 0.22994792154284802 0.6198665598846751 Penicillium-polonicum
1 2 0.09194010899455304 0.8445764669117554 Penicillium-verrucosum
1 2 0.6660314362410102 0.10238654072246706 Penicillium-solitum
1 2 0.07540404203540255 0.8723537292128265 Penicillium-commune
3 4 -0.07780381628270365 0.8683155563569772 Penicillium-brevicompactum
3 4 -0.35871953360441566 0.42943223623571053 Penicillium-cvjetkovicii
3 4 -0.47096337643446123 0.28610485054474566 Penicillium-chrysogenum
3 4 0.4811170631244569 0.27438123112802193 Penicillium-mb
3 4 0.22314030422976883 0.630545288838414 Penicillium-polonicum
3 4 0.08044844297429926 0.8638680007119381 Penicillium-verrucosum
3 4 0.6721142793346667 0.09814751252414505 Penicillium-solitum
3 4 0.08437727332848662 0.8572660589859156 Penicillium-commune
1 4 -0.07780381628270366 0.8683155563569772 Penicillium-brevicompactum
1 4 -0.36807812317475247 0.4165855789919497 Penicillium-cvjetkovicii
1 4 -0.47070996334251625 0.2864002496561043 Penicillium-chrysogenum
1 4 0.48249143949642037 0.2728112968733855 Penicillium-mb
1 4 0.228689572463335 0.6218365264461777 Penicillium-polonicum
1 4 0.08884617930804174 0.8497646349162908 Penicillium-verrucosum
1 4 0.664729589714636 0.10330594320361806 Penicillium-solitum
1 4 0.07616967078818056 0.8710651396190253 Penicillium-commune
1 2 -0.07809233732019212 0.8678302050918814 Penicillium-brevicompactum
1 2 -0.38258761076385406 0.3969712016622286 Penicillium-cvjetkovicii
1 2 -0.4705728823269176 0.2865600991592411 Penicillium-chrysogenum
1 2 0.480647546965668 0.2749184842559321 Penicillium-mb
1 2 0.2236483546081964 0.6297465475192915 Penicillium-polonicum
1 2 0.08355329405126989 0.8586501226502193 Penicillium-verrucosum
1 2 0.6706508333998463 0.09915880136990364 Penicillium-solitum
1 2 0.08370691070949016 0.8583920660448279 Penicillium-commune
3 2 -0.07754083441049205 0.8687579741853994 Penicillium-brevicompactum
3 2 -0.3699833552984491 0.41398883783736573 Penicillium-cvjetkovicii
3 2 -0.4700266712769935 0.2871974277374306 Penicillium-chrysogenum
3 2 0.4766835489388081 0.2794731978940407 Penicillium-mb
3 2 0.22079588600309716 0.6342348061881977 Penicillium-polonicum
3 2 0.08109555042846665 0.8627801702161636 Penicillium-verrucosum
3 2 0.6672173976964141 0.10155271229996599 Penicillium-solitum
3 2 0.08940196249466632 0.8488323275490709 Penicillium-commune
1 4 -0.07778820623354755 0.8683418165841255 Penicillium-brevicompactum
1 4 -0.3699833552984502 0.41398883783736434 Penicillium-cvjetkovicii
1 4 -0.4703741622433423 0.2867918962329889 Penicillium-chrysogenum
1 4 0.4828562760317808 0.2723952308473298 Penicillium-mb
1 4 0.22695931092011046 0.6245482095572799 Penicillium-polonicum
1 4 0.08702631131878727 0.8528183711771741 Penicillium-verrucosum
1 4 0.6685583404996543 0.1006142075858629 Penicillium-solitum
1 4 0.09304875240994974 0.8427184765086847 Penicillium-commune
3 0 -0.07803167801839711 0.867932243680387 Penicillium-brevicompactum
3 0 -0.3798538911176658 0.40063811535661487 Penicillium-cvjetkovicii
3 0 -0.469663375227919 0.2876216770104688 Penicillium-chrysogenum
3 0 0.48884548210649725 0.2656061210092797 Penicillium-mb
3 0 0.229885100142359 0.6199648651171653 Penicillium-polonicum
3 0 0.08218993987911621 0.8609408220545777 Penicillium-verrucosum
3 0 0.677779274447555 0.09428401085175059 Penicillium-solitum
3 0 0.08946643981763214 0.8487241780875225 Penicillium-commune
1 2 -0.07784096752477236 0.8682530585389772 Penicillium-brevicompactum
1 2 -0.3715445991150399 0.41186567234005445 Penicillium-cvjetkovicii
1 2 -0.4699587381347193 0.28727673739941356 Penicillium-chrysogenum
1 2 0.486797551083042 0.2679188365684952 Penicillium-mb
1 2 0.2303532984885956 0.6192323193756465 Penicillium-polonicum
1 2 0.09083101859109427 0.8464357798540458 Penicillium-verrucosum
1 2 0.6717973006773681 0.09836609463949077 Penicillium-solitum
1 2 0.08751481126114914 0.8519985240286772 Penicillium-commune
1 4 -0.07779117032557911 0.8683368301907566 Penicillium-brevicompactum
1 4 -0.3699833552984492 0.4139888378373654 Penicillium-cvjetkovicii
1 4 -0.46937260250914153 0.2879614359249864 Penicillium-chrysogenum
1 4 0.4929501442172969 0.26099820339453034 Penicillium-mb
1 4 0.23614402410941188 0.610192956484815 Penicillium-polonicum
1 4 0.09479216129679832 0.8397978498195913 Penicillium-verrucosum
1 4 0.6754788018329877 0.09584310680225208 Penicillium-solitum
1 4 0.07801053002484841 0.8679678183101723 Penicillium-commune
1 4 -0.07780381628270361 0.8683155563569773 Penicillium-brevicompactum
1 4 -0.3688030989127198 0.41559672419360205 Penicillium-cvjetkovicii
1 4 -0.47030304438407317 0.28687487195726724 Penicillium-chrysogenum
1 4 0.4843355098547029 0.2707112252098231 Penicillium-mb
1 4 0.22881273271043515 0.6216436376043974 Penicillium-polonicum
1 4 0.08919987212839649 0.8491713110937992 Penicillium-verrucosum
1 4 0.6691662193528938 0.10019026249235917 Penicillium-solitum
1 4 0.07987878395667693 0.8648257768377117 Penicillium-commune
1 4 -0.07780381628270366 0.8683155563569772 Penicillium-brevicompactum
1 4 -0.35379720315177676 0.43624933168314706 Penicillium-cvjetkovicii
1 4 -0.4719622094965398 0.28494185248368137 Penicillium-chrysogenum
1 4 0.47606617265933016 0.28018559881322286 Penicillium-mb
1 4 0.221434068188627 0.6332298702527013 Penicillium-polonicum
1 4 0.08194503331196624 0.8613523951090523 Penicillium-verrucosum
1 4 0.6633646117148411 0.10427453431882623 Penicillium-solitum
1 4 0.07763232899881647 0.8686040485544634 Penicillium-commune
1 4 -0.0778038162827035 0.8683155563569775 Penicillium-brevicompactum
1 4 -0.369206836631914 0.41504643039566697 Penicillium-cvjetkovicii
1 4 -0.4703297946070512 0.28684366027060804 Penicillium-chrysogenum
1 4 0.4830764654200311 0.27214426167453176 Penicillium-mb
1 4 0.22828178420854242 0.6224753114241193 Penicillium-polonicum
1 4 0.08710252697663112 0.8526904518461682 Penicillium-verrucosum
1 4 0.6671102938788981 0.10162786887386045 Penicillium-solitum
1 4 0.07783626458439372 0.8682609700481301 Penicillium-commune
1 4 -0.07780381628270337 0.8683155563569778 Penicillium-brevicompactum
1 4 -0.3675814887069243 0.4172635089370569 Penicillium-cvjetkovicii
1 4 -0.4705772326546552 0.28655502565272867 Penicillium-chrysogenum
1 4 0.4807758271746931 0.27477165009953053 Penicillium-mb
1 4 0.22653285963694855 0.6252170668753239 Penicillium-polonicum
1 4 0.08726821709340993 0.8524123686509005 Penicillium-verrucosum
1 4 0.6652089820700479 0.10296688346020716 Penicillium-solitum
1 4 0.0765188714453147 0.8704774934642663 Penicillium-commune
1 4 -0.07750491405503726 0.8688184055828596 Penicillium-brevicompactum
1 4 -0.3699833552984502 0.41398883783736434 Penicillium-cvjetkovicii
1 4 -0.46923673781768716 0.2881202507894866 Penicillium-chrysogenum
1 4 0.4844622909530242 0.27056711324064286 Penicillium-mb
1 4 0.22944361946743727 0.6206558370521631 Penicillium-polonicum
1 4 0.09000248190823545 0.8478251341609502 Penicillium-verrucosum
1 4 0.6690822137739327 0.10024879369472035 Penicillium-solitum
1 4 0.07577327326064479 0.8717322673416281 Penicillium-commune
1 4 -0.07749875693065933 0.868828764207021 Penicillium-brevicompactum
1 4 -0.3699833552984516 0.4139888378373623 Penicillium-cvjetkovicii
1 4 -0.46857083660490323 0.28889919879838044 Penicillium-chrysogenum
1 4 0.49187892222502205 0.2621972229109667 Penicillium-mb
1 4 0.23190730008075605 0.6168027162709747 Penicillium-polonicum
1 4 0.08865275413600139 0.8500891317557343 Penicillium-verrucosum
1 4 0.6814809752203972 0.09180346099702212 Penicillium-solitum
1 4 0.09111296914294147 0.8459630553680859 Penicillium-commune
1 2 -0.07812259665981387 0.867779304617723 Penicillium-brevicompactum
1 2 -0.3839645578738624 0.3951293039774964 Penicillium-cvjetkovicii
1 2 -0.4699807130304541 0.287251081379814 Penicillium-chrysogenum
1 2 0.4901460076350949 0.2641421731668095 Penicillium-mb
1 2 0.2323476914637176 0.6161146903403407 Penicillium-polonicum
1 2 0.09169991379539251 0.8449790890418312 Penicillium-verrucosum
1 2 0.6761845589705462 0.09536336719502686 Penicillium-solitum
1 2 0.08067845181315034 0.8634813209571389 Penicillium-commune
1 4 -0.07769877980519373 0.8684922573191639 Penicillium-brevicompactum
1 4 -0.36998335529844983 0.413988837837365 Penicillium-cvjetkovicii
1 4 -0.4700893989127055 0.28712420398827637 Penicillium-chrysogenum
1 4 0.4813036446962795 0.2741678629446739 Penicillium-mb
1 4 0.22529530482097387 0.6271592358757601 Penicillium-polonicum
1 4 0.08725707181006669 0.8524310737669752 Penicillium-verrucosum
1 4 0.668755508159665 0.10047659696063121 Penicillium-solitum
1 4 0.09170096367003765 0.8449773291531967 Penicillium-commune
