#SPECIES: Penicillium-cvjetkovicii Penicillium-chrysogenum Penicillium-solitum Penicillium-commune Penicillium-polonicum Penicillium-mb Penicillium-verrucosum Penicillium-brevicompactum 
#GENE_TREEs p: 0.4110343228985773 0.306734270611818 0.961464646480523 0.9219250385617026 0.873710827036734 0.12176139610935006 0.7852865488430063 0.31985429869018556 
#GENE_TREEs r: -0.3721567805770376 -0.45353528423966294 0.022705048902307866 -0.04603872398789063 -0.07459785254607289 -0.6397678481257248 -0.1275107271608016 -0.44271788496190406 
1 0 -0.3721567805770376 0.4110343228985773 Penicillium-cvjetkovicii
1 0 -0.4554441097399992 0.3044440078642067 Penicillium-chrysogenum
1 0 0.01878761013910338 0.9681107911572864 Penicillium-solitum
1 0 -0.04902251663734978 0.9168767562259135 Penicillium-commune
1 0 -0.07562044880184375 0.8719894834803078 Penicillium-polonicum
1 0 -0.6436178690113087 0.11881268252776143 Penicillium-mb
1 0 -0.1277820060044643 0.7848372213158639 Penicillium-verrucosum
1 0 -0.4427299760924781 0.31983950092230257 Penicillium-brevicompactum
1 0 -0.37215678057703655 0.41103432289857894 Penicillium-cvjetkovicii
1 0 -0.4532986664467597 0.30701869432591944 Penicillium-chrysogenum
1 0 0.027709419005612353 0.952977086509036 Penicillium-solitum
1 0 -0.040450681608969426 0.9313849581894216 Penicillium-commune
1 0 -0.07226695451432624 0.8776359164048128 Penicillium-polonicum
1 0 -0.6459940114215156 0.11701135904960162 Penicillium-mb
1 0 -0.12310141311898413 0.7925964077227432 Penicillium-verrucosum
1 0 -0.44277634901174584 0.3197827500210816 Penicillium-brevicompactum
1 2 -0.372435413844682 0.4106561540032332 Penicillium-cvjetkovicii
1 2 -0.4560486799847367 0.30372019522582416 Penicillium-chrysogenum
1 2 0.020371909935655217 0.9654227476340911 Penicillium-solitum
1 2 -0.0475643199132722 0.9193436119820134 Penicillium-commune
1 2 -0.07562118982828242 0.8719882362501851 Penicillium-polonicum
1 2 -0.6452313677547625 0.1175879650974949 Penicillium-mb
1 2 -0.12769528626578444 0.7849808527368876 Penicillium-verrucosum
1 2 -0.44282266314404717 0.31972607540281545 Penicillium-brevicompactum
1 2 -0.3722105205739004 0.41096137483222767 Penicillium-cvjetkovicii
1 2 -0.455091741104561 0.30486622412145287 Penicillium-chrysogenum
1 2 0.017560404649322632 0.9701931274079902 Penicillium-solitum
1 2 -0.050295431485616104 0.9147237778321218 Penicillium-commune
1 2 -0.07873076531899403 0.8667563564089171 Penicillium-polonicum
1 2 -0.6430097344803439 0.11927597870937147 Penicillium-mb
1 2 -0.1298287666551395 0.7814486465767861 Penicillium-verrucosum
1 2 -0.44282266314404733 0.3197260754028152 Penicillium-brevicompactum
1 2 -0.37222751201656096 0.4109383112642632 Penicillium-cvjetkovicii
1 2 -0.45552893505995695 0.304342406487115 Penicillium-chrysogenum
1 2 0.023996723646663467 0.9592736250360756 Penicillium-solitum
1 2 -0.04424931674498431 0.9249535477159735 Penicillium-commune
1 2 -0.07322306626885441 0.8760256379346245 Penicillium-polonicum
1 2 -0.6448212434712837 0.11789864836343561 Penicillium-mb
1 2 -0.1251898280094216 0.789132653105179 Penicillium-verrucosum
1 2 -0.4428226631440473 0.3197260754028152 Penicillium-brevicompactum
1 2 -0.3730967815127256 0.40975907457821265 Penicillium-cvjetkovicii
1 2 -0.45958223966024264 0.29950483030150765 Penicillium-chrysogenum
1 2 0.023138579332379124 0.9607292423446926 Penicillium-solitum
1 2 -0.04580615299627749 0.9223186150443101 Penicillium-commune
1 2 -0.07548309113361855 0.8722206753918038 Penicillium-polonicum
1 2 -0.6444955970420229 0.11814563746211276 Penicillium-mb
1 2 -0.12743355542794155 0.78541437943207 Penicillium-verrucosum
1 2 -0.4428226631440472 0.3197260754028154 Penicillium-brevicompactum
1 0 -0.372156780577036 0.4110343228985794 Penicillium-cvjetkovicii
1 0 -0.45456750422235787 0.3054948510646976 Penicillium-chrysogenum
1 0 0.011358717064827445 0.9807180869442254 Penicillium-solitum
1 0 -0.05929961765822217 0.8995067495309175 Penicillium-commune
1 0 -0.09243128326708028 0.8437532302337121 Penicillium-polonicum
1 0 -0.6240264862123147 0.13420300583823444 Penicillium-mb
1 0 -0.14255189649201236 0.7604477539429424 Penicillium-verrucosum
1 0 -0.44280431417146926 0.3197485285275474 Penicillium-brevicompactum
1 2 -0.37226887734679154 0.41088216558911106 Penicillium-cvjetkovicii
1 2 -0.4556737892341669 0.30416893859803623 Penicillium-chrysogenum
1 2 0.019064497544755456 0.9676409850394383 Penicillium-solitum
1 2 -0.049723605621730824 0.915690900064618 Penicillium-commune
1 2 -0.08053460947122756 0.8637231392233321 Penicillium-polonicum
1 2 -0.6399205802789445 0.12164371173282365 Penicillium-mb
1 2 -0.13163859453127905 0.7784546195071897 Penicillium-verrucosum
1 2 -0.4428226631440474 0.3197260754028152 Penicillium-brevicompactum
1 0 -0.3721567805770355 0.4110343228985802 Penicillium-cvjetkovicii
1 0 -0.4548940709329796 0.3051031893038039 Penicillium-chrysogenum
1 0 0.020275609895141784 0.965586130378789 Penicillium-solitum
1 0 -0.04772344877922257 0.9190743857287476 Penicillium-commune
1 0 -0.07346795567691836 0.8756132509777425 Penicillium-polonicum
1 0 -0.6438642719415277 0.11862522906409094 Penicillium-mb
1 0 -0.12761302721148376 0.7851171005370211 Penicillium-verrucosum
1 0 -0.44276544625155867 0.31979609236283146 Penicillium-brevicompactum
1 2 -0.37308376813774924 0.40977671849279507 Penicillium-cvjetkovicii
1 2 -0.4588469666640031 0.3003798415347998 Penicillium-chrysogenum
1 2 0.021225321060476178 0.9639748920268209 Penicillium-solitum
1 2 -0.04760749245178015 0.9192705688089098 Penicillium-commune
1 2 -0.0796454253223445 0.8652181642069443 Penicillium-polonicum
1 2 -0.6447286937868867 0.11796881632675674 Penicillium-mb
1 2 -0.13079344771018336 0.7798524902170164 Penicillium-verrucosum
1 2 -0.442822663144047 0.3197260754028157 Penicillium-brevicompactum
1 2 -0.37111389428505975 0.4124509690464949 Penicillium-cvjetkovicii
1 2 -0.45624286261619124 0.3034878732567138 Penicillium-chrysogenum
1 2 0.018191503182286368 0.9691222548169458 Penicillium-solitum
1 2 -0.050670340382284185 0.9140897442496603 Penicillium-commune
1 2 -0.07895093941693992 0.86638605688182 Penicillium-polonicum
1 2 -0.6394161037642632 0.12203264711040565 Penicillium-mb
1 2 -0.13189713884030704 0.778027082556173 Penicillium-verrucosum
1 2 -0.44298374044454486 0.3195289988369613 Penicillium-brevicompactum
1 0 -0.372156780577036 0.4110343228985794 Penicillium-cvjetkovicii
1 0 -0.45366133499932054 0.3065827997881521 Penicillium-chrysogenum
1 0 0.021977880122279102 0.9626982023067531 Penicillium-solitum
1 0 -0.04621671885624084 0.9216238290081418 Penicillium-commune
1 0 -0.07494564096912654 0.8731253475798717 Penicillium-polonicum
1 0 -0.6424880392548742 0.11967416185046768 Penicillium-mb
1 0 -0.12718140528428637 0.7858320785277537 Penicillium-verrucosum
1 0 -0.4426281952271068 0.31996407497951335 Penicillium-brevicompactum
1 2 -0.37187758722568254 0.41141338894802787 Penicillium-cvjetkovicii
1 2 -0.45393735954141123 0.3062512249426286 Penicillium-chrysogenum
1 2 0.025252416624896037 0.9571438334784712 Penicillium-solitum
1 2 -0.04239469973504883 0.9280931825215158 Penicillium-commune
1 2 -0.0679170386129072 0.8849661926391029 Penicillium-polonicum
1 2 -0.6472787318290596 0.11604333363520726 Penicillium-mb
1 2 -0.12200993386825623 0.7944077706034621 Penicillium-verrucosum
1 2 -0.4428739976121281 0.3196632624662269 Penicillium-brevicompactum
3 4 -0.3712134526407612 0.4123156475003446 Penicillium-cvjetkovicii
3 4 -0.4560046597087958 0.3037728723457439 Penicillium-chrysogenum
3 4 0.01580245249956465 0.9731762729015156 Penicillium-solitum
3 4 -0.05159827380830934 0.9125206101480672 Penicillium-commune
3 4 -0.07323341345660957 0.8760082131062077 Penicillium-polonicum
3 4 -0.6450682802401929 0.11771145893581986 Penicillium-mb
3 4 -0.12700585111181503 0.786122916760426 Penicillium-verrucosum
3 4 -0.442971232957533 0.31954429975086723 Penicillium-brevicompactum
1 2 -0.3728426365613024 0.4101037057483622 Penicillium-cvjetkovicii
1 2 -0.45661160112047766 0.30304692557756985 Penicillium-chrysogenum
1 2 0.021875905180339113 0.9628711955099617 Penicillium-solitum
1 2 -0.04644260540921113 0.9212415860892466 Penicillium-commune
1 2 -0.07378979213845287 0.8750713213639663 Penicillium-polonicum
1 2 -0.6445507746487119 0.11810376884327488 Penicillium-mb
1 2 -0.12690298345409856 0.7862933454128435 Penicillium-verrucosum
1 2 -0.44282266314404733 0.3197260754028152 Penicillium-brevicompactum
1 2 -0.37199411767130364 0.41125515670870416 Penicillium-cvjetkovicii
1 2 -0.4522662894225915 0.3082609987000695 Penicillium-chrysogenum
1 2 0.03388117570719597 0.9425145377103435 Penicillium-solitum
1 2 -0.03401897296395635 0.942281010153206 Penicillium-commune
1 2 -0.06312298937103566 0.8930524493058825 Penicillium-polonicum
1 2 -0.6485114579898427 0.11511838443148156 Penicillium-mb
1 2 -0.11512022159114808 0.8058582752849859 Penicillium-verrucosum
1 2 -0.4428535841509355 0.31968823977151894 Penicillium-brevicompactum
1 2 -0.3724139698427033 0.41068525355171553 Penicillium-cvjetkovicii
1 2 -0.4560923698552647 0.30366791744796695 Penicillium-chrysogenum
1 2 0.021611614620155692 0.9633195509403775 Penicillium-solitum
1 2 -0.046753547982527316 0.9207154319729292 Penicillium-commune
1 2 -0.07579786714634358 0.8716908746474427 Penicillium-polonicum
1 2 -0.643985389560205 0.11853314348036781 Penicillium-mb
1 2 -0.12810292886053107 0.784305728220097 Penicillium-verrucosum
1 2 -0.44282266314404706 0.3197260754028157 Penicillium-brevicompactum
1 0 -0.3721567805770376 0.4110343228985773 Penicillium-cvjetkovicii
1 0 -0.4550590659700977 0.3049053892092793 Penicillium-chrysogenum
1 0 0.02082342365843036 0.9646567219054174 Penicillium-solitum
1 0 -0.047460201576459235 0.9195197705779454 Penicillium-commune
1 0 -0.07622712444373105 0.8709684515025979 Penicillium-polonicum
1 0 -0.6427651562911607 0.11946256768172045 Penicillium-mb
1 0 -0.1283200485949358 0.7839461853832627 Penicillium-verrucosum
1 0 -0.44279578848454226 0.31975896140392485 Penicillium-brevicompactum
1 2 -0.3729344643828399 0.40997917025200864 Penicillium-cvjetkovicii
1 2 -0.4574114427031992 0.3020914200533885 Penicillium-chrysogenum
1 2 0.018610598800560218 0.9684111373417 Penicillium-solitum
1 2 -0.04959255588397269 0.9159125545990675 Penicillium-commune
1 2 -0.07608002599640269 0.8712160043896862 Penicillium-polonicum
1 2 -0.6428096852406086 0.11942858532663288 Penicillium-mb
1 2 -0.12793781708502633 0.7845791680805382 Penicillium-verrucosum
1 2 -0.4428226631440472 0.3197260754028154 Penicillium-brevicompactum
1 0 -0.3721567805770361 0.4110343228985791 Penicillium-cvjetkovicii
1 0 -0.453280141681504 0.30704096667198283 Penicillium-chrysogenum
1 0 0.02032352155766799 0.9655048432844435 Penicillium-solitum
1 0 -0.047593998482088486 0.9192933990687288 Penicillium-commune
1 0 -0.07463116780053668 0.8736547409591109 Penicillium-polonicum
1 0 -0.6421393152512156 0.11994070551201572 Penicillium-mb
1 0 -0.12710741837558454 0.785954649230321 Penicillium-verrucosum
1 0 -0.44257860313847963 0.3200247804955488 Penicillium-brevicompactum
1 2 -0.3679450269409411 0.41676721960755503 Penicillium-cvjetkovicii
1 2 -0.4572774294624017 0.30225142236800695 Penicillium-chrysogenum
1 2 0.018962758966038176 0.9678136081628608 Penicillium-solitum
1 2 -0.049139090122240076 0.9166795695951242 Penicillium-commune
1 2 -0.07573215233747814 0.8718014763557669 Penicillium-polonicum
1 2 -0.6445942509651286 0.11807078451427346 Penicillium-mb
1 2 -0.12902349643767058 0.7827815099859032 Penicillium-verrucosum
1 2 -0.44325575734870293 0.319196307858061 Penicillium-brevicompactum
1 0 -0.3721567805770371 0.4110343228985778 Penicillium-cvjetkovicii
1 0 -0.4537325002510622 0.30649729742350695 Penicillium-chrysogenum
1 0 0.021807051651011693 0.962988001258497 Penicillium-solitum
1 0 -0.04671314761550585 0.9207837932012028 Penicillium-commune
1 0 -0.07498330752794041 0.8730619411083324 Penicillium-polonicum
1 0 -0.6400058339498854 0.1215780468116711 Penicillium-mb
1 0 -0.12700446387071823 0.7861252150628426 Penicillium-verrucosum
1 0 -0.4427577654874555 0.3198054919048798 Penicillium-brevicompactum
1 0 -0.37215678057703766 0.4110343228985773 Penicillium-cvjetkovicii
1 0 -0.45441127117382596 0.3056823040676134 Penicillium-chrysogenum
1 0 0.018240006439350937 0.9690399541101318 Penicillium-solitum
1 0 -0.04939892657158046 0.9162400627234993 Penicillium-commune
1 0 -0.0760439014131234 0.8712767999535984 Penicillium-polonicum
1 0 -0.6436600094052561 0.11878061300897039 Penicillium-mb
1 0 -0.12829745371372225 0.7839836003084797 Penicillium-verrucosum
1 0 -0.4426820652488829 0.31989813849252485 Penicillium-brevicompactum
1 2 -0.37232876707552137 0.4108008818539375 Penicillium-cvjetkovicii
1 2 -0.45485496097913525 0.30515008351031253 Penicillium-chrysogenum
1 2 0.02130684835668184 0.9638365808694079 Penicillium-solitum
1 2 -0.047077370889933565 0.9201675071519431 Penicillium-commune
1 2 -0.07612907732330969 0.8711334546783233 Penicillium-polonicum
1 2 -0.6420159980862664 0.12003503470945846 Penicillium-mb
1 2 -0.12777071121644493 0.7848559282751086 Penicillium-verrucosum
1 2 -0.4428226631440474 0.3197260754028152 Penicillium-brevicompactum
1 2 -0.37181795799468165 0.4114943664365973 Penicillium-cvjetkovicii
1 2 -0.4551863939046434 0.3047527837666821 Penicillium-chrysogenum
1 2 0.01994128175352869 0.966153359239841 Penicillium-solitum
1 2 -0.0481146194274464 0.9184125998070523 Penicillium-commune
1 2 -0.07686427006921129 0.8698962921041843 Penicillium-polonicum
1 2 -0.6433424656513997 0.1190223786164447 Penicillium-mb
1 2 -0.12828472790458903 0.7840046731560534 Penicillium-verrucosum
1 2 -0.44288396350589637 0.3196510688005042 Penicillium-brevicompactum
1 0 -0.3721567805770361 0.4110343228985791 Penicillium-cvjetkovicii
1 0 -0.45455033669713274 0.305515446704685 Penicillium-chrysogenum
1 0 0.018064066694489747 0.9693384910854095 Penicillium-solitum
1 0 -0.050909692401513516 0.9136849789247211 Penicillium-commune
1 0 -0.08193781479488901 0.8613645264289369 Penicillium-polonicum
1 0 -0.6369679702047525 0.12392912676598891 Penicillium-mb
1 0 -0.13272741137319471 0.776654419351859 Penicillium-verrucosum
1 0 -0.4427099250039448 0.31986404067091406 Penicillium-brevicompactum
1 2 -0.3730224944001786 0.40985979923125 Penicillium-cvjetkovicii
1 2 -0.4607491363056968 0.2981184731924527 Penicillium-chrysogenum
1 2 0.024379914931993266 0.9586236701435586 Penicillium-solitum
1 2 -0.044474426407629074 0.9245725172472234 Penicillium-commune
1 2 -0.07516032306685155 0.8727639670335239 Penicillium-polonicum
1 2 -0.6478428612752416 0.1156195773945711 Penicillium-mb
1 2 -0.12737150783364318 0.7855171605256756 Penicillium-verrucosum
1 2 -0.4428226631440473 0.3197260754028152 Penicillium-brevicompactum
1 2 -0.37288332158386406 0.4100485275056545 Penicillium-cvjetkovicii
1 2 -0.456837155834226 0.3027773396807569 Penicillium-chrysogenum
1 2 0.02271138371198481 0.9614539004909305 Penicillium-solitum
1 2 -0.045854929633284275 0.922236070009203 Penicillium-commune
1 2 -0.07345104197669368 0.8756417324602498 Penicillium-polonicum
1 2 -0.6440626521103334 0.1184744200832322 Penicillium-mb
1 2 -0.12694134689957984 0.7862297849888309 Penicillium-verrucosum
1 2 -0.4428226631440473 0.3197260754028152 Penicillium-brevicompactum
1 2 -0.37143954860305384 0.412008398348282 Penicillium-cvjetkovicii
1 2 -0.45510812392228633 0.30484658816872207 Penicillium-chrysogenum
1 2 0.024297927690876908 0.9587627323481359 Penicillium-solitum
1 2 -0.043531899900386244 0.9261679547067883 Penicillium-commune
1 2 -0.0712434745887575 0.879360027760764 Penicillium-polonicum
1 2 -0.6461962111481303 0.11685872843651565 Penicillium-mb
1 2 -0.12311242110048165 0.7925781432068479 Penicillium-verrucosum
1 2 -0.4429411013034482 0.3195811623193087 Penicillium-brevicompactum
1 2 -0.3728577374509693 0.4100832251304152 Penicillium-cvjetkovicii
1 2 -0.4570713757979356 0.30249750840616224 Penicillium-chrysogenum
1 2 0.02389252430795491 0.9594503672168917 Penicillium-solitum
1 2 -0.044521078758752136 0.9244935528681192 Penicillium-commune
1 2 -0.07209450692075511 0.8779263875991843 Penicillium-polonicum
1 2 -0.6459785467538679 0.11702303679236327 Penicillium-mb
1 2 -0.12587374577942864 0.7879989341543765 Penicillium-verrucosum
1 2 -0.44282266314404733 0.3197260754028152 Penicillium-brevicompactum
1 0 -0.37215678057703605 0.4110343228985794 Penicillium-cvjetkovicii
1 0 -0.4536616513675117 0.3065824196606312 Penicillium-chrysogenum
1 0 0.02360542616905618 0.9599373478637097 Penicillium-solitum
1 0 -0.044691656984074644 0.9242048341357376 Penicillium-commune
1 0 -0.07487924055363589 0.8732371248623009 Penicillium-polonicum
1 0 -0.642897330899849 0.11936171289596216 Penicillium-mb
1 0 -0.12626485191710962 0.7873507377017038 Penicillium-verrucosum
1 0 -0.44270590496400053 0.31986896073950966 Penicillium-brevicompactum
3 4 -0.37098515465155835 0.41262598011294543 Penicillium-cvjetkovicii
3 4 -0.453208658520699 0.30712691757613025 Penicillium-chrysogenum
3 4 0.028463716649733416 0.9516980660848944 Penicillium-solitum
3 4 -0.03938697786467484 0.933186442868593 Penicillium-commune
3 4 -0.06944055953695354 0.8823980616151301 Penicillium-polonicum
3 4 -0.6532812389252647 0.1115754915758531 Penicillium-mb
3 4 -0.1269802468881821 0.7861653365857232 Penicillium-verrucosum
3 4 -0.44299930602336995 0.31950995727778114 Penicillium-brevicompactum
3 4 -0.37284724619913373 0.4100974538733561 Penicillium-cvjetkovicii
3 4 -0.4569574918887947 0.30263355555031524 Penicillium-chrysogenum
3 4 0.022464402704653323 0.9618728676198969 Penicillium-solitum
3 4 -0.04585253786808849 0.9222401175968021 Penicillium-commune
3 4 -0.08123951560430623 0.862538178612069 Penicillium-polonicum
3 4 -0.644700665901084 0.1179900703398041 Penicillium-mb
3 4 -0.1276908379440563 0.7849882204956635 Penicillium-verrucosum
3 4 -0.44282266314404733 0.3197260754028152 Penicillium-brevicompactum
1 2 -0.37128905000353335 0.4122129057982676 Penicillium-cvjetkovicii
1 2 -0.45629916990223085 0.30342052125848085 Penicillium-chrysogenum
1 2 0.016978065938139178 0.9711812940557143 Penicillium-solitum
1 2 -0.05221442231387564 0.9114788284915728 Penicillium-commune
1 2 -0.08217052130735635 0.8609734546521574 Penicillium-polonicum
1 2 -0.6368451817589519 0.12402464136844488 Penicillium-mb
1 2 -0.13386480614031795 0.7747747510101053 Penicillium-verrucosum
1 2 -0.4429614384992372 0.31955628192810026 Penicillium-brevicompactum
1 2 -0.3685185550585015 0.41598472794300095 Penicillium-cvjetkovicii
1 2 -0.4566081075884989 0.3030511019198151 Penicillium-chrysogenum
1 2 0.023143511360488655 0.9607208761984345 Penicillium-solitum
1 2 -0.04499812612790529 0.9236861246442343 Penicillium-commune
1 2 -0.0736031249019222 0.8753856393398771 Penicillium-polonicum
1 2 -0.6465801235424661 0.11656921446805578 Penicillium-mb
1 2 -0.12642336902456616 0.7870880484853164 Penicillium-verrucosum
1 2 -0.4432179151927163 0.3192425818402633 Penicillium-brevicompactum
1 2 -0.37046454317242916 0.4133340055868772 Penicillium-cvjetkovicii
1 2 -0.45487833051719023 0.30512206223500293 Penicillium-chrysogenum
1 2 0.025242356280508638 0.9571608961221644 Penicillium-solitum
1 2 -0.04261735738639161 0.9277162111139201 Penicillium-commune
1 2 -0.06970063155067147 0.8819597511956911 Penicillium-polonicum
1 2 -0.6464278442342729 0.11668400622792535 Penicillium-mb
1 2 -0.122283759808454 0.793953273846159 Penicillium-verrucosum
1 2 -0.44305640785929884 0.3194401081140046 Penicillium-brevicompactum
1 0 -0.3721567805770371 0.4110343228985778 Penicillium-cvjetkovicii
1 0 -0.4524593155513887 0.3080285553964707 Penicillium-chrysogenum
1 0 0.01383016264898682 0.976523432045376 Penicillium-solitum
1 0 -0.05500252136749416 0.9067659984378083 Penicillium-commune
1 0 -0.08576377955686819 0.8549377589037425 Penicillium-polonicum
1 0 -0.6333602636822121 0.12675119828070724 Penicillium-mb
1 0 -0.13646834268944816 0.770475426188736 Penicillium-verrucosum
1 0 -0.4423086894789991 0.320355268081903 Penicillium-brevicompactum
1 2 -0.3716364974807006 0.4117408312848081 Penicillium-cvjetkovicii
1 2 -0.45587248965235017 0.30393105847940605 Penicillium-chrysogenum
1 2 0.014812532814842511 0.9748562219074755 Penicillium-solitum
1 2 -0.05457121060310952 0.9074949200614121 Penicillium-commune
1 2 -0.08499531541703656 0.8562281050907483 Penicillium-polonicum
1 2 -0.6337170843128089 0.12647063220210294 Penicillium-mb
1 2 -0.13571726705049553 0.7717152325240091 Penicillium-verrucosum
1 2 -0.4429125642906255 0.3196160757230162 Penicillium-brevicompactum
1 2 -0.37261240209272073 0.41041601155399915 Penicillium-cvjetkovicii
1 2 -0.45538189762712383 0.3045185332243112 Penicillium-chrysogenum
1 2 0.024291909066023454 0.9587729408381185 Penicillium-solitum
1 2 -0.04400868968303291 0.925360856228109 Penicillium-commune
1 2 -0.07159154903153941 0.8787736333398477 Penicillium-polonicum
1 2 -0.6454004251925872 0.11746002117405718 Penicillium-mb
1 2 -0.12545780875173151 0.7886883906069694 Penicillium-verrucosum
1 2 -0.4428226631440474 0.3197260754028152 Penicillium-brevicompactum
3 2 -0.3721567805770376 0.4110343228985773 Penicillium-cvjetkovicii
3 2 -0.45119473076697547 0.3095527677367941 Penicillium-chrysogenum
3 2 0.0337361965046459 0.9427602401785345 Penicillium-solitum
3 2 -0.03384054584062754 0.9425833945216482 Penicillium-commune
3 2 -0.06863793959221662 0.8837509011944885 Penicillium-polonicum
3 2 -0.6486003837157256 0.11505180866949928 Penicillium-mb
3 2 -0.11523920965015995 0.8056602812383532 Penicillium-verrucosum
3 2 -0.4427383382393449 0.31982926705566156 Penicillium-brevicompactum
3 4 -0.37276993152847293 0.4102023177479331 Penicillium-cvjetkovicii
3 4 -0.45705724714174173 0.30251438521684226 Penicillium-chrysogenum
3 4 0.022281184985291552 0.9621836741757253 Penicillium-solitum
3 4 -0.04599426716688823 0.9220002712112745 Penicillium-commune
3 4 -0.07666413539540984 0.8702330525355336 Penicillium-polonicum
3 4 -0.6470473402646285 0.11621737896429281 Penicillium-mb
3 4 -0.12898684740092212 0.7828421806405516 Penicillium-verrucosum
3 4 -0.44282266314404717 0.31972607540281545 Penicillium-brevicompactum
1 2 -0.3695751384183991 0.4145446841502473 Penicillium-cvjetkovicii
1 2 -0.45573957358254613 0.3040901738750324 Penicillium-chrysogenum
1 2 0.023966776349455324 0.9593244212940506 Penicillium-solitum
1 2 -0.04438324985991183 0.9247268452846129 Penicillium-commune
1 2 -0.07187415862119688 0.8782975587176283 Penicillium-polonicum
1 2 -0.6445956468019047 0.1180697256085064 Penicillium-mb
1 2 -0.125311135835592 0.7889315415363034 Penicillium-verrucosum
1 2 -0.4431380853732117 0.319340208500058 Penicillium-brevicompactum
1 0 -0.3721567805770361 0.4110343228985791 Penicillium-cvjetkovicii
1 0 -0.45223902449603576 0.3082938374696456 Penicillium-chrysogenum
1 0 0.020580190229533946 0.9650693823762435 Penicillium-solitum
1 0 -0.04718250078769288 0.91998962741243 Penicillium-commune
1 0 -0.07271940897621294 0.8768738528441054 Penicillium-polonicum
1 0 -0.642166402332891 0.11991999085381844 Penicillium-mb
1 0 -0.12653483364323662 0.7869033426792316 Penicillium-verrucosum
1 0 -0.442367700939065 0.3202830007165909 Penicillium-brevicompactum
1 2 -0.36976138819350607 0.41429104197987643 Penicillium-cvjetkovicii
1 2 -0.4580384816686812 0.3013432743759156 Penicillium-chrysogenum
1 2 0.01901258710078589 0.9677290630365 Penicillium-solitum
1 2 -0.049466999922301656 0.9161249211499578 Penicillium-commune
1 2 -0.0785132588778765 0.8671221883676904 Penicillium-polonicum
1 2 -0.6439562129343377 0.11855532306949142 Penicillium-mb
1 2 -0.13106778362767638 0.779398687449101 Penicillium-verrucosum
1 2 -0.4431222920011831 0.31935952429119985 Penicillium-brevicompactum
1 0 -0.372156780577036 0.4110343228985794 Penicillium-cvjetkovicii
1 0 -0.4538164381078364 0.30639646266085707 Penicillium-chrysogenum
1 0 0.02587392520483933 0.9560897618541686 Penicillium-solitum
1 0 -0.04231945374412558 0.9282205804613913 Penicillium-commune
1 0 -0.07281508489282595 0.876712716728375 Penicillium-polonicum
1 0 -0.64487215713761 0.11786005655324647 Penicillium-mb
1 0 -0.1240248186810295 0.7910645498420805 Penicillium-verrucosum
1 0 -0.44281136594277304 0.3197398993916162 Penicillium-brevicompactum
1 2 -0.37200599899363834 0.4112390248565418 Penicillium-cvjetkovicii
1 2 -0.4534365421504265 0.3068529484012794 Penicillium-chrysogenum
1 2 0.01986843139222172 0.9662769603610871 Penicillium-solitum
1 2 -0.04923757553624722 0.9165129819835122 Penicillium-commune
1 2 -0.07821501283798996 0.8676238498294917 Penicillium-polonicum
1 2 -0.634634909011781 0.1257504123160423 Penicillium-mb
1 2 -0.12911914008475361 0.7826231808157593 Penicillium-verrucosum
1 2 -0.44285142713555775 0.31969087908074595 Penicillium-brevicompactum
1 0 -0.37215678057703655 0.41103432289857894 Penicillium-cvjetkovicii
1 0 -0.4535378300457772 0.306731211081298 Penicillium-chrysogenum
1 0 0.02162373757074231 0.9632989848052599 Penicillium-solitum
1 0 -0.04636399874236339 0.9213746021236862 Penicillium-commune
1 0 -0.07552958708087674 0.8721424154855606 Penicillium-polonicum
1 0 -0.6433224083755985 0.1190376579483406 Penicillium-mb
1 0 -0.12728927662798661 0.7856533793453192 Penicillium-verrucosum
1 0 -0.44255497698420254 0.3200537029432183 Penicillium-brevicompactum
1 2 -0.3717984688151816 0.41152083442219894 Penicillium-cvjetkovicii
1 2 -0.4532629713687266 0.3070616111889062 Penicillium-chrysogenum
1 2 0.028821967268716588 0.9510906292450314 Penicillium-solitum
1 2 -0.039004348238191176 0.9338345187536488 Penicillium-commune
1 2 -0.06826271622472083 0.8843834284666167 Penicillium-polonicum
1 2 -0.6471031523549395 0.11617538658482507 Penicillium-mb
1 2 -0.11950161487859698 0.7985732217441597 Penicillium-verrucosum
1 2 -0.44288715597140255 0.3196471627349966 Penicillium-brevicompactum
1 0 -0.37215678057703805 0.4110343228985768 Penicillium-cvjetkovicii
1 0 -0.45568720194983053 0.3041528785990848 Penicillium-chrysogenum
1 0 0.0212821052099187 0.9638785575719703 Penicillium-solitum
1 0 -0.046890156014604036 0.9204842811866162 Penicillium-commune
1 0 -0.0749825415078752 0.8730632305923814 Penicillium-polonicum
1 0 -0.6439808898419841 0.11853656395253814 Penicillium-mb
1 0 -0.1273234865012368 0.7855967089856687 Penicillium-verrucosum
1 0 -0.44282233759115125 0.3197264737668598 Penicillium-brevicompactum
1 2 -0.3712253360454768 0.4122994965206604 Penicillium-cvjetkovicii
1 2 -0.45609205234970834 0.30366829734982714 Penicillium-chrysogenum
1 2 0.016704704920616383 0.9716451687033274 Penicillium-solitum
1 2 -0.052319184381384984 0.9113017071636864 Penicillium-commune
1 2 -0.0816658816519486 0.8618215485203812 Penicillium-polonicum
1 2 -0.637050762746774 0.12386474543558426 Penicillium-mb
1 2 -0.13320560717397137 0.7758640428518321 Penicillium-verrucosum
1 2 -0.442969710854292 0.3195461618228196 Penicillium-brevicompactum
1 2 -0.37244307057557713 0.41064576400202707 Penicillium-cvjetkovicii
1 2 -0.45540449048773224 0.3044914677785508 Penicillium-chrysogenum
1 2 0.020895046728020474 0.9645352101553398 Penicillium-solitum
1 2 -0.046728626258915315 0.9207576018320134 Penicillium-commune
1 2 -0.0728643718236606 0.8766297096511091 Penicillium-polonicum
1 2 -0.6455116814690685 0.11737586074912834 Penicillium-mb
1 2 -0.12498904831560939 0.7894655384694406 Penicillium-verrucosum
1 2 -0.4428226631440474 0.3197260754028152 Penicillium-brevicompactum
3 4 -0.37264708267840296 0.4103689624589423 Penicillium-cvjetkovicii
3 4 -0.45667329169525495 0.3029731817497746 Penicillium-chrysogenum
3 4 0.022241994068616808 0.9622501572902291 Penicillium-solitum
3 4 -0.04618041904509828 0.9216852562983997 Penicillium-commune
3 4 -0.07844574227034717 0.8672357508325375 Penicillium-polonicum
3 4 -0.6475148948858418 0.11586583807389499 Penicillium-mb
3 4 -0.1315028190938206 0.7786791598109598 Penicillium-verrucosum
3 4 -0.44282266314404733 0.3197260754028152 Penicillium-brevicompactum
1 0 -0.372156780577036 0.4110343228985794 Penicillium-cvjetkovicii
1 0 -0.4518216780978234 0.3087966936752654 Penicillium-chrysogenum
1 0 0.03190767690390675 0.9458594153971884 Penicillium-solitum
1 0 -0.03624780580632857 0.9385042319843439 Penicillium-commune
1 0 -0.0668523576819894 0.8867613541716822 Penicillium-polonicum
1 0 -0.645662470440785 0.11726184520563429 Penicillium-mb
1 0 -0.11784411034618525 0.801327855083293 Penicillium-verrucosum
1 0 -0.4427264489672643 0.31984381757496666 Penicillium-brevicompactum
1 2 -0.37250695808225653 0.41055907420252774 Penicillium-cvjetkovicii
1 2 -0.4546510082068602 0.30539468116971796 Penicillium-chrysogenum
1 2 0.024909761470677246 0.957724994116895 Penicillium-solitum
1 2 -0.04267750836882542 0.9276143740999241 Penicillium-commune
1 2 -0.06995421493152268 0.881532399407114 Penicillium-polonicum
1 2 -0.6471605442282319 0.11613221375693371 Penicillium-mb
1 2 -0.12156429396141975 0.7951475432984784 Penicillium-verrucosum
1 2 -0.4428226631440472 0.3197260754028154 Penicillium-brevicompactum
1 0 -0.3721567805770355 0.4110343228985802 Penicillium-cvjetkovicii
1 0 -0.4541797452208529 0.3059601882456469 Penicillium-chrysogenum
1 0 0.02515301022152822 0.9573124302691747 Penicillium-solitum
1 0 -0.04298258477784906 0.9270978847562825 Penicillium-commune
1 0 -0.07143553209068296 0.87903646668908 Penicillium-polonicum
1 0 -0.6447630866302458 0.11794273835455957 Penicillium-mb
1 0 -0.12374097364083654 0.7915353699385586 Penicillium-verrucosum
1 0 -0.44280038867637844 0.31975333213454127 Penicillium-brevicompactum
1 2 -0.37262778021418624 0.4103951487066974 Penicillium-cvjetkovicii
1 2 -0.4562265257870423 0.30350741579290386 Penicillium-chrysogenum
1 2 0.017809512674264612 0.9697704268754455 Penicillium-solitum
1 2 -0.05080517435492894 0.9138617263174653 Penicillium-commune
1 2 -0.079625803269656 0.8652511592579183 Penicillium-polonicum
1 2 -0.64030415083303 0.12134841754253171 Penicillium-mb
1 2 -0.13139854915663374 0.7788516058146794 Penicillium-verrucosum
1 2 -0.4428226631440472 0.3197260754028154 Penicillium-brevicompactum
1 2 -0.3682713051219325 0.41632199244793244 Penicillium-cvjetkovicii
1 2 -0.4568696713103336 0.30273848544793497 Penicillium-chrysogenum
1 2 0.02331019996975699 0.9604381257920229 Penicillium-solitum
1 2 -0.045167798190373185 0.9233989581228927 Penicillium-commune
1 2 -0.07478621213832225 0.8733937300673849 Penicillium-polonicum
1 2 -0.6447855360707696 0.11792571792971342 Penicillium-mb
1 2 -0.12691469109225814 0.7862739481383176 Penicillium-verrucosum
1 2 -0.44323463116277234 0.3192221409324537 Penicillium-brevicompactum
1 2 -0.37182850130099804 0.4114800479961633 Penicillium-cvjetkovicii
1 2 -0.4550608904102457 0.3049032023397355 Penicillium-chrysogenum
1 2 0.016586333492779732 0.9718460387676364 Penicillium-solitum
1 2 -0.05117878862706432 0.9132299312477631 Penicillium-commune
1 2 -0.07608362980608634 0.8712099394161117 Penicillium-polonicum
1 2 -0.6414796279299655 0.12044576468375642 Penicillium-mb
1 2 -0.12818975807240582 0.78416193835905 Penicillium-verrucosum
1 2 -0.44288222340160843 0.31965319787254376 Penicillium-brevicompactum
1 0 -0.37215678057703605 0.4110343228985794 Penicillium-cvjetkovicii
1 0 -0.4539134961094931 0.30627988472487844 Penicillium-chrysogenum
1 0 0.018734908522691093 0.9682002129665741 Penicillium-solitum
1 0 -0.04993058612839706 0.9153408268138074 Penicillium-commune
1 0 -0.07940636523511874 0.8656201612747443 Penicillium-polonicum
1 0 -0.6385000586879764 0.12274051773134469 Penicillium-mb
1 0 -0.1314527306434522 0.778761997294429 Penicillium-verrucosum
1 0 -0.4425316294296834 0.32008228544553996 Penicillium-brevicompactum
1 2 -0.37088485518307684 0.41276234924095445 Penicillium-cvjetkovicii
1 2 -0.4561511838352904 0.3035975489185199 Penicillium-chrysogenum
1 2 0.013950902768673525 0.9763185165734022 Penicillium-solitum
1 2 -0.05471944781657379 0.9072443911170225 Penicillium-commune
1 2 -0.08199119415982677 0.8612748184674957 Penicillium-polonicum
1 2 -0.6371759047535159 0.12376746475401186 Penicillium-mb
1 2 -0.13401902537413102 0.7745199541107244 Penicillium-verrucosum
1 2 -0.4430109962280202 0.3194956568325315 Penicillium-brevicompactum
1 2 -0.37288933801658186 0.4100403680874639 Penicillium-cvjetkovicii
1 2 -0.4571282864005861 0.30242953234960746 Penicillium-chrysogenum
1 2 0.02401473353577929 0.9592430769239233 Penicillium-solitum
1 2 -0.04431087220274338 0.9248493551179404 Penicillium-commune
1 2 -0.07372062541503716 0.8751877856184812 Penicillium-polonicum
1 2 -0.6476700901401795 0.11574927265577134 Penicillium-mb
1 2 -0.12709966980033238 0.7859674861412788 Penicillium-verrucosum
1 2 -0.442822663144047 0.3197260754028157 Penicillium-brevicompactum
1 0 -0.3721567805770376 0.4110343228985773 Penicillium-cvjetkovicii
1 0 -0.4538631026462022 0.3063404107070873 Penicillium-chrysogenum
1 0 0.018853492679934834 0.9679990049028395 Penicillium-solitum
1 0 -0.04929033388481829 0.9164237424855871 Penicillium-commune
1 0 -0.07715170224546397 0.8694126662226633 Penicillium-polonicum
1 0 -0.6404108545040048 0.12126633657124747 Penicillium-mb
1 0 -0.1287228112737387 0.7832793051404381 Penicillium-verrucosum
1 0 -0.4426501827368348 0.3199371617303369 Penicillium-brevicompactum
1 2 -0.37119170407950897 0.4123452070591343 Penicillium-cvjetkovicii
1 2 -0.45525687765188527 0.30466832177238456 Penicillium-chrysogenum
1 2 0.017746218299075914 0.9698778278073685 Penicillium-solitum
1 2 -0.05024480403424248 0.9148094000726829 Penicillium-commune
1 2 -0.07672019715222463 0.8701387175757586 Penicillium-polonicum
1 2 -0.641476431673121 0.12044821440573872 Penicillium-mb
1 2 -0.12843067297652433 0.7837630069459851 Penicillium-verrucosum
1 2 -0.44297400218448013 0.31954091201645046 Penicillium-brevicompactum
1 2 -0.37204618799321904 0.4111844601272853 Penicillium-cvjetkovicii
1 2 -0.4534369433447214 0.30685246616658146 Penicillium-chrysogenum
1 2 0.029617560582395116 0.9497417175796878 Penicillium-solitum
1 2 -0.0383280048955884 0.9349801408144249 Penicillium-commune
1 2 -0.06757245319552137 0.8855471565663497 Penicillium-polonicum
1 2 -0.6470426443331725 0.11622091248646524 Penicillium-mb
1 2 -0.11906230149035743 0.7993031629459606 Penicillium-verrucosum
1 2 -0.4428440188002622 0.31969994394066975 Penicillium-brevicompactum
1 2 -0.3690341470751597 0.41528177110936215 Penicillium-cvjetkovicii
1 2 -0.4569953207326468 0.3025883617615528 Penicillium-chrysogenum
1 2 0.021518827789326116 0.9634769608853515 Penicillium-solitum
1 2 -0.04685997663615754 0.9205353465206204 Penicillium-commune
1 2 -0.07825780416508572 0.8675518709760561 Penicillium-polonicum
1 2 -0.6456192235611704 0.1172945394800005 Penicillium-mb
1 2 -0.1298772633866406 0.7813683895294896 Penicillium-verrucosum
1 2 -0.44318082931177233 0.31928793384885273 Penicillium-brevicompactum
3 4 -0.37255497950732686 0.41049391802895163 Penicillium-cvjetkovicii
3 4 -0.45567847288914876 0.3041633304823951 Penicillium-chrysogenum
3 4 0.02316184739682872 0.9606897730022634 Penicillium-solitum
3 4 -0.04529483149544242 0.9231839611623156 Penicillium-commune
3 4 -0.07889855042288976 0.8664741654852601 Penicillium-polonicum
3 4 -0.6453525133381854 0.11749627393463397 Penicillium-mb
3 4 -0.12937019551891246 0.7822076102641499 Penicillium-verrucosum
3 4 -0.4428226631440474 0.3197260754028152 Penicillium-brevicompactum
1 2 -0.37156025590300107 0.4118444020347086 Penicillium-cvjetkovicii
1 2 -0.4555932916048153 0.3042653319460443 Penicillium-chrysogenum
1 2 0.025619784663582886 0.9565207752994425 Penicillium-solitum
1 2 -0.042547326002388045 0.9278347768662826 Penicillium-commune
1 2 -0.07032465181350946 0.8809081611733075 Penicillium-polonicum
1 2 -0.6464105482994645 0.11669704799815524 Penicillium-mb
1 2 -0.1236054842213254 0.7917601270315725 Penicillium-verrucosum
1 2 -0.44292389320404557 0.31960221524799043 Penicillium-brevicompactum
1 2 -0.3718680360379021 0.4114263591996297 Penicillium-cvjetkovicii
1 2 -0.4551980579692406 0.3047388057915213 Penicillium-chrysogenum
1 2 0.02300178629698099 0.9609612840398236 Penicillium-solitum
1 2 -0.04503390995723932 0.923625560690241 Penicillium-commune
1 2 -0.07274241264183677 0.8768351100652204 Penicillium-polonicum
1 2 -0.6448701949584514 0.11786154373563548 Penicillium-mb
1 2 -0.12507868554652646 0.7893169200816099 Penicillium-verrucosum
1 2 -0.4428756145889048 0.31966128401745 Penicillium-brevicompactum
1 0 -0.37215678057703755 0.4110343228985773 Penicillium-cvjetkovicii
1 0 -0.45389770054886686 0.30629885570634563 Penicillium-chrysogenum
1 0 0.020902560955463945 0.9645224619630471 Penicillium-solitum
1 0 -0.047127451911323025 0.9200827697558802 Penicillium-commune
1 0 -0.07428009776406212 0.8742457868557072 Penicillium-polonicum
1 0 -0.6436460669511098 0.11879122294806686 Penicillium-mb
1 0 -0.12819694092185946 0.7841500437221596 Penicillium-verrucosum
1 0 -0.4425896017069649 0.3200113167542736 Penicillium-brevicompactum
1 0 -0.37215678057703544 0.4110343228985803 Penicillium-cvjetkovicii
1 0 -0.4543524523225139 0.30575288969307235 Penicillium-chrysogenum
1 0 0.022646261886901636 0.9615643694538537 Penicillium-solitum
1 0 -0.04524145793222396 0.9232742925631314 Penicillium-commune
1 0 -0.07333831537160904 0.875831558865792 Penicillium-polonicum
1 0 -0.6446700934991992 0.11801325615018635 Penicillium-mb
1 0 -0.1251996618623243 0.7891163495926866 Penicillium-verrucosum
1 0 -0.44274267426791286 0.31982396053887985 Penicillium-brevicompactum
1 2 -0.3716153386513079 0.4117695735777848 Penicillium-cvjetkovicii
1 2 -0.45419703637387543 0.3059394310837646 Penicillium-chrysogenum
1 2 0.028635654905381877 0.9514065314391003 Penicillium-solitum
1 2 -0.039286571992766306 0.9333565016868086 Penicillium-commune
1 2 -0.06645398048510812 0.8874331584200259 Penicillium-polonicum
1 2 -0.6480750748654873 0.11544537825471911 Penicillium-mb
1 2 -0.12022005186332578 0.7973797541979538 Penicillium-verrucosum
1 2 -0.4429157461922861 0.31961218276666314 Penicillium-brevicompactum
1 0 -0.3721567805770387 0.4110343228985758 Penicillium-cvjetkovicii
1 0 -0.45360775214628585 0.3066471844459407 Penicillium-chrysogenum
1 0 0.0251277592526766 0.9573552570109298 Penicillium-solitum
1 0 -0.04268283310669852 0.9276053592325465 Penicillium-commune
1 0 -0.071660320698094 0.8786577802218588 Penicillium-polonicum
1 0 -0.6457849520478093 0.11716927563482082 Penicillium-mb
1 0 -0.12297238107491203 0.7928105041654214 Penicillium-verrucosum
1 0 -0.44279646489724783 0.3197581336728622 Penicillium-brevicompactum
1 0 -0.37215678057703655 0.41103432289857894 Penicillium-cvjetkovicii
1 0 -0.4514374870550986 0.3092599174329781 Penicillium-chrysogenum
1 0 0.036122485438414176 0.9387165647330475 Penicillium-solitum
1 0 -0.03138050885612948 0.946753019743428 Penicillium-commune
1 0 -0.06030493937019459 0.8978092098795243 Penicillium-polonicum
1 0 -0.6504393939245078 0.11367946048865503 Penicillium-mb
1 0 -0.11167235702267664 0.8115990086992709 Penicillium-verrucosum
1 0 -0.4427624897209531 0.3197997104827106 Penicillium-brevicompactum
1 2 -0.3719528551196293 0.4113111828203854 Penicillium-cvjetkovicii
1 2 -0.45563454867044917 0.30421592625152555 Penicillium-chrysogenum
1 2 0.01656645819857952 0.9718797662089612 Penicillium-solitum
1 2 -0.052470323089447116 0.9110461819525141 Penicillium-commune
1 2 -0.08462654060599714 0.8568474141212674 Penicillium-polonicum
1 2 -0.6375874102260678 0.12344785207479587 Penicillium-mb
1 2 -0.13513124048518324 0.7726828594900681 Penicillium-verrucosum
1 2 -0.44286096275604414 0.31967921143203887 Penicillium-brevicompactum
1 2 -0.37207853897659543 0.41114053916062004 Penicillium-cvjetkovicii
1 2 -0.45494646911494285 0.30504036699203163 Penicillium-chrysogenum
1 2 0.02209908659481807 0.9624925856999357 Penicillium-solitum
1 2 -0.046282460678963785 0.9215125801265407 Penicillium-commune
1 2 -0.07687983955917149 0.869870094459418 Penicillium-polonicum
1 2 -0.6432456349421078 0.11909615212226493 Penicillium-mb
1 2 -0.1282146010474673 0.7841207990940202 Penicillium-verrucosum
1 2 -0.4428379242766528 0.31970740130012154 Penicillium-brevicompactum
1 2 -0.3721391116168744 0.41105830831349244 Penicillium-cvjetkovicii
1 2 -0.45497511646683647 0.30500602291180323 Penicillium-chrysogenum
1 2 0.012707603877808444 0.9784286434361726 Penicillium-solitum
1 2 -0.05698623999211892 0.9034141606526058 Penicillium-commune
1 2 -0.0885923087732151 0.8501905404645372 Penicillium-polonicum
1 2 -0.6300583637900438 0.12936253406002707 Penicillium-mb
1 2 -0.13846883620050893 0.7671750968241732 Penicillium-verrucosum
1 2 -0.4428261771547723 0.319721775483813 Penicillium-brevicompactum
3 4 -0.37290533770902995 0.4100186697953916 Penicillium-cvjetkovicii
3 4 -0.4571198627779385 0.3024395934025271 Penicillium-chrysogenum
3 4 0.027187165197822633 0.9538626903035986 Penicillium-solitum
3 4 -0.04164791697061194 0.929357603767468 Penicillium-commune
3 4 -0.08180414918804622 0.8615891665413248 Penicillium-polonicum
3 4 -0.6447528975721296 0.11795046377949157 Penicillium-mb
3 4 -0.12586752078483113 0.788009251883864 Penicillium-verrucosum
3 4 -0.4428226631440472 0.3197260754028154 Penicillium-brevicompactum
1 2 -0.37267612808278233 0.4103295599102754 Penicillium-cvjetkovicii
1 2 -0.455462276661795 0.3044222467869737 Penicillium-chrysogenum
1 2 0.02903309871819519 0.9507326511719159 Penicillium-solitum
1 2 -0.03903057120072378 0.9337901028887168 Penicillium-commune
1 2 -0.06770825215749811 0.8853181974301081 Penicillium-polonicum
1 2 -0.6483527925054248 0.11523722143609293 Penicillium-mb
1 2 -0.12005992903122503 0.7976457231480412 Penicillium-verrucosum
1 2 -0.44282266314404706 0.3197260754028157 Penicillium-brevicompactum
1 2 -0.36927300111225697 0.4149562754845447 Penicillium-cvjetkovicii
1 2 -0.4571450963650217 0.3024094552106485 Penicillium-chrysogenum
1 2 0.01565339804986845 0.9734292217076577 Penicillium-solitum
1 2 -0.05348580743945847 0.9093294951125419 Penicillium-commune
1 2 -0.08201028575941119 0.8612427339135613 Penicillium-polonicum
1 2 -0.6373055967770768 0.12366668839085303 Penicillium-mb
1 2 -0.13475094059604423 0.7733109229844879 Penicillium-verrucosum
1 2 -0.44316249149154485 0.3193103600415647 Penicillium-brevicompactum
1 2 -0.36853743340962386 0.4159589810637346 Penicillium-cvjetkovicii
1 2 -0.45564029939085193 0.3042090399930813 Penicillium-chrysogenum
1 2 0.02303372765303233 0.960907101798203 Penicillium-solitum
1 2 -0.04505267205913499 0.9235938060428951 Penicillium-commune
1 2 -0.06904846843710608 0.8830589144909382 Penicillium-polonicum
1 2 -0.6448401022592267 0.11788435292085957 Penicillium-mb
1 2 -0.12425239125099075 0.7906871066146971 Penicillium-verrucosum
1 2 -0.44321661210291763 0.3192441753305282 Penicillium-brevicompactum
1 0 -0.37215678057703605 0.4110343228985794 Penicillium-cvjetkovicii
1 0 -0.45287543767787963 0.3075277189414359 Penicillium-chrysogenum
1 0 0.019518968334721745 0.9668698821572402 Penicillium-solitum
1 0 -0.04858240759307246 0.9176212408997695 Penicillium-commune
1 0 -0.07699840596795257 0.8696705945200075 Penicillium-polonicum
1 0 -0.6404850212812796 0.12120930115477829 Penicillium-mb
1 0 -0.12887144639460194 0.7830332269719092 Penicillium-verrucosum
1 0 -0.4424289483876304 0.32020800252775444 Penicillium-brevicompactum
1 0 -0.3721567805770371 0.4110343228985778 Penicillium-cvjetkovicii
1 0 -0.45434484604171693 0.30576201813924625 Penicillium-chrysogenum
1 0 0.019764587510253222 0.9664531473778291 Penicillium-solitum
1 0 -0.048061640095838146 0.9185022285173466 Penicillium-commune
1 0 -0.07518398602666218 0.8727241355685533 Penicillium-polonicum
1 0 -0.6432086760134839 0.1191243166400526 Penicillium-mb
1 0 -0.12728289838002488 0.7856639453141204 Penicillium-verrucosum
1 0 -0.44265179298862356 0.3199351907812072 Penicillium-brevicompactum
1 2 -0.3722048894647189 0.41096901840765165 Penicillium-cvjetkovicii
1 2 -0.45495575466585747 0.30502923475822574 Penicillium-chrysogenum
1 2 0.020211316386899256 0.965695211342213 Penicillium-solitum
1 2 -0.048890023424409214 0.9171008755432918 Penicillium-commune
1 2 -0.08092702901680654 0.8630634493271149 Penicillium-polonicum
1 2 -0.6381731730978646 0.12299362589177054 Penicillium-mb
1 2 -0.1315609928149681 0.7785829528030239 Penicillium-verrucosum
1 2 -0.44282266314404706 0.3197260754028157 Penicillium-brevicompactum
1 2 -0.3722854637139411 0.4108596535532013 Penicillium-cvjetkovicii
1 2 -0.45557163607782325 0.30429126603480217 Penicillium-chrysogenum
1 2 0.021009336449352347 0.9643413136479486 Penicillium-solitum
1 2 -0.04699466428317126 0.9203074485538474 Penicillium-commune
1 2 -0.07512914933036903 0.8728164415896477 Penicillium-polonicum
1 2 -0.6451404666253929 0.11765678941007915 Penicillium-mb
1 2 -0.12769272182463323 0.7849851002212246 Penicillium-verrucosum
1 2 -0.4428226631440473 0.3197260754028152 Penicillium-brevicompactum
1 2 -0.3717500538482198 0.41158658900979744 Penicillium-cvjetkovicii
1 2 -0.4522156341065523 0.30832201083699545 Penicillium-chrysogenum
1 2 0.03433090567721479 0.9417523841868088 Penicillium-solitum
1 2 -0.033323770159102734 0.9434592164684685 Penicillium-commune
1 2 -0.0635114619749 0.8923969196885116 Penicillium-polonicum
1 2 -0.6498835983814267 0.11409332195467423 Penicillium-mb
1 2 -0.11431893130071326 0.807191822614029 Penicillium-verrucosum
1 2 -0.442894955492068 0.31963761990302725 Penicillium-brevicompactum
1 0 -0.3721567805770376 0.4110343228985773 Penicillium-cvjetkovicii
1 0 -0.45392931825842503 0.3062608823252319 Penicillium-chrysogenum
1 0 0.02054542375039251 0.9651283663543435 Penicillium-solitum
1 0 -0.04730275539445535 0.9197861599253049 Penicillium-commune
1 0 -0.07513196402863224 0.8728117036103922 Penicillium-polonicum
1 0 -0.6430414771220959 0.1192517732115804 Penicillium-mb
1 0 -0.12653854982540022 0.786897184804339 Penicillium-verrucosum
1 0 -0.4427432252987878 0.3198232861792129 Penicillium-brevicompactum
1 2 -0.3720051729123573 0.4112401464594502 Penicillium-cvjetkovicii
1 2 -0.45504462477944735 0.30492269941934524 Penicillium-chrysogenum
1 2 0.021642520711740082 0.963267119936599 Penicillium-solitum
1 2 -0.0465884965388016 0.9209947170131308 Penicillium-commune
1 2 -0.07474448156825644 0.8734639809024097 Penicillium-polonicum
1 2 -0.6432450574842838 0.11909659214712386 Penicillium-mb
1 2 -0.12707182715373894 0.7860136128198526 Penicillium-verrucosum
1 2 -0.4428515775878565 0.3196906949880394 Penicillium-brevicompactum
1 0 -0.37215678057703605 0.4110343228985794 Penicillium-cvjetkovicii
1 0 -0.45226230297545117 0.3082658000121128 Penicillium-chrysogenum
1 0 0.01589299265088898 0.9730226250681653 Penicillium-solitum
1 0 -0.05314309388543231 0.909908824841069 Penicillium-commune
1 0 -0.08420572439622474 0.8575541912031541 Penicillium-polonicum
1 0 -0.6329384832914426 0.12708325172954527 Penicillium-mb
1 0 -0.13502792789943707 0.7728534699985407 Penicillium-verrucosum
1 0 -0.4422225914260905 0.3204607191957246 Penicillium-brevicompactum
1 0 -0.37215678057703666 0.41103432289857833 Penicillium-cvjetkovicii
1 0 -0.4528325181671174 0.30757935956019866 Penicillium-chrysogenum
1 0 0.021603428488797413 0.9633334384171349 Penicillium-solitum
1 0 -0.046122252900277244 0.9217836868955739 Penicillium-commune
1 0 -0.07453917576838485 0.8738096101444326 Penicillium-polonicum
1 0 -0.6437736597500743 0.1186941454755227 Penicillium-mb
1 0 -0.1263574659330881 0.787197258922837 Penicillium-verrucosum
1 0 -0.44247514688142847 0.3201514369683729 Penicillium-brevicompactum
1 2 -0.37278209594584 0.41018581813794835 Penicillium-cvjetkovicii
1 2 -0.4552647643813225 0.3046588715947673 Penicillium-chrysogenum
1 2 0.028773663302185535 0.9511725306168106 Penicillium-solitum
1 2 -0.039554115999366236 0.9329033631751611 Penicillium-commune
1 2 -0.06732866060395387 0.8859582105002266 Penicillium-polonicum
1 2 -0.6468186966551174 0.11638948951067173 Penicillium-mb
1 2 -0.12078431316404536 0.7964426231796844 Penicillium-verrucosum
1 2 -0.44282266314404733 0.3197260754028152 Penicillium-brevicompactum
1 2 -0.3723540965873805 0.41076650594969644 Penicillium-cvjetkovicii
1 2 -0.456214352306212 0.3035219783833121 Penicillium-chrysogenum
1 2 0.020498613044913665 0.9652077844788729 Penicillium-solitum
1 2 -0.047656591716394844 0.9191874988176045 Penicillium-commune
1 2 -0.07337010677227995 0.8757780231333034 Penicillium-polonicum
1 2 -0.6443540551922488 0.1182530739754116 Penicillium-mb
1 2 -0.12767342652213193 0.7850170591702291 Penicillium-verrucosum
1 2 -0.442822663144047 0.3197260754028157 Penicillium-brevicompactum
1 2 -0.3692252530187733 0.41502133568395194 Penicillium-cvjetkovicii
1 2 -0.4570161471625767 0.30256348187238596 Penicillium-chrysogenum
1 2 0.01965168631963617 0.9666447027341556 Penicillium-solitum
1 2 -0.04910962070467398 0.9167294174469346 Penicillium-commune
1 2 -0.08066942488542808 0.8634964961841113 Penicillium-polonicum
1 2 -0.6425242119552484 0.11964653106759895 Penicillium-mb
1 2 -0.13231084213975203 0.7773430624782804 Penicillium-verrucosum
1 2 -0.443166221546534 0.31930579832475203 Penicillium-brevicompactum
1 2 -0.37264042895698224 0.41037798900421424 Penicillium-cvjetkovicii
1 2 -0.45627302082908267 0.30345179867465316 Penicillium-chrysogenum
1 2 0.01588818330145899 0.9730307865810557 Penicillium-solitum
1 2 -0.051557970722425406 0.9125887579439148 Penicillium-commune
1 2 -0.0761577493146221 0.8710852022939599 Penicillium-polonicum
1 2 -0.6437602034386306 0.11870438162435751 Penicillium-mb
1 2 -0.1278208496223255 0.784772887317262 Penicillium-verrucosum
1 2 -0.44282266314404733 0.3197260754028152 Penicillium-brevicompactum
1 2 -0.37258060404595694 0.41045915194068255 Penicillium-cvjetkovicii
1 2 -0.45484908492774745 0.3051571293747169 Penicillium-chrysogenum
1 2 0.028320731363346858 0.9519405119896991 Penicillium-solitum
1 2 -0.039531437531460885 0.9329417730732515 Penicillium-commune
1 2 -0.06779210853710294 0.8851768174535185 Penicillium-polonicum
1 2 -0.6483354376453944 0.11525022368956155 Penicillium-mb
1 2 -0.11992578408593127 0.7978685540110755 Penicillium-verrucosum
1 2 -0.4428226631440472 0.3197260754028154 Penicillium-brevicompactum
1 0 -0.37215678057703755 0.4110343228985773 Penicillium-cvjetkovicii
1 0 -0.4526986516828512 0.3077404516181461 Penicillium-chrysogenum
1 0 0.020248647470270203 0.9656318750274491 Penicillium-solitum
1 0 -0.04769893372816555 0.9191158617465747 Penicillium-commune
1 0 -0.07510964011363191 0.8728492815211049 Penicillium-polonicum
1 0 -0.6418963969385113 0.1201265578247336 Penicillium-mb
1 0 -0.12804905637270328 0.784394943938177 Penicillium-verrucosum
1 0 -0.44242452476046407 0.32021341905495065 Penicillium-brevicompactum
1 2 -0.37160917314036435 0.4117779489964 Penicillium-cvjetkovicii
1 2 -0.4548325659078721 0.30517693740714524 Penicillium-chrysogenum
1 2 0.024433357397047394 0.9585330244517091 Penicillium-solitum
1 2 -0.043705636422852745 0.9258738517665004 Penicillium-commune
1 2 -0.06934499748600564 0.8825591224013469 Penicillium-polonicum
1 2 -0.6455334974971231 0.11735936153882248 Penicillium-mb
1 2 -0.1244269567114805 0.7903976010035956 Penicillium-verrucosum
1 2 -0.44291666780627703 0.3196110552048286 Penicillium-brevicompactum
1 2 -0.36698356461289533 0.41808027376652196 Penicillium-cvjetkovicii
1 2 -0.4577720188514027 0.30166110242242644 Penicillium-chrysogenum
1 2 0.012275636283167331 0.9791618027464146 Penicillium-solitum
1 2 -0.05794252774832296 0.9017987509778875 Penicillium-commune
1 2 -0.08979465007951341 0.8481736919014528 Penicillium-polonicum
1 2 -0.6296654162973389 0.12967510981193142 Penicillium-mb
1 2 -0.1403304663639965 0.7641063682717696 Penicillium-verrucosum
1 2 -0.44331275052876 0.3191266211718828 Penicillium-brevicompactum
1 0 -0.3721567805770376 0.4110343228985773 Penicillium-cvjetkovicii
1 0 -0.4552463536654843 0.3046809322110721 Penicillium-chrysogenum
1 0 0.021035166368903183 0.9642974924798274 Penicillium-solitum
1 0 -0.047328890533318194 0.9197419404492093 Penicillium-commune
1 0 -0.07677959323655174 0.8700387732883434 Penicillium-polonicum
1 0 -0.6426274955802473 0.11956765517058214 Penicillium-mb
1 0 -0.1285766844297681 0.7835212446432225 Penicillium-verrucosum
1 0 -0.4427381923675052 0.3198294455771401 Penicillium-brevicompactum
1 2 -0.37249221107198993 0.41057908397714094 Penicillium-cvjetkovicii
1 2 -0.4556438202007445 0.30420482399729853 Penicillium-chrysogenum
1 2 0.020869512391794912 0.9645785302395332 Penicillium-solitum
1 2 -0.04715955335427098 0.9200284542332826 Penicillium-commune
1 2 -0.07452730395878666 0.8738295966466993 Penicillium-polonicum
1 2 -0.643778339448622 0.1186905857587029 Penicillium-mb
1 2 -0.12637028182788979 0.7871760210148463 Penicillium-verrucosum
1 2 -0.44282266314404706 0.3197260754028157 Penicillium-brevicompactum
1 2 -0.37275715832497264 0.4102196433857068 Penicillium-cvjetkovicii
1 2 -0.45696922752220565 0.3026195347748033 Penicillium-chrysogenum
1 2 0.018477939915079636 0.9686362298992843 Penicillium-solitum
1 2 -0.04994270170886098 0.9153203356524577 Penicillium-commune
1 2 -0.07743281703237616 0.8689397011216367 Penicillium-polonicum
1 2 -0.6415591119490736 0.12038485361312615 Penicillium-mb
1 2 -0.12923363156771525 0.7824336586493698 Penicillium-verrucosum
1 2 -0.44282266314404745 0.3197260754028152 Penicillium-brevicompactum
