#SPECIES: Penicillium-brevicompactum Penicillium-chrysogenum Penicillium-polonicum Penicillium-mb Penicillium-solitum Penicillium-commune Penicillium-verrucosum Penicillium-cvjetkovicii 
#GENE_TREEs p: 0.8157899295352599 0.9043695388265419 0.8881093323396112 0.8949864238063099 0.3090591343961964 0.46616627300173413 0.5603070489670611 0.7525023209379809 
#GENE_TREEs r: -0.10915785607211777 -0.056420750650436814 -0.06605304417859854 -0.061977065600534224 -0.45160398273817687 -0.3325298605510144 -0.26858204665101915 0.14738366771580863 
3 2 -0.10909291141605842 0.8158982194770974 Penicillium-brevicompactum
3 2 -0.05835330633593249 0.9011049254586867 Penicillium-chrysogenum
3 2 -0.06361836361817788 0.8922165366265238 Penicillium-polonicum
3 2 -0.059524497491385206 0.8991270012287278 Penicillium-mb
3 2 -0.449168393886274 0.3120019596320577 Penicillium-solitum
3 2 -0.3291251836975186 0.4710237852050331 Penicillium-commune
3 2 -0.2701946938232578 0.5578618752529281 Penicillium-verrucosum
3 2 0.11854150790974367 0.8001686380570455 Penicillium-cvjetkovicii
1 4 -0.10906225298644374 0.8159493407291349 Penicillium-brevicompactum
1 4 -0.056449732170162 0.9043205731342856 Penicillium-chrysogenum
1 4 -0.053718866566289145 0.9089355456212695 Penicillium-polonicum
1 4 -0.049687993495719764 0.9157511331721562 Penicillium-mb
1 4 -0.4462909029554038 0.3154943372294038 Penicillium-solitum
1 4 -0.3262323786305749 0.4751654250082424 Penicillium-commune
1 4 -0.26022713105086986 0.5730296165415161 Penicillium-verrucosum
1 4 0.11117728978944852 0.8124238576536951 Penicillium-cvjetkovicii
1 4 -0.10934136942313404 0.8154839485227 Penicillium-brevicompactum
1 4 -0.06137649380442738 0.8960001739825358 Penicillium-chrysogenum
1 4 -0.056960682740828925 0.9034573369101159 Penicillium-polonicum
1 4 -0.05289845911233273 0.9103223796994773 Penicillium-mb
1 4 -0.4459005679550556 0.3159693813789851 Penicillium-solitum
1 4 -0.32434045743097495 0.4778812107692795 Penicillium-commune
1 4 -0.2640383814728758 0.5672147405106589 Penicillium-verrucosum
1 4 0.133304202327481 0.7757011008969545 Penicillium-cvjetkovicii
1 4 -0.10941109293341643 0.8153676999027332 Penicillium-brevicompactum
1 4 -0.06062489867962278 0.8972690061714159 Penicillium-chrysogenum
1 4 -0.060822934965793 0.8969346671520239 Penicillium-polonicum
1 4 -0.05679420787741799 0.903738583109464 Penicillium-mb
1 4 -0.45032281064328117 0.3106056092987559 Penicillium-solitum
1 4 -0.33121325338737717 0.46804251318837226 Penicillium-commune
1 4 -0.26585005042478654 0.5644572436357363 Penicillium-verrucosum
1 4 0.133304202327483 0.7757011008969514 Penicillium-cvjetkovicii
1 2 -0.10915785607211778 0.8157899295352599 Penicillium-brevicompactum
1 2 -0.05822336970034029 0.9013243895192969 Penicillium-chrysogenum
1 2 -0.068607181663843 0.8838027490759249 Penicillium-polonicum
1 2 -0.0645888048428979 0.8905792090498388 Penicillium-mb
1 2 -0.4430461831099241 0.3194526149362513 Penicillium-solitum
1 2 -0.32311306251888183 0.4796460856433019 Penicillium-commune
1 2 -0.26515440489608194 0.5655155634386126 Penicillium-verrucosum
1 2 0.15347334111374175 0.7425131327707579 Penicillium-cvjetkovicii
1 4 -0.10919989473552287 0.8157198347192758 Penicillium-brevicompactum
1 4 -0.06362986104369099 0.8921971363887006 Penicillium-chrysogenum
1 4 -0.0659378487815382 0.8883036178869618 Penicillium-polonicum
1 4 -0.061889073290887255 0.8951349455465765 Penicillium-mb
1 4 -0.4409399090634533 0.32203349409630505 Penicillium-solitum
1 4 -0.32149678272877485 0.48197371687864543 Penicillium-commune
1 4 -0.270959796063425 0.5567029941847939 Penicillium-verrucosum
1 4 0.13330420232748189 0.7757011008969531 Penicillium-cvjetkovicii
1 4 -0.10900311175097839 0.8160479569657892 Penicillium-brevicompactum
1 4 -0.05666407781723476 0.9039584331942134 Penicillium-chrysogenum
1 4 -0.05457662500437256 0.9074857693217151 Penicillium-polonicum
1 4 -0.05051643077708529 0.9143500267386178 Penicillium-mb
1 4 -0.4468608368010657 0.3148012749726111 Penicillium-solitum
1 4 -0.32633637389151765 0.47501630623833635 Penicillium-commune
1 4 -0.2622826182392485 0.5698912068933227 Penicillium-verrucosum
1 4 0.09619955951371642 0.8374411856786421 Penicillium-cvjetkovicii
3 4 -0.10904153940802744 0.8159838797803104 Penicillium-brevicompactum
3 4 -0.05653128665052 0.9041827841529666 Penicillium-chrysogenum
3 4 -0.057301744950876976 0.9028811642015515 Penicillium-polonicum
3 4 -0.053187830508380864 0.9098331993684378 Penicillium-mb
3 4 -0.44521203057085645 0.31680809761968337 Penicillium-solitum
3 4 -0.32677671399207847 0.47438509105427756 Penicillium-commune
3 4 -0.2726288546034474 0.5541776144744224 Penicillium-verrucosum
3 4 0.10605008187121936 0.820974478591969 Penicillium-cvjetkovicii
3 0 -0.1091578560721179 0.8157899295352595 Penicillium-brevicompactum
3 0 -0.05824560202725088 0.9012868385790984 Penicillium-chrysogenum
3 0 -0.06679170826839821 0.8868636269703238 Penicillium-polonicum
3 0 -0.06273514521139066 0.8937069667538418 Penicillium-mb
3 0 -0.4473711547269822 0.3141812692185002 Penicillium-solitum
3 0 -0.3280560521644361 0.47255292719228453 Penicillium-commune
3 0 -0.2696203605468959 0.5587323131070258 Penicillium-verrucosum
3 0 0.13626762813398532 0.770806709307151 Penicillium-cvjetkovicii
1 2 -0.1091578560721178 0.8157899295352598 Penicillium-brevicompactum
1 2 -0.04959366194102558 0.9159106838212764 Penicillium-chrysogenum
1 2 -0.0512248534945839 0.9131520364234423 Penicillium-polonicum
1 2 -0.04718527798254985 0.9199849284359268 Penicillium-mb
1 2 -0.4499124104104615 0.311101705614849 Penicillium-solitum
1 2 -0.3320497577526091 0.466850126615378 Penicillium-commune
1 2 -0.25733382422561246 0.5774563988629764 Penicillium-verrucosum
1 2 0.20143215545516088 0.6649332583829342 Penicillium-cvjetkovicii
1 2 -0.10915785607211795 0.8157899295352595 Penicillium-brevicompactum
1 2 -0.057546935960721295 0.9024669722268622 Penicillium-chrysogenum
1 2 -0.05901570568929851 0.899986205521749 Penicillium-polonicum
1 2 -0.05496201359269307 0.906834454973678 Penicillium-mb
1 2 -0.4462177998655204 0.315583281319489 Penicillium-solitum
1 2 -0.32663883951463146 0.4745826974711467 Penicillium-commune
1 2 -0.26457682636392915 0.5663947409380413 Penicillium-verrucosum
1 2 0.14635302522103152 0.7541956886547152 Penicillium-cvjetkovicii
1 4 -0.10902615604447682 0.8160095310678407 Penicillium-brevicompactum
1 4 -0.05733597289052366 0.9028233431735335 Penicillium-chrysogenum
1 4 -0.059934355165105674 0.8984349254103677 Penicillium-polonicum
1 4 -0.055898990382372636 0.9052511193683772 Penicillium-mb
1 4 -0.44741562797982476 0.3141272620087516 Penicillium-solitum
1 4 -0.3286356120672366 0.4717237783943819 Penicillium-commune
1 4 -0.26506084004964037 0.5656579563555815 Penicillium-verrucosum
1 4 0.10216045743478105 0.8274706414055305 Penicillium-cvjetkovicii
1 2 -0.10915785607211796 0.8157899295352595 Penicillium-brevicompactum
1 2 -0.05982522088065065 0.8986192019549023 Penicillium-chrysogenum
1 2 -0.06230941435335945 0.8944254761906245 Penicillium-polonicum
1 2 -0.058245738633042075 0.9012866078490511 Penicillium-mb
1 2 -0.4441310335492573 0.3181268154291978 Penicillium-solitum
1 2 -0.32450090217400845 0.4776506805854685 Penicillium-commune
1 2 -0.2686055510332024 0.5602713858311378 Penicillium-verrucosum
1 2 0.13506982057893546 0.7727842875083586 Penicillium-cvjetkovicii
1 2 -0.1091578560721178 0.8157899295352598 Penicillium-brevicompactum
1 2 -0.056351658017678184 0.904486275174005 Penicillium-chrysogenum
1 2 -0.06722482637479671 0.8861332895477336 Penicillium-polonicum
1 2 -0.06325394835325117 0.8928314566334978 Penicillium-mb
1 2 -0.44398814848811563 0.318301299472097 Penicillium-solitum
1 2 -0.3248763657440785 0.47711136439647106 Penicillium-commune
1 2 -0.259663556406727 0.5738910535696224 Penicillium-verrucosum
1 2 0.17032009149884417 0.7150312046170326 Penicillium-cvjetkovicii
1 4 -0.10905132173587753 0.8159675681162 Penicillium-brevicompactum
1 4 -0.05752738713972799 0.902499994672455 Penicillium-chrysogenum
1 4 -0.06309148420683583 0.8931056149452323 Penicillium-polonicum
1 4 -0.059013578485979885 0.8999897979251824 Penicillium-mb
1 4 -0.45097927901271173 0.30981278030172665 Penicillium-solitum
1 4 -0.33225327037993124 0.4665602003463937 Penicillium-commune
1 4 -0.2687103142686578 0.5601124377099407 Penicillium-verrucosum
1 4 0.1084870504556448 0.8169085554915019 Penicillium-cvjetkovicii
1 2 -0.10915785607211807 0.8157899295352593 Penicillium-brevicompactum
1 2 -0.06095065527796646 0.8967190470177286 Penicillium-chrysogenum
1 2 -0.0656823495544027 0.8887345520661072 Penicillium-polonicum
1 2 -0.061669921325037354 0.8955048615366998 Penicillium-mb
1 2 -0.4429234625431053 0.3196027421397777 Penicillium-solitum
1 2 -0.323883736392246 0.47853765676279786 Penicillium-commune
1 2 -0.2663774749821647 0.5636552675894977 Penicillium-verrucosum
1 2 0.13403477619204548 0.7744939319351286 Penicillium-cvjetkovicii
1 4 -0.10917129885743765 0.8157675150731228 Penicillium-brevicompactum
1 4 -0.05864995714718119 0.9006038985558967 Penicillium-chrysogenum
1 4 -0.05816259850966536 0.9014270342829896 Penicillium-polonicum
1 4 -0.054091908093963935 0.9083050089935569 Penicillium-mb
1 4 -0.4478497950224492 0.3136002321650196 Penicillium-solitum
1 4 -0.3279768417675661 0.4726662909387674 Penicillium-commune
1 4 -0.26548224716014096 0.5650167222593959 Penicillium-verrucosum
1 4 0.1333042023274805 0.7757011008969554 Penicillium-cvjetkovicii
1 4 -0.10904638079407511 0.8159758069443924 Penicillium-brevicompactum
1 4 -0.058411062737058934 0.9010073760231917 Penicillium-chrysogenum
1 4 -0.05140941703269398 0.9128399485029178 Penicillium-polonicum
1 4 -0.04735278826761885 0.919701506704653 Penicillium-mb
1 4 -0.4417770649354388 0.32100662999919977 Penicillium-solitum
1 4 -0.3197123771678492 0.4845481722854018 Penicillium-commune
1 4 -0.2601425439031079 0.5731588840721318 Penicillium-verrucosum
1 4 0.10725967323579684 0.8189559511264943 Penicillium-cvjetkovicii
1 2 -0.10915785607211798 0.8157899295352594 Penicillium-brevicompactum
1 2 -0.05567178164619685 0.9056350417443926 Penicillium-chrysogenum
1 2 -0.06041520458169566 0.8976230399164026 Penicillium-polonicum
1 2 -0.056375346987083276 0.9044462510164955 Penicillium-mb
1 2 -0.4459370072100709 0.3159250210934894 Penicillium-solitum
1 2 -0.3273873279062791 0.4735102978957905 Penicillium-commune
1 2 -0.2645604030557437 0.5664197464836984 Penicillium-verrucosum
1 2 0.16702481816608183 0.7203883962025798 Penicillium-cvjetkovicii
1 4 -0.10927651213967145 0.8155920861954145 Penicillium-brevicompactum
1 4 -0.061253087386145884 0.8962084949046791 Penicillium-chrysogenum
1 4 -0.06309877475896708 0.8930933119540532 Penicillium-polonicum
1 4 -0.05905149345603717 0.8999257676398207 Penicillium-mb
1 4 -0.44323117847352056 0.31922636296252244 Penicillium-solitum
1 4 -0.3229608442008183 0.4798651245073089 Penicillium-commune
1 4 -0.26820639663179185 0.5608771204752264 Penicillium-verrucosum
1 4 0.13330420232748008 0.7757011008969561 Penicillium-cvjetkovicii
1 4 -0.10904015067714236 0.8159861954411605 Penicillium-brevicompactum
1 4 -0.058115269146599605 0.9015069760647838 Penicillium-chrysogenum
1 4 -0.06071897721443312 0.8971101745521275 Penicillium-polonicum
1 4 -0.05671429957299768 0.9038735847544431 Penicillium-mb
1 4 -0.44626280986127953 0.31552851664226483 Penicillium-solitum
1 4 -0.3280010530719168 0.47263163933362 Penicillium-commune
1 4 -0.2637904757932594 0.5675924033844073 Penicillium-verrucosum
1 4 0.10570184017524857 0.8215557592890055 Penicillium-cvjetkovicii
1 4 -0.10920892219416833 0.8157047825590726 Penicillium-brevicompactum
1 4 -0.05983312610025306 0.8986058536304149 Penicillium-chrysogenum
1 4 -0.06352187765781012 0.8923793443728373 Penicillium-polonicum
1 4 -0.059480558287467455 0.8992011989357237 Penicillium-mb
1 4 -0.445413877879358 0.3165621250411101 Penicillium-solitum
1 4 -0.3258970749301732 0.4756463325207123 Penicillium-commune
1 4 -0.2671459753019125 0.5624873748311989 Penicillium-verrucosum
1 4 0.13330420232748189 0.7757011008969531 Penicillium-cvjetkovicii
1 2 -0.10915785607211807 0.8157899295352593 Penicillium-brevicompactum
1 2 -0.060391855100091006 0.8976624624843286 Penicillium-chrysogenum
1 2 -0.06165345848599925 0.8955326504765164 Penicillium-polonicum
1 2 -0.05763780349419768 0.9023134775749504 Penicillium-mb
1 2 -0.44300368724421935 0.31950459776617635 Penicillium-solitum
1 2 -0.3240751413848522 0.478262510363526 Penicillium-commune
1 2 -0.26491493026938157 0.5658800338521124 Penicillium-verrucosum
1 2 0.14041855958056904 0.7639612151096297 Penicillium-cvjetkovicii
1 4 -0.10914177458898233 0.8158167438858427 Penicillium-brevicompactum
1 4 -0.058510389884889984 0.9008396167243327 Penicillium-chrysogenum
1 4 -0.06018706912705149 0.8980082241742866 Penicillium-polonicum
1 4 -0.05612783997868177 0.9048644392081997 Penicillium-mb
1 4 -0.4452558205077818 0.31675472786106307 Penicillium-solitum
1 4 -0.3252386284764808 0.4765912190005208 Penicillium-commune
1 4 -0.26613218161674773 0.5640282035049875 Penicillium-verrucosum
1 4 0.12975060177622308 0.781578004567983 Penicillium-cvjetkovicii
1 4 -0.10922054706029946 0.8156853996125435 Penicillium-brevicompactum
1 4 -0.06302430729982418 0.8932189784773039 Penicillium-chrysogenum
1 4 -0.06251484690243031 0.894078758813285 Penicillium-polonicum
1 4 -0.0584823223668017 0.9008870212630747 Penicillium-mb
1 4 -0.4396593160711296 0.32360701519080054 Penicillium-solitum
1 4 -0.3193954160307186 0.4850059832222179 Penicillium-commune
1 4 -0.2673473139408028 0.5621815276867355 Penicillium-verrucosum
1 4 0.13330420232748158 0.7757011008969535 Penicillium-cvjetkovicii
3 4 -0.10912179734776278 0.8158500542432 Penicillium-brevicompactum
3 4 -0.05843140484875063 0.9009730188289822 Penicillium-chrysogenum
3 4 -0.05531590319746164 0.9062364110860996 Penicillium-polonicum
3 4 -0.0511456845702011 0.9132859099262464 Penicillium-mb
3 4 -0.4380147334851041 0.3256326228240548 Penicillium-solitum
3 4 -0.31776315898166513 0.48736602469523843 Penicillium-commune
3 4 -0.2768328184694519 0.5478333185278401 Penicillium-verrucosum
3 4 0.12524402663700845 0.7890427981388027 Penicillium-cvjetkovicii
3 4 -0.10913558014159991 0.815827072578504 Penicillium-brevicompactum
3 4 -0.05828523481693923 0.9012198981976781 Penicillium-chrysogenum
3 4 -0.06682433616396524 0.8868086065602259 Penicillium-polonicum
3 4 -0.06275304181352354 0.8936767637757719 Penicillium-mb
3 4 -0.4491476226499249 0.3120271089015288 Penicillium-solitum
3 4 -0.3304446556738694 0.4691390847662252 Penicillium-commune
3 4 -0.270339525295019 0.5576424431022555 Penicillium-verrucosum
3 4 0.12836425978589966 0.7838729769091713 Penicillium-cvjetkovicii
1 4 -0.10890798885600214 0.8162065755891128 Penicillium-brevicompactum
1 4 -0.056414444618856405 0.904380193206639 Penicillium-chrysogenum
1 4 -0.054817138307923244 0.9070792922207986 Penicillium-polonicum
1 4 -0.05081862540763669 0.9138389794796846 Penicillium-mb
1 4 -0.4446311171035898 0.31751646445249954 Penicillium-solitum
1 4 -0.32474947697415957 0.4772936028654684 Penicillium-commune
1 4 -0.2586124936460494 0.5754987106279374 Penicillium-verrucosum
1 4 0.06977576116910958 0.8818331365113158 Penicillium-cvjetkovicii
1 4 -0.10931475992399271 0.8155283147201671 Penicillium-brevicompactum
1 4 -0.059942747076814316 0.8984207555634625 Penicillium-chrysogenum
1 4 -0.062407463790581985 0.8942599922545991 Penicillium-polonicum
1 4 -0.05837967445408328 0.9010603900983634 Penicillium-mb
1 4 -0.44664732539275526 0.31506083591405976 Penicillium-solitum
1 4 -0.32706055399995704 0.47397837599631915 Penicillium-commune
1 4 -0.26611743967021395 0.5640506191775463 Penicillium-verrucosum
1 4 0.13330420232748338 0.7757011008969507 Penicillium-cvjetkovicii
3 4 -0.10915785607211795 0.8157899295352595 Penicillium-brevicompactum
3 4 -0.05871791233195812 0.9004891296760058 Penicillium-chrysogenum
3 4 -0.05443045118412773 0.9077328167716304 Penicillium-polonicum
3 4 -0.05040182675815785 0.9145438419842274 Penicillium-mb
3 4 -0.45753712324653895 0.30194140019573706 Penicillium-solitum
3 4 -0.3384643517303781 0.45774378880783756 Penicillium-commune
3 4 -0.25964320692839543 0.5739221658157945 Penicillium-verrucosum
3 4 0.134893737709111 0.7730750826717896 Penicillium-cvjetkovicii
1 4 -0.10922640582567919 0.8156756309145126 Penicillium-brevicompactum
1 4 -0.06463716803374617 0.8904976187658047 Penicillium-chrysogenum
1 4 -0.06012282392821887 0.8981166987446424 Penicillium-polonicum
1 4 -0.05611703864576107 0.9048826895543002 Penicillium-mb
1 4 -0.4358947799848829 0.32825173766934396 Penicillium-solitum
1 4 -0.3147402892579039 0.4917475022586598 Penicillium-commune
1 4 -0.26373979309861234 0.5676696238964216 Penicillium-verrucosum
1 4 0.1333042023274818 0.7757011008969532 Penicillium-cvjetkovicii
1 2 -0.10915785607211807 0.8157899295352593 Penicillium-brevicompactum
1 2 -0.05814352362671722 0.901459252683184 Penicillium-chrysogenum
1 2 -0.052808180231798646 0.910475000134924 Penicillium-polonicum
1 2 -0.048744692327752706 0.9173467158441811 Penicillium-mb
1 2 -0.4445130774417204 0.31766048590424034 Penicillium-solitum
1 2 -0.32286894873570676 0.4799973775534346 Penicillium-commune
1 2 -0.2600773412889898 0.5732585340731213 Penicillium-verrucosum
1 2 0.1411282538349605 0.7627920367589514 Penicillium-cvjetkovicii
1 4 -0.10942818043518857 0.8153392106621148 Penicillium-brevicompactum
1 4 -0.06413732405782159 0.8913409088565303 Penicillium-chrysogenum
1 4 -0.06118379465317507 0.8963254692310371 Penicillium-polonicum
1 4 -0.05714040436275602 0.9031537203641059 Penicillium-mb
1 4 -0.44000029972944765 0.32318771105263 Penicillium-solitum
1 4 -0.3177688560768096 0.4873577802808965 Penicillium-commune
1 4 -0.2668418668821268 0.5629494370465853 Penicillium-verrucosum
1 4 0.133304202327481 0.7757011008969545 Penicillium-cvjetkovicii
1 4 -0.10910660447202562 0.8158753872240186 Penicillium-brevicompactum
1 4 -0.059644357366204326 0.8989246034496036 Penicillium-chrysogenum
1 4 -0.06273645246660152 0.8937047605773811 Penicillium-polonicum
1 4 -0.058705118456710934 0.9005107370276922 Penicillium-mb
1 4 -0.4438239720012284 0.31850183460224035 Penicillium-solitum
1 4 -0.32478054307873694 0.47724898319723746 Penicillium-commune
1 4 -0.26695452526445745 0.5627782498127617 Penicillium-verrucosum
1 4 0.12174668873558597 0.7948447489182306 Penicillium-cvjetkovicii
1 2 -0.10915785607211784 0.8157899295352598 Penicillium-brevicompactum
1 2 -0.058762393682488305 0.9004140062830017 Penicillium-chrysogenum
1 2 -0.05513611412285532 0.9065402352242192 Penicillium-polonicum
1 2 -0.051070936020749524 0.9134123101356815 Penicillium-mb
1 2 -0.44775503908113273 0.3137152224110255 Penicillium-solitum
1 2 -0.32722765311490154 0.4737389985552536 Penicillium-commune
1 2 -0.2618213463309977 0.5705950248955844 Penicillium-verrucosum
1 2 0.1369963230083677 0.7696041173763772 Penicillium-cvjetkovicii
1 4 -0.10923872625207826 0.8156550883335256 Penicillium-brevicompactum
1 4 -0.059346723915571144 0.8994272012437092 Penicillium-chrysogenum
1 4 -0.060308233128791085 0.8978036486978328 Penicillium-polonicum
1 4 -0.056251987342673705 0.9046546774560132 Penicillium-mb
1 4 -0.4470170482870576 0.31461143102973527 Penicillium-solitum
1 4 -0.32664929902811274 0.47456770549082516 Penicillium-commune
1 4 -0.26522262207839503 0.56541175338929 Penicillium-verrucosum
1 4 0.1333042023274819 0.775701100896953 Penicillium-cvjetkovicii
1 4 -0.10912706867351872 0.8158412647326496 Penicillium-brevicompactum
1 4 -0.06107484491966526 0.8965093922826071 Penicillium-chrysogenum
1 4 -0.06399732061056193 0.8915771242298212 Penicillium-polonicum
1 4 -0.05998526489177595 0.8983489640359308 Penicillium-mb
1 4 -0.44240727886017195 0.3202345362410794 Penicillium-solitum
1 4 -0.32333868266318305 0.47932148952469433 Penicillium-commune
1 4 -0.2659508200017872 0.5643039902549478 Penicillium-verrucosum
1 4 0.12644322228424437 0.7870551494619294 Penicillium-cvjetkovicii
1 4 -0.10919616008308343 0.8157260617991178 Penicillium-brevicompactum
1 4 -0.06342640553084342 0.8925404443631484 Penicillium-chrysogenum
1 4 -0.06562255407738377 0.8888354084163645 Penicillium-polonicum
1 4 -0.06159271398021418 0.895635186710238 Penicillium-mb
1 4 -0.4386045803230276 0.3249054927231214 Penicillium-solitum
1 4 -0.3191934248860908 0.48529781510529 Penicillium-commune
1 4 -0.27029775849679644 0.5577057205455063 Penicillium-verrucosum
1 4 0.133304202327481 0.7757011008969545 Penicillium-cvjetkovicii
3 4 -0.10907835948432328 0.8159224839614556 Penicillium-brevicompactum
3 4 -0.05905406183090678 0.8999214302189047 Penicillium-chrysogenum
3 4 -0.062370664480498265 0.8943221003076453 Penicillium-polonicum
3 4 -0.05828408720517482 0.9012218365247688 Penicillium-mb
3 4 -0.4421754446158067 0.32051846997860967 Penicillium-solitum
3 4 -0.3229523215848749 0.47987738943354386 Penicillium-commune
3 4 -0.27235855893176203 0.5545863350856026 Penicillium-verrucosum
3 4 0.1150789369732073 0.8059269740935707 Penicillium-cvjetkovicii
1 4 -0.10917388160354735 0.815763208621018 Penicillium-brevicompactum
1 4 -0.060726393843152565 0.8970976532662984 Penicillium-chrysogenum
1 4 -0.0629173606312523 0.8933994579449982 Penicillium-polonicum
1 4 -0.05887517490986028 0.9002235356594457 Penicillium-mb
1 4 -0.4447117763957664 0.3174180674425433 Penicillium-solitum
1 4 -0.3255870423165511 0.47609115209326763 Penicillium-commune
1 4 -0.2675272842879459 0.5619081854543228 Penicillium-verrucosum
1 4 0.13330420232748155 0.7757011008969535 Penicillium-cvjetkovicii
1 4 -0.1090393196167152 0.8159875812062667 Penicillium-brevicompactum
1 4 -0.05698727360352242 0.903412414480067 Penicillium-chrysogenum
1 4 -0.05904284701273533 0.8999403695976014 Penicillium-polonicum
1 4 -0.05497752162654916 0.9068082469561654 Penicillium-mb
1 4 -0.4540772966792335 0.3060831852204338 Penicillium-solitum
1 4 -0.3360606891473094 0.46114833598500055 Penicillium-commune
1 4 -0.26547971370953716 0.565020576592974 Penicillium-verrucosum
1 4 0.1054931684305824 0.8219041026823034 Penicillium-cvjetkovicii
1 2 -0.10915785607211798 0.8157899295352594 Penicillium-brevicompactum
1 2 -0.06114152861968978 0.8963968200264201 Penicillium-chrysogenum
1 2 -0.06678178248488816 0.8868803648876423 Penicillium-polonicum
1 2 -0.06278750451115825 0.8936186035204106 Penicillium-mb
1 2 -0.44211646812727556 0.3205907174196248 Penicillium-solitum
1 2 -0.32244816413475474 0.48060312525636073 Penicillium-commune
1 2 -0.2639718501781805 0.5673160873644026 Penicillium-verrucosum
1 2 0.13480510195233228 0.7732214697446897 Penicillium-cvjetkovicii
1 4 -0.10904258968461054 0.8159821284810417 Penicillium-brevicompactum
1 4 -0.05723993785044378 0.902985575384774 Penicillium-chrysogenum
1 4 -0.06005876131292345 0.8982248662886729 Penicillium-polonicum
1 4 -0.055996035865186145 0.9050871427642035 Penicillium-mb
1 4 -0.45148847939987324 0.30919841791742364 Penicillium-solitum
1 4 -0.33303496267596483 0.4654472080094439 Penicillium-commune
1 4 -0.2662252868093739 0.5638866401911766 Penicillium-verrucosum
1 4 0.10631307354031644 0.8205355393316902 Penicillium-cvjetkovicii
1 4 -0.10913807376936006 0.8158229146724071 Penicillium-brevicompactum
1 4 -0.05834827542845016 0.9011134226102147 Penicillium-chrysogenum
1 4 -0.057060556248467925 0.9032886123182073 Penicillium-polonicum
1 4 -0.05300547543818029 0.9101414667138306 Penicillium-mb
1 4 -0.44838441433253 0.3129517927461967 Penicillium-solitum
1 4 -0.3286108214080239 0.4717592343475159 Penicillium-commune
1 4 -0.26309964578298084 0.5686452431676737 Penicillium-verrucosum
1 4 0.1289235270133932 0.7829470064494627 Penicillium-cvjetkovicii
1 2 -0.1091578560721177 0.81578992953526 Penicillium-brevicompactum
1 2 -0.05844600856822731 0.9009483536766202 Penicillium-chrysogenum
1 2 -0.062107341672825896 0.8947665360134596 Penicillium-polonicum
1 2 -0.058069360615289986 0.9015845186194548 Penicillium-mb
1 2 -0.4472601670792026 0.3143160674305919 Penicillium-solitum
1 2 -0.327795690590412 0.4729255867418554 Penicillium-commune
1 2 -0.2645308355235063 0.5664647658414526 Penicillium-verrucosum
1 2 0.13434487678226906 0.773981644043737 Penicillium-cvjetkovicii
1 4 -0.10923802141442966 0.8156562635490677 Penicillium-brevicompactum
1 4 -0.05918403637214854 0.8997019343604302 Penicillium-chrysogenum
1 4 -0.05986162864924877 0.8985577259320016 Penicillium-polonicum
1 4 -0.05580879189671598 0.9054035290828925 Penicillium-mb
1 4 -0.44553158378126256 0.31641872597929893 Penicillium-solitum
1 4 -0.3248869246831487 0.4770962007155413 Penicillium-commune
1 4 -0.2650122587490441 0.565731894954367 Penicillium-verrucosum
1 4 0.13330420232748214 0.7757011008969527 Penicillium-cvjetkovicii
1 4 -0.10911674460032615 0.8158584793064408 Penicillium-brevicompactum
1 4 -0.05930351408910478 0.8995001696068006 Penicillium-chrysogenum
1 4 -0.06214934836633288 0.8946956357306572 Penicillium-polonicum
1 4 -0.05808405056855799 0.901559706246221 Penicillium-mb
1 4 -0.44803425817072345 0.31337643104231233 Penicillium-solitum
1 4 -0.3294815919941549 0.4705144285439924 Penicillium-commune
1 4 -0.2688750840299213 0.5598624761932152 Penicillium-verrucosum
1 4 0.12408770313822659 0.7909602488200101 Penicillium-cvjetkovicii
1 4 -0.10923945535667007 0.8156538726566304 Penicillium-brevicompactum
1 4 -0.05999682843241113 0.8983294390393367 Penicillium-chrysogenum
1 4 -0.059809580034744486 0.898645612293846 Penicillium-polonicum
1 4 -0.05577041086033026 0.9054683827878837 Penicillium-mb
1 4 -0.4444237376140381 0.3177695091681229 Penicillium-solitum
1 4 -0.3226781010124089 0.48027208154469647 Penicillium-commune
1 4 -0.2617194160996111 0.5707505890584135 Penicillium-verrucosum
1 4 0.13330420232748214 0.7757011008969527 Penicillium-cvjetkovicii
1 4 -0.10917417661016904 0.8157627167293542 Penicillium-brevicompactum
1 4 -0.058627875240452924 0.9006411927794111 Penicillium-chrysogenum
1 4 -0.058514647117222825 0.9008324265068011 Penicillium-polonicum
1 4 -0.05445086834742996 0.9076983094972326 Penicillium-mb
1 4 -0.4494587189845734 0.31165053391261693 Penicillium-solitum
1 4 -0.3303995870548317 0.4692034140828433 Penicillium-commune
1 4 -0.26570633140791716 0.5646758387371651 Penicillium-verrucosum
1 4 0.1333042023274809 0.7757011008969548 Penicillium-cvjetkovicii
1 4 -0.1090875550749981 0.815907150844996 Penicillium-brevicompactum
1 4 -0.05684234338981877 0.9036572611204443 Penicillium-chrysogenum
1 4 -0.060357326331173945 0.8977207601340881 Penicillium-polonicum
1 4 -0.05631282023142931 0.9045518946565855 Penicillium-mb
1 4 -0.4482872510186892 0.3130695987027872 Penicillium-solitum
1 4 -0.32949017303646283 0.4705021675301468 Penicillium-commune
1 4 -0.26571624428075546 0.5646607604972822 Penicillium-verrucosum
1 4 0.11727380443497559 0.8022760353769993 Penicillium-cvjetkovicii
1 2 -0.1091578560721178 0.8157899295352598 Penicillium-brevicompactum
1 2 -0.056354727467793825 0.9044810891159866 Penicillium-chrysogenum
1 2 -0.05911162144266154 0.8998242251994617 Penicillium-polonicum
1 2 -0.05511497827702729 0.9065759531191749 Penicillium-mb
1 2 -0.44534322064128296 0.3166482190465972 Penicillium-solitum
1 2 -0.32728046730503974 0.47366334885673345 Penicillium-commune
1 2 -0.2600792482953312 0.5732556194933953 Penicillium-verrucosum
1 2 0.1738453151228702 0.7093104585271006 Penicillium-cvjetkovicii
1 2 -0.10915785607211807 0.8157899295352593 Penicillium-brevicompactum
1 2 -0.06078174803677943 0.8970042008733409 Penicillium-chrysogenum
1 2 -0.06348052719784213 0.8924491189179835 Penicillium-polonicum
1 2 -0.05944871574979377 0.8992549700353815 Penicillium-mb
1 2 -0.4428142252735252 0.3197364005045107 Penicillium-solitum
1 2 -0.323304424556221 0.4793707710124983 Penicillium-commune
1 2 -0.26655702481543125 0.5633823358343291 Penicillium-verrucosum
1 2 0.13510920897118572 0.7727192417441668 Penicillium-cvjetkovicii
1 4 -0.1091940908860008 0.8157295119375303 Penicillium-brevicompactum
1 4 -0.05935000401752797 0.8994216621639136 Penicillium-chrysogenum
1 4 -0.06208535018402604 0.8948036541957821 Penicillium-polonicum
1 4 -0.05804017272358485 0.901633819228296 Penicillium-mb
1 4 -0.4456795476014658 0.3162385041474823 Penicillium-solitum
1 4 -0.32635979018572864 0.4749827319653108 Penicillium-commune
1 4 -0.26709216530769453 0.5625691248898252 Penicillium-verrucosum
1 4 0.13330420232748338 0.7757011008969507 Penicillium-cvjetkovicii
1 4 -0.10927298340906437 0.815597969775871 Penicillium-brevicompactum
1 4 -0.05870412409322829 0.9005124163927976 Penicillium-chrysogenum
1 4 -0.0561597734439381 0.904810483396111 Penicillium-polonicum
1 4 -0.05213834760170004 0.9116074499073413 Penicillium-mb
1 4 -0.4438724048101784 0.31844267015036626 Penicillium-solitum
1 4 -0.3229358685686026 0.4799010673462936 Penicillium-commune
1 4 -0.26126869861119306 0.5714386264787452 Penicillium-verrucosum
1 4 0.13330420232748247 0.7757011008969521 Penicillium-cvjetkovicii
3 4 -0.10900348103669899 0.8160473411869343 Penicillium-brevicompactum
3 4 -0.0578247818198165 0.9019976389051079 Penicillium-chrysogenum
3 4 -0.05429474469075831 0.9079621787531096 Penicillium-polonicum
3 4 -0.050100127969962716 0.9150540829695877 Penicillium-mb
3 4 -0.43356552131364784 0.33113979205569616 Penicillium-solitum
3 4 -0.31421809470035084 0.49250580516044784 Penicillium-commune
3 4 -0.2811945176395725 0.5412762931532291 Penicillium-verrucosum
3 4 0.09629637599655379 0.8372791034914928 Penicillium-cvjetkovicii
1 2 -0.10915785607211766 0.81578992953526 Penicillium-brevicompactum
1 2 -0.05619984977507759 0.9047427695474665 Penicillium-chrysogenum
1 2 -0.05779060196966903 0.9020553738056709 Penicillium-polonicum
1 2 -0.05375555406681348 0.9088735325703463 Penicillium-mb
1 2 -0.44765348517514164 0.3138384825927867 Penicillium-solitum
1 2 -0.3287372943808561 0.4715783610693776 Penicillium-commune
1 2 -0.26289274267789636 0.5689606880746485 Penicillium-verrucosum
1 2 0.14660758417811234 0.7537773697872947 Penicillium-cvjetkovicii
1 4 -0.10920159950450686 0.8157169922263865 Penicillium-brevicompactum
1 4 -0.05918632921302012 0.899698062347152 Penicillium-chrysogenum
1 4 -0.06135323145291004 0.8960394425211968 Penicillium-polonicum
1 4 -0.05730956485244623 0.9028679540643841 Penicillium-mb
1 4 -0.44882803801631055 0.3124141647485093 Penicillium-solitum
1 4 -0.3298034828174333 0.4700545750732763 Penicillium-commune
1 4 -0.265491537883623 0.5650025876376175 Penicillium-verrucosum
1 4 0.13330420232748247 0.7757011008969521 Penicillium-cvjetkovicii
1 4 -0.10899326206544968 0.8160643812085695 Penicillium-brevicompactum
1 4 -0.057704400696142556 0.9022009822278099 Penicillium-chrysogenum
1 4 -0.0607269517894849 0.8970967113018729 Penicillium-polonicum
1 4 -0.05670937515902553 0.9038819044004053 Penicillium-mb
1 4 -0.44659434520906727 0.3151252570819353 Penicillium-solitum
1 4 -0.327630421221797 0.47316219482459704 Penicillium-commune
1 4 -0.26352261296259943 0.568000558767413 Penicillium-verrucosum
1 4 0.09360145587434995 0.8417924095432947 Penicillium-cvjetkovicii
1 4 -0.10923133973206713 0.8156674043083528 Penicillium-brevicompactum
1 4 -0.06023560046814526 0.8979262824466576 Penicillium-chrysogenum
1 4 -0.059481907007994356 0.8991989214171692 Penicillium-polonicum
1 4 -0.055423659100949034 0.9060543195912597 Penicillium-mb
1 4 -0.44529684472176445 0.31670473240855307 Penicillium-solitum
1 4 -0.3247926696423763 0.4772315664491133 Penicillium-commune
1 4 -0.26559559890812495 0.5648442800755054 Penicillium-verrucosum
1 4 0.1333042023274809 0.7757011008969548 Penicillium-cvjetkovicii
1 4 -0.10916092716521905 0.8157848087945268 Penicillium-brevicompactum
1 4 -0.059115990815624776 0.8998168463685204 Penicillium-chrysogenum
1 4 -0.0621745992294793 0.8946530167592275 Penicillium-polonicum
1 4 -0.05814171508061144 0.9014623074106423 Penicillium-mb
1 4 -0.4456154043862917 0.3163166259449954 Penicillium-solitum
1 4 -0.32625798561553015 0.47512870558458054 Penicillium-commune
1 4 -0.2652633693829834 0.5653497487399574 Penicillium-verrucosum
1 4 0.13330420232748247 0.7757011008969521 Penicillium-cvjetkovicii
1 4 -0.10910276780723749 0.8158817845949655 Penicillium-brevicompactum
1 4 -0.06017741682981865 0.8980245214795672 Penicillium-chrysogenum
1 4 -0.059780718274164514 0.8986943469938745 Penicillium-polonicum
1 4 -0.05577680026581844 0.905457586369382 Penicillium-mb
1 4 -0.44116686130814287 0.3217549724616191 Penicillium-solitum
1 4 -0.32128483089275406 0.4822792530030531 Penicillium-commune
1 4 -0.2625856196942779 0.5694290303743617 Penicillium-verrucosum
1 4 0.12085375060633402 0.7963273141725027 Penicillium-cvjetkovicii
1 2 -0.10915785607211796 0.8157899295352595 Penicillium-brevicompactum
1 2 -0.056520253184552206 0.9042014254454381 Penicillium-chrysogenum
1 2 -0.056413378407403604 0.9043819946294588 Penicillium-polonicum
1 2 -0.05236350085452176 0.9112267821387616 Penicillium-mb
1 2 -0.44614336074633276 0.31567386211678766 Penicillium-solitum
1 2 -0.3265051020729437 0.47477440310381086 Penicillium-commune
1 2 -0.2625951001532089 0.5694145714782834 Penicillium-verrucosum
1 2 0.15412757124552467 0.7414416514254165 Penicillium-cvjetkovicii
3 2 -0.10915785607211795 0.8157899295352595 Penicillium-brevicompactum
3 2 -0.05746529423403262 0.9026048845832348 Penicillium-chrysogenum
3 2 -0.0627640718768005 0.89365814907751 Penicillium-polonicum
3 2 -0.05866932796486265 0.9005711832215919 Penicillium-mb
3 2 -0.44561476882079265 0.3163174000596372 Penicillium-solitum
3 2 -0.32609416833067656 0.4753636309982023 Penicillium-commune
3 2 -0.27038461920683743 0.5575741276186941 Penicillium-verrucosum
3 2 0.14623556344890593 0.7543887306844282 Penicillium-cvjetkovicii
1 4 -0.10927059256567746 0.8156019561196317 Penicillium-brevicompactum
1 4 -0.061432144050891355 0.8959062330104051 Penicillium-chrysogenum
1 4 -0.06495799641959717 0.8899563902729799 Penicillium-polonicum
1 4 -0.060920518492133334 0.8967699241222288 Penicillium-mb
1 4 -0.44325020810753984 0.3192030933759291 Penicillium-solitum
1 4 -0.32312916323993596 0.4796229191642703 Penicillium-commune
1 4 -0.26807816800287654 0.5610717576593625 Penicillium-verrucosum
1 4 0.133304202327481 0.7757011008969545 Penicillium-cvjetkovicii
1 2 -0.10915785607211809 0.8157899295352593 Penicillium-brevicompactum
1 2 -0.055199992740070876 0.9064322862136597 Penicillium-chrysogenum
1 2 -0.05565362454197398 0.9056657230560857 Penicillium-polonicum
1 2 -0.051617814050891005 0.9124875700408464 Penicillium-mb
1 2 -0.4478955773731085 0.3135446799533506 Penicillium-solitum
1 2 -0.3291516504813112 0.4709859536036446 Penicillium-commune
1 2 -0.2611307770585549 0.5716492211416948 Penicillium-verrucosum
1 2 0.16274156427203967 0.7273653538056455 Penicillium-cvjetkovicii
1 4 -0.10919929291022233 0.8157208381894278 Penicillium-brevicompactum
1 4 -0.06046424224275697 0.8975402467380769 Penicillium-chrysogenum
1 4 -0.0717051628089998 0.878582239888734 Penicillium-polonicum
1 4 -0.06769768592793797 0.8853360120280181 Penicillium-mb
1 4 -0.4446602035845382 0.3174809800663285 Penicillium-solitum
1 4 -0.32508410929887793 0.476813056160148 Penicillium-commune
1 4 -0.26700621263906593 0.5626997151170003 Penicillium-verrucosum
1 4 0.13330420232748155 0.7757011008969535 Penicillium-cvjetkovicii
1 2 -0.10915785607211788 0.8157899295352598 Penicillium-brevicompactum
1 2 -0.05825359324419314 0.9012733412553271 Penicillium-chrysogenum
1 2 -0.05543429836736187 0.9060363409864107 Penicillium-polonicum
1 2 -0.05140664056240269 0.9128446433125442 Penicillium-mb
1 2 -0.44463478701447867 0.3175119872080024 Penicillium-solitum
1 2 -0.3249987038688213 0.4769356854491177 Penicillium-commune
1 2 -0.26079941696108694 0.5721552800584842 Penicillium-verrucosum
1 2 0.15037935465731062 0.7475848399169167 Penicillium-cvjetkovicii
1 2 -0.10915785607211793 0.8157899295352595 Penicillium-brevicompactum
1 2 -0.05510904441378489 0.9065859808976469 Penicillium-chrysogenum
1 2 -0.05806723184814909 0.9015881142634647 Penicillium-polonicum
1 2 -0.05399146322661555 0.9084747830332549 Penicillium-mb
1 2 -0.44833751864138155 0.313008649164466 Penicillium-solitum
1 2 -0.32945540418963914 0.4705518476839415 Penicillium-commune
1 2 -0.26606090417369943 0.5641365861140291 Penicillium-verrucosum
1 2 0.15971309928648778 0.7323074727539902 Penicillium-cvjetkovicii
1 2 -0.10915785607211793 0.8157899295352595 Penicillium-brevicompactum
1 2 -0.05548523930492637 0.9059502596489952 Penicillium-chrysogenum
1 2 -0.055538355866968016 0.9058605026638136 Penicillium-polonicum
1 2 -0.05144840351971031 0.9127740253976159 Penicillium-mb
1 2 -0.44701437431473784 0.3146146802924042 Penicillium-solitum
1 2 -0.32660967578596833 0.4746244997546638 Penicillium-commune
1 2 -0.26344562231311136 0.5681178902865254 Penicillium-verrucosum
1 2 0.16554361781310095 0.7227993904566254 Penicillium-cvjetkovicii
1 4 -0.10940182084574517 0.8153831589146383 Penicillium-brevicompactum
1 4 -0.059390828051351444 0.8993527232428924 Penicillium-chrysogenum
1 4 -0.060016262740498 0.8982966243722069 Penicillium-polonicum
1 4 -0.05591289112563747 0.9052276312825707 Penicillium-mb
1 4 -0.44525274290750605 0.31675847861352335 Penicillium-solitum
1 4 -0.3237302178904701 0.47875838231085766 Penicillium-commune
1 4 -0.2714930877259558 0.5558956905259214 Penicillium-verrucosum
1 4 0.13330420232748158 0.7757011008969535 Penicillium-cvjetkovicii
3 2 -0.1091380277351588 0.8158229914303785 Penicillium-brevicompactum
3 2 -0.06379746032670146 0.891914341767045 Penicillium-chrysogenum
3 2 -0.0701293324163627 0.8812372957278755 Penicillium-polonicum
3 2 -0.06602469260878512 0.888157148943671 Penicillium-mb
3 2 -0.4428352166589268 0.31971071440985666 Penicillium-solitum
3 2 -0.32072566455853085 0.48308564516044494 Penicillium-commune
3 2 -0.274222776949923 0.5517693937084982 Penicillium-verrucosum
3 2 0.1289132170041319 0.7829640747390639 Penicillium-cvjetkovicii
1 4 -0.10892042578602652 0.8161858365683387 Penicillium-brevicompactum
1 4 -0.05664482422092492 0.9039909618715121 Penicillium-chrysogenum
1 4 -0.05958483948981522 0.8990251059807324 Penicillium-polonicum
1 4 -0.05555706053951267 0.905828895479956 Penicillium-mb
1 4 -0.44606800182702855 0.3157655736451823 Penicillium-solitum
1 4 -0.3266883032322083 0.4745118009407486 Penicillium-commune
1 4 -0.26376780631352525 0.5676269423526203 Penicillium-verrucosum
1 4 0.07340550999157076 0.8757184056535788 Penicillium-cvjetkovicii
1 4 -0.10902788501667172 0.8160066480531483 Penicillium-brevicompactum
1 4 -0.05595102614790629 0.9051631948178219 Penicillium-chrysogenum
1 4 -0.059397262589665364 0.899341857382435 Penicillium-polonicum
1 4 -0.055342010874274435 0.9061922926844568 Penicillium-mb
1 4 -0.44986118529191627 0.3111636513015638 Penicillium-solitum
1 4 -0.3313033554255776 0.4679140245969873 Penicillium-commune
1 4 -0.2661946905127391 0.5639331595814978 Penicillium-verrucosum
1 4 0.10260115728482642 0.8267342182975579 Penicillium-cvjetkovicii
1 2 -0.1091578560721178 0.8157899295352598 Penicillium-brevicompactum
1 2 -0.057172267054603945 0.9030998934261886 Penicillium-chrysogenum
1 2 -0.05826914149888408 0.9012470799992491 Penicillium-polonicum
1 2 -0.05420426057229145 0.9081151117465203 Penicillium-mb
1 2 -0.4503790896428093 0.3105376055112692 Penicillium-solitum
1 2 -0.33122572094706504 0.4680247332510383 Penicillium-commune
1 2 -0.2639876679242375 0.567291991735279 Penicillium-verrucosum
1 2 0.14524670191553288 0.7560142730240802 Penicillium-cvjetkovicii
1 4 -0.10931942216486343 0.8155205413061892 Penicillium-brevicompactum
1 4 -0.06449747336460077 0.8907332903331051 Penicillium-chrysogenum
1 4 -0.0679545318910293 0.8849029822113816 Penicillium-polonicum
1 4 -0.06392555630160225 0.8916982082425179 Penicillium-mb
1 4 -0.4399299855841164 0.32327415649767455 Penicillium-solitum
1 4 -0.32036914172812975 0.48360005104925724 Penicillium-commune
1 4 -0.27188430471268543 0.5553037019268823 Penicillium-verrucosum
1 4 0.1333042023274818 0.7757011008969532 Penicillium-cvjetkovicii
1 4 -0.10899830618539125 0.8160559701871042 Penicillium-brevicompactum
1 4 -0.058279500120911834 0.9012295841572373 Penicillium-chrysogenum
1 4 -0.06025081235287505 0.897900598406544 Penicillium-polonicum
1 4 -0.05623864642290523 0.9046772183170582 Penicillium-mb
1 4 -0.4463507933023767 0.3154214771046822 Penicillium-solitum
1 4 -0.3280819047689805 0.4725159297974167 Penicillium-commune
1 4 -0.26430326750430155 0.5668112976281015 Penicillium-verrucosum
1 4 0.09493578194475107 0.8395573156602816 Penicillium-cvjetkovicii
1 2 -0.10915785607211809 0.8157899295352593 Penicillium-brevicompactum
1 2 -0.05828201358384427 0.9012253388917376 Penicillium-chrysogenum
1 2 -0.0630137168130963 0.893236850449974 Penicillium-polonicum
1 2 -0.05898852699838836 0.9000321047730955 Penicillium-mb
1 2 -0.4497021918058854 0.3113559536820612 Penicillium-solitum
1 2 -0.33246285973504 0.4662616861994537 Penicillium-commune
1 2 -0.26544056294981 0.5650801407235204 Penicillium-verrucosum
1 2 0.1515902271432045 0.7455990890109847 Penicillium-cvjetkovicii
1 4 -0.10925333224060224 0.8156307350073821 Penicillium-brevicompactum
1 4 -0.06189109038029329 0.8951315408850611 Penicillium-chrysogenum
1 4 -0.06412611420627788 0.8913598220075961 Penicillium-polonicum
1 4 -0.060108199240694535 0.8981413919209816 Penicillium-mb
1 4 -0.4437184714021502 0.31863072825571137 Penicillium-solitum
1 4 -0.3221873017580501 0.4809787924010006 Penicillium-commune
1 4 -0.262018686831928 0.5702938852295252 Penicillium-verrucosum
1 4 0.1333042023274818 0.7757011008969532 Penicillium-cvjetkovicii
1 2 -0.10915785607211793 0.8157899295352595 Penicillium-brevicompactum
1 2 -0.05313072078218897 0.909929741172965 Penicillium-chrysogenum
1 2 -0.05670583537043098 0.9038878847686941 Penicillium-polonicum
1 2 -0.05267520186651503 0.910699809921212 Penicillium-mb
1 2 -0.45013202731483093 0.3108361873992454 Penicillium-solitum
1 2 -0.3321043975388759 0.46677227970122975 Penicillium-commune
1 2 -0.2608317440298917 0.5721059033950591 Penicillium-verrucosum
1 2 0.17024234277893707 0.7151574960342106 Penicillium-cvjetkovicii
1 4 -0.1091632026529704 0.8157810146495406 Penicillium-brevicompactum
1 4 -0.05953587053779843 0.8991077962885232 Penicillium-chrysogenum
1 4 -0.0483326327203207 0.918043779246608 Penicillium-polonicum
1 4 -0.044238192031485164 0.9249723781893191 Penicillium-mb
1 4 -0.44246598860873426 0.32016265003919786 Penicillium-solitum
1 4 -0.3176888701389494 0.48747353456755615 Penicillium-commune
1 4 -0.25648945955097735 0.578750286852403 Penicillium-verrucosum
1 4 0.1333042023274818 0.7757011008969532 Penicillium-cvjetkovicii
1 2 -0.10915785607211795 0.8157899295352595 Penicillium-brevicompactum
1 2 -0.05130421116302611 0.9130178453960316 Penicillium-chrysogenum
1 2 -0.056302543558529886 0.9045692579728419 Penicillium-polonicum
1 2 -0.05226152969096615 0.9113991836430249 Penicillium-mb
1 2 -0.45023638685611655 0.31071005066328655 Penicillium-solitum
1 2 -0.3328868004664453 0.4656580899368474 Penicillium-commune
1 2 -0.261711102735883 0.5707632773604763 Penicillium-verrucosum
1 2 0.1876077524329014 0.6870824140371498 Penicillium-cvjetkovicii
1 4 -0.1089542753842152 0.8161293915979343 Penicillium-brevicompactum
1 4 -0.05766955338917674 0.9022598457983008 Penicillium-chrysogenum
1 4 -0.054021648625789544 0.9084237627416054 Penicillium-polonicum
1 4 -0.049999529991607145 0.915224222099893 Penicillium-mb
1 4 -0.45297840297207065 0.3074038468722628 Penicillium-solitum
1 4 -0.3346931799556767 0.46308943607217856 Penicillium-commune
1 4 -0.2589047183422881 0.5750515959348483 Penicillium-verrucosum
1 4 0.0830118746043799 0.8595597186778865 Penicillium-cvjetkovicii
1 4 -0.10895260808694177 0.8161321718390426 Penicillium-brevicompactum
1 4 -0.055173484294196364 0.9064770829195339 Penicillium-chrysogenum
1 4 -0.058132584139769135 0.9014777300544564 Penicillium-polonicum
1 4 -0.0541113918235131 0.9082720775029247 Penicillium-mb
1 4 -0.44864679650320677 0.3126337629715671 Penicillium-solitum
1 4 -0.329694383610276 0.4702104158829111 Penicillium-commune
1 4 -0.2621010813247727 0.5701681668820806 Penicillium-verrucosum
1 4 0.08254784676401239 0.8603393934973899 Penicillium-cvjetkovicii
1 4 -0.10917529518700438 0.8157608516237896 Penicillium-brevicompactum
1 4 -0.061870067408151985 0.8951670257925406 Penicillium-chrysogenum
1 4 -0.061727188350996436 0.8954081966153891 Penicillium-polonicum
1 4 -0.05770605851418931 0.9021981818742493 Penicillium-mb
1 4 -0.4431887211034563 0.3192782828107918 Penicillium-solitum
1 4 -0.3240131264245208 0.4783516511639672 Penicillium-commune
1 4 -0.26545722868239724 0.5650547851636298 Penicillium-verrucosum
1 4 0.133304202327481 0.7757011008969545 Penicillium-cvjetkovicii
1 4 -0.10928785618378259 0.8155731719061193 Penicillium-brevicompactum
1 4 -0.060902398698181995 0.896800514203605 Penicillium-chrysogenum
1 4 -0.062947086569349 0.8933492931213665 Penicillium-polonicum
1 4 -0.0589158062844279 0.9001549162778518 Penicillium-mb
1 4 -0.4465555552954532 0.31517242723627326 Penicillium-solitum
1 4 -0.3273272269419447 0.47359637521247255 Penicillium-commune
1 4 -0.2669037656840697 0.5628553782086059 Penicillium-verrucosum
1 4 0.1333042023274818 0.7757011008969532 Penicillium-cvjetkovicii
1 4 -0.10908567546185748 0.8159102849875743 Penicillium-brevicompactum
1 4 -0.057658371670868624 0.9022787338717562 Penicillium-chrysogenum
1 4 -0.05028956563994111 0.9147336982436006 Penicillium-polonicum
1 4 -0.0462241522344837 0.9216112501301388 Penicillium-mb
1 4 -0.4471743141982086 0.31442035584246303 Penicillium-solitum
1 4 -0.32538482091735926 0.476381370642144 Penicillium-commune
1 4 -0.2580643826757883 0.5763376337900463 Penicillium-verrucosum
1 4 0.11682707474851302 0.8030188948667385 Penicillium-cvjetkovicii
1 2 -0.10915785607211778 0.8157899295352599 Penicillium-brevicompactum
1 2 -0.055588505217283576 0.9057757604388339 Penicillium-chrysogenum
1 2 -0.05460604013992203 0.9074360557032382 Penicillium-polonicum
1 2 -0.050563735398239974 0.9142700274145636 Penicillium-mb
1 2 -0.4507578275619118 0.3100801326213163 Penicillium-solitum
1 2 -0.3320131785810065 0.4669022447007759 Penicillium-commune
1 2 -0.2599580082578002 0.5734409263741721 Penicillium-verrucosum
1 2 0.15852316954163756 0.7342513289344743 Penicillium-cvjetkovicii
1 4 -0.1091569170163705 0.8157914953178828 Penicillium-brevicompactum
1 4 -0.05924569247839874 0.8995978137465502 Penicillium-chrysogenum
1 4 -0.061041664437365396 0.8965654065118632 Penicillium-polonicum
1 4 -0.056997150941138 0.9033957278224867 Penicillium-mb
1 4 -0.4458996839481618 0.31597045758156206 Penicillium-solitum
1 4 -0.3263292445757342 0.47502652841944326 Penicillium-commune
1 4 -0.2653404368303098 0.5652324821102872 Penicillium-verrucosum
1 4 0.13309848222313772 0.7760410888701289 Penicillium-cvjetkovicii
1 2 -0.10915785607211796 0.8157899295352595 Penicillium-brevicompactum
1 2 -0.054780750166698144 0.9071407886010531 Penicillium-chrysogenum
1 2 -0.06033836913841723 0.8977527672165905 Penicillium-polonicum
1 2 -0.05631637073481009 0.9045458957850203 Penicillium-mb
1 2 -0.4468487730834363 0.31481593808492736 Penicillium-solitum
1 2 -0.32950383160926777 0.47048265173249176 Penicillium-commune
1 2 -0.26425532611289265 0.5668843095019593 Penicillium-verrucosum
1 2 0.17314792843551605 0.7104413272604124 Penicillium-cvjetkovicii
1 4 -0.10942579933613418 0.8153431805542075 Penicillium-brevicompactum
1 4 -0.06233757444983596 0.8943779483891873 Penicillium-chrysogenum
1 4 -0.06574690796839404 0.88862566346419 Penicillium-polonicum
1 4 -0.06167945221159859 0.8954887736314985 Penicillium-mb
1 4 -0.4449673243175864 0.31710640934473266 Penicillium-solitum
1 4 -0.3246957665512382 0.4773707497083312 Penicillium-commune
1 4 -0.27269192135108095 0.5540822637623044 Penicillium-verrucosum
1 4 0.13330420232748233 0.7757011008969524 Penicillium-cvjetkovicii
1 4 -0.10932904336725253 0.8155044997901205 Penicillium-brevicompactum
1 4 -0.061218406417882947 0.8962670402929734 Penicillium-chrysogenum
1 4 -0.05766688857665467 0.9022643471760023 Penicillium-polonicum
1 4 -0.0536151071447506 0.9091109326386103 Penicillium-mb
1 4 -0.442568668237792 0.32003694237319114 Penicillium-solitum
1 4 -0.31987208923326915 0.48431754679226613 Penicillium-commune
1 4 -0.2625739619147789 0.5694468101180261 Penicillium-verrucosum
1 4 0.1333042023274814 0.7757011008969539 Penicillium-cvjetkovicii
1 4 -0.10939605051971925 0.815392779591746 Penicillium-brevicompactum
1 4 -0.06179043304289958 0.895301442779575 Penicillium-chrysogenum
1 4 -0.06291303722175197 0.8934067540570393 Penicillium-polonicum
1 4 -0.05885179100836078 0.9002630272587584 Penicillium-mb
1 4 -0.44443415517857343 0.31775679556223607 Penicillium-solitum
1 4 -0.32326472437703063 0.47942788339944786 Penicillium-commune
1 4 -0.2688690675736649 0.5598716027389742 Penicillium-verrucosum
1 4 0.1333042023274818 0.7757011008969532 Penicillium-cvjetkovicii
1 4 -0.10910594660047827 0.8158764841783632 Penicillium-brevicompactum
1 4 -0.059362933343027266 0.899399828555425 Penicillium-chrysogenum
1 4 -0.06217729863372952 0.8946484606562961 Penicillium-polonicum
1 4 -0.05814986297443425 0.9014485452062397 Penicillium-mb
1 4 -0.44535169851441087 0.3166378884435726 Penicillium-solitum
1 4 -0.326447608360754 0.4748568259761662 Penicillium-commune
1 4 -0.26573070096901347 0.5646387709954597 Penicillium-verrucosum
1 4 0.12159385847996204 0.7950984617199093 Penicillium-cvjetkovicii
1 2 -0.1091578560721178 0.8157899295352598 Penicillium-brevicompactum
1 2 -0.058197292059540336 0.9013684354745256 Penicillium-chrysogenum
1 2 -0.05942450857019767 0.8992958478450901 Penicillium-polonicum
1 2 -0.05536423182293523 0.9061547424726987 Penicillium-mb
1 2 -0.4471229946572804 0.3144827026028642 Penicillium-solitum
1 2 -0.32757519862162643 0.47324126392285953 Penicillium-commune
1 2 -0.2658150948076899 0.5645104082781806 Penicillium-verrucosum
1 2 0.13407679895254207 0.7744245062885612 Penicillium-cvjetkovicii
1 4 -0.1090495979317345 0.8159704424910005 Penicillium-brevicompactum
1 4 -0.05812563195701405 0.9014894726767224 Penicillium-chrysogenum
1 4 -0.05797867054899032 0.9017377019855588 Penicillium-polonicum
1 4 -0.05394452041862699 0.9085541277105669 Penicillium-mb
1 4 -0.4471933670833272 0.3143972103590965 Penicillium-solitum
1 4 -0.3279564829723736 0.4726954294872554 Penicillium-commune
1 4 -0.26316808157399296 0.5685409179951499 Penicillium-verrucosum
1 4 0.1080596510477812 0.8176214096963812 Penicillium-cvjetkovicii
1 4 -0.10891760824906516 0.8161905349034203 Penicillium-brevicompactum
1 4 -0.057467821254689064 0.9026006158131686 Penicillium-chrysogenum
1 4 -0.06127362364260484 0.8961738275627176 Penicillium-polonicum
1 4 -0.05727065111125487 0.9029336911113897 Penicillium-mb
1 4 -0.4465859734790146 0.3151354371960676 Penicillium-solitum
1 4 -0.3281533134777633 0.47241374301467265 Penicillium-commune
1 4 -0.2633845549857448 0.568210960580283 Penicillium-verrucosum
1 4 0.07258800487417587 0.8770951674081333 Penicillium-cvjetkovicii
1 4 -0.10926701672758621 0.8156079182558602 Penicillium-brevicompactum
1 4 -0.05931361540542196 0.8994831114800699 Penicillium-chrysogenum
1 4 -0.06670720509043196 0.8870061263322073 Penicillium-polonicum
1 4 -0.06264857787685094 0.8938530624809417 Penicillium-mb
1 4 -0.45030990556423883 0.3106212038492755 Penicillium-solitum
1 4 -0.33015179740553485 0.4695571576810954 Penicillium-commune
1 4 -0.2669734539516749 0.562749488829995 Penicillium-verrucosum
1 4 0.1333042023274811 0.7757011008969543 Penicillium-cvjetkovicii
1 2 -0.1091578560721178 0.8157899295352598 Penicillium-brevicompactum
1 2 -0.05803268102753772 0.9016464733234835 Penicillium-chrysogenum
1 2 -0.05767817734311217 0.902245278305996 Penicillium-polonicum
1 2 -0.05365295881315513 0.9090469507230854 Penicillium-mb
1 2 -0.44372489187696346 0.3186228835000806 Penicillium-solitum
1 2 -0.3241591518793127 0.47814176258396257 Penicillium-commune
1 2 -0.26172779895757037 0.5707377947805521 Penicillium-verrucosum
1 2 0.1553039418110357 0.7395158578755264 Penicillium-cvjetkovicii
1 4 -0.10919045623781622 0.815735572283971 Penicillium-brevicompactum
1 4 -0.06058420257085632 0.89733771375072 Penicillium-chrysogenum
1 4 -0.04983720597721725 0.9154987625312622 Penicillium-polonicum
1 4 -0.04573921012063856 0.9224319038313451 Penicillium-mb
1 4 -0.4419389980275866 0.3208081644026959 Penicillium-solitum
1 4 -0.3184970094126702 0.4863044609378958 Penicillium-commune
1 4 -0.26105197607452646 0.5717695546094055 Penicillium-verrucosum
1 4 0.1333042023274832 0.775701100896951 Penicillium-cvjetkovicii
1 4 -0.10904939927213561 0.8159707737480804 Penicillium-brevicompactum
1 4 -0.058242195716991456 0.9012925919103755 Penicillium-chrysogenum
1 4 -0.057501025350004044 0.9025445259629745 Penicillium-polonicum
1 4 -0.05346439369898677 0.9093656923867383 Penicillium-mb
1 4 -0.4453508205970099 0.31663895821173066 Penicillium-solitum
1 4 -0.32449242370150505 0.47766286161573096 Penicillium-commune
1 4 -0.26083419710626343 0.5721021565982604 Penicillium-verrucosum
1 4 0.10801033975211802 0.8177036618367344 Penicillium-cvjetkovicii
