#SPECIES: Penicillium-brevicompactum Penicillium-verrucosum Penicillium-mb Penicillium-polonicum Penicillium-commune Penicillium-solitum Penicillium-chrysogenum Penicillium-cvjetkovicii 
#GENE_TREEs p: 0.5845047397748956 0.7127343393043873 0.4023372283307096 0.4735899771544082 0.5023237075614124 0.9244511925596774 0.29426034420509567 0.16389496759507594 
#GENE_TREEs r: -0.2527412885935527 0.17173466633457368 0.37859055801896135 0.32733169406184925 0.30748255659265583 0.04454610545411257 -0.4640091865727219 0.5892131904344222 
0 0 -0.2526241525453512 0.5846848583858648 Penicillium-brevicompactum
0 0 0.1631618076571966 0.7266801527399551 Penicillium-verrucosum
0 0 0.3700812894463002 0.4138555297110337 Penicillium-mb
0 0 0.3183209135152912 0.4865591199903267 Penicillium-polonicum
0 0 0.2977439836746874 0.5166380975588282 Penicillium-commune
0 0 0.035302159057353455 0.9401065306066403 Penicillium-solitum
0 0 -0.461906700896333 0.2967460051383764 Penicillium-chrysogenum
0 0 0.5892131904344191 0.1638949675950787 Penicillium-cvjetkovicii
0 0 -0.25258393695383613 0.5847467013284076 Penicillium-brevicompactum
0 0 0.16506633683873206 0.7235766643898217 Penicillium-verrucosum
0 0 0.3706789439600718 0.41304236548358564 Penicillium-mb
0 0 0.3190079350193427 0.4855658617094984 Penicillium-polonicum
0 0 0.30183809830048725 0.5106033409993667 Penicillium-commune
0 0 0.03673791220815138 0.9376738630449181 Penicillium-solitum
0 0 -0.4607532201544553 0.2981136262632021 Penicillium-chrysogenum
0 0 0.5892131904344222 0.16389496759507594 Penicillium-cvjetkovicii
0 0 -0.25267229453411755 0.5846108289944117 Penicillium-brevicompactum
0 0 0.17022708694912073 0.7151822775032941 Penicillium-verrucosum
0 0 0.3772811981310593 0.40410125050482637 Penicillium-mb
0 0 0.3257872905506201 0.4758038285166483 Penicillium-polonicum
0 0 0.30727352664297797 0.5026294836580998 Penicillium-commune
0 0 0.04044907700100302 0.9313876755735978 Penicillium-solitum
0 0 -0.4616882785324882 0.29700476407156334 Penicillium-chrysogenum
0 0 0.5892131904344184 0.16389496759507935 Penicillium-cvjetkovicii
0 0 -0.2528109333775819 0.5843976559764714 Penicillium-brevicompactum
0 0 0.17912361282518802 0.7007651407904326 Penicillium-verrucosum
0 0 0.380922278646889 0.3992034221266356 Penicillium-mb
0 0 0.3320793787750163 0.466807924080478 Penicillium-polonicum
0 0 0.3153285275988565 0.4908937910702529 Penicillium-commune
0 0 0.05034171084936343 0.914645509745031 Penicillium-solitum
0 0 -0.46521162520251086 0.2928429202613433 Penicillium-chrysogenum
0 0 0.5892131904344183 0.16389496759507935 Penicillium-cvjetkovicii
0 0 -0.25259225165862087 0.584733914933135 Penicillium-brevicompactum
0 0 0.16095996676581936 0.7302718237140187 Penicillium-verrucosum
0 0 0.36386666547052504 0.4223480067523672 Penicillium-mb
0 0 0.3142861565171872 0.49240694595167656 Penicillium-polonicum
0 0 0.2970878441655606 0.517607516085315 Penicillium-commune
0 0 0.03616210466756677 0.938649436786151 Penicillium-solitum
0 0 -0.4614020777116479 0.29734396887879666 Penicillium-chrysogenum
0 0 0.5892131904344197 0.16389496759507827 Penicillium-cvjetkovicii
0 0 -0.2527397867830605 0.5845070489816578 Penicillium-brevicompactum
0 0 0.1724658974368704 0.7115477040704989 Penicillium-verrucosum
0 0 0.3787935423330572 0.40206403342015207 Penicillium-mb
0 0 0.32759752501606015 0.47320929585475385 Penicillium-polonicum
0 0 0.30829049436348743 0.501142441336101 Penicillium-commune
0 0 0.04390715440799126 0.9255327284955179 Penicillium-solitum
0 0 -0.4636334347170502 0.29470389810644715 Penicillium-chrysogenum
0 0 0.5892131904344178 0.16389496759507985 Penicillium-cvjetkovicii
0 0 -0.2525600324692417 0.5847834622456066 Penicillium-brevicompactum
0 0 0.16568169619309966 0.7225745587896082 Penicillium-verrucosum
0 0 0.37160683784739834 0.4117811213472218 Penicillium-mb
0 0 0.32009319892140164 0.4839983276312513 Penicillium-polonicum
0 0 0.30171441241984526 0.5107852965964408 Penicillium-commune
0 0 0.03592560684391112 0.9390501458109828 Penicillium-solitum
0 0 -0.4608944630425156 0.2979460130561189 Penicillium-chrysogenum
0 0 0.5892131904344209 0.16389496759507707 Penicillium-cvjetkovicii
0 0 -0.25276185853531113 0.5844731114008381 Penicillium-brevicompactum
0 0 0.1770734368416855 0.7040813492833513 Penicillium-verrucosum
0 0 0.3868365452873396 0.3912985678552888 Penicillium-mb
0 0 0.3348155616390612 0.4629155998203336 Penicillium-polonicum
0 0 0.3166861518547797 0.4889254834471357 Penicillium-commune
0 0 0.045879370451187874 0.9221947088552571 Penicillium-solitum
0 0 -0.46158591628655793 0.29712606403937675 Penicillium-chrysogenum
0 0 0.5892131904344186 0.1638949675950792 Penicillium-cvjetkovicii
0 0 -0.2526665002185928 0.5846197389358079 Penicillium-brevicompactum
0 0 0.17050811239539737 0.7147258135476471 Penicillium-verrucosum
0 0 0.3765142082977028 0.4051359874906378 Penicillium-mb
0 0 0.3253558154535994 0.4764230031619011 Penicillium-polonicum
0 0 0.3072567442538275 0.5026540363282438 Penicillium-commune
0 0 0.04081593049318104 0.930766427455473 Penicillium-solitum
0 0 -0.4619702556542589 0.2966707322688133 Penicillium-chrysogenum
0 0 0.5892131904344197 0.16389496759507827 Penicillium-cvjetkovicii
0 0 -0.252627094924628 0.5846803337175174 Penicillium-brevicompactum
0 0 0.1697273883209517 0.7159940944656543 Penicillium-verrucosum
0 0 0.37512088128968174 0.4070183809667245 Penicillium-mb
0 0 0.32430207505084174 0.4779363652960199 Penicillium-polonicum
0 0 0.3056614253737158 0.5049899031289229 Penicillium-commune
0 0 0.03940227397878516 0.9331605358051576 Penicillium-solitum
0 0 -0.4620146644715046 0.29661814043622814 Penicillium-chrysogenum
0 0 0.5892131904344197 0.16389496759507827 Penicillium-cvjetkovicii
0 0 -0.2526766386061092 0.5846041491255243 Penicillium-brevicompactum
0 0 0.1711281344239138 0.71371896346432 Penicillium-verrucosum
0 0 0.3761458185632849 0.4056333493815035 Penicillium-mb
0 0 0.32556255104497117 0.4761262973915807 Penicillium-polonicum
0 0 0.30778660185990014 0.5018790560764561 Penicillium-commune
0 0 0.041479970039836264 0.9296419808185924 Penicillium-solitum
0 0 -0.46223711197166706 0.2963547654685565 Penicillium-chrysogenum
0 0 0.5892131904344184 0.16389496759507935 Penicillium-cvjetkovicii
0 0 -0.2526862618744338 0.5845893515330141 Penicillium-brevicompactum
0 0 0.1721131778232013 0.712120036638052 Penicillium-verrucosum
0 0 0.3775876786310662 0.40368807388061323 Penicillium-mb
0 0 0.3263097645944057 0.4750544596832419 Penicillium-polonicum
0 0 0.30881737311368057 0.5003726297736343 Penicillium-commune
0 0 0.042714182400455686 0.9275522844958333 Penicillium-solitum
0 0 -0.4625424213776809 0.29599345126517407 Penicillium-chrysogenum
0 0 0.5892131904344179 0.16389496759507977 Penicillium-cvjetkovicii
0 0 -0.25258957000646814 0.5847380387820421 Penicillium-brevicompactum
0 0 0.16280400402421866 0.7272635375036504 Penicillium-verrucosum
0 0 0.37094471343667906 0.4126809626598081 Penicillium-mb
0 0 0.3188171667485609 0.4858415912606763 Penicillium-polonicum
0 0 0.2992443103610255 0.5144237718044542 Penicillium-commune
0 0 0.035433735576259756 0.9398835783598238 Penicillium-solitum
0 0 -0.46078404623605934 0.2980770413481034 Penicillium-chrysogenum
0 0 0.589213190434421 0.163894967595077 Penicillium-cvjetkovicii
0 0 -0.25263891449693576 0.584662158179929 Penicillium-brevicompactum
0 0 0.16277952387274552 0.727303455259223 Penicillium-verrucosum
0 0 0.3691535864834862 0.4151189939522866 Penicillium-mb
0 0 0.31803058365893144 0.4869790812140066 Penicillium-polonicum
0 0 0.2993054292427817 0.514333635997341 Penicillium-commune
0 0 0.037687560278284085 0.9360650382067233 Penicillium-solitum
0 0 -0.4616254096834964 0.297079261502327 Penicillium-chrysogenum
0 0 0.5892131904344197 0.16389496759507827 Penicillium-cvjetkovicii
0 0 -0.25261856127032817 0.5846934564455042 Penicillium-brevicompactum
0 0 0.16932139852371506 0.7166538274738856 Penicillium-verrucosum
0 0 0.37524491568590246 0.40685067016019244 Penicillium-mb
0 0 0.3237319834865924 0.4787558435663115 Penicillium-polonicum
0 0 0.3041358899691722 0.5072271215610171 Penicillium-commune
0 0 0.036408100566434835 0.9382326456638963 Penicillium-solitum
0 0 -0.46157311461681766 0.29714123564368944 Penicillium-chrysogenum
0 0 0.5892131904344184 0.16389496759507935 Penicillium-cvjetkovicii
0 0 -0.2525626597060255 0.584779421980063 Penicillium-brevicompactum
0 0 0.1670732338353475 0.7203096195348642 Penicillium-verrucosum
0 0 0.3723084147928832 0.41082850373807234 Penicillium-mb
0 0 0.32126700491245314 0.4823049529629069 Penicillium-polonicum
0 0 0.3037802544007779 0.5077491601184296 Penicillium-commune
0 0 0.03754593023015434 0.9363049666859852 Penicillium-solitum
0 0 -0.46095417478307865 0.2978751655162874 Penicillium-chrysogenum
0 0 0.5892131904344184 0.16389496759507935 Penicillium-cvjetkovicii
0 0 -0.252659237528902 0.5846309068608733 Penicillium-brevicompactum
0 0 0.17177256961721465 0.7126728188612519 Penicillium-verrucosum
0 0 0.37944061857350636 0.40119363005485537 Penicillium-mb
0 0 0.3276052351750961 0.47319825623908096 Penicillium-polonicum
0 0 0.3101483542969046 0.4984298118734396 Penicillium-commune
0 0 0.04001887879782302 0.9321162300762953 Penicillium-solitum
0 0 -0.460441551000525 0.2984836316283235 Penicillium-chrysogenum
0 0 0.5892131904344197 0.16389496759507827 Penicillium-cvjetkovicii
0 0 -0.2525697731842455 0.5847684826434032 Penicillium-brevicompactum
0 0 0.16471065426403528 0.7241560326129759 Penicillium-verrucosum
0 0 0.3711126524818303 0.41245265703811307 Penicillium-mb
0 0 0.3197621145110587 0.4844763469457808 Penicillium-polonicum
0 0 0.2999084299344337 0.5134446448537685 Penicillium-commune
0 0 0.03502253784226998 0.9405803502207981 Penicillium-solitum
0 0 -0.4612390880760657 0.29753722028690893 Penicillium-chrysogenum
0 0 0.5892131904344184 0.16389496759507935 Penicillium-cvjetkovicii
0 0 -0.25253385833456027 0.5848237143034246 Penicillium-brevicompactum
0 0 0.16125464017503718 0.7297909201966365 Penicillium-verrucosum
0 0 0.3675627535772542 0.41728909169880796 Penicillium-mb
0 0 0.315902277448618 0.49006161506988677 Penicillium-polonicum
0 0 0.2977712857575162 0.516597773377101 Penicillium-commune
0 0 0.03391163406734104 0.9424629190822432 Penicillium-solitum
0 0 -0.46019433399323195 0.2987772649230626 Penicillium-chrysogenum
0 0 0.5892131904344197 0.16389496759507827 Penicillium-cvjetkovicii
0 0 -0.2525585541875028 0.584785735607769 Penicillium-brevicompactum
0 0 0.16638878847305114 0.7214234563182829 Penicillium-verrucosum
0 0 0.37141652802564373 0.4120396776544672 Penicillium-mb
0 0 0.32054136805428624 0.48335153123937485 Penicillium-polonicum
0 0 0.30179591910363157 0.5106653887397419 Penicillium-commune
0 0 0.034975743289782486 0.9406596451996081 Penicillium-solitum
0 0 -0.46088246153216506 0.29796025365611106 Penicillium-chrysogenum
0 0 0.5892131904344184 0.16389496759507935 Penicillium-cvjetkovicii
0 0 -0.2527631843108192 0.584471072904457 Penicillium-brevicompactum
0 0 0.17924729269389333 0.7005652058920179 Penicillium-verrucosum
0 0 0.38548196791630973 0.39310347903848714 Penicillium-mb
0 0 0.33479535382500647 0.4629443022174408 Penicillium-polonicum
0 0 0.31829872719522273 0.4865912078623251 Penicillium-commune
0 0 0.04652227557721875 0.9211067719171836 Penicillium-solitum
0 0 -0.4619244101886854 0.29672502979161025 Penicillium-chrysogenum
0 0 0.5892131904344197 0.16389496759507827 Penicillium-cvjetkovicii
0 0 -0.25258262119495956 0.5847487247169805 Penicillium-brevicompactum
0 0 0.16538578292158077 0.7230564108733124 Penicillium-verrucosum
0 0 0.3757235484846757 0.4062037512664582 Penicillium-mb
0 0 0.3232466719566601 0.4794538542913148 Penicillium-polonicum
0 0 0.30376902057143346 0.5077656533299961 Penicillium-commune
0 0 0.03635943001114138 0.9383151073518918 Penicillium-solitum
0 0 -0.45966527050482997 0.2994060900865639 Penicillium-chrysogenum
0 0 0.5892131904344184 0.16389496759507935 Penicillium-cvjetkovicii
0 0 -0.25265763217441767 0.584633375442585 Penicillium-brevicompactum
0 0 0.1682264165086928 0.7184338696340582 Penicillium-verrucosum
0 0 0.37386373688760643 0.4087197416388074 Penicillium-mb
0 0 0.32269133570090736 0.48025302985960033 Penicillium-polonicum
0 0 0.30433975884846387 0.5069279459423486 Penicillium-commune
0 0 0.039143381029065866 0.9335990296941731 Penicillium-solitum
0 0 -0.4619271028679981 0.2967218405694647 Penicillium-chrysogenum
0 0 0.5892131904344197 0.16389496759507827 Penicillium-cvjetkovicii
0 0 -0.25263823292499415 0.5846632062618959 Penicillium-brevicompactum
0 0 0.1683746141673892 0.718192894795765 Penicillium-verrucosum
0 0 0.37346052533212026 0.4092660208966986 Penicillium-mb
0 0 0.32325362950950803 0.47944384483360947 Penicillium-polonicum
0 0 0.3051184978717454 0.505785719129642 Penicillium-commune
0 0 0.03797062005265792 0.9355855321467043 Penicillium-solitum
0 0 -0.4610993976970712 0.29770289060246186 Penicillium-chrysogenum
0 0 0.5892131904344184 0.16389496759507935 Penicillium-cvjetkovicii
0 0 -0.2526118490900793 0.5847037782438872 Penicillium-brevicompactum
0 0 0.1670882360788504 0.7202852099284593 Penicillium-verrucosum
0 0 0.37252210025526883 0.4105385286418901 Penicillium-mb
0 0 0.3212240579721648 0.48236687217671426 Penicillium-polonicum
0 0 0.30313872720400276 0.5086913312260561 Penicillium-commune
0 0 0.0377523073924421 0.9359553545946018 Penicillium-solitum
0 0 -0.4614847278662981 0.29724599449232597 Penicillium-chrysogenum
0 0 0.5892131904344184 0.16389496759507935 Penicillium-cvjetkovicii
2 2 -0.2526617035588207 0.5846271148097195 Penicillium-brevicompactum
2 2 0.17127177863686907 0.7134857475367578 Penicillium-verrucosum
2 2 0.3762228600238658 0.40552931600605535 Penicillium-mb
2 2 0.3246254652234829 0.47747173367712903 Penicillium-polonicum
2 2 0.3082240661675116 0.5012395276358645 Penicillium-commune
2 2 0.04065893963640822 0.9310322802457071 Penicillium-solitum
2 2 -0.46155058443071084 0.29716793760532 Penicillium-chrysogenum
2 2 0.5892131904344197 0.16389496759507827 Penicillium-cvjetkovicii
0 0 -0.25279300232943014 0.5844252256581365 Penicillium-brevicompactum
0 0 0.1757567841703612 0.7062130362602749 Penicillium-verrucosum
0 0 0.3822990226998 0.3973576695866174 Penicillium-mb
0 0 0.33137512994655094 0.4678116809210577 Penicillium-polonicum
0 0 0.31294239595216977 0.4943600474027414 Penicillium-commune
0 0 0.04781271909867366 0.9189233541395749 Penicillium-solitum
0 0 -0.46400651985076274 0.29426349107900535 Penicillium-chrysogenum
0 0 0.5892131904344184 0.16389496759507935 Penicillium-cvjetkovicii
0 0 -0.25261609598820217 0.5846972474791741 Penicillium-brevicompactum
0 0 0.1668520169064036 0.7206695754892241 Penicillium-verrucosum
0 0 0.37298022482423676 0.4099171161843318 Penicillium-mb
0 0 0.3213511219705063 0.48218368456913924 Penicillium-polonicum
0 0 0.30302854081646735 0.5088532160845847 Penicillium-commune
0 0 0.03816500336355685 0.935256253853882 Penicillium-solitum
0 0 -0.46159187904682686 0.2971189975279193 Penicillium-chrysogenum
0 0 0.5892131904344197 0.16389496759507827 Penicillium-cvjetkovicii
0 0 -0.25240830982952334 0.5850168017134884 Penicillium-brevicompactum
0 0 0.1582021139662983 0.7347759954963771 Penicillium-verrucosum
0 0 0.364654867781212 0.4212671923290736 Penicillium-mb
0 0 0.3128564139839346 0.4944851118596405 Penicillium-polonicum
0 0 0.29424051836470433 0.5218215101941479 Penicillium-commune
0 0 0.031824603098311734 0.9460002311098872 Penicillium-solitum
0 0 -0.4599142571648443 0.29911008129063826 Penicillium-chrysogenum
0 0 0.5892131904344223 0.16389496759507582 Penicillium-cvjetkovicii
2 2 -0.252637450488713 0.5846644094479316 Penicillium-brevicompactum
2 2 0.16673429606988383 0.7208611431721629 Penicillium-verrucosum
2 2 0.3727821438054885 0.4101857532224454 Penicillium-mb
2 2 0.32065608973505677 0.48318601515613413 Penicillium-polonicum
2 2 0.30301547388540023 0.5088724150877133 Penicillium-commune
2 2 0.036077480133014636 0.9387928188067791 Penicillium-solitum
2 2 -0.4615177002357497 0.2972069126636961 Penicillium-chrysogenum
2 2 0.5892131904344184 0.16389496759507935 Penicillium-cvjetkovicii
0 0 -0.2525872498098086 0.5847416067913447 Penicillium-brevicompactum
0 0 0.16500372351284742 0.7236786470854659 Penicillium-verrucosum
0 0 0.3710545310997576 0.41253166485767684 Penicillium-mb
0 0 0.3195167906767035 0.4848306543394668 Penicillium-polonicum
0 0 0.301464437651792 0.5111531055127374 Penicillium-commune
0 0 0.03629928396163491 0.9384170123786484 Penicillium-solitum
0 0 -0.46083870635926844 0.29801217465538726 Penicillium-chrysogenum
0 0 0.5892131904344197 0.16389496759507827 Penicillium-cvjetkovicii
0 0 -0.252690054551833 0.5845835196069017 Penicillium-brevicompactum
0 0 0.1690753459284502 0.7170537308893643 Penicillium-verrucosum
0 0 0.37610940605671767 0.40568252288382056 Penicillium-mb
0 0 0.32458138485192123 0.47753505663503076 Penicillium-polonicum
0 0 0.30544164169102506 0.5053120065684984 Penicillium-commune
0 0 0.0394560692471469 0.9330694230089214 Penicillium-solitum
0 0 -0.461869878055206 0.2967896211645905 Penicillium-chrysogenum
0 0 0.5892131904344183 0.16389496759507935 Penicillium-cvjetkovicii
0 0 -0.25262659017613387 0.5846811098979707 Penicillium-brevicompactum
0 0 0.16248668312900774 0.7277810043916044 Penicillium-verrucosum
0 0 0.3716458194617847 0.411728168494047 Penicillium-mb
0 0 0.3198638085023865 0.4843295032659449 Penicillium-polonicum
0 0 0.29922641275320866 0.5144501675454936 Penicillium-commune
0 0 0.03695567214468381 0.937304934907192 Penicillium-solitum
0 0 -0.4613227444853768 0.29743802473815434 Penicillium-chrysogenum
0 0 0.589213190434419 0.16389496759507877 Penicillium-cvjetkovicii
0 0 -0.25250047880485466 0.5848750484602488 Penicillium-brevicompactum
0 0 0.1645274428721872 0.7244545049000656 Penicillium-verrucosum
0 0 0.3723554287234918 0.4107646980746775 Penicillium-mb
0 0 0.3205472463257073 0.4833430497979126 Penicillium-polonicum
0 0 0.30237392597424817 0.509815338343304 Penicillium-commune
0 0 0.03464495458751618 0.9412201891213151 Penicillium-solitum
0 0 -0.4593018581662923 0.2998383656506885 Penicillium-chrysogenum
0 0 0.5892131904344197 0.16389496759507827 Penicillium-cvjetkovicii
0 0 -0.25262505578578665 0.5846834694191827 Penicillium-brevicompactum
0 0 0.17068819376163025 0.7144333465415342 Penicillium-verrucosum
0 0 0.37935797954336004 0.40130474883385703 Penicillium-mb
0 0 0.32687388526698324 0.4742458398210482 Penicillium-polonicum
0 0 0.3078178867736991 0.501833311225639 Penicillium-commune
0 0 0.03590969347498593 0.9390771089240935 Penicillium-solitum
0 0 -0.4597220678206183 0.2993385550191378 Penicillium-chrysogenum
0 0 0.5892131904344197 0.16389496759507827 Penicillium-cvjetkovicii
2 2 -0.2527037631601287 0.5845624402964962 Penicillium-brevicompactum
2 2 0.16851332108718153 0.7179673690666175 Penicillium-verrucosum
2 2 0.3784590117722729 0.4025143146061493 Penicillium-mb
2 2 0.3259862279404303 0.4755184480753143 Penicillium-polonicum
2 2 0.3083584679321322 0.5010431032622444 Penicillium-commune
2 2 0.03817394591705936 0.9352411056682258 Penicillium-solitum
2 2 -0.46281954027550637 0.2956656672763651 Penicillium-chrysogenum
2 2 0.5892131904344183 0.16389496759507935 Penicillium-cvjetkovicii
0 0 -0.25265461871177974 0.5846380093055354 Penicillium-brevicompactum
0 0 0.17162653257905175 0.7129098569358077 Penicillium-verrucosum
0 0 0.3744353059520287 0.40794586021428314 Penicillium-mb
0 0 0.32506218068125575 0.4768445412510567 Penicillium-polonicum
0 0 0.3078174014839972 0.5018340208058676 Penicillium-commune
0 0 0.042751117928371475 0.9274897524706479 Penicillium-solitum
0 0 -0.46296866898373906 0.29548934007129585 Penicillium-chrysogenum
0 0 0.5892131904344183 0.16389496759507935 Penicillium-cvjetkovicii
0 0 -0.25267570497182446 0.5846055847707006 Penicillium-brevicompactum
0 0 0.1713200123705986 0.7134074408401305 Penicillium-verrucosum
0 0 0.3777641909625191 0.40345018759435114 Penicillium-mb
0 0 0.3261539751205672 0.4752778590055464 Penicillium-polonicum
0 0 0.30624861233861295 0.5041297040010037 Penicillium-commune
0 0 0.037854484508254224 0.9357822650421035 Penicillium-solitum
0 0 -0.46192750898951673 0.29672135955852535 Penicillium-chrysogenum
0 0 0.5892131904344183 0.16389496759507935 Penicillium-cvjetkovicii
0 0 -0.25268459820871314 0.5845919097250174 Penicillium-brevicompactum
0 0 0.17163783521459397 0.7128915105575077 Penicillium-verrucosum
0 0 0.3789962880998161 0.4017912330028242 Penicillium-mb
0 0 0.32743261969862675 0.473445434211719 Penicillium-polonicum
0 0 0.3073397197423968 0.5025326471062257 Penicillium-commune
0 0 0.038093464796141646 0.935377436746209 Penicillium-solitum
0 0 -0.46154968442182487 0.2971690042852846 Penicillium-chrysogenum
0 0 0.5892131904344204 0.1638949675950775 Penicillium-cvjetkovicii
0 0 -0.252588872832288 0.5847391108990614 Penicillium-brevicompactum
0 0 0.16289148998404776 0.7271208854017999 Penicillium-verrucosum
0 0 0.37324624381026444 0.40955645062976925 Penicillium-mb
0 0 0.32074120323624294 0.48306322978432026 Penicillium-polonicum
0 0 0.30093061411637545 0.5119388711839692 Penicillium-commune
0 0 0.03591533860780416 0.9390675439828338 Penicillium-solitum
0 0 -0.45997087956035504 0.2990427835209189 Penicillium-chrysogenum
0 0 0.5892131904344178 0.16389496759507985 Penicillium-cvjetkovicii
0 0 -0.25271437000535524 0.5845461306334867 Penicillium-brevicompactum
0 0 0.17394604282885398 0.7091471554400417 Penicillium-verrucosum
0 0 0.3796730719375736 0.40088113216801535 Penicillium-mb
0 0 0.32862951415926334 0.47173249961893887 Penicillium-polonicum
0 0 0.31075041752426874 0.49755186034359666 Penicillium-commune
0 0 0.04390541417260544 0.9255356742721591 Penicillium-solitum
0 0 -0.4628262639771582 0.2956577162874287 Penicillium-chrysogenum
0 0 0.589213190434421 0.163894967595077 Penicillium-cvjetkovicii
0 0 -0.2526371917654327 0.5846648072980529 Penicillium-brevicompactum
0 0 0.161969862254235 0.7286239791906167 Penicillium-verrucosum
0 0 0.37005774982862427 0.4138875703450616 Penicillium-mb
0 0 0.3183512805542052 0.48651520164575224 Penicillium-polonicum
0 0 0.29767191173604274 0.5167445503703945 Penicillium-commune
0 0 0.03591930847603557 0.9390608175623983 Penicillium-solitum
0 0 -0.4616022362160219 0.29710672334607247 Penicillium-chrysogenum
0 0 0.5892131904344179 0.16389496759507977 Penicillium-cvjetkovicii
0 0 -0.252418656151594 0.5850008888388847 Penicillium-brevicompactum
0 0 0.15708902829142737 0.736595625540369 Penicillium-verrucosum
0 0 0.35749521391073313 0.43112399467603496 Penicillium-mb
0 0 0.30954379386067504 0.49931195264781036 Penicillium-polonicum
0 0 0.29200918422816036 0.5251319672199615 Penicillium-commune
0 0 0.027806903136341012 0.9528117835458503 Penicillium-solitum
0 0 -0.4592281080165985 0.29992612426245824 Penicillium-chrysogenum
0 0 0.5892131904344184 0.16389496759507935 Penicillium-cvjetkovicii
0 0 -0.2526439386875717 0.5846544322875906 Penicillium-brevicompactum
0 0 0.16958788690928742 0.7162207683000079 Penicillium-verrucosum
0 0 0.37339922805841735 0.409349092821578 Penicillium-mb
0 0 0.32257155308959373 0.48042547003052194 Penicillium-polonicum
0 0 0.3042622418963787 0.5070416940950917 Penicillium-commune
0 0 0.03482045179529118 0.9409227947691412 Penicillium-solitum
0 0 -0.46096702400668244 0.29785992097841524 Penicillium-chrysogenum
0 0 0.5892131904344183 0.16389496759507935 Penicillium-cvjetkovicii
0 0 -0.2531298004503075 0.5839074524072527 Penicillium-brevicompactum
0 0 0.1962393288546381 0.6732312518286578 Penicillium-verrucosum
0 0 0.40184467488919234 0.37152615773027636 Penicillium-mb
0 0 0.35189875466296233 0.4388894928861558 Penicillium-polonicum
0 0 0.33291237780554317 0.46562168274520777 Penicillium-commune
0 0 0.06702569872474569 0.8864690569434254 Penicillium-solitum
0 0 -0.4698039771129753 0.287457452099239 Penicillium-chrysogenum
0 0 0.5892131904344183 0.16389496759507935 Penicillium-cvjetkovicii
0 0 -0.25270136952206085 0.5845661209041539 Penicillium-brevicompactum
0 0 0.16445597508595217 0.7245709416116852 Penicillium-verrucosum
0 0 0.3754912063193855 0.40651773364410815 Penicillium-mb
0 0 0.32258479672081625 0.4804064032776013 Penicillium-polonicum
0 0 0.30116731270727654 0.5115904094316478 Penicillium-commune
0 0 0.038155802096781065 0.9352718403015716 Penicillium-solitum
0 0 -0.4616642955840183 0.2970331820707669 Penicillium-chrysogenum
0 0 0.589213190434421 0.163894967595077 Penicillium-cvjetkovicii
0 0 -0.25263693709513474 0.5846651989158068 Penicillium-brevicompactum
0 0 0.1687600754565089 0.7175662075555425 Penicillium-verrucosum
0 0 0.37569269191402105 0.4062454446838164 Penicillium-mb
0 0 0.3243741511392976 0.47783279564478426 Penicillium-polonicum
0 0 0.3059861724009952 0.5045141019830881 Penicillium-commune
0 0 0.0384888215215537 0.9347077339297464 Penicillium-solitum
0 0 -0.46092883559090486 0.29790522937371383 Penicillium-chrysogenum
0 0 0.5892131904344183 0.16389496759507935 Penicillium-cvjetkovicii
0 0 -0.2528935197774555 0.584270681356091 Penicillium-brevicompactum
0 0 0.18404512834506917 0.6928199491080224 Penicillium-verrucosum
0 0 0.387201559644622 0.3908127730129743 Penicillium-mb
0 0 0.33737718635914943 0.4592824923120452 Penicillium-polonicum
0 0 0.3197940617586711 0.4844302141685815 Penicillium-commune
0 0 0.051499822068363434 0.9126870812550906 Penicillium-solitum
0 0 -0.4655334415457086 0.29246408018400194 Penicillium-chrysogenum
0 0 0.5892131904344191 0.1638949675950787 Penicillium-cvjetkovicii
2 2 -0.252813179568882 0.5843942023984985 Penicillium-brevicompactum
2 2 0.18126332237665954 0.6973081334328832 Penicillium-verrucosum
2 2 0.3841610419711727 0.39486675241632685 Penicillium-mb
2 2 0.33297398843301457 0.4655339894915399 Penicillium-polonicum
2 2 0.3168168841153946 0.4887360941727423 Penicillium-commune
2 2 0.049913191764601905 0.9153702460814913 Penicillium-solitum
2 2 -0.4645035752750114 0.2936771964886462 Penicillium-chrysogenum
2 2 0.5892131904344197 0.16389496759507827 Penicillium-cvjetkovicii
0 0 -0.25264671338856565 0.5846501655359828 Penicillium-brevicompactum
0 0 0.1629854659091012 0.7269676579276426 Penicillium-verrucosum
0 0 0.37179337887310454 0.41152774711221735 Penicillium-mb
0 0 0.32008312975720055 0.48401286298434587 Penicillium-polonicum
0 0 0.300236185487695 0.5129616639781556 Penicillium-commune
0 0 0.037952719368297 0.935615855625817 Penicillium-solitum
0 0 -0.46131755015010656 0.2974441834940374 Penicillium-chrysogenum
0 0 0.5892131904344183 0.16389496759507935 Penicillium-cvjetkovicii
0 0 -0.2526601648969387 0.5846294808322605 Penicillium-brevicompactum
0 0 0.17010942400823323 0.7153734150857043 Penicillium-verrucosum
0 0 0.3757827689098216 0.40612373732132007 Penicillium-mb
0 0 0.32474343466937294 0.4773022814908342 Penicillium-polonicum
0 0 0.3059309511698689 0.5045949979996549 Penicillium-commune
0 0 0.04152136915349717 0.9295718809910917 Penicillium-solitum
0 0 -0.4628745534412918 0.29560061525092124 Penicillium-chrysogenum
0 0 0.5892131904344183 0.16389496759507935 Penicillium-cvjetkovicii
0 0 -0.2525967071707244 0.5847270632593906 Penicillium-brevicompactum
0 0 0.16851802828779963 0.7179597158416994 Penicillium-verrucosum
0 0 0.3744124027556916 0.40797685911173215 Penicillium-mb
0 0 0.3235363805044023 0.47903712998445425 Penicillium-polonicum
0 0 0.30489903733319645 0.5061075253438027 Penicillium-commune
0 0 0.038342283407615876 0.9349559542738667 Penicillium-solitum
0 0 -0.4614276633446365 0.2973136378709314 Penicillium-chrysogenum
0 0 0.5892131904344209 0.16389496759507707 Penicillium-cvjetkovicii
0 0 -0.2526873911780802 0.5845876150229361 Penicillium-brevicompactum
0 0 0.17210047864406078 0.7121406446809544 Penicillium-verrucosum
0 0 0.37773701299067225 0.403486811827624 Penicillium-mb
0 0 0.32632601512554615 0.47503115890756287 Penicillium-polonicum
0 0 0.30806683860227674 0.5014693455066267 Penicillium-commune
0 0 0.04117145268866861 0.9301643949923771 Penicillium-solitum
0 0 -0.4624356434566226 0.29611979398962307 Penicillium-chrysogenum
0 0 0.5892131904344197 0.16389496759507827 Penicillium-cvjetkovicii
0 0 -0.2526298927106894 0.5846760314085926 Penicillium-brevicompactum
0 0 0.1694277719643046 0.7164809571840909 Penicillium-verrucosum
0 0 0.37503443995334557 0.40713527712587144 Penicillium-mb
0 0 0.3238063772529352 0.4786488774469939 Penicillium-polonicum
0 0 0.3065245302108323 0.503725675052024 Penicillium-commune
0 0 0.03885355251560443 0.9340899358079564 Penicillium-solitum
0 0 -0.46101492234282804 0.2978030966071472 Penicillium-chrysogenum
0 0 0.5892131904344197 0.16389496759507827 Penicillium-cvjetkovicii
0 0 -0.25264550683071973 0.5846520208996318 Penicillium-brevicompactum
0 0 0.16506551434256847 0.7235780040256845 Penicillium-verrucosum
0 0 0.3726256049908912 0.4103980997148987 Penicillium-mb
0 0 0.32103083024130447 0.4826454956854098 Penicillium-polonicum
0 0 0.30171458327689515 0.5107850452313814 Penicillium-commune
0 0 0.03869013121535876 0.9343667430798412 Penicillium-solitum
0 0 -0.461751145180639 0.29693027749221745 Penicillium-chrysogenum
0 0 0.5892131904344197 0.16389496759507827 Penicillium-cvjetkovicii
0 0 -0.25256738841720666 0.5847721500081953 Penicillium-brevicompactum
0 0 0.16708848779631208 0.7202848003697158 Penicillium-verrucosum
0 0 0.37358222487335785 0.4091011096344903 Penicillium-mb
0 0 0.32269069709435017 0.48025394914441966 Penicillium-polonicum
0 0 0.30496279593026454 0.5060140255085507 Penicillium-commune
0 0 0.03684687062345534 0.9374892649597724 Penicillium-solitum
0 0 -0.45997177462213573 0.29904171976108646 Penicillium-chrysogenum
0 0 0.5892131904344191 0.1638949675950787 Penicillium-cvjetkovicii
2 2 -0.2525635311522426 0.5847780818385266 Penicillium-brevicompactum
2 2 0.1682543856451681 0.7183883893699978 Penicillium-verrucosum
2 2 0.35947845909566617 0.42838483994810794 Penicillium-mb
2 2 0.306101551201204 0.5043450930932607 Penicillium-polonicum
2 2 0.29620949761638055 0.5189062095667472 Penicillium-commune
2 2 0.04359674391837238 0.9260581853146778 Penicillium-solitum
2 2 -0.4605870050119075 0.2983109273086425 Penicillium-chrysogenum
2 2 0.5892131904344184 0.16389496759507935 Penicillium-cvjetkovicii
0 0 -0.2525886714891558 0.5847394205253833 Penicillium-brevicompactum
0 0 0.16708026370413956 0.7202981814667537 Penicillium-verrucosum
0 0 0.373448914478898 0.4092817557683054 Penicillium-mb
0 0 0.3220382470310658 0.4811934931376691 Penicillium-polonicum
0 0 0.3037638333561928 0.5077732691251986 Penicillium-commune
0 0 0.03627423626294939 0.9384594507147552 Penicillium-solitum
0 0 -0.4605090891948517 0.29840343490807214 Penicillium-chrysogenum
0 0 0.5892131904344197 0.16389496759507827 Penicillium-cvjetkovicii
0 0 -0.25256145283683284 0.584781277948753 Penicillium-brevicompactum
0 0 0.16305055960833634 0.726861527078982 Penicillium-verrucosum
0 0 0.37022433203786986 0.41366085007466546 Penicillium-mb
0 0 0.31853956562019314 0.4862429259217527 Penicillium-polonicum
0 0 0.29926496151406123 0.5143933156600571 Penicillium-commune
0 0 0.035685187065261054 0.939457510465056 Penicillium-solitum
0 0 -0.46098444795620497 0.2978392494572153 Penicillium-chrysogenum
0 0 0.5892131904344183 0.16389496759507935 Penicillium-cvjetkovicii
0 0 -0.2526866522736032 0.5845887512229939 Penicillium-brevicompactum
0 0 0.1732964688509907 0.7102004215430355 Penicillium-verrucosum
0 0 0.3788103560030896 0.40204140733928795 Penicillium-mb
0 0 0.3279337573100695 0.4727279563894276 Penicillium-polonicum
0 0 0.3098064686793015 0.4989286048766205 Penicillium-commune
0 0 0.04341060360512044 0.9263732902655875 Penicillium-solitum
0 0 -0.4628810761291301 0.2955929027155899 Penicillium-chrysogenum
0 0 0.5892131904344204 0.1638949675950775 Penicillium-cvjetkovicii
0 0 -0.2525513214661231 0.5847968584219395 Penicillium-brevicompactum
0 0 0.1660421491337906 0.7219877116140729 Penicillium-verrucosum
0 0 0.3739860481795438 0.40855408854507125 Penicillium-mb
0 0 0.32206681770137296 0.48115233682881675 Penicillium-polonicum
0 0 0.3039597380958626 0.5074856721299752 Penicillium-commune
0 0 0.034401884209508016 0.9416321006941166 Penicillium-solitum
0 0 -0.4590149198004685 0.3001798700264895 Penicillium-chrysogenum
0 0 0.589213190434421 0.163894967595077 Penicillium-cvjetkovicii
0 0 -0.25265274376226743 0.5846408924593409 Penicillium-brevicompactum
0 0 0.16889321331227572 0.7173497797846078 Penicillium-verrucosum
0 0 0.37405613418461453 0.4084591790177302 Penicillium-mb
0 0 0.32323897066307455 0.4794649338168231 Penicillium-polonicum
0 0 0.30512836447787833 0.5057712528942186 Penicillium-commune
0 0 0.040074202990079646 0.9320225346557912 Penicillium-solitum
0 0 -0.46215069957996313 0.2964570643566938 Penicillium-chrysogenum
0 0 0.5892131904344197 0.16389496759507827 Penicillium-cvjetkovicii
0 0 -0.25284079469557097 0.5843517439313621 Penicillium-brevicompactum
0 0 0.18469924480392436 0.6917656247269244 Penicillium-verrucosum
0 0 0.3883694028815012 0.3892601276158715 Penicillium-mb
0 0 0.33774786840653187 0.45875763786876134 Penicillium-polonicum
0 0 0.3210097065055734 0.4826759584291948 Penicillium-commune
0 0 0.05402710276837893 0.9084145440084643 Penicillium-solitum
0 0 -0.4659401996361794 0.2919855581830806 Penicillium-chrysogenum
0 0 0.5892131904344198 0.16389496759507813 Penicillium-cvjetkovicii
0 0 -0.25265152376775296 0.5846427684758474 Penicillium-brevicompactum
0 0 0.16599826049722227 0.7220591601529887 Penicillium-verrucosum
0 0 0.3738487132077373 0.40874009087936547 Penicillium-mb
0 0 0.32209624640603146 0.4811099458389847 Penicillium-polonicum
0 0 0.3028435198174223 0.5091250874501987 Penicillium-commune
0 0 0.0390876380725898 0.9336934447751312 Penicillium-solitum
0 0 -0.4616944693664729 0.296997428591383 Penicillium-chrysogenum
0 0 0.5892131904344198 0.16389496759507813 Penicillium-cvjetkovicii
0 0 -0.2527398919489028 0.5845068872769603 Penicillium-brevicompactum
0 0 0.17673652885055313 0.7046266640051935 Penicillium-verrucosum
0 0 0.3824804256881392 0.3971147229977109 Penicillium-mb
0 0 0.3315696597688586 0.4675343410489291 Penicillium-polonicum
0 0 0.3134761761370854 0.49358389174594985 Penicillium-commune
0 0 0.04672248429642467 0.9207679946227376 Penicillium-solitum
0 0 -0.4637193353921879 0.2946024711459877 Penicillium-chrysogenum
0 0 0.5892131904344197 0.16389496759507827 Penicillium-cvjetkovicii
0 0 -0.2527050159765048 0.584560513890495 Penicillium-brevicompactum
0 0 0.1675214630076372 0.7195804036295436 Penicillium-verrucosum
0 0 0.3754910084112063 0.406518001133904 Penicillium-mb
0 0 0.32416017770895217 0.47814028823329197 Penicillium-polonicum
0 0 0.3028437390668901 0.5091247652534572 Penicillium-commune
0 0 0.04007397286475445 0.9320229243879634 Penicillium-solitum
0 0 -0.4630175467540327 0.2954315579540914 Penicillium-chrysogenum
0 0 0.5892131904344183 0.16389496759507935 Penicillium-cvjetkovicii
0 0 -0.2526171985509797 0.584695551991719 Penicillium-brevicompactum
0 0 0.16983669915899283 0.7158164884433964 Penicillium-verrucosum
0 0 0.3750387742748371 0.4071294154306147 Penicillium-mb
0 0 0.3241549935766166 0.47814773902820096 Penicillium-polonicum
0 0 0.30590007464158386 0.5046402323592685 Penicillium-commune
0 0 0.04034154590526051 0.9315697793899103 Penicillium-solitum
0 0 -0.4622555179502624 0.2963329776543146 Penicillium-chrysogenum
0 0 0.5892131904344197 0.16389496759507827 Penicillium-cvjetkovicii
0 0 -0.2526335287434807 0.5846704400963032 Penicillium-brevicompactum
0 0 0.1721690446176109 0.7120293784719246 Penicillium-verrucosum
0 0 0.3755164116387281 0.40648366707117256 Penicillium-mb
0 0 0.325143940232277 0.4767271547855021 Penicillium-polonicum
0 0 0.3079397702219618 0.5016551069775204 Penicillium-commune
0 0 0.043057633600520395 0.926970831447707 Penicillium-solitum
0 0 -0.4632138781470091 0.29519951004807665 Penicillium-chrysogenum
0 0 0.5892131904344183 0.16389496759507935 Penicillium-cvjetkovicii
0 0 -0.25263277795370087 0.5846715946225303 Penicillium-brevicompactum
0 0 0.16358302408739803 0.7259935104287643 Penicillium-verrucosum
0 0 0.36818576163797984 0.4164387039785362 Penicillium-mb
0 0 0.3181524087357465 0.48680284585598127 Penicillium-polonicum
0 0 0.3003154424326425 0.5128448943928388 Penicillium-commune
0 0 0.03734152992929043 0.9366512379083771 Penicillium-solitum
0 0 -0.46129325041446223 0.29747299565423563 Penicillium-chrysogenum
0 0 0.5892131904344197 0.16389496759507827 Penicillium-cvjetkovicii
0 0 -0.25267246387525694 0.5846105685985153 Penicillium-brevicompactum
0 0 0.1685591981570442 0.7178927804094164 Penicillium-verrucosum
0 0 0.37569434422923215 0.4062432120316969 Penicillium-mb
0 0 0.32441746277008043 0.4777705629522402 Penicillium-polonicum
0 0 0.305046158006878 0.5058917869014743 Penicillium-commune
0 0 0.039877879264813725 0.9323550255440283 Penicillium-solitum
0 0 -0.4620266230220867 0.29660397904001545 Penicillium-chrysogenum
0 0 0.5892131904344209 0.16389496759507707 Penicillium-cvjetkovicii
0 0 -0.25276043029677825 0.5844753074455762 Penicillium-brevicompactum
0 0 0.17182786925266597 0.7125830647909857 Penicillium-verrucosum
0 0 0.3801998591652586 0.40017330536902573 Penicillium-mb
0 0 0.3282581117081727 0.4722637899730089 Penicillium-polonicum
0 0 0.3087803767039026 0.5004266709084635 Penicillium-commune
0 0 0.044909690477838736 0.9238358028011749 Penicillium-solitum
0 0 -0.46339417810716005 0.29498648099343044 Penicillium-chrysogenum
0 0 0.5892131904344197 0.16389496759507827 Penicillium-cvjetkovicii
0 0 -0.25264000888731153 0.5846604752908265 Penicillium-brevicompactum
0 0 0.16889096091779088 0.7173534411330722 Penicillium-verrucosum
0 0 0.3759341265232496 0.40591926317556226 Penicillium-mb
0 0 0.3244145939452188 0.4777746849574761 Penicillium-polonicum
0 0 0.3054157203349096 0.5053500002666427 Penicillium-commune
0 0 0.03870529338493849 0.9343410607788623 Penicillium-solitum
0 0 -0.4614625218022919 0.29727231640131674 Penicillium-chrysogenum
0 0 0.5892131904344184 0.16389496759507935 Penicillium-cvjetkovicii
0 0 -0.25256797073334175 0.584771254504687 Penicillium-brevicompactum
0 0 0.16389896206711882 0.7254785825588648 Penicillium-verrucosum
0 0 0.37153438920386433 0.41187954310083374 Penicillium-mb
0 0 0.3199493231587986 0.4842060345115194 Penicillium-polonicum
0 0 0.30125566423333155 0.5114603615213171 Penicillium-commune
0 0 0.03614548637006866 0.9386775935883633 Penicillium-solitum
0 0 -0.4603564507092297 0.29858469558803447 Penicillium-chrysogenum
0 0 0.5892131904344184 0.16389496759507935 Penicillium-cvjetkovicii
0 0 -0.25261911390521347 0.5846926066219178 Penicillium-brevicompactum
0 0 0.16407647712997311 0.7251892977374311 Penicillium-verrucosum
0 0 0.37193747116248804 0.41133207185611886 Penicillium-mb
0 0 0.32087349442763885 0.4828724077751477 Penicillium-polonicum
0 0 0.30180611526659207 0.5106503894273366 Penicillium-commune
0 0 0.03832911505876932 0.9349782602944443 Penicillium-solitum
0 0 -0.4610426097465019 0.2977702517318049 Penicillium-chrysogenum
0 0 0.5892131904344197 0.16389496759507827 Penicillium-cvjetkovicii
0 0 -0.252707007281668 0.5845574519436278 Penicillium-brevicompactum
0 0 0.1739966530260844 0.7090651078557175 Penicillium-verrucosum
0 0 0.3775449667241839 0.40374564520437856 Penicillium-mb
0 0 0.327377481600735 0.4735243995020536 Penicillium-polonicum
0 0 0.31005424692170575 0.4985670920475138 Penicillium-commune
0 0 0.04432041809733388 0.9248331972192524 Penicillium-solitum
0 0 -0.46341973763582517 0.294956287252461 Penicillium-chrysogenum
0 0 0.5892131904344197 0.16389496759507827 Penicillium-cvjetkovicii
0 0 -0.25269281820200884 0.5845792700071745 Penicillium-brevicompactum
0 0 0.1712560390549955 0.7135113009293295 Penicillium-verrucosum
0 0 0.37780437298443575 0.40339604189756123 Penicillium-mb
0 0 0.32633328090974906 0.47502074101873376 Penicillium-polonicum
0 0 0.30576573503440463 0.5048370574114944 Penicillium-commune
0 0 0.03827978180277287 0.9350618267761002 Penicillium-solitum
0 0 -0.46240697093380145 0.29615372420306846 Penicillium-chrysogenum
0 0 0.5892131904344222 0.16389496759507594 Penicillium-cvjetkovicii
0 0 -0.2526448829035232 0.5846529803336961 Penicillium-brevicompactum
0 0 0.1695182006101587 0.7163340067686287 Penicillium-verrucosum
0 0 0.3752264134032143 0.40687568594901696 Penicillium-mb
0 0 0.3239545173667925 0.4784359018112003 Penicillium-polonicum
0 0 0.3058668947830275 0.5046888426922943 Penicillium-commune
0 0 0.04014808843952916 0.9318974054110654 Penicillium-solitum
0 0 -0.4620253888149435 0.2966054405826234 Penicillium-chrysogenum
0 0 0.5892131904344209 0.16389496759507707 Penicillium-cvjetkovicii
2 2 -0.2527018198423132 0.5845654284630135 Penicillium-brevicompactum
2 2 0.17730060732676692 0.7037137110624747 Penicillium-verrucosum
2 2 0.37942647046994404 0.4012126531291432 Penicillium-mb
2 2 0.32700289424689083 0.4740609865397043 Penicillium-polonicum
2 2 0.31204442662202625 0.4956667336206697 Penicillium-commune
2 2 0.04716866584393751 0.9200130359795541 Penicillium-solitum
2 2 -0.4625860174060513 0.29594187402929645 Penicillium-chrysogenum
2 2 0.5892131904344197 0.16389496759507827 Penicillium-cvjetkovicii
0 0 -0.25260989573688575 0.584706782064971 Penicillium-brevicompactum
0 0 0.16718889328593006 0.720121439121439 Penicillium-verrucosum
0 0 0.37488143472220553 0.4073422212590263 Penicillium-mb
0 0 0.3231750576300744 0.4795568863605325 Penicillium-polonicum
0 0 0.30471472641157127 0.5063778449079503 Penicillium-commune
0 0 0.03742042232959128 0.9365175866340076 Penicillium-solitum
0 0 -0.4604409122561875 0.2984843901363465 Penicillium-chrysogenum
0 0 0.5892131904344184 0.16389496759507935 Penicillium-cvjetkovicii
0 0 -0.25255261262078266 0.5847948728196859 Penicillium-brevicompactum
0 0 0.16506229063347716 0.7235832546286036 Penicillium-verrucosum
0 0 0.371135591625852 0.41242147613962515 Penicillium-mb
0 0 0.3197951412365696 0.4844286553978481 Penicillium-polonicum
0 0 0.30114447847427545 0.5116240218486539 Penicillium-commune
0 0 0.035751138331788994 0.9393457623095252 Penicillium-solitum
0 0 -0.460875611449907 0.2979683818743696 Penicillium-chrysogenum
0 0 0.5892131904344197 0.16389496759507827 Penicillium-cvjetkovicii
0 0 -0.2526121106383858 0.5847033760413485 Penicillium-brevicompactum
0 0 0.16406593415472967 0.7252064782172922 Penicillium-verrucosum
0 0 0.36960647960275345 0.4145019982629886 Penicillium-mb
0 0 0.31884514238792816 0.48580115277931996 Penicillium-polonicum
0 0 0.30057897278435813 0.51245669994053 Penicillium-commune
0 0 0.03708250059322611 0.9370900666912276 Penicillium-solitum
0 0 -0.4612622652056455 0.29750973655531626 Penicillium-chrysogenum
0 0 0.5892131904344199 0.16389496759507804 Penicillium-cvjetkovicii
0 0 -0.2525815728308378 0.5847503369044804 Penicillium-brevicompactum
0 0 0.16177158218445079 0.7289474470586532 Penicillium-verrucosum
0 0 0.36926136705093116 0.41497212735974925 Penicillium-mb
0 0 0.31769301920946097 0.48746752986201203 Penicillium-polonicum
0 0 0.2967649108285233 0.5180848649806054 Penicillium-commune
0 0 0.03366507091821732 0.9428807810788837 Penicillium-solitum
0 0 -0.46116465972307163 0.29762548593397586 Penicillium-chrysogenum
0 0 0.5892131904344209 0.16389496759507707 Penicillium-cvjetkovicii
0 0 -0.2526352960745069 0.5846677223875694 Penicillium-brevicompactum
0 0 0.16858529553510462 0.7178503511101122 Penicillium-verrucosum
0 0 0.3746004193750595 0.40772241081867777 Penicillium-mb
0 0 0.3229862794469926 0.4798285212283929 Penicillium-polonicum
0 0 0.3045519076703537 0.5066166847427369 Penicillium-commune
0 0 0.03763573213974512 0.9361528372544361 Penicillium-solitum
0 0 -0.46136638175086 0.29738628766018865 Penicillium-chrysogenum
0 0 0.5892131904344184 0.16389496759507935 Penicillium-cvjetkovicii
0 0 -0.252647993599715 0.5846481969152104 Penicillium-brevicompactum
0 0 0.1713059476003448 0.7134302745635499 Penicillium-verrucosum
0 0 0.37838603028493695 0.40261257488925045 Penicillium-mb
0 0 0.326717663842859 0.47446972008791966 Penicillium-polonicum
0 0 0.30765528054098884 0.5020710902406631 Penicillium-commune
0 0 0.038462804808454494 0.9347518032327502 Penicillium-solitum
0 0 -0.46123964579271 0.2975365589263546 Penicillium-chrysogenum
0 0 0.5892131904344204 0.1638949675950775 Penicillium-cvjetkovicii
0 0 -0.2525973308454985 0.5847261041760818 Penicillium-brevicompactum
0 0 0.16865528529988993 0.7177365641082827 Penicillium-verrucosum
0 0 0.3734556038765805 0.4092726903577915 Penicillium-mb
0 0 0.32215425033575057 0.4810263972040337 Penicillium-polonicum
0 0 0.3036740522177717 0.5079050907913356 Penicillium-commune
0 0 0.037210367819187386 0.9368734416889881 Penicillium-solitum
0 0 -0.4617594705190162 0.29692041396148106 Penicillium-chrysogenum
0 0 0.5892131904344209 0.16389496759507707 Penicillium-cvjetkovicii
0 0 -0.2526850222659002 0.5845912576587784 Penicillium-brevicompactum
0 0 0.1743024079542017 0.7085694756039254 Penicillium-verrucosum
0 0 0.3832329656088759 0.39610750572172265 Penicillium-mb
0 0 0.331453134408777 0.46770046324030523 Penicillium-polonicum
0 0 0.3132877355902072 0.49385784886840534 Penicillium-commune
0 0 0.04283838571232435 0.9273420088749409 Penicillium-solitum
0 0 -0.4610102069925065 0.29780869046861724 Penicillium-chrysogenum
0 0 0.5892131904344197 0.16389496759507827 Penicillium-cvjetkovicii
0 0 -0.2527032180583725 0.5845632784784351 Penicillium-brevicompactum
0 0 0.16914467324521512 0.7169410496524659 Penicillium-verrucosum
0 0 0.3752470268839444 0.40684781577881185 Penicillium-mb
0 0 0.32464892329757095 0.47743803659197304 Penicillium-polonicum
0 0 0.3053297993683188 0.5054759442842309 Penicillium-commune
0 0 0.04339422900386427 0.926401010140416 Penicillium-solitum
0 0 -0.46352452823570706 0.2948325112954564 Penicillium-chrysogenum
0 0 0.5892131904344183 0.16389496759507935 Penicillium-cvjetkovicii
0 0 -0.25268817784524233 0.584586405379808 Penicillium-brevicompactum
0 0 0.16990208841140755 0.7157102501868096 Penicillium-verrucosum
0 0 0.376598717932203 0.40502192527232506 Penicillium-mb
0 0 0.3254582741366964 0.47627594665746675 Penicillium-polonicum
0 0 0.3069441020543247 0.5031115091779117 Penicillium-commune
0 0 0.041535640527812216 0.9295477158021478 Penicillium-solitum
0 0 -0.4621684259949206 0.2964360777561116 Penicillium-chrysogenum
0 0 0.5892131904344183 0.16389496759507935 Penicillium-cvjetkovicii
0 0 -0.2526536659619243 0.5846394743707695 Penicillium-brevicompactum
0 0 0.1699847697640631 0.7155759225855094 Penicillium-verrucosum
0 0 0.375870180456457 0.4060056451335089 Penicillium-mb
0 0 0.32431266716210877 0.47792114446530143 Penicillium-polonicum
0 0 0.3066320429845401 0.5035682737824576 Penicillium-commune
0 0 0.03901260959096821 0.9338205258451455 Penicillium-solitum
0 0 -0.46132209533195023 0.29743879441537074 Penicillium-chrysogenum
0 0 0.589213190434421 0.163894967595077 Penicillium-cvjetkovicii
0 0 -0.2526471834252915 0.584649442745554 Penicillium-brevicompactum
0 0 0.16671495479680273 0.7208926184287995 Penicillium-verrucosum
0 0 0.37332423859159336 0.4094507298367658 Penicillium-mb
0 0 0.32152026117872384 0.48193987614072803 Penicillium-polonicum
0 0 0.30345520272281223 0.508226467563198 Penicillium-commune
0 0 0.03924954529158811 0.9334192148332415 Penicillium-solitum
0 0 -0.46167498168485466 0.29702051969277543 Penicillium-chrysogenum
0 0 0.5892131904344183 0.16389496759507935 Penicillium-cvjetkovicii
0 0 -0.2526903870868 0.5845830082752188 Penicillium-brevicompactum
0 0 0.17139393052978955 0.7132874397699085 Penicillium-verrucosum
0 0 0.3768572270805241 0.40467309559389275 Penicillium-mb
0 0 0.32589842076984504 0.475644401904727 Penicillium-polonicum
0 0 0.3075575562146415 0.5022140114412013 Penicillium-commune
0 0 0.0424820545911615 0.9279452847627211 Penicillium-solitum
0 0 -0.46291401229234086 0.2955539598025635 Penicillium-chrysogenum
0 0 0.5892131904344184 0.16389496759507935 Penicillium-cvjetkovicii
0 0 -0.2526475863118945 0.5846488232142244 Penicillium-brevicompactum
0 0 0.1700256218821652 0.7155095546696144 Penicillium-verrucosum
0 0 0.37466191060852866 0.40763920653416946 Penicillium-mb
0 0 0.3236236836620866 0.4789115765069333 Penicillium-polonicum
0 0 0.30535038382339796 0.5054457703390243 Penicillium-commune
0 0 0.03851698519993438 0.9346600280653137 Penicillium-solitum
0 0 -0.4619825927454138 0.29665612146388126 Penicillium-chrysogenum
0 0 0.5892131904344198 0.16389496759507813 Penicillium-cvjetkovicii
0 0 -0.25263297375799665 0.5846712935246041 Penicillium-brevicompactum
0 0 0.1706950787556813 0.7144221652938986 Penicillium-verrucosum
0 0 0.3787784933926099 0.40208428514032807 Penicillium-mb
0 0 0.3266648281669992 0.4745454473593811 Penicillium-polonicum
0 0 0.30855397506933746 0.5007574232984047 Penicillium-commune
0 0 0.03980244494244866 0.9324827820522743 Penicillium-solitum
0 0 -0.4608055368144686 0.2980515371369559 Penicillium-chrysogenum
0 0 0.5892131904344197 0.16389496759507827 Penicillium-cvjetkovicii
0 0 -0.2526537627850248 0.5846393254836226 Penicillium-brevicompactum
0 0 0.1704728093822236 0.714783151809671 Penicillium-verrucosum
0 0 0.37548002950542275 0.40653284017087427 Penicillium-mb
0 0 0.3247538323551947 0.47728734722169563 Penicillium-polonicum
0 0 0.30627799504676356 0.5040866732656137 Penicillium-commune
0 0 0.03988941419718989 0.9323354899405705 Penicillium-solitum
0 0 -0.46221889885275613 0.2963763256840494 Penicillium-chrysogenum
0 0 0.5892131904344184 0.16389496759507935 Penicillium-cvjetkovicii
0 0 -0.2526205019801967 0.5846904720879509 Penicillium-brevicompactum
0 0 0.1680524009915935 0.71871684893484 Penicillium-verrucosum
0 0 0.3746494783629766 0.40765602816652335 Penicillium-mb
0 0 0.3233088447442308 0.4793644123143387 Penicillium-polonicum
0 0 0.3045292203005958 0.5066499680973509 Penicillium-commune
0 0 0.037699002423786314 0.9360456548001386 Penicillium-solitum
0 0 -0.4611601665882995 0.2976308147762061 Penicillium-chrysogenum
0 0 0.5892131904344191 0.1638949675950787 Penicillium-cvjetkovicii
0 0 -0.2526276480168797 0.5846794831964837 Penicillium-brevicompactum
0 0 0.1677282481964584 0.7192440454962011 Penicillium-verrucosum
0 0 0.37332163820235076 0.40945425445371014 Penicillium-mb
0 0 0.3224826390829029 0.480553485896625 Penicillium-polonicum
0 0 0.30434543837131517 0.506919612175639 Penicillium-commune
0 0 0.038896341658575924 0.9340174593100801 Penicillium-solitum
0 0 -0.4615613762254156 0.29715514742850446 Penicillium-chrysogenum
0 0 0.5892131904344184 0.16389496759507935 Penicillium-cvjetkovicii
2 2 -0.2526768904986761 0.5846037617916605 Penicillium-brevicompactum
2 2 0.17118225627094377 0.7136310909672553 Penicillium-verrucosum
2 2 0.37255898894704154 0.4104884781460235 Penicillium-mb
2 2 0.32259086573599927 0.4803976658547543 Penicillium-polonicum
2 2 0.30725346789207414 0.5026588297012198 Penicillium-commune
2 2 0.04072135697135376 0.9309265803403861 Penicillium-solitum
2 2 -0.46202927979549907 0.296600832911547 Penicillium-chrysogenum
2 2 0.5892131904344197 0.16389496759507827 Penicillium-cvjetkovicii
0 0 -0.2526470545123471 0.5846496409790629 Penicillium-brevicompactum
0 0 0.16646384907363024 0.7213012868042223 Penicillium-verrucosum
0 0 0.3733518915353343 0.40941324924969597 Penicillium-mb
0 0 0.32155102789022566 0.4818955317379186 Penicillium-polonicum
0 0 0.3018168880227427 0.510634542069071 Penicillium-commune
0 0 0.03718550822259294 0.936915557087717 Penicillium-solitum
0 0 -0.4618374248458164 0.2968280637819708 Penicillium-chrysogenum
0 0 0.5892131904344198 0.16389496759507813 Penicillium-cvjetkovicii
0 0 -0.2525743626181672 0.5847614248970472 Penicillium-brevicompactum
0 0 0.16201333845350074 0.7285530577634545 Penicillium-verrucosum
0 0 0.36884266966891843 0.41554277673909673 Penicillium-mb
0 0 0.3177829736627248 0.48733735057030264 Penicillium-polonicum
0 0 0.29624356956292036 0.5188558111962128 Penicillium-commune
0 0 0.03335390354090744 0.9434081457151828 Penicillium-solitum
0 0 -0.46152810841303854 0.29719457642318575 Penicillium-chrysogenum
0 0 0.5892131904344189 0.16389496759507896 Penicillium-cvjetkovicii
0 0 -0.2525857505475227 0.584743912367482 Penicillium-brevicompactum
0 0 0.1671593306416439 0.7201695371113858 Penicillium-verrucosum
0 0 0.3737130981674696 0.4089237964744834 Penicillium-mb
0 0 0.3223387957562807 0.48076061346424204 Penicillium-polonicum
0 0 0.30457930915504355 0.506576486591096 Penicillium-commune
0 0 0.037158909835867435 0.936960618353208 Penicillium-solitum
0 0 -0.4603632550842563 0.298576614249448 Penicillium-chrysogenum
0 0 0.5892131904344197 0.16389496759507827 Penicillium-cvjetkovicii
