#SPECIES: Penicillium-brevicompactum Penicillium-cvjetkovicii Penicillium-polonicum Penicillium-mb Penicillium-commune Penicillium-solitum Penicillium-verrucosum Penicillium-chrysogenum 
#GENE_TREEs p: 0.5398042931449756 0.25756751549992735 0.010051463111484584 0.6739607648855528 0.0067822590530343795 0.0069742783034474854 0.00717294886652513 0.003281872011144806 
#GENE_TREEs r: 0.28217607293642255 -0.4960276418261514 0.8742610178686159 -0.19578360010443535 0.8930180906213785 0.8917870522060827 0.8905338795744989 0.9204626096359276 
1 2 0.28222404520227523 0.5397323850301703 Penicillium-brevicompactum
1 2 -0.5012182777302927 0.25182828912021893 Penicillium-cvjetkovicii
1 2 0.8754398057596464 0.009824016579402742 Penicillium-polonicum
1 2 -0.1831674761699245 0.6942351940636742 Penicillium-mb
1 2 0.8990705600343025 0.005883056566191069 Penicillium-commune
1 2 0.8980113860309856 0.006035070422996028 Penicillium-solitum
1 2 0.8889022701237232 0.0074364721795782615 Penicillium-verrucosum
1 2 0.9212449864463413 0.0032031398070321267 Penicillium-chrysogenum
1 4 0.28243618576784985 0.539414434596696 Penicillium-brevicompactum
1 4 -0.5044838483111614 0.24824805765986305 Penicillium-cvjetkovicii
1 4 0.8787212073031876 0.009206612295113865 Penicillium-polonicum
1 4 -0.18112292677976088 0.6975348357340241 Penicillium-mb
1 4 0.8996724716401346 0.005797672234745579 Penicillium-commune
1 4 0.8984015356567563 0.005978813538426709 Penicillium-solitum
1 4 0.893666927485329 0.006682301520061659 Penicillium-verrucosum
1 4 0.9236537062635258 0.0029677402514193376 Penicillium-chrysogenum
1 2 0.28224439335486406 0.5397018850884432 Penicillium-brevicompactum
1 2 -0.5031643597939499 0.24969184571058692 Penicillium-cvjetkovicii
1 2 0.8777404482222183 0.00938872540562443 Penicillium-polonicum
1 2 -0.19342367491520032 0.6777416809321686 Penicillium-mb
1 2 0.8958346135618079 0.006354579498307676 Penicillium-commune
1 2 0.8946925774980663 0.006526046549629979 Penicillium-solitum
1 2 0.888452204685257 0.007510133117660408 Penicillium-verrucosum
1 2 0.92044484992237 0.0032836722093169657 Penicillium-chrysogenum
1 2 0.2822356569802579 0.539714980011532 Penicillium-brevicompactum
1 2 -0.5023460459356908 0.2505891845402694 Penicillium-cvjetkovicii
1 2 0.8755358133473846 0.009805623959473932 Penicillium-polonicum
1 2 -0.1923805344554267 0.6794146507896309 Penicillium-mb
1 2 0.894553265119375 0.006547144583807862 Penicillium-commune
1 2 0.8933303359767096 0.006734048186280029 Penicillium-solitum
1 2 0.8895889958604092 0.007324887017468778 Penicillium-verrucosum
1 2 0.9207585923154964 0.003251955010621439 Penicillium-chrysogenum
1 2 0.28215143075307825 0.5398412318238892 Penicillium-brevicompactum
1 2 -0.4929894083629715 0.26095430260775876 Penicillium-cvjetkovicii
1 2 0.8732438370033555 0.010250141410583979 Penicillium-polonicum
1 2 -0.19786957606033387 0.6706232843194542 Penicillium-mb
1 2 0.8933175546527087 0.0067360177158649545 Penicillium-commune
1 2 0.8921766675027726 0.00691316926270448 Penicillium-solitum
1 2 0.8878629722966246 0.007607207101198225 Penicillium-verrucosum
1 2 0.9189663485103059 0.0034355708520294797 Penicillium-chrysogenum
1 4 0.28225981168695863 0.5396787748581011 Penicillium-brevicompactum
1 4 -0.5044838483111616 0.24824805765986296 Penicillium-cvjetkovicii
1 4 0.8764766504384072 0.009626433467027259 Penicillium-polonicum
1 4 -0.18794840699550527 0.6865344171678007 Penicillium-mb
1 4 0.8951755317230253 0.006453211716879172 Penicillium-commune
1 4 0.8939000668157872 0.006646594966573764 Penicillium-solitum
1 4 0.889027961312604 0.007415975723620587 Penicillium-verrucosum
1 4 0.9213493997471894 0.003192717068248987 Penicillium-chrysogenum
1 4 0.28227210423348253 0.5396603500402666 Penicillium-brevicompactum
1 4 -0.5044838483111602 0.24824805765986427 Penicillium-cvjetkovicii
1 4 0.8774591971018223 0.009441329649713075 Penicillium-polonicum
1 4 -0.18845372386142126 0.685721735885882 Penicillium-mb
1 4 0.8942577216135597 0.006592033772038054 Penicillium-commune
1 4 0.8929068977536873 0.0067994754703318075 Penicillium-solitum
1 4 0.890017532282193 0.007255749351087095 Penicillium-verrucosum
1 4 0.9220137436498475 0.00312686633255818 Penicillium-chrysogenum
1 4 0.2822590759285285 0.539679877664283 Penicillium-brevicompactum
1 4 -0.507387960796123 0.24508398419671373 Penicillium-cvjetkovicii
1 4 0.8759213097808156 0.009731972514120803 Penicillium-polonicum
1 4 -0.19462784051657192 0.6758117699353512 Penicillium-mb
1 4 0.8947196155858442 0.006521956369378305 Penicillium-commune
1 4 0.8935216225078 0.006704611914799212 Penicillium-solitum
1 4 0.8898647735780607 0.007280351027338796 Penicillium-verrucosum
1 4 0.920544852063922 0.0032735431112366612 Penicillium-chrysogenum
1 2 0.2822525388094022 0.5396896759883101 Penicillium-brevicompactum
1 2 -0.5039048241400672 0.24888115236548872 Penicillium-cvjetkovicii
1 2 0.8764674774809311 0.009628171344557093 Penicillium-polonicum
1 2 -0.18426418179822673 0.6924668282621669 Penicillium-mb
1 2 0.8952544865350293 0.006441349555865651 Penicillium-commune
1 2 0.8939656291070446 0.006636573732461435 Penicillium-solitum
1 2 0.8892288496036662 0.00738328487713335 Penicillium-verrucosum
1 2 0.9220564240585895 0.003122663247115894 Penicillium-chrysogenum
1 2 0.28205887006942526 0.5399799879390139 Penicillium-brevicompactum
1 2 -0.47875807232782563 0.2770853335867542 Penicillium-cvjetkovicii
1 2 0.8738831709416881 0.010125003722599144 Penicillium-polonicum
1 2 -0.19332651524363664 0.6778974595292873 Penicillium-mb
1 2 0.8938144567582207 0.006659693719374369 Penicillium-commune
1 2 0.8926765185727161 0.006835226530791599 Penicillium-solitum
1 2 0.88678916987189 0.007785970909185378 Penicillium-verrucosum
1 2 0.9194146616703331 0.003389087078816165 Penicillium-chrysogenum
1 2 0.2822046489733561 0.5397614586605278 Penicillium-brevicompactum
1 2 -0.49922686688235873 0.2540231552261812 Penicillium-cvjetkovicii
1 2 0.8762721382111112 0.009665222598156711 Penicillium-polonicum
1 2 -0.1936323769449748 0.6774070944603012 Penicillium-mb
1 2 0.8951580592291569 0.006455838493863667 Penicillium-commune
1 2 0.8939972439357011 0.006631744521935666 Penicillium-solitum
1 2 0.888753580642825 0.007460761271254268 Penicillium-verrucosum
1 2 0.9203095402321038 0.00329740673935951 Penicillium-chrysogenum
1 4 0.28225907592852845 0.539679877664283 Penicillium-brevicompactum
1 4 -0.5098398755988205 0.24242720546363586 Penicillium-cvjetkovicii
1 4 0.8759439133411128 0.009727663895868401 Penicillium-polonicum
1 4 -0.1945179509887329 0.6759878310744842 Penicillium-mb
1 4 0.8936203403522434 0.006689449897178344 Penicillium-commune
1 4 0.8924525312609989 0.006870089945142863 Penicillium-solitum
1 4 0.8867627426098675 0.0077904007642632615 Penicillium-verrucosum
1 4 0.9197150828740813 0.0033581447922703352 Penicillium-chrysogenum
1 4 0.28225907592852845 0.539679877664283 Penicillium-brevicompactum
1 4 -0.5066138782013083 0.2459255257571689 Penicillium-cvjetkovicii
1 4 0.8759744897101152 0.009721837276071583 Penicillium-polonicum
1 4 -0.1932730733197489 0.6779831482263905 Penicillium-mb
1 4 0.8944254770114815 0.006566532087145777 Penicillium-commune
1 4 0.8932171949162 0.00675149419225812 Penicillium-solitum
1 4 0.8884901107602543 0.007503912922667659 Penicillium-verrucosum
1 4 0.9203386933382568 0.003294444734106825 Penicillium-chrysogenum
1 4 0.2822590759285284 0.539679877664283 Penicillium-brevicompactum
1 4 -0.5091878655380998 0.24313238368260476 Penicillium-cvjetkovicii
1 4 0.8774002839888578 0.009452370029838949 Penicillium-polonicum
1 4 -0.19679984293455383 0.6723342816080946 Penicillium-mb
1 4 0.8944361556861519 0.006564910687474979 Penicillium-commune
1 4 0.8932885250763134 0.006740492249965352 Penicillium-solitum
1 4 0.8873212388103552 0.007697093128937844 Penicillium-verrucosum
1 4 0.9196882259533242 0.003360904198110181 Penicillium-chrysogenum
1 4 0.28225907592852845 0.539679877664283 Penicillium-brevicompactum
1 4 -0.5051407316040561 0.24753073370999323 Penicillium-cvjetkovicii
1 4 0.8755981833552471 0.009793686088073683 Penicillium-polonicum
1 4 -0.19040266057999553 0.6825895972890482 Penicillium-mb
1 4 0.8947449086286811 0.006518131517281984 Penicillium-commune
1 4 0.8935321879675291 0.0067029882204051325 Penicillium-solitum
1 4 0.8885016724808784 0.007502016296680951 Penicillium-verrucosum
1 4 0.9206872586394954 0.0032591505270936293 Penicillium-chrysogenum
1 4 0.2822891212755298 0.5396348442045653 Penicillium-brevicompactum
1 4 -0.5044838483111614 0.24824805765986305 Penicillium-cvjetkovicii
1 4 0.8792754998800452 0.009104597159222131 Penicillium-polonicum
1 4 -0.19135762413528587 0.6810561919407156 Penicillium-mb
1 4 0.89800534476192 0.006035943939360898 Penicillium-commune
1 4 0.8968849620257242 0.006199213225399026 Penicillium-solitum
1 4 0.8896721189544348 0.007311446710454083 Penicillium-verrucosum
1 4 0.92113080973693 0.0032145599233653465 Penicillium-chrysogenum
1 2 0.28218972767845235 0.5397838250216221 Penicillium-brevicompactum
1 2 -0.497597594241638 0.2558253837661946 Penicillium-cvjetkovicii
1 2 0.8757397458005226 0.009766621555172378 Penicillium-polonicum
1 2 -0.18924855670475416 0.684443924697871 Penicillium-mb
1 2 0.8938629441411186 0.006652273078387041 Penicillium-commune
1 2 0.8925813818241578 0.006850021912850986 Penicillium-solitum
1 2 0.888952122285152 0.0074283388704117935 Penicillium-verrucosum
1 2 0.921239138010535 0.003203724197624221 Penicillium-chrysogenum
1 2 0.28220383897027207 0.5397626728114443 Penicillium-brevicompactum
1 2 -0.4991406515942812 0.25411837629408596 Penicillium-cvjetkovicii
1 2 0.8747969215114563 0.009947688971024 Penicillium-polonicum
1 2 -0.1856134042737684 0.6902928182726826 Penicillium-mb
1 2 0.8929465382826356 0.0067933348722681785 Penicillium-commune
1 2 0.8915876152807247 0.007005679584046404 Penicillium-solitum
1 2 0.8883456316856622 0.007527637197034943 Penicillium-verrucosum
1 2 0.9216033337782246 0.0031674518520356516 Penicillium-chrysogenum
3 2 0.28222651858280257 0.5397286776379691 Penicillium-brevicompactum
3 2 -0.5014624277441743 0.25155979753418056 Penicillium-cvjetkovicii
3 2 0.8749457128930215 0.009918986509064103 Penicillium-polonicum
3 2 -0.19093468759413235 0.6817352027935588 Penicillium-mb
3 2 0.8966420135882338 0.006234951433494973 Penicillium-commune
3 2 0.8954479179463536 0.006412341956097188 Penicillium-solitum
3 2 0.89167561255163 0.006991814362346707 Penicillium-verrucosum
3 2 0.9213139384365825 0.003196254654648975 Penicillium-chrysogenum
1 4 0.2822590759285285 0.539679877664283 Penicillium-brevicompactum
1 4 -0.5055122541124918 0.24712545105808495 Penicillium-cvjetkovicii
1 4 0.8801130154956507 0.008951698902395942 Penicillium-polonicum
1 4 -0.1865389253513857 0.6888024978932299 Penicillium-mb
1 4 0.8963784487627239 0.006273857316380901 Penicillium-commune
1 4 0.8951227163858397 0.006461153757288798 Penicillium-solitum
1 4 0.8889955867485044 0.007421251910231369 Penicillium-verrucosum
1 4 0.9222018152816734 0.0031083702421350183 Penicillium-chrysogenum
1 2 0.28207450314083327 0.5399565518440569 Penicillium-brevicompactum
1 2 -0.48151904282293484 0.27392163417637505 Penicillium-cvjetkovicii
1 2 0.8740261888309999 0.010097131734759507 Penicillium-polonicum
1 2 -0.19280824588154935 0.6787285680638782 Penicillium-mb
1 2 0.8956390648867301 0.006383751563103312 Penicillium-commune
1 2 0.8945722130788093 0.006544272705971863 Penicillium-solitum
1 2 0.8869122758802306 0.0077653545437003915 Penicillium-verrucosum
1 2 0.9192377828875934 0.0034073826693270205 Penicillium-chrysogenum
1 2 0.2822215668891258 0.5397360998244238 Penicillium-brevicompactum
1 2 -0.5009714683824324 0.2520998390030115 Penicillium-cvjetkovicii
1 2 0.8755907606303766 0.009795106388289253 Penicillium-polonicum
1 2 -0.18740807495761913 0.6874036775531552 Penicillium-mb
1 2 0.8937681848341887 0.006666779775862416 Penicillium-commune
1 2 0.8924555562703272 0.006869618420152919 Penicillium-solitum
1 2 0.8890010418514804 0.007420362722370299 Penicillium-verrucosum
1 2 0.9215471468950616 0.0031730320510459016 Penicillium-chrysogenum
3 2 0.28234730343642006 0.5395476414294842 Penicillium-brevicompactum
3 2 -0.5044838483111616 0.24824805765986296 Penicillium-cvjetkovicii
3 2 0.877009509804171 0.0095257899477827 Penicillium-polonicum
3 2 -0.1919666261096116 0.6800787597622673 Penicillium-mb
3 2 0.8957180376719645 0.006371961020978496 Penicillium-commune
3 2 0.8944332881203134 0.006565346062352138 Penicillium-solitum
3 2 0.8934483740213615 0.0067158749770838 Penicillium-verrucosum
3 2 0.9221518481271574 0.003113278042026844 Penicillium-chrysogenum
1 4 0.28225907592852856 0.5396798776642828 Penicillium-brevicompactum
1 4 -0.5125683454039386 0.2394865532745453 Penicillium-cvjetkovicii
1 4 0.8741462621970884 0.010073765444592717 Penicillium-polonicum
1 4 -0.19449728189260695 0.6760209476851637 Penicillium-mb
1 4 0.8921425120737938 0.00691851389143535 Penicillium-commune
1 4 0.8909714657115912 0.007103209038953577 Penicillium-solitum
1 4 0.885390753534825 0.008022384945708493 Penicillium-verrucosum
1 4 0.9191340650147877 0.0034181376235338156 Penicillium-chrysogenum
1 4 0.28225907592852856 0.5396798776642828 Penicillium-brevicompactum
1 4 -0.5056819057794937 0.24694048515738753 Penicillium-cvjetkovicii
1 4 0.8768085118482022 0.009563681704464025 Penicillium-polonicum
1 4 -0.19115095692497028 0.6813879680664442 Penicillium-mb
1 4 0.8947085527550639 0.006523629716606364 Penicillium-commune
1 4 0.8934788494562844 0.006711187586238617 Penicillium-solitum
1 4 0.8887876075901238 0.007455198770411394 Penicillium-verrucosum
1 4 0.9209373511055595 0.0032339642768729887 Penicillium-chrysogenum
1 4 0.28225907592852867 0.5396798776642827 Penicillium-brevicompactum
1 4 -0.5070262804940333 0.24547701785829856 Penicillium-cvjetkovicii
1 4 0.8763011387443527 0.009659716695493094 Penicillium-polonicum
1 4 -0.19201019817002454 0.6800088413776109 Penicillium-mb
1 4 0.8943821795501457 0.006573108550345239 Penicillium-commune
1 4 0.8931788141496949 0.006757418336276312 Penicillium-solitum
1 4 0.8879315239549794 0.007595876348402279 Penicillium-verrucosum
1 4 0.9204571671424236 0.0032824236234297883 Penicillium-chrysogenum
1 4 0.2823237959639465 0.5395828736053863 Penicillium-brevicompactum
1 4 -0.5044838483111616 0.24824805765986296 Penicillium-cvjetkovicii
1 4 0.8768107455351254 0.009563260137434576 Penicillium-polonicum
1 4 -0.1886357476606079 0.6854290530863503 Penicillium-mb
1 4 0.8949483766179819 0.006487410131792892 Penicillium-commune
1 4 0.8936414169875055 0.00668621532770553 Penicillium-solitum
1 4 0.8906176262226286 0.007159571279942649 Penicillium-verrucosum
1 4 0.9219163001758099 0.003136474793272714 Penicillium-chrysogenum
1 4 0.28225907592852856 0.5396798776642828 Penicillium-brevicompactum
1 4 -0.5102849487417664 0.24194638413978525 Penicillium-cvjetkovicii
1 4 0.8756326524807069 0.009787092153423448 Penicillium-polonicum
1 4 -0.1953397205555872 0.6746715054309351 Penicillium-mb
1 4 0.8941377621725752 0.0066103048292371555 Penicillium-commune
1 4 0.8929920629278515 0.006786286751645897 Penicillium-solitum
1 4 0.8873842205374577 0.00768661161436044 Penicillium-verrucosum
1 4 0.9196181506544051 0.003368110309243823 Penicillium-chrysogenum
1 4 0.2822590759285285 0.539679877664283 Penicillium-brevicompactum
1 4 -0.5141581320259275 0.23778082552920912 Penicillium-cvjetkovicii
1 4 0.8716025781515965 0.010575446468697373 Penicillium-polonicum
1 4 -0.1918604567196554 0.6802491332645713 Penicillium-mb
1 4 0.8939957815184492 0.006631967863291733 Penicillium-commune
1 4 0.8929376690527127 0.0067947084992833005 Penicillium-solitum
1 4 0.885862637498456 0.00794215161854107 Penicillium-verrucosum
1 4 0.9188313261972623 0.0034496434139022255 Penicillium-chrysogenum
1 4 0.2822839187470614 0.5396426419237397 Penicillium-brevicompactum
1 4 -0.5044838483111611 0.24824805765986344 Penicillium-cvjetkovicii
1 4 0.8769689629485476 0.00953342678233234 Penicillium-polonicum
1 4 -0.18861980964507696 0.6854546791627547 Penicillium-mb
1 4 0.8969530734163895 0.006189215306366638 Penicillium-commune
1 4 0.8957804326281299 0.0063626544744814105 Penicillium-solitum
1 4 0.889607881442962 0.007321832122054482 Penicillium-verrucosum
1 4 0.9212426007982825 0.0032033781795200076 Penicillium-chrysogenum
1 2 0.2822154427949672 0.5397452793906989 Penicillium-brevicompactum
1 2 -0.500352121921194 0.2527818618603524 Penicillium-cvjetkovicii
1 2 0.8752635225111327 0.009857839703661728 Penicillium-polonicum
1 2 -0.1940915555674005 0.676671097878449 Penicillium-mb
1 2 0.8944339016312526 0.006565252913213126 Penicillium-commune
1 2 0.8932326241862873 0.0067491135043084025 Penicillium-solitum
1 2 0.8894216087983192 0.007351995492780575 Penicillium-verrucosum
1 2 0.920380312915116 0.0032902188141360803 Penicillium-chrysogenum
1 4 0.28225907592852845 0.539679877664283 Penicillium-brevicompactum
1 4 -0.5054618821922764 0.24718038229593134 Penicillium-cvjetkovicii
1 4 0.8749612005965958 0.009916001613390669 Penicillium-polonicum
1 4 -0.18507818117262376 0.6911550246697571 Penicillium-mb
1 4 0.8927301532555476 0.006826893600952729 Penicillium-commune
1 4 0.891379315410429 0.0070385636557475295 Penicillium-solitum
1 4 0.8878257895067261 0.007613357052428137 Penicillium-verrucosum
1 4 0.9216114476214572 0.0031666465011535544 Penicillium-chrysogenum
3 2 0.2822590759285284 0.539679877664283 Penicillium-brevicompactum
3 2 -0.5117866297091135 0.24032735688541526 Penicillium-cvjetkovicii
3 2 0.8766859280830495 0.009586833547934711 Penicillium-polonicum
3 2 -0.20171070119686269 0.6644889097294358 Penicillium-mb
3 2 0.8927692247186269 0.006820826989979921 Penicillium-commune
3 2 0.8915943239490713 0.007004621977291775 Penicillium-solitum
3 2 0.8879332949686387 0.007595583750990015 Penicillium-verrucosum
3 2 0.919264708725065 0.003404593855203626 Penicillium-chrysogenum
1 4 0.28225907592852845 0.539679877664283 Penicillium-brevicompactum
1 4 -0.5120402992654247 0.24005436304733052 Penicillium-cvjetkovicii
1 4 0.8723731996565056 0.010421977203600072 Penicillium-polonicum
1 4 -0.1933744058080191 0.677820674217309 Penicillium-mb
1 4 0.8967643926639702 0.006216934312897078 Penicillium-commune
1 4 0.8958485088722006 0.00635250953875165 Penicillium-solitum
1 4 0.8866328114768905 0.007812201605128761 Penicillium-verrucosum
1 4 0.918516899386667 0.003482544756164503 Penicillium-chrysogenum
1 4 0.2822743406677427 0.5396569979587158 Penicillium-brevicompactum
1 4 -0.5044838483111613 0.2482480576598632 Penicillium-cvjetkovicii
1 4 0.877544011976078 0.009425448316525965 Penicillium-polonicum
1 4 -0.1921474989193244 0.6797885321427775 Penicillium-mb
1 4 0.8958126074533156 0.006357858509880656 Penicillium-commune
1 4 0.8946047370500964 0.006539344862483009 Penicillium-solitum
1 4 0.8899735176835716 0.007262832922806742 Penicillium-verrucosum
1 4 0.9211182646185633 0.003215816155151948 Penicillium-chrysogenum
1 4 0.282264320137609 0.5396720172933231 Penicillium-brevicompactum
1 4 -0.5044838483111613 0.2482480576598632 Penicillium-cvjetkovicii
1 4 0.8760313497873463 0.009711007393299208 Penicillium-polonicum
1 4 -0.1855862282060863 0.6903365905810561 Penicillium-mb
1 4 0.8999609841015183 0.005757002261403113 Penicillium-commune
1 4 0.8989632791636206 0.005898351138182018 Penicillium-solitum
1 4 0.8892493292436718 0.007379956892332177 Penicillium-verrucosum
1 4 0.9209288580973451 0.0032348177125430433 Penicillium-chrysogenum
1 2 0.28212345704880487 0.5398831654734562 Penicillium-brevicompactum
1 2 -0.4891910778929084 0.2652167394516241 Penicillium-cvjetkovicii
1 2 0.8768121035622325 0.009563003840211132 Penicillium-polonicum
1 2 -0.19341305993445784 0.6777586997595897 Penicillium-mb
1 2 0.8928481893723559 0.006808575724605607 Penicillium-commune
1 2 0.8915976085885877 0.007004104194871106 Penicillium-solitum
1 2 0.8871903894460654 0.007718895708219641 Penicillium-verrucosum
1 2 0.9203828505722881 0.003289961251167743 Penicillium-chrysogenum
1 4 0.28227006087153367 0.5396634127412361 Penicillium-brevicompactum
1 4 -0.5044838483111611 0.24824805765986344 Penicillium-cvjetkovicii
1 4 0.8774737938775359 0.009438595348434201 Penicillium-polonicum
1 4 -0.19193309779411577 0.6801325625816682 Penicillium-mb
1 4 0.8952591724394947 0.0064406459443087415 Penicillium-commune
1 4 0.8940402345545957 0.006625180914720822 Penicillium-solitum
1 4 0.8892463931092063 0.007380433967034583 Penicillium-verrucosum
1 4 0.9209982717922053 0.003227846413197223 Penicillium-chrysogenum
1 4 0.2822829765686946 0.5396440540953658 Penicillium-brevicompactum
1 4 -0.5044838483111599 0.24824805765986477 Penicillium-cvjetkovicii
1 4 0.8783452787563681 0.009276173760648413 Penicillium-polonicum
1 4 -0.19287741662573019 0.6786176293050175 Penicillium-mb
1 4 0.8951412212913362 0.0064583704600718285 Penicillium-commune
1 4 0.8938995959117884 0.006646666976249116 Penicillium-solitum
1 4 0.8897786232698349 0.007294246747291222 Penicillium-verrucosum
1 4 0.9212381163609524 0.0032038262898559738 Penicillium-chrysogenum
1 4 0.2822590759285285 0.539679877664283 Penicillium-brevicompactum
1 4 -0.5135112867901815 0.23847416006157793 Penicillium-cvjetkovicii
1 4 0.8724224679806684 0.010412209310179787 Penicillium-polonicum
1 4 -0.19920071228113095 0.668495761901727 Penicillium-mb
1 4 0.8914862894740302 0.007021664629765637 Penicillium-commune
1 4 0.8903535314266644 0.007201806598265446 Penicillium-solitum
1 4 0.8852222644110381 0.008051145804778791 Penicillium-verrucosum
1 4 0.917979425540179 0.0035392091307995047 Penicillium-chrysogenum
1 4 0.28232598730075575 0.5395795892743573 Penicillium-brevicompactum
1 4 -0.5044838483111602 0.24824805765986427 Penicillium-cvjetkovicii
1 4 0.8776957676154847 0.00939707098966615 Penicillium-polonicum
1 4 -0.18188212011668223 0.6963091497797307 Penicillium-mb
1 4 0.8939000006969999 0.006646605077296028 Penicillium-commune
1 4 0.8924673847292298 0.006867774832756779 Penicillium-solitum
1 4 0.8895355485820975 0.007333536546473949 Penicillium-verrucosum
1 4 0.9230779836798232 0.0030230483991599668 Penicillium-chrysogenum
1 4 0.2822729854670632 0.539659029201679 Penicillium-brevicompactum
1 4 -0.5044838483111602 0.24824805765986427 Penicillium-cvjetkovicii
1 4 0.8762292849081048 0.00967336183204443 Penicillium-polonicum
1 4 -0.1868680417843751 0.6882727306384304 Penicillium-mb
1 4 0.8946061627056767 0.00653912890469099 Penicillium-commune
1 4 0.8933184135369981 0.006735885356195226 Penicillium-solitum
1 4 0.8889687831168719 0.007425621828388292 Penicillium-verrucosum
1 4 0.9216001378294835 0.003167769103331499 Penicillium-chrysogenum
1 4 0.28243356085063154 0.5394183683709348 Penicillium-brevicompactum
1 4 -0.5044838483111616 0.24824805765986296 Penicillium-cvjetkovicii
1 4 0.8790593466591351 0.009144301213987972 Penicillium-polonicum
1 4 -0.1738085515815454 0.709370062999577 Penicillium-mb
1 4 0.8983401173844887 0.005987649333221133 Penicillium-commune
1 4 0.8969399123179783 0.006191146464234501 Penicillium-solitum
1 4 0.8919463089671675 0.006949262074162973 Penicillium-verrucosum
1 4 0.924635355080003 0.00287481288552332 Penicillium-chrysogenum
1 2 0.2820820262092242 0.5399452738639439 Penicillium-brevicompactum
1 2 -0.48279105450291954 0.2724695895936041 Penicillium-cvjetkovicii
1 2 0.8737700421406142 0.010147082134106403 Penicillium-polonicum
1 2 -0.19508979226921372 0.6750717755679665 Penicillium-mb
1 2 0.8938755360597499 0.0066503467618177735 Penicillium-commune
1 2 0.8927697185159233 0.006820750338275534 Penicillium-solitum
1 2 0.8866360722305647 0.007811654059670165 Penicillium-verrucosum
1 2 0.9190287078656615 0.003429082871934616 Penicillium-chrysogenum
1 4 0.28225907592852834 0.5396798776642832 Penicillium-brevicompactum
1 4 -0.5064069612341623 0.24615070074500223 Penicillium-cvjetkovicii
1 4 0.8761215083840141 0.009693849550978174 Penicillium-polonicum
1 4 -0.192744688901359 0.6788305073114913 Penicillium-mb
1 4 0.8957125321066212 0.006372782585039469 Penicillium-commune
1 4 0.894532971483345 0.006550221232091735 Penicillium-solitum
1 4 0.8900371234723482 0.007252597693933643 Penicillium-verrucosum
1 4 0.9207587039433067 0.0032519437578817866 Penicillium-chrysogenum
1 4 0.2822590759285285 0.539679877664283 Penicillium-brevicompactum
1 4 -0.5061830711725571 0.24639445375897776 Penicillium-cvjetkovicii
1 4 0.8773624103939628 0.00945947151107586 Penicillium-polonicum
1 4 -0.18983685431617522 0.6834985343107625 Penicillium-mb
1 4 0.8934618137848128 0.0067138075888929305 Penicillium-commune
1 4 0.8921121704705314 0.006923263742559245 Penicillium-solitum
1 4 0.8895067168528207 0.007338204924291511 Penicillium-verrucosum
1 4 0.921766242553817 0.0031513050768613737 Penicillium-chrysogenum
1 4 0.2822590759285285 0.539679877664283 Penicillium-brevicompactum
1 4 -0.5046138499296647 0.24810601842791902 Penicillium-cvjetkovicii
1 4 0.8762178562839309 0.00967553316594838 Penicillium-polonicum
1 4 -0.1864881130291811 0.6888842977314327 Penicillium-mb
1 4 0.893978866581229 0.006634551441087126 Penicillium-commune
1 4 0.8926398641039843 0.006840924727422531 Penicillium-solitum
1 4 0.8887933911327173 0.007454253553868469 Penicillium-verrucosum
1 4 0.9217048971818987 0.0031573796777509423 Penicillium-chrysogenum
1 2 0.281937959064568 0.5401612613145409 Penicillium-brevicompactum
1 2 -0.4508482876070316 0.3099709105233857 Penicillium-cvjetkovicii
1 2 0.8734925836715858 0.01020134869433861 Penicillium-polonicum
1 2 -0.19949377102943078 0.6680276094973935 Penicillium-mb
1 2 0.8935371636953201 0.006702223632130412 Penicillium-commune
1 2 0.8925221394385566 0.006859244483720029 Penicillium-solitum
1 2 0.885404490493291 0.008020042689941524 Penicillium-verrucosum
1 2 0.9178725844788486 0.00355053686885311 Penicillium-chrysogenum
1 4 0.2822993223429423 0.5396195546207228 Penicillium-brevicompactum
1 4 -0.5044838483111608 0.24824805765986385 Penicillium-cvjetkovicii
1 4 0.8766284793915137 0.009597694730376327 Penicillium-polonicum
1 4 -0.1890587414878412 0.6847490264404212 Penicillium-mb
1 4 0.8965478910625799 0.006248829115428668 Penicillium-commune
1 4 0.8953485477416063 0.006427234342211719 Penicillium-solitum
1 4 0.890322465395664 0.007206784290905675 Penicillium-verrucosum
1 4 0.9214051520050677 0.0031871599143208787 Penicillium-chrysogenum
1 4 0.2823442145130018 0.5395522709561478 Penicillium-brevicompactum
1 4 -0.5044838483111616 0.24824805765986296 Penicillium-cvjetkovicii
1 4 0.877531383390439 0.009427812004782403 Penicillium-polonicum
1 4 -0.18856271614437617 0.6855464794093327 Penicillium-mb
1 4 0.8962192673354313 0.006297422821590192 Penicillium-commune
1 4 0.8949700183636009 0.0064841474254675605 Penicillium-solitum
1 4 0.8905747634635383 0.0071664163167878365 Penicillium-verrucosum
1 4 0.9218210037067248 0.003145888251740749 Penicillium-chrysogenum
1 4 0.2822590759285285 0.539679877664283 Penicillium-brevicompactum
1 4 -0.5168892034078787 0.23486383856739335 Penicillium-cvjetkovicii
1 4 0.8702944416963366 0.010838921834684311 Penicillium-polonicum
1 4 -0.20239702977746646 0.663394380985993 Penicillium-mb
1 4 0.8900823131476893 0.007245331003897518 Penicillium-commune
1 4 0.8890344852136918 0.007414912765569991 Penicillium-solitum
1 4 0.8830836962342958 0.00842137991810122 Penicillium-verrucosum
1 4 0.9165046800388589 0.0036974428807860595 Penicillium-chrysogenum
1 4 0.28225907592852845 0.539679877664283 Penicillium-brevicompactum
1 4 -0.5082571007086962 0.24414069154954912 Penicillium-cvjetkovicii
1 4 0.875283377712405 0.009854026777275022 Penicillium-polonicum
1 4 -0.18717179572869394 0.6877838783596397 Penicillium-mb
1 4 0.8947055623661551 0.006524082081122588 Penicillium-commune
1 4 0.8934507512919801 0.006715509263624019 Penicillium-solitum
1 4 0.8886285612222653 0.007481219251043834 Penicillium-verrucosum
1 4 0.9212155404718846 0.003206082757859239 Penicillium-chrysogenum
1 4 0.282291804200322 0.5396308229640625 Penicillium-brevicompactum
1 4 -0.5044838483111614 0.24824805765986305 Penicillium-cvjetkovicii
1 4 0.8769591586807133 0.009535273905862977 Penicillium-polonicum
1 4 -0.1841656795262248 0.6926256114547618 Penicillium-mb
1 4 0.8940164183399405 0.0066288165975234 Penicillium-commune
1 4 0.8926402816835766 0.006840859796214962 Penicillium-solitum
1 4 0.8893296943073977 0.007366905793672413 Penicillium-verrucosum
1 4 0.9224469086554657 0.003084362695752823 Penicillium-chrysogenum
1 2 0.28223217386897403 0.5397202008648956 Penicillium-brevicompactum
1 2 -0.5020126411324493 0.2509552112268566 Penicillium-cvjetkovicii
1 2 0.8751398867494572 0.009881601427037263 Penicillium-polonicum
1 2 -0.18832748008729402 0.6859247462629479 Penicillium-mb
1 2 0.8943295063639919 0.006581114244834959 Penicillium-commune
1 2 0.8930443658116355 0.006778194461516078 Penicillium-solitum
1 2 0.8898110345965842 0.007289017121556203 Penicillium-verrucosum
1 2 0.9214640625872097 0.00318129411073483 Penicillium-chrysogenum
1 4 0.2822590759285285 0.539679877664283 Penicillium-brevicompactum
1 4 -0.5075592801778365 0.24489791513056058 Penicillium-cvjetkovicii
1 4 0.8755476633847813 0.009803355169614602 Penicillium-polonicum
1 4 -0.19031897394727132 0.6827240161341039 Penicillium-mb
1 4 0.8939847061658674 0.006633659440308548 Penicillium-commune
1 4 0.8927496644244259 0.006823863718393414 Penicillium-solitum
1 4 0.8879972965191659 0.007585014134682399 Penicillium-verrucosum
1 4 0.9206714605516354 0.003260745359317955 Penicillium-chrysogenum
1 4 0.28229704663317545 0.5396229654920555 Penicillium-brevicompactum
1 4 -0.5044838483111604 0.24824805765986407 Penicillium-cvjetkovicii
1 4 0.876150465961732 0.009688342421644873 Penicillium-polonicum
1 4 -0.18702992282073766 0.6880121935201948 Penicillium-mb
1 4 0.89924126471079 0.005858767495872958 Penicillium-commune
1 4 0.8981894224827499 0.0060093608254777 Penicillium-solitum
1 4 0.8893935710022395 0.0073565419090366084 Penicillium-verrucosum
1 4 0.9208726270987906 0.0032404715152874334 Penicillium-chrysogenum
1 4 0.28232917984305783 0.5395748043687589 Penicillium-brevicompactum
1 4 -0.5044838483111617 0.24824805765986283 Penicillium-cvjetkovicii
1 4 0.8773170385942137 0.009467982990852782 Penicillium-polonicum
1 4 -0.189865380789738 0.6834527007991298 Penicillium-mb
1 4 0.8966896246412008 0.006227938352221556 Penicillium-commune
1 4 0.8954965989181015 0.006405053566230699 Penicillium-solitum
1 4 0.8902741020125617 0.0072145374942285696 Penicillium-verrucosum
1 4 0.921374365801633 0.003190227854529824 Penicillium-chrysogenum
1 4 0.28227594484195 0.5396545935449759 Penicillium-brevicompactum
1 4 -0.5044838483111616 0.24824805765986296 Penicillium-cvjetkovicii
1 4 0.8766452329750638 0.009594526585187568 Penicillium-polonicum
1 4 -0.18946285687641468 0.6840995077551353 Penicillium-mb
1 4 0.8953417094999795 0.006428259911306802 Penicillium-commune
1 4 0.8941084381584963 0.0066147756411625595 Penicillium-solitum
1 4 0.8894097245073522 0.007353922368951539 Penicillium-verrucosum
1 4 0.9212657624736212 0.003201064318256285 Penicillium-chrysogenum
1 4 0.28225907592852845 0.539679877664283 Penicillium-brevicompactum
1 4 -0.5073127491078447 0.24516569185520362 Penicillium-cvjetkovicii
1 4 0.8758653238751039 0.009742649103080024 Penicillium-polonicum
1 4 -0.18152826949828058 0.6968803616391818 Penicillium-mb
1 4 0.8930729690155146 0.006773771348515047 Penicillium-commune
1 4 0.8916794524701999 0.006991209691061715 Penicillium-solitum
1 4 0.8876802099720538 0.007637463269656044 Penicillium-verrucosum
1 4 0.9223043392197645 0.003098314484141989 Penicillium-chrysogenum
1 2 0.28221961687181363 0.5397390227511987 Penicillium-brevicompactum
1 2 -0.5007757282307762 0.2523152960807494 Penicillium-cvjetkovicii
1 2 0.8763782784622348 0.009645080118981441 Penicillium-polonicum
1 2 -0.189296467336095 0.6843669203641105 Penicillium-mb
1 2 0.8950026212164923 0.006479234022350126 Penicillium-commune
1 2 0.8937765719002849 0.006665495060922072 Penicillium-solitum
1 2 0.8888420355277606 0.0074463062441796676 Penicillium-verrucosum
1 2 0.9211138823672153 0.0032162550488315806 Penicillium-chrysogenum
1 2 0.2820764595041893 0.5399536190136828 Penicillium-brevicompactum
1 2 -0.48185328557112583 0.273539747607354 Penicillium-cvjetkovicii
1 2 0.8758347473454047 0.009748482937814048 Penicillium-polonicum
1 2 -0.19704583317339908 0.671940729838112 Penicillium-mb
1 2 0.89476217037788 0.006515521916961128 Penicillium-commune
1 2 0.8936600920887632 0.006683350072777786 Penicillium-solitum
1 2 0.8879907308446825 0.007586098039069443 Penicillium-verrucosum
1 2 0.9194653139387889 0.0033838584374855964 Penicillium-chrysogenum
1 4 0.28225907592852845 0.539679877664283 Penicillium-brevicompactum
1 4 -0.5060071754013485 0.2465860327259656 Penicillium-cvjetkovicii
1 4 0.8759969903454814 0.00971755084962671 Penicillium-polonicum
1 4 -0.1912653619396794 0.6812043013139731 Penicillium-mb
1 4 0.8958868962514471 0.0063467930739032384 Penicillium-commune
1 4 0.8947304105090728 0.0065203237855491 Penicillium-solitum
1 4 0.8889777478983251 0.007424160093445372 Penicillium-verrucosum
1 4 0.9205825632354465 0.003269728147563713 Penicillium-chrysogenum
1 4 0.2822590759285286 0.5396798776642828 Penicillium-brevicompactum
1 4 -0.5122249788488425 0.23985570543217985 Penicillium-cvjetkovicii
1 4 0.8745971350978995 0.009986303746997442 Penicillium-polonicum
1 4 -0.19512561085648686 0.6750144069307455 Penicillium-mb
1 4 0.893462823190723 0.0067136523306880035 Penicillium-commune
1 4 0.8923492857412167 0.006886194647659119 Penicillium-solitum
1 4 0.8860112467048508 0.007916980480467892 Penicillium-verrucosum
1 4 0.919091941368142 0.003422511270331409 Penicillium-chrysogenum
1 2 0.282180207883211 0.5397980949340332 Penicillium-brevicompactum
1 2 -0.49651128400898936 0.2570302546998378 Penicillium-cvjetkovicii
1 2 0.874668671371307 0.009972467290678437 Penicillium-polonicum
1 2 -0.18997791776200001 0.6832718950777814 Penicillium-mb
1 2 0.8941239638685929 0.006612408334455993 Penicillium-commune
1 2 0.8929221203330188 0.006797117004711944 Penicillium-solitum
1 2 0.8876896484031598 0.007635899041924241 Penicillium-verrucosum
1 2 0.9204015833021258 0.0032880603124078463 Penicillium-chrysogenum
1 4 0.28229419121164284 0.5396272452550485 Penicillium-brevicompactum
1 4 -0.5044838483111614 0.24824805765986305 Penicillium-cvjetkovicii
1 4 0.8768353610521351 0.00955861512411808 Penicillium-polonicum
1 4 -0.19131769194639464 0.6811202944611467 Penicillium-mb
1 4 0.8954590943082588 0.006410668234482445 Penicillium-commune
1 4 0.8942449072825425 0.006593984126986084 Penicillium-solitum
1 4 0.8894047232334988 0.007354733344925939 Penicillium-verrucosum
1 4 0.9209674917482087 0.0032309366027184643 Penicillium-chrysogenum
1 4 0.28225907592852845 0.539679877664283 Penicillium-brevicompactum
1 4 -0.5092952143235588 0.24301621587113617 Penicillium-cvjetkovicii
1 4 0.8754714655538126 0.009817949170614262 Penicillium-polonicum
1 4 -0.19356191000606188 0.6775200607860641 Penicillium-mb
1 4 0.8935975121438929 0.006692954299097995 Penicillium-commune
1 4 0.8924123755177273 0.0068763510215153105 Penicillium-solitum
1 4 0.8872439043420992 0.007709974555597536 Penicillium-verrucosum
1 4 0.9199358284992945 0.003335514591496221 Penicillium-chrysogenum
5 2 0.2822504482406027 0.5396928095019276 Penicillium-brevicompactum
5 2 -0.5037168121102338 0.24908688123324005 Penicillium-cvjetkovicii
5 2 0.877227337258451 0.009484823418930319 Penicillium-polonicum
5 2 -0.19582122985924566 0.6739005209230081 Penicillium-mb
5 2 0.8945722334643024 0.006544269616605628 Penicillium-commune
5 2 0.893446436932975 0.006716172982533066 Penicillium-solitum
5 2 0.8905489377925405 0.007170542418367348 Penicillium-verrucosum
5 2 0.9208279026946489 0.003244972503629221 Penicillium-chrysogenum
1 4 0.28225907592852856 0.5396798776642828 Penicillium-brevicompactum
1 4 -0.5111405045836154 0.24102335397784536 Penicillium-cvjetkovicii
1 4 0.8739238532231202 0.010117070868266494 Penicillium-polonicum
1 4 -0.19389176598859548 0.6769913064310282 Penicillium-mb
1 4 0.8951683126426487 0.006454296942620005 Penicillium-commune
1 4 0.8941083481061708 0.00661478937346432 Penicillium-solitum
1 4 0.8870743108231236 0.00773826701301766 Penicillium-verrucosum
1 4 0.9191927251455656 0.00341205246478431 Penicillium-chrysogenum
1 4 0.282288948434928 0.5396351032630912 Penicillium-brevicompactum
1 4 -0.5044838483111613 0.2482480576598632 Penicillium-cvjetkovicii
1 4 0.8778400526454038 0.009370136368850888 Penicillium-polonicum
1 4 -0.19181725622760093 0.6803184616055182 Penicillium-mb
1 4 0.8956996019608168 0.006374712318579881 Penicillium-commune
1 4 0.894480325029565 0.006558206689860821 Penicillium-solitum
1 4 0.8900008493459769 0.007258433779423929 Penicillium-verrucosum
1 4 0.9212690943509235 0.0032007315428360574 Penicillium-chrysogenum
1 4 0.28231111612696724 0.5396018780171392 Penicillium-brevicompactum
1 4 -0.5044838483111599 0.24824805765986477 Penicillium-cvjetkovicii
1 4 0.8770339077426951 0.009521196396038207 Penicillium-polonicum
1 4 -0.18746877179577404 0.6873060177165937 Penicillium-mb
1 4 0.8963062304590517 0.006284542287651601 Penicillium-commune
1 4 0.8950753435535707 0.006468282210902604 Penicillium-solitum
1 4 0.8901093038568333 0.007240992796973974 Penicillium-verrucosum
1 4 0.92172937899842 0.0031549545940562393 Penicillium-chrysogenum
1 4 0.2822590759285285 0.539679877664283 Penicillium-brevicompactum
1 4 -0.5083478148424453 0.2440423349451843 Penicillium-cvjetkovicii
1 4 0.875621985191476 0.009789132529607034 Penicillium-polonicum
1 4 -0.19498219172283776 0.6752441208912834 Penicillium-mb
1 4 0.8935217410510545 0.006704593695867848 Penicillium-commune
1 4 0.8923018771225756 0.006893596982936323 Penicillium-solitum
1 4 0.888820408555886 0.00744983895873657 Penicillium-verrucosum
1 4 0.9202947860439964 0.0032989063838956122 Penicillium-chrysogenum
1 2 0.2821564287561833 0.5398337397402098 Penicillium-brevicompactum
1 2 -0.49362791796409566 0.260240865223343 Penicillium-cvjetkovicii
1 2 0.875047146280068 0.009899446980442346 Penicillium-polonicum
1 2 -0.19566937404283768 0.6741436454196829 Penicillium-mb
1 2 0.8940164415930061 0.006628813047244262 Penicillium-commune
1 2 0.8928309123701206 0.006811255138070901 Penicillium-solitum
1 2 0.8883532822412478 0.007526379845717183 Penicillium-verrucosum
1 2 0.9197464646805216 0.003354922158890846 Penicillium-chrysogenum
1 4 0.2822590759285286 0.5396798776642828 Penicillium-brevicompactum
1 4 -0.5075026873118352 0.24495937311052665 Penicillium-cvjetkovicii
1 4 0.8754268544060447 0.009826499250811497 Penicillium-polonicum
1 4 -0.1904122955067522 0.6825741219392485 Penicillium-mb
1 4 0.8946352859913209 0.006534718225561697 Penicillium-commune
1 4 0.8934338566806623 0.006718108539683285 Penicillium-solitum
1 4 0.8883105818751589 0.0075333991078922755 Penicillium-verrucosum
1 4 0.9206130948958948 0.003266641390177985 Penicillium-chrysogenum
1 4 0.282269572203391 0.5396641451842272 Penicillium-brevicompactum
1 4 -0.5044838483111617 0.24824805765986283 Penicillium-cvjetkovicii
1 4 0.8778682217973245 0.009364883052518855 Penicillium-polonicum
1 4 -0.19151480122711528 0.6808038928256512 Penicillium-mb
1 4 0.8949978957322637 0.006479946041097292 Penicillium-commune
1 4 0.893760773527716 0.006667915145312971 Penicillium-solitum
1 4 0.888911672838216 0.007434937745736704 Penicillium-verrucosum
1 4 0.9210920255798105 0.003218444585679995 Penicillium-chrysogenum
1 2 0.2821840057041136 0.5397924020895052 Penicillium-brevicompactum
1 2 -0.4969491501575683 0.25654428768737675 Penicillium-cvjetkovicii
1 2 0.8753582669980996 0.009839652937357779 Penicillium-polonicum
1 2 -0.19525024224119983 0.674814801526712 Penicillium-mb
1 2 0.8945324312219954 0.006550303150715412 Penicillium-commune
1 2 0.8933620777881839 0.006729158397797234 Penicillium-solitum
1 2 0.8892821240322492 0.007374629479520755 Penicillium-verrucosum
1 2 0.9201487564868145 0.003313770645029024 Penicillium-chrysogenum
1 4 0.2822773851779605 0.5396524347028584 Penicillium-brevicompactum
1 4 -0.5044838483111604 0.24824805765986407 Penicillium-cvjetkovicii
1 4 0.879435889293834 0.009075200479035596 Penicillium-polonicum
1 4 -0.1924085602272969 0.6793696898609076 Penicillium-mb
1 4 0.8964064322890394 0.0062697198851763905 Penicillium-commune
1 4 0.8952059769514774 0.006448636129223297 Penicillium-solitum
1 4 0.8895147354768174 0.007336906391485788 Penicillium-verrucosum
1 4 0.9212238830690731 0.003205248803988037 Penicillium-chrysogenum
3 4 0.2822590759285285 0.539679877664283 Penicillium-brevicompactum
3 4 -0.511973260399013 0.24012649485354412 Penicillium-cvjetkovicii
3 4 0.8731465933084172 0.010269252627160866 Penicillium-polonicum
3 4 -0.19729817812704836 0.6715370732296083 Penicillium-mb
3 4 0.8926223506575022 0.006843648288673983 Penicillium-commune
3 4 0.8914476615370702 0.007027764089566939 Penicillium-solitum
3 4 0.8876665731537777 0.007639723622085925 Penicillium-verrucosum
3 4 0.9191543756464174 0.00341602996472512 Penicillium-chrysogenum
1 4 0.2822590759285284 0.539679877664283 Penicillium-brevicompactum
1 4 -0.5061210267998418 0.24646202227221256 Penicillium-cvjetkovicii
1 4 0.8767935306884637 0.009566509397734993 Penicillium-polonicum
1 4 -0.18944477427867065 0.684128567895042 Penicillium-mb
1 4 0.8948199413606159 0.006506792613417055 Penicillium-commune
1 4 0.8935535577207719 0.006699704824968464 Penicillium-solitum
1 4 0.8895682691757765 0.007328240575537111 Penicillium-verrucosum
1 4 0.921461019014456 0.003181597008240444 Penicillium-chrysogenum
1 4 0.2822590759285285 0.539679877664283 Penicillium-brevicompactum
1 4 -0.506581841082356 0.2459603835489829 Penicillium-cvjetkovicii
1 4 0.875182802726709 0.009873349612698286 Penicillium-polonicum
1 4 -0.19210138235163582 0.6798625275771626 Penicillium-mb
1 4 0.8933906148054326 0.006724764062461213 Penicillium-commune
1 4 0.8921197465102362 0.006922077568201142 Penicillium-solitum
1 4 0.8890775054134625 0.007407905569270284 Penicillium-verrucosum
1 4 0.9207813011787608 0.0032496662930649877 Penicillium-chrysogenum
1 2 0.2822295218585922 0.5397241759880738 Penicillium-brevicompactum
1 2 -0.5017560027055017 0.25123712778153195 Penicillium-cvjetkovicii
1 2 0.8765109904480983 0.00961992913041434 Penicillium-polonicum
1 2 -0.19000961459059357 0.6832209720476752 Penicillium-mb
1 2 0.8958913118795268 0.00634613571127038 Penicillium-commune
1 2 0.8947137319525664 0.006522846287933785 Penicillium-solitum
1 2 0.8889546962154126 0.007427919077264365 Penicillium-verrucosum
1 2 0.9208949115406079 0.003238230211996045 Penicillium-chrysogenum
1 4 0.28225907592852834 0.5396798776642832 Penicillium-brevicompactum
1 4 -0.5070255623152391 0.2454777985842979 Penicillium-cvjetkovicii
1 4 0.8789210479894707 0.009169756880305711 Penicillium-polonicum
1 4 -0.19380536237459076 0.6771297999890589 Penicillium-mb
1 4 0.8939845530420271 0.006633682829197712 Penicillium-commune
1 4 0.8927349921484737 0.006826142098246893 Penicillium-solitum
1 4 0.8880063621928028 0.007583517661475799 Penicillium-verrucosum
1 4 0.920852088137729 0.0032425380673847854 Penicillium-chrysogenum
3 2 0.28225158042098286 0.5396911124976465 Penicillium-brevicompactum
3 2 -0.5038188055089841 0.24897526702176692 Penicillium-cvjetkovicii
3 2 0.8761963777369398 0.009679614653142687 Penicillium-polonicum
3 2 -0.19397383612237376 0.6768597655654738 Penicillium-mb
3 2 0.8955404846474054 0.006398487230708076 Penicillium-commune
3 2 0.8943283452415538 0.0065812907852497195 Penicillium-solitum
3 2 0.8910360201903373 0.0070929541444620945 Penicillium-verrucosum
3 2 0.9209489966428043 0.0032327942678182387 Penicillium-chrysogenum
1 2 0.2822574791403207 0.53968227104467 Penicillium-brevicompactum
1 2 -0.5043436440411795 0.24840128628749897 Penicillium-cvjetkovicii
1 2 0.875863923474805 0.009742916247826274 Penicillium-polonicum
1 2 -0.1926969790465322 0.6789070318598422 Penicillium-mb
1 2 0.8947587270304358 0.0065160424276465055 Penicillium-commune
1 2 0.8935380650427353 0.0067020851332481885 Penicillium-solitum
1 2 0.88981256802631 0.007288769753740969 Penicillium-verrucosum
1 2 0.9208151225867416 0.003246259344049397 Penicillium-chrysogenum
1 2 0.282193206379828 0.5397786105746807 Penicillium-brevicompactum
1 2 -0.49798531235217947 0.25539597776784956 Penicillium-cvjetkovicii
1 2 0.8777810576260944 0.009381143962936106 Penicillium-polonicum
1 2 -0.19481985174284533 0.6755041644818061 Penicillium-mb
1 2 0.8943325519375985 0.0065806512000668275 Penicillium-commune
1 2 0.8931271044967063 0.006765404584137448 Penicillium-solitum
1 2 0.8882963079122682 0.007535746365554443 Penicillium-verrucosum
1 2 0.9204508737154091 0.0032830615479232123 Penicillium-chrysogenum
1 2 0.2820853134807417 0.5399403458749059 Penicillium-brevicompactum
1 2 -0.4833357210155924 0.27184889919941024 Penicillium-cvjetkovicii
1 2 0.8756544970351584 0.009782914620694505 Penicillium-polonicum
1 2 -0.19518813204225433 0.674914273224451 Penicillium-mb
1 2 0.8963661308845463 0.006275679046395578 Penicillium-commune
1 2 0.8953822957983872 0.006422174349406363 Penicillium-solitum
1 2 0.8863628967426547 0.00785760267417733 Penicillium-verrucosum
1 2 0.9189103547819396 0.003441402656121675 Penicillium-chrysogenum
1 2 0.2822417225052811 0.539705888404906 Penicillium-brevicompactum
1 2 -0.5029168761795739 0.24996307258481207 Penicillium-cvjetkovicii
1 2 0.8761584765715604 0.009686819288668313 Penicillium-polonicum
1 2 -0.18143351548355247 0.6970333399148966 Penicillium-mb
1 2 0.8934847908096794 0.00671027397474354 Penicillium-commune
1 2 0.8920812025391206 0.006928113591502191 Penicillium-solitum
1 2 0.8886310358537951 0.0074808139915835715 Penicillium-verrucosum
1 2 0.9226111476985246 0.0030683360302652097 Penicillium-chrysogenum
1 4 0.282298509503767 0.5396207729166651 Penicillium-brevicompactum
1 4 -0.5044838483111612 0.24824805765986327 Penicillium-cvjetkovicii
1 4 0.8763729583602634 0.00964608915038244 Penicillium-polonicum
1 4 -0.18574507031411192 0.6900807543874603 Penicillium-mb
1 4 0.8954592479940319 0.0064106452209608325 Penicillium-commune
1 4 0.8941454659408059 0.006609130584468744 Penicillium-solitum
1 4 0.8905502597477621 0.007170331179538882 Penicillium-verrucosum
1 4 0.9221737136485806 0.0031111298410625037 Penicillium-chrysogenum
1 4 0.2822590759285284 0.539679877664283 Penicillium-brevicompactum
1 4 -0.512749016364612 0.23929242067262096 Penicillium-cvjetkovicii
1 4 0.8726779340138369 0.010361645360702349 Penicillium-polonicum
1 4 -0.19273330956319729 0.6788487590797686 Penicillium-mb
1 4 0.8929022943037004 0.00680018878576933 Penicillium-commune
1 4 0.8917673198374737 0.0069773815142904995 Penicillium-solitum
1 4 0.8857832734434214 0.00795561308215437 Penicillium-verrucosum
1 4 0.9190928412559873 0.0034224178018655454 Penicillium-chrysogenum
1 4 0.2822590759285284 0.539679877664283 Penicillium-brevicompactum
1 4 -0.505141746591213 0.2475296260736943 Penicillium-cvjetkovicii
1 4 0.8785647095680787 0.009235533792230516 Penicillium-polonicum
1 4 -0.19450147750406221 0.6760142253241883 Penicillium-mb
1 4 0.8947439914734413 0.006518270188132532 Penicillium-commune
1 4 0.893537341969034 0.00670219623888737 Penicillium-solitum
1 4 0.8885172998376275 0.007499453170341671 Penicillium-verrucosum
1 4 0.9206772554933909 0.0032601603013056217 Penicillium-chrysogenum
1 4 0.28226050300769123 0.5396777386589279 Penicillium-brevicompactum
1 4 -0.5044838483111611 0.24824805765986344 Penicillium-cvjetkovicii
1 4 0.877119865866492 0.009505022702630305 Penicillium-polonicum
1 4 -0.18822787339255861 0.6860849326204463 Penicillium-mb
1 4 0.898909031070114 0.005906093841310247 Penicillium-commune
1 4 0.8978349054165065 0.006060618295497254 Penicillium-solitum
1 4 0.8904750769897549 0.007182350566237552 Penicillium-verrucosum
1 4 0.9212796819073982 0.003199674231831299 Penicillium-chrysogenum
3 2 0.28218025292189974 0.5397980274219779 Penicillium-brevicompactum
3 2 -0.4965165120974581 0.2570244498078206 Penicillium-cvjetkovicii
3 2 0.8739856633344478 0.01010502503856907 Penicillium-polonicum
3 2 -0.19052390851762588 0.6823948586866593 Penicillium-mb
3 2 0.8945308492149262 0.006550543030338179 Penicillium-commune
3 2 0.8932778863161134 0.006742132508874493 Penicillium-solitum
3 2 0.8900851484082206 0.007244875222745244 Penicillium-verrucosum
3 2 0.9209695160678834 0.0032307333161790907 Penicillium-chrysogenum
1 4 0.28227570230702914 0.5396549570677955 Penicillium-brevicompactum
1 4 -0.5044838483111611 0.24824805765986344 Penicillium-cvjetkovicii
1 4 0.8771693524941412 0.009495718596873742 Penicillium-polonicum
1 4 -0.18309605745183047 0.6943503903794035 Penicillium-mb
1 4 0.8934745591308557 0.006711847361354969 Penicillium-commune
1 4 0.8920033787460989 0.006940310169702608 Penicillium-solitum
1 4 0.8903069533172929 0.007209270528344151 Penicillium-verrucosum
1 4 0.9230851530373263 0.0030223559764851163 Penicillium-chrysogenum
1 2 0.282237177213534 0.5397127013313234 Penicillium-brevicompactum
1 2 -0.5024902733555952 0.25043092142574247 Penicillium-cvjetkovicii
1 2 0.8795701785673329 0.009050629701213023 Penicillium-polonicum
1 2 -0.1790717041839692 0.7008490578818839 Penicillium-mb
1 2 0.8908800270223095 0.007117749358172266 Penicillium-commune
1 2 0.8892587613847913 0.0073784244416974015 Penicillium-solitum
1 2 0.8885851330965376 0.00748833335205457 Penicillium-verrucosum
1 2 0.9243006008363851 0.00290630761273216 Penicillium-chrysogenum
1 4 0.28226634241827153 0.539668986174081 Penicillium-brevicompactum
1 4 -0.5044838483111609 0.24824805765986355 Penicillium-cvjetkovicii
1 4 0.8759828676172854 0.00972024113682086 Penicillium-polonicum
1 4 -0.1889855039742952 0.6848667547368783 Penicillium-mb
1 4 0.8945801158879219 0.0065430751200834004 Penicillium-commune
1 4 0.8933138252079004 0.006736592465123955 Penicillium-solitum
1 4 0.8886880605467858 0.007471478830848574 Penicillium-verrucosum
1 4 0.9210833821340735 0.0032193106967196117 Penicillium-chrysogenum
1 2 0.2822513185441054 0.5396915050199087 Penicillium-brevicompactum
1 2 -0.5037952504118081 0.24900104197190348 Penicillium-cvjetkovicii
1 2 0.8750148543380635 0.009905665101008779 Penicillium-polonicum
1 2 -0.1906546413611191 0.6821849018877261 Penicillium-mb
1 2 0.8960280262375933 0.006325802347600477 Penicillium-commune
1 2 0.8949264748711561 0.006490713005567692 Penicillium-solitum
1 2 0.8878608085984251 0.007607564893270851 Penicillium-verrucosum
1 2 0.9200738554725163 0.0033214099553609496 Penicillium-chrysogenum
1 2 0.2822073232328872 0.5397574500962129 Penicillium-brevicompactum
1 2 -0.4995097343486176 0.2537108553179062 Penicillium-cvjetkovicii
1 2 0.8749591153010825 0.009916403475587532 Penicillium-polonicum
1 2 -0.1929013885620581 0.6785791832471044 Penicillium-mb
1 2 0.8964445631318666 0.006264084699600608 Penicillium-commune
1 2 0.8953283597973397 0.006430262314061957 Penicillium-solitum
1 2 0.8901017352891456 0.0072422091382656545 Penicillium-verrucosum
1 2 0.9203662243282373 0.003291648969110199 Penicillium-chrysogenum
1 4 0.28229288120071355 0.5396292087294345 Penicillium-brevicompactum
1 4 -0.5044838483111617 0.24824805765986283 Penicillium-cvjetkovicii
1 4 0.8771783770507926 0.009494022433583367 Penicillium-polonicum
1 4 -0.19007193077476786 0.6831208598015778 Penicillium-mb
1 4 0.8962137230308972 0.006298244534881622 Penicillium-commune
1 4 0.8950075493430707 0.006478491518556868 Penicillium-solitum
1 4 0.8897615749834112 0.007296998390836439 Penicillium-verrucosum
1 4 0.921227737152428 0.003204863579846987 Penicillium-chrysogenum
1 4 0.28244263611301657 0.5394047679697045 Penicillium-brevicompactum
1 4 -0.5044838483111614 0.24824805765986305 Penicillium-cvjetkovicii
1 4 0.8810490381932531 0.00878258324083604 Penicillium-polonicum
1 4 -0.1913316957193056 0.6810978142491166 Penicillium-mb
1 4 0.8973937510635421 0.006124755540012989 Penicillium-commune
1 4 0.8961352704202851 0.006309878554167125 Penicillium-solitum
1 4 0.891635103421884 0.006998195174369091 Penicillium-verrucosum
1 4 0.9222373368095064 0.003104884056995532 Penicillium-chrysogenum
1 2 0.2822220861264981 0.5397353215282086 Penicillium-brevicompactum
1 2 -0.5010233591259126 0.25204273548577655 Penicillium-cvjetkovicii
1 2 0.8761781671522482 0.009683075919014935 Penicillium-polonicum
1 2 -0.1907618765355525 0.6820126944802212 Penicillium-mb
1 2 0.8950590792411897 0.006470730644387814 Penicillium-commune
1 2 0.8938387365051388 0.006655977280992934 Penicillium-solitum
1 2 0.8894217984434687 0.0073519647467689955 Penicillium-verrucosum
1 2 0.9210103180155619 0.003226637493397703 Penicillium-chrysogenum
1 2 0.2822283695267733 0.539725903232043 Penicillium-brevicompactum
1 2 -0.5016437320100173 0.2513605025882747 Penicillium-cvjetkovicii
1 2 0.8755720946728318 0.009798678547730208 Penicillium-polonicum
1 2 -0.18978498846726713 0.6835818691974183 Penicillium-mb
1 2 0.8953011536509409 0.0064343442492282325 Penicillium-commune
1 2 0.8941083427564961 0.006614790189249971 Penicillium-solitum
1 2 0.8882922906044539 0.007536407061274851 Penicillium-verrucosum
1 2 0.9206033570081901 0.0032676257073330412 Penicillium-chrysogenum
