#SPECIES: Penicillium-cvjetkovicii Penicillium-brevicompactum Penicillium-mb Penicillium-polonicum Penicillium-verrucosum Penicillium-commune Penicillium-solitum Penicillium-chrysogenum 
#GENE_TREEs p: 0.007187888772916471 0.40941591513878905 0.38420955637574966 0.42300790184653814 0.4284212075862969 0.4603334194214679 0.4301444761319841 0.20239911833520507 
#GENE_TREEs r: 0.890440459349897 -0.37334992462608707 0.39218129450893585 0.3633858099180477 0.35945209577894116 0.3366354330522889 0.35820386288317624 -0.5484388197078897 
1 2 0.9104887008535949 0.004385292990479417 Penicillium-cvjetkovicii
1 2 -0.3734190318565539 0.40932225338868833 Penicillium-brevicompactum
1 2 0.4002731197351499 0.3735770323884794 Penicillium-mb
1 2 0.3717017121338274 0.41165224822025154 Penicillium-polonicum
1 2 0.3673713382556085 0.4175505037407652 Penicillium-verrucosum
1 2 0.3489277985655479 0.44303330807745406 Penicillium-commune
1 2 0.37055605757874244 0.41320951264796013 Penicillium-solitum
1 2 -0.5428261293412093 0.20800687052367473 Penicillium-chrysogenum
3 2 0.8904404593498974 0.007187888772916407 Penicillium-cvjetkovicii
3 2 -0.37341881786335324 0.4093225434029002 Penicillium-brevicompactum
3 2 0.38831129392429087 0.38933732464811466 Penicillium-mb
3 2 0.35982267255814854 0.42791011374074384 Penicillium-polonicum
3 2 0.35590848696321 0.4333203166071474 Penicillium-verrucosum
3 2 0.3383046772951128 0.4579696616879902 Penicillium-commune
3 2 0.35963772664094257 0.4281651589932136 Penicillium-solitum
3 2 -0.5469381384752452 0.20389129074691156 Penicillium-chrysogenum
1 2 0.9217944334951435 0.0031485158235642417 Penicillium-cvjetkovicii
1 2 -0.37341903185655395 0.4093222533886883 Penicillium-brevicompactum
1 2 0.4060463381136603 0.3660657697862541 Penicillium-mb
1 2 0.3772536160438359 0.4041384430400338 Penicillium-polonicum
1 2 0.3734943617647035 0.4092201675765072 Penicillium-verrucosum
1 2 0.35321732663287575 0.4370551195441718 Penicillium-commune
1 2 0.37494336640938114 0.4072584518146213 Penicillium-solitum
1 2 -0.5414278884319521 0.20941527866386797 Penicillium-chrysogenum
1 0 0.8904404593498971 0.007187888772916451 Penicillium-cvjetkovicii
1 0 -0.3734045205919339 0.4093419199581308 Penicillium-brevicompactum
1 0 0.3936031725213803 0.38233246227044 Penicillium-mb
1 0 0.364985502135774 0.42081413306584403 Penicillium-polonicum
1 0 0.3608557392135273 0.4264865642700604 Penicillium-verrucosum
1 0 0.3413953019314262 0.45360507799994004 Penicillium-commune
1 0 0.36301413358219575 0.4235182396294445 Penicillium-solitum
1 0 -0.5469678906450319 0.2038616562164128 Penicillium-chrysogenum
1 2 0.9041327143248774 0.005187439513270146 Penicillium-cvjetkovicii
1 2 -0.37341903185655373 0.40932225338868833 Penicillium-brevicompactum
1 2 0.39409016680054204 0.38169041212552535 Penicillium-mb
1 2 0.36608169203239505 0.4193134080711008 Penicillium-polonicum
1 2 0.36338184145739805 0.4230133495648402 Penicillium-verrucosum
1 2 0.34287900740778865 0.4515153256372563 Penicillium-commune
1 2 0.36410495695426187 0.42202113878739467 Penicillium-solitum
1 2 -0.542567047803043 0.20826749353563465 Penicillium-chrysogenum
3 2 0.8904404593498967 0.007187888772916528 Penicillium-cvjetkovicii
3 2 -0.3734146517347418 0.409328189563378 Penicillium-brevicompactum
3 2 0.386912782204831 0.39119708471471915 Penicillium-mb
3 2 0.35851563233905953 0.4297138087086568 Penicillium-polonicum
3 2 0.35666266785721645 0.43227585873886454 Penicillium-verrucosum
3 2 0.338928403783238 0.45708758306521885 Penicillium-commune
3 2 0.3603175273332838 0.42722798373918025 Penicillium-solitum
3 2 -0.548028670774321 0.20280641974147054 Penicillium-chrysogenum
1 2 0.9081784626041493 0.004667783818759401 Penicillium-cvjetkovicii
1 2 -0.373419031856554 0.4093222533886883 Penicillium-brevicompactum
1 2 0.3992495546346485 0.37491526376926726 Penicillium-mb
1 2 0.3708879053615247 0.41275820189821794 Penicillium-polonicum
1 2 0.36696922659605896 0.41809986714470015 Penicillium-verrucosum
1 2 0.34674506732070676 0.4460871000844452 Penicillium-commune
1 2 0.3680934508386906 0.4165646628294583 Penicillium-solitum
1 2 -0.5412370845560545 0.20960782156700525 Penicillium-chrysogenum
3 2 0.8904404593498979 0.007187888772916328 Penicillium-cvjetkovicii
3 2 -0.3734006503524256 0.409347165210469 Penicillium-brevicompactum
3 2 0.3934825116874264 0.38249160831678386 Penicillium-mb
3 2 0.3644670008306232 0.42152470553556903 Penicillium-polonicum
3 2 0.3596132901198891 0.4281988619671221 Penicillium-verrucosum
3 2 0.3417038029112218 0.4531702674011644 Penicillium-commune
3 2 0.36367012894195405 0.4226176725849951 Penicillium-solitum
3 2 -0.5504595666583922 0.20039814051386648 Penicillium-chrysogenum
1 0 0.890440459349897 0.007187888772916471 Penicillium-cvjetkovicii
1 0 -0.37331275752150483 0.4094662915870367 Penicillium-brevicompactum
1 0 0.3895860298832834 0.38764526820277856 Penicillium-mb
1 0 0.36110150968739657 0.42614816564185976 Penicillium-polonicum
1 0 0.357427689838879 0.4312173733104195 Penicillium-verrucosum
1 0 0.33744384602895666 0.459188091458322 Penicillium-commune
1 0 0.35906103148068397 0.4289608119136268 Penicillium-solitum
1 0 -0.5488392071465975 0.2020018896406665 Penicillium-chrysogenum
1 2 0.9208464842669872 0.0032431020414773466 Penicillium-cvjetkovicii
1 2 -0.3734190318565538 0.4093222533886883 Penicillium-brevicompactum
1 2 0.4022233030727565 0.37103274045870877 Penicillium-mb
1 2 0.3741357508167949 0.4083513737719851 Penicillium-polonicum
1 2 0.3712492467471931 0.4122669997455837 Penicillium-verrucosum
1 2 0.350732288276431 0.44051469140825483 Penicillium-commune
1 2 0.3719653259576289 0.41129424965554817 Penicillium-solitum
1 2 -0.5382819961873867 0.21260060631152278 Penicillium-chrysogenum
1 2 0.8946310833215472 0.006535354607158868 Penicillium-cvjetkovicii
1 2 -0.37341903185655373 0.40932225338868833 Penicillium-brevicompactum
1 2 0.3961160248899522 0.37902423402814495 Penicillium-mb
1 2 0.3675831747142869 0.4172612067291772 Penicillium-polonicum
1 2 0.36360266247726825 0.42271025802265927 Penicillium-verrucosum
1 2 0.3439507401823472 0.45000806938159754 Penicillium-commune
1 2 0.3655034123387605 0.42010483513374947 Penicillium-solitum
1 2 -0.544882013455595 0.20594428306612955 Penicillium-chrysogenum
1 2 0.8855419050596316 0.00799663422762177 Penicillium-cvjetkovicii
1 2 -0.3734374718817729 0.4092972628542305 Penicillium-brevicompactum
1 2 0.39409372347516125 0.38168572463711586 Penicillium-mb
1 2 0.36565442006542165 0.4198981117337851 Penicillium-polonicum
1 2 0.3613158458749126 0.4258531330941789 Penicillium-verrucosum
1 2 0.34251314719934617 0.4520302932803353 Penicillium-commune
1 2 0.36396716877102187 0.4222101329284204 Penicillium-solitum
1 2 -0.5448982895015707 0.20592799316229102 Penicillium-chrysogenum
1 2 0.9017317605945151 0.005511022696806379 Penicillium-cvjetkovicii
1 2 -0.3734190318565539 0.40932225338868833 Penicillium-brevicompactum
1 2 0.3979042063929436 0.37667717154209707 Penicillium-mb
1 2 0.3695548758391271 0.4145722821766238 Penicillium-polonicum
1 2 0.3659092381939872 0.4195493657696826 Penicillium-verrucosum
1 2 0.3461732726973476 0.4468883864920394 Penicillium-commune
1 2 0.36763357707104355 0.41719238564804256 Penicillium-solitum
1 2 -0.5426869924969155 0.20814681582782346 Penicillium-chrysogenum
1 2 0.8926250031902795 0.006843235746065767 Penicillium-cvjetkovicii
1 2 -0.37341903185655395 0.4093222533886883 Penicillium-brevicompactum
1 2 0.39160169242436255 0.3849757851644598 Penicillium-mb
1 2 0.3630672791367172 0.4234452524543773 Penicillium-polonicum
1 2 0.3583929137450934 0.4298833081169784 Penicillium-verrucosum
1 2 0.33927500545158523 0.4565976894384597 Penicillium-commune
1 2 0.36064253248854505 0.42678021010040323 Penicillium-solitum
1 2 -0.5461459420793252 0.20468111384291876 Penicillium-chrysogenum
1 0 0.8904404593498967 0.007187888772916528 Penicillium-cvjetkovicii
1 0 -0.37339455639867125 0.409355424268443 Penicillium-brevicompactum
1 0 0.39353308498989026 0.38242490120981704 Penicillium-mb
1 0 0.3651052810841126 0.42065004990664373 Penicillium-polonicum
1 0 0.361291371205144 0.42588681835258063 Penicillium-verrucosum
1 0 0.34110363567563634 0.4540163042687863 Penicillium-commune
1 0 0.3626004585352119 0.4240865244261752 Penicillium-solitum
1 0 -0.5456123891373394 0.205213892499378 Penicillium-chrysogenum
1 2 0.8609455814911467 0.01283134622344063 Penicillium-cvjetkovicii
1 2 -0.3735156256338884 0.4091913529541821 Penicillium-brevicompactum
1 2 0.3976368993544309 0.3770276457454043 Penicillium-mb
1 2 0.36900322082921755 0.41532392278783004 Penicillium-polonicum
1 2 0.3650263260396179 0.42075820629970573 Penicillium-verrucosum
1 2 0.34520534469737857 0.44824602793451446 Penicillium-commune
1 2 0.36686714294422673 0.4182393781899313 Penicillium-solitum
1 2 -0.5450707716881841 0.205755402001794 Penicillium-chrysogenum
1 0 0.8904404593498975 0.007187888772916399 Penicillium-cvjetkovicii
1 0 -0.3734166379537726 0.40932549772922 Penicillium-brevicompactum
1 0 0.3942723790919414 0.38145029704798195 Penicillium-mb
1 0 0.3656303292784265 0.4199310883861567 Penicillium-polonicum
1 0 0.3618789954412059 0.425078336644515 Penicillium-verrucosum
1 0 0.34184731085072967 0.45296805601525425 Penicillium-commune
1 0 0.3635075883154954 0.42284074332620863 Penicillium-solitum
1 0 -0.5471321779709336 0.20369805565072086 Penicillium-chrysogenum
1 2 0.889063372018388 0.00741020721525376 Penicillium-cvjetkovicii
1 2 -0.3734243328514658 0.40931506924292926 Penicillium-brevicompactum
1 2 0.39548123720580225 0.37985884489641253 Penicillium-mb
1 2 0.36686550418776476 0.4182416179188596 Penicillium-polonicum
1 2 0.36287034225821707 0.4237157390974443 Penicillium-verrucosum
1 2 0.3410733030246737 0.4540590788756789 Penicillium-commune
1 2 0.3627293124037111 0.4239094802344209 Penicillium-solitum
1 2 -0.545875683060266 0.20495089778903525 Penicillium-chrysogenum
1 0 0.8904404593498971 0.007187888772916451 Penicillium-cvjetkovicii
1 0 -0.3732851159789546 0.4095037586287294 Penicillium-brevicompactum
1 0 0.38753919193678754 0.3903636364179789 Penicillium-mb
1 0 0.35891669917462987 0.4291600326828154 Penicillium-polonicum
1 0 0.354807260778396 0.4348471242263713 Penicillium-verrucosum
1 0 0.334768173639631 0.46298290893568406 Penicillium-commune
1 0 0.3562468138996509 0.43285165161790284 Penicillium-solitum
1 0 -0.5499088988697529 0.20094247456127784 Penicillium-chrysogenum
1 2 0.9117974958486895 0.004229804170223803 Penicillium-cvjetkovicii
1 2 -0.3734190318565539 0.40932225338868833 Penicillium-brevicompactum
1 2 0.39675131121662793 0.37818971485729047 Penicillium-mb
1 2 0.36838252942756083 0.41617026228663595 Penicillium-polonicum
1 2 0.3641591423309296 0.4219468255854259 Penicillium-verrucosum
1 2 0.3437675423370459 0.4502655801908024 Penicillium-commune
1 2 0.36485972290216934 0.42098646264046685 Penicillium-solitum
1 2 -0.5413663039657399 0.2094774152003376 Penicillium-chrysogenum
1 0 0.8904404593498967 0.007187888772916528 Penicillium-cvjetkovicii
1 0 -0.3733882896744083 0.4093639175484145 Penicillium-brevicompactum
1 0 0.39339607113208314 0.3826056358931062 Penicillium-mb
1 0 0.36430405949385347 0.4217481020790811 Penicillium-polonicum
1 0 0.359550554772308 0.4282853915498654 Penicillium-verrucosum
1 0 0.3409150614367024 0.4542822529282951 Penicillium-commune
1 0 0.3628671129340474 0.42372017502986203 Penicillium-solitum
1 0 -0.5508026255237406 0.2000593862622154 Penicillium-chrysogenum
1 0 0.8904404593498966 0.007187888772916537 Penicillium-cvjetkovicii
1 0 -0.3733417467125793 0.4094269993077108 Penicillium-brevicompactum
1 0 0.39095722270449257 0.3858284922008962 Penicillium-mb
1 0 0.36143476402161917 0.4256894769360696 Penicillium-polonicum
1 0 0.3579984816267429 0.430428273079102 Penicillium-verrucosum
1 0 0.3366163756067231 0.4603604320046077 Penicillium-commune
1 0 0.3589060682982039 0.42917470780507877 Penicillium-solitum
1 0 -0.5569356012055056 0.19404995261464936 Penicillium-chrysogenum
1 0 0.8904404593498964 0.007187888772916574 Penicillium-cvjetkovicii
1 0 -0.37339623510833325 0.40935314912806287 Penicillium-brevicompactum
1 0 0.3932878922863311 0.38274835880412783 Penicillium-mb
1 0 0.36425309394102445 0.42181798651342367 Penicillium-polonicum
1 0 0.35972468413558745 0.4280452350529891 Penicillium-verrucosum
1 0 0.34016168356186643 0.45534533025794494 Penicillium-commune
1 0 0.3620524880493916 0.4248397505641826 Penicillium-solitum
1 0 -0.5503342971572277 0.20052190682652252 Penicillium-chrysogenum
1 2 0.852779648439493 0.014731015296313408 Penicillium-cvjetkovicii
1 2 -0.37353742755907854 0.40916181004176466 Penicillium-brevicompactum
1 2 0.39674730391590496 0.3781949765469669 Penicillium-mb
1 2 0.36841189759195764 0.4161302023751336 Penicillium-polonicum
1 2 0.3642720269640193 0.42179202485440137 Penicillium-verrucosum
1 2 0.3450590233299658 0.44845139676114487 Penicillium-commune
1 2 0.36642296520873385 0.4188466176436725 Penicillium-solitum
1 2 -0.5426033324607691 0.20823098360945105 Penicillium-chrysogenum
1 2 0.8923690930988588 0.006883103311752556 Penicillium-cvjetkovicii
1 2 -0.37341903185655395 0.4093222533886883 Penicillium-brevicompactum
1 2 0.39595721112507454 0.37923297039627535 Penicillium-mb
1 2 0.3667998447491985 0.4183313601351591 Penicillium-polonicum
1 2 0.3630269618204939 0.42350062158857715 Penicillium-verrucosum
1 2 0.3425719449344695 0.45194751755035906 Penicillium-commune
1 2 0.36457184483017496 0.4213809861210375 Penicillium-solitum
1 2 -0.5505198955957451 0.2003385486048389 Penicillium-chrysogenum
1 0 0.890440459349897 0.007187888772916471 Penicillium-cvjetkovicii
1 0 -0.3733089447362486 0.4094714595898421 Penicillium-brevicompactum
1 0 0.388903228824142 0.38855123451405194 Penicillium-mb
1 0 0.3602973655220949 0.42725576749507393 Penicillium-polonicum
1 0 0.35602594242839847 0.4331575902764456 Penicillium-verrucosum
1 0 0.3358842273901403 0.46139864405406555 Penicillium-commune
1 0 0.3574550132544211 0.4311795869889906 Penicillium-solitum
1 0 -0.5492405222452653 0.20160411648791343 Penicillium-chrysogenum
1 2 0.8857787012795252 0.007956388998903675 Penicillium-cvjetkovicii
1 2 -0.3734366064937309 0.4092984356434227 Penicillium-brevicompactum
1 2 0.39526809773060917 0.38013924521659553 Penicillium-mb
1 2 0.36657096487269514 0.41864424787262683 Penicillium-polonicum
1 2 0.3626932434588047 0.42395903579785976 Penicillium-verrucosum
1 2 0.34229707018584654 0.4523345361870852 Penicillium-commune
1 2 0.36399207491711333 0.42217596853177475 Penicillium-solitum
1 2 -0.546888925851306 0.20394031331651308 Penicillium-chrysogenum
1 2 0.8944720603493456 0.006559460796063808 Penicillium-cvjetkovicii
1 2 -0.3734190318565539 0.40932225338868833 Penicillium-brevicompactum
1 2 0.39504614874376004 0.38043132436672383 Penicillium-mb
1 2 0.3664032676237852 0.41887355432805284 Penicillium-polonicum
1 2 0.36229472073770963 0.4245067200531198 Penicillium-verrucosum
1 2 0.3424175954873787 0.4521648235180822 Penicillium-commune
1 2 0.3640464328243327 0.4221014081220397 Penicillium-solitum
1 2 -0.5462746262086198 0.20455271572638145 Penicillium-chrysogenum
1 0 0.8904404593498969 0.007187888772916482 Penicillium-cvjetkovicii
1 0 -0.3734010546262923 0.4093466173055591 Penicillium-brevicompactum
1 0 0.39295525550855 0.383187349372588 Penicillium-mb
1 0 0.36406976153739323 0.4220694106917541 Penicillium-polonicum
1 0 0.3599976747005126 0.4276688350653491 Penicillium-verrucosum
1 0 0.3398288718854184 0.4558152491121614 Penicillium-commune
1 0 0.36151667831682194 0.42557675990831906 Penicillium-solitum
1 0 -0.5491384802525727 0.2017052221868778 Penicillium-chrysogenum
3 4 0.8864682451942352 0.007839864403524372 Penicillium-cvjetkovicii
3 4 -0.3734340719111622 0.40930187056218537 Penicillium-brevicompactum
3 4 0.39275473096308505 0.38345208591555563 Penicillium-mb
3 4 0.36414784187035754 0.4219623233226896 Penicillium-polonicum
3 4 0.3579442692923918 0.43050319596091174 Penicillium-verrucosum
3 4 0.3420893814547858 0.4526270402225125 Penicillium-commune
3 4 0.3638040432731426 0.4224339228156244 Penicillium-solitum
3 4 -0.5474716329865341 0.2033602190719771 Penicillium-chrysogenum
1 0 0.890440459349897 0.007187888772916471 Penicillium-cvjetkovicii
1 0 -0.37337342689798103 0.4093840613192191 Penicillium-brevicompactum
1 0 0.3936604423648958 0.38225693539046 Penicillium-mb
1 0 0.36484828473197506 0.4210021353849714 Penicillium-polonicum
1 0 0.3608461054925794 0.42649983094216354 Penicillium-verrucosum
1 0 0.3407147905852551 0.4545647610246373 Penicillium-commune
1 0 0.3624951139999196 0.4242312882114637 Penicillium-solitum
1 0 -0.5487918934670829 0.20204881053853085 Penicillium-chrysogenum
1 2 0.8783747576793418 0.009270708092735757 Penicillium-cvjetkovicii
1 2 -0.37346252124374074 0.40926331608816263 Penicillium-brevicompactum
1 2 0.3958034818878247 0.3794350684179197 Penicillium-mb
1 2 0.36728407585668177 0.41766969739855636 Penicillium-polonicum
1 2 0.36326575126760324 0.4231727247952443 Penicillium-verrucosum
1 2 0.34336435241462665 0.4508325156884554 Penicillium-commune
1 2 0.36491461994174734 0.42091124508144784 Penicillium-solitum
1 2 -0.5449313439808833 0.205894912436686 Penicillium-chrysogenum
1 0 0.8904404593498971 0.007187888772916451 Penicillium-cvjetkovicii
1 0 -0.3733925027943836 0.40935820750695934 Penicillium-brevicompactum
1 0 0.3932417345343356 0.38280926237842106 Penicillium-mb
1 0 0.36438248758174857 0.4216405695318626 Penicillium-polonicum
1 0 0.36035626439597174 0.42717460452087636 Penicillium-verrucosum
1 0 0.3403704425250427 0.4550506617304137 Penicillium-commune
1 0 0.3621963254324 0.42464198541235587 Penicillium-solitum
1 0 -0.5494427673642568 0.2014037990139061 Penicillium-chrysogenum
3 4 0.8771847802397663 0.009492819061682825 Penicillium-cvjetkovicii
3 4 -0.37346647877274813 0.4092579529665465 Penicillium-brevicompactum
3 4 0.394149494883095 0.38161222424658464 Penicillium-mb
3 4 0.36573282296530996 0.41979079695846866 Penicillium-polonicum
3 4 0.36000790332852756 0.42765473428781936 Penicillium-verrucosum
3 4 0.3426151593012351 0.4518866837730856 Penicillium-commune
3 4 0.3641483030739927 0.42196169081204965 Penicillium-solitum
3 4 -0.5446238614680003 0.2062027372686886 Penicillium-chrysogenum
1 2 0.890166122316625 0.0072318653054476946 Penicillium-cvjetkovicii
1 2 -0.3734200954648041 0.4093208119351681 Penicillium-brevicompactum
1 2 0.3935610223267346 0.38238805337438364 Penicillium-mb
1 2 0.3651297903999543 0.42061647806935415 Penicillium-polonicum
1 2 0.3608451006671306 0.4265012147042711 Penicillium-verrucosum
1 2 0.34125303833844994 0.4538056410122276 Penicillium-commune
1 2 0.3627655184336394 0.42385973858066506 Penicillium-solitum
1 2 -0.5453164011758953 0.2055097368410817 Penicillium-chrysogenum
1 0 0.8904404593498967 0.007187888772916528 Penicillium-cvjetkovicii
1 0 -0.3734032141450709 0.4093436905545019 Penicillium-brevicompactum
1 0 0.39299111158539163 0.3831400192559647 Penicillium-mb
1 0 0.3641744932569299 0.4219257732908329 Penicillium-polonicum
1 0 0.3596332525916623 0.42817132954837767 Penicillium-verrucosum
1 0 0.34094692973358187 0.45423730458540795 Penicillium-commune
1 0 0.3627064118866254 0.4239409432746589 Penicillium-solitum
1 0 -0.5487783195416549 0.2020622727435127 Penicillium-chrysogenum
3 4 0.8792749960158092 0.009104689595502759 Penicillium-cvjetkovicii
3 4 -0.37345949086661107 0.40926742278074535 Penicillium-brevicompactum
3 4 0.39374964652880967 0.3821393058982853 Penicillium-mb
3 4 0.3653852653534558 0.42026660107357416 Penicillium-polonicum
3 4 0.36145974443537465 0.4256551017642007 Penicillium-verrucosum
3 4 0.3435184818841473 0.45061575882309934 Penicillium-commune
3 4 0.3651623941410166 0.420571820438276 Penicillium-solitum
3 4 -0.545871941504667 0.2049546339617002 Penicillium-chrysogenum
1 2 0.8925249298390077 0.006858809926085 Penicillium-cvjetkovicii
1 2 -0.37341903185655395 0.4093222533886883 Penicillium-brevicompactum
1 2 0.39458670949649083 0.3810362238472008 Penicillium-mb
1 2 0.36579763278749916 0.419702095893285 Penicillium-polonicum
1 2 0.3618412136607408 0.4251303007991936 Penicillium-verrucosum
1 2 0.3415987359157342 0.45331833452504355 Penicillium-commune
1 2 0.36335469852123664 0.4230506108538185 Penicillium-solitum
1 2 -0.5479814503679938 0.20285333752614637 Penicillium-chrysogenum
1 2 0.8695924537369667 0.010981850656828229 Penicillium-cvjetkovicii
1 2 -0.3734905193843259 0.4092253744628102 Penicillium-brevicompactum
1 2 0.39620837584503843 0.3789028743255288 Penicillium-mb
1 2 0.3676539853773549 0.41716452071507326 Penicillium-polonicum
1 2 0.36364123724927694 0.4226573202108796 Penicillium-verrucosum
1 2 0.3441425461933769 0.44973851771839957 Penicillium-commune
1 2 0.36570614189853723 0.4198273157468406 Penicillium-solitum
1 2 -0.5450216477486233 0.20580454992650035 Penicillium-chrysogenum
1 2 0.8927685497436487 0.006820931766538735 Penicillium-cvjetkovicii
1 2 -0.37341903185655406 0.40932225338868805 Penicillium-brevicompactum
1 2 0.3959616928079136 0.3792270792701729 Penicillium-mb
1 2 0.3669623869936116 0.41810921381545796 Penicillium-polonicum
1 2 0.3623425847125306 0.42444092681802026 Penicillium-verrucosum
1 2 0.34357772666450315 0.4505324515076398 Penicillium-commune
1 2 0.36551930165215474 0.42008308145351936 Penicillium-solitum
1 2 -0.5488240090275989 0.2020169610199568 Penicillium-chrysogenum
1 2 0.8970993854411741 0.006167770169557617 Penicillium-cvjetkovicii
1 2 -0.37341903185655406 0.40932225338868805 Penicillium-brevicompactum
1 2 0.3932300562147829 0.38282467214333804 Penicillium-mb
1 2 0.3651085264377017 0.42064560449709687 Penicillium-polonicum
1 2 0.36211325779201836 0.42475619258199304 Penicillium-verrucosum
1 2 0.3423938495127536 0.4521982585378802 Penicillium-commune
1 2 0.36385690022015643 0.4223614039822331 Penicillium-solitum
1 2 -0.5444906093244801 0.206336206075591 Penicillium-chrysogenum
1 2 0.8850907982863191 0.008073628237640549 Penicillium-cvjetkovicii
1 2 -0.3734391134634681 0.4092950381572907 Penicillium-brevicompactum
1 2 0.3951178507340248 0.3803369564364003 Penicillium-mb
1 2 0.3663858227650871 0.41889741094470045 Penicillium-polonicum
1 2 0.3623557947012645 0.424422769222689 Penicillium-verrucosum
1 2 0.34245357241645163 0.45211416872058524 Penicillium-commune
1 2 0.36415577180038405 0.42195144799312745 Penicillium-solitum
1 2 -0.5471386425548265 0.20369161937758407 Penicillium-chrysogenum
1 2 0.9142924707854366 0.003942426559977264 Penicillium-cvjetkovicii
1 2 -0.3734190318565538 0.4093222533886883 Penicillium-brevicompactum
1 2 0.3982634290946612 0.3762063932101891 Penicillium-mb
1 2 0.3700291633985293 0.4139264816844367 Penicillium-polonicum
1 2 0.36585985865474047 0.41961693817529017 Penicillium-verrucosum
1 2 0.34623270126950617 0.4468050808580445 Penicillium-commune
1 2 0.36734750349900613 0.4175830588513651 Penicillium-solitum
1 2 -0.5399569585923347 0.21090179624660152 Penicillium-chrysogenum
1 2 0.8906288394033144 0.007157781198519548 Penicillium-cvjetkovicii
1 2 -0.3734190318565539 0.40932225338868833 Penicillium-brevicompactum
1 2 0.39142463634967734 0.38520997467807216 Penicillium-mb
1 2 0.3630692979508043 0.4234424800223253 Penicillium-polonicum
1 2 0.35983062663616716 0.42789914617085534 Penicillium-verrucosum
1 2 0.3399581428219372 0.4556327014900781 Penicillium-commune
1 2 0.36141029858899276 0.42572314448828336 Penicillium-solitum
1 2 -0.5466350764076738 0.20419327210923238 Penicillium-chrysogenum
1 2 0.9012621061233946 0.005575654400029685 Penicillium-cvjetkovicii
1 2 -0.37341903185655384 0.40932225338868833 Penicillium-brevicompactum
1 2 0.397677286939992 0.37697468386499255 Penicillium-mb
1 2 0.3688992368957735 0.41546566246794386 Penicillium-polonicum
1 2 0.36494361135418857 0.42087152440096814 Penicillium-verrucosum
1 2 0.3449374561825428 0.4486220487504092 Penicillium-commune
1 2 0.3666183319678441 0.4185794877335055 Penicillium-solitum
1 2 -0.5458897128012866 0.2049368885228339 Penicillium-chrysogenum
1 2 0.8867863241787863 0.007786447846868017 Penicillium-cvjetkovicii
1 2 -0.3734328953433998 0.4093034650750236 Penicillium-brevicompactum
1 2 0.39286225928875584 0.3833101156552121 Penicillium-mb
1 2 0.3642830859882842 0.4217768605992134 Penicillium-polonicum
1 2 0.36071625699591403 0.42667866183734887 Penicillium-verrucosum
1 2 0.3396977401923786 0.45600045215910956 Penicillium-commune
1 2 0.3610737074767336 0.4261864410007823 Penicillium-solitum
1 2 -0.5464697144511876 0.20435813468506064 Penicillium-chrysogenum
1 0 0.8904404593498961 0.00718788877291661 Penicillium-cvjetkovicii
1 0 -0.37339547023556746 0.4093541857527512 Penicillium-brevicompactum
1 0 0.39195231617333975 0.3845121899795272 Penicillium-mb
1 0 0.3635661358965183 0.4227603873799489 Penicillium-polonicum
1 0 0.36011944907627463 0.42750097339938503 Penicillium-verrucosum
1 0 0.3400174545356484 0.45554895462872447 Penicillium-commune
1 0 0.36149469868768713 0.4256070035409697 Penicillium-solitum
1 0 -0.5464675297037588 0.20436031326133758 Penicillium-chrysogenum
1 2 0.8932534481019441 0.006745901211504494 Penicillium-cvjetkovicii
1 2 -0.373419031856554 0.4093222533886883 Penicillium-brevicompactum
1 2 0.3939969136022059 0.38181332269406576 Penicillium-mb
1 2 0.36547552263483707 0.4201430193203993 Penicillium-polonicum
1 2 0.36167396303890653 0.42536036274622757 Penicillium-verrucosum
1 2 0.34214839966822563 0.45254391314320475 Penicillium-commune
1 2 0.3636978450799809 0.42257963950817434 Penicillium-solitum
1 2 -0.5461419626025004 0.20468508509005282 Penicillium-chrysogenum
1 2 0.8952293699811872 0.006445121690057424 Penicillium-cvjetkovicii
1 2 -0.3734190318565539 0.40932225338868833 Penicillium-brevicompactum
1 2 0.3929482877584177 0.3831965470958286 Penicillium-mb
1 2 0.3639487139401396 0.4222354485820453 Penicillium-polonicum
1 2 0.359734870108764 0.42803118832240367 Penicillium-verrucosum
1 2 0.33864571558045226 0.45748728459573423 Penicillium-commune
1 2 0.3601776027947546 0.42742081950836347 Penicillium-solitum
1 2 -0.548903607591469 0.20193803223111415 Penicillium-chrysogenum
1 2 0.8750894529260685 0.00989130383734384 Penicillium-cvjetkovicii
1 2 -0.37347331773626274 0.4092486850786312 Penicillium-brevicompactum
1 2 0.394779702393732 0.3807820811579824 Penicillium-mb
1 2 0.36614608280580696 0.4192253194703032 Penicillium-polonicum
1 2 0.3617722027710709 0.42522522305210614 Penicillium-verrucosum
1 2 0.34162584307196103 0.4532801316604348 Penicillium-commune
1 2 0.3631661754306555 0.4233094466893103 Penicillium-solitum
1 2 -0.5457904403608999 0.205036025941939 Penicillium-chrysogenum
1 0 0.8904404593498975 0.007187888772916399 Penicillium-cvjetkovicii
1 0 -0.373405674846718 0.4093403556265713 Penicillium-brevicompactum
1 0 0.3938489763655932 0.3820083414001546 Penicillium-mb
1 0 0.3651294786777644 0.4206169050468629 Penicillium-polonicum
1 0 0.361138678677726 0.42609699708945814 Penicillium-verrucosum
1 0 0.3421354914018085 0.4525620939329444 Penicillium-commune
1 0 0.36392673027677347 0.42226560572479444 Penicillium-solitum
1 0 -0.5482797724052078 0.2025570147956637 Penicillium-chrysogenum
1 2 0.8725058630503882 0.010395687491574927 Penicillium-cvjetkovicii
1 2 -0.3734815318346395 0.40923755377241927 Penicillium-brevicompactum
1 2 0.3929392915135995 0.3832084226495206 Penicillium-mb
1 2 0.3644754576427573 0.42151311229263744 Penicillium-polonicum
1 2 0.36042829268442195 0.42707535721316936 Penicillium-verrucosum
1 2 0.33942068186560337 0.4563918457971107 Penicillium-commune
1 2 0.3605892465594813 0.42685361202782274 Penicillium-solitum
1 2 -0.5445515563572981 0.2062751548196564 Penicillium-chrysogenum
1 0 0.8904404593498969 0.007187888772916482 Penicillium-cvjetkovicii
1 0 -0.3733909035829134 0.40936037491455973 Penicillium-brevicompactum
1 0 0.39207151058729756 0.3843546423803038 Penicillium-mb
1 0 0.3635960589377253 0.42271932060013434 Penicillium-polonicum
1 0 0.3594539949529274 0.42841858767623847 Penicillium-verrucosum
1 0 0.34051097344366277 0.4548523388064407 Penicillium-commune
1 0 0.3620295823830182 0.4248712473466598 Penicillium-solitum
1 0 -0.5466609610695955 0.20416747138697094 Penicillium-chrysogenum
1 0 0.8904404593498969 0.007187888772916482 Penicillium-cvjetkovicii
1 0 -0.3733198484413496 0.4094566803366764 Penicillium-brevicompactum
1 0 0.39073884664152403 0.3861176013803232 Penicillium-mb
1 0 0.362027176048235 0.42487455626598897 Penicillium-polonicum
1 0 0.35776911880170364 0.4307452927657996 Penicillium-verrucosum
1 0 0.3386417563371791 0.45749288361246015 Penicillium-commune
1 0 0.36035745081537235 0.4271729696893932 Penicillium-solitum
1 0 -0.5495474778548699 0.20130012411624068 Penicillium-chrysogenum
1 2 0.8990642678313927 0.005883952981466063 Penicillium-cvjetkovicii
1 2 -0.373419031856554 0.4093222533886883 Penicillium-brevicompactum
1 2 0.3972732336020611 0.3775046718981914 Penicillium-mb
1 2 0.368530801501704 0.41596802579406106 Penicillium-polonicum
1 2 0.3646260259493379 0.4213067224735326 Penicillium-verrucosum
1 2 0.3438939925328573 0.45008783043003747 Penicillium-commune
1 2 0.36556602484267187 0.4200191163816952 Penicillium-solitum
1 2 -0.5458339390567416 0.2049925835835265 Penicillium-chrysogenum
1 2 0.9061849964394688 0.004919841824031602 Penicillium-cvjetkovicii
1 2 -0.3734190318565539 0.40932225338868833 Penicillium-brevicompactum
1 2 0.397825180825509 0.3767807704843053 Penicillium-mb
1 2 0.3694953936094207 0.414653302276078 Penicillium-polonicum
1 2 0.3661205028656841 0.4192603127706476 Penicillium-verrucosum
1 2 0.34521095696230997 0.4482381515637499 Penicillium-commune
1 2 0.366662472538387 0.4185191423967453 Penicillium-solitum
1 2 -0.5426280642332214 0.2082061000445333 Penicillium-chrysogenum
1 2 0.9176519382673809 0.0035739977486555978 Penicillium-cvjetkovicii
1 2 -0.3734190318565539 0.40932225338868833 Penicillium-brevicompactum
1 2 0.40537392603308847 0.36693738638216106 Penicillium-mb
1 2 0.3764352955273474 0.40524250710500215 Penicillium-polonicum
1 2 0.3730229283098053 0.40985921087220206 Penicillium-verrucosum
1 2 0.3530586873883232 0.43727566091909026 Penicillium-commune
1 2 0.3750545024394438 0.4071081450894077 Penicillium-solitum
1 2 -0.5441360324392569 0.2066915606386212 Penicillium-chrysogenum
3 2 0.8904404593498969 0.007187888772916482 Penicillium-cvjetkovicii
3 2 -0.3734158920061629 0.4093265086779643 Penicillium-brevicompactum
3 2 0.3890265991360916 0.3883874791054595 Penicillium-mb
3 2 0.35964039282311616 0.4281614818429711 Penicillium-polonicum
3 2 0.3574170221993244 0.4312321262343244 Penicillium-verrucosum
3 2 0.33796928636158885 0.4584442348787771 Penicillium-commune
3 2 0.3598863533673844 0.42782230977509417 Penicillium-solitum
3 2 -0.5535564717687891 0.19735008666851467 Penicillium-chrysogenum
3 2 0.8904404593498975 0.007187888772916399 Penicillium-cvjetkovicii
3 2 -0.3733749210063523 0.4093820363114024 Penicillium-brevicompactum
3 2 0.3913598158228512 0.3852957262348937 Penicillium-mb
3 2 0.3628328219933301 0.4237672795833366 Penicillium-polonicum
3 2 0.3592065154828331 0.42876003744831653 Penicillium-verrucosum
3 2 0.33474282332703376 0.4630189175734998 Penicillium-commune
3 2 0.3590755335018753 0.42894079685105396 Penicillium-solitum
3 2 -0.5472562201745625 0.2035745736825258 Penicillium-chrysogenum
1 0 0.890440459349897 0.007187888772916471 Penicillium-cvjetkovicii
1 0 -0.37319579529421765 0.4096248385741942 Penicillium-brevicompactum
1 0 0.38718278475617446 0.39083775446173347 Penicillium-mb
1 0 0.3585404729696954 0.4296795018548756 Penicillium-polonicum
1 0 0.35451142907117267 0.4352576328214747 Penicillium-verrucosum
1 0 0.33460655602751566 0.46321249499850276 Penicillium-commune
1 0 0.3562523783783384 0.43284394508489016 Penicillium-solitum
1 0 -0.5511072616178894 0.19975880364532658 Penicillium-chrysogenum
3 4 0.8993507238123586 0.005843223601271169 Penicillium-cvjetkovicii
3 4 -0.3734190318565541 0.40932225338868805 Penicillium-brevicompactum
3 4 0.3969199031319045 0.3779683762936381 Penicillium-mb
3 4 0.3681712515292129 0.41645850215824765 Penicillium-polonicum
3 4 0.36211213122646957 0.42475774154419793 Penicillium-verrucosum
3 4 0.34494727705377953 0.448608261627364 Penicillium-commune
3 4 0.36674521921941805 0.4184060271000744 Penicillium-solitum
3 4 -0.5459879746530146 0.20483878292484092 Penicillium-chrysogenum
1 2 0.8608505798700957 0.012852586660075655 Penicillium-cvjetkovicii
1 2 -0.373515889366992 0.4091909955750433 Penicillium-brevicompactum
1 2 0.39679108837469684 0.37813748803335584 Penicillium-mb
1 2 0.3682041779496552 0.416413576546064 Penicillium-polonicum
1 2 0.364172780559458 0.42192812206784136 Penicillium-verrucosum
1 2 0.34439686498479427 0.44938120802969705 Penicillium-commune
1 2 0.3659323248482186 0.4195177747675983 Penicillium-solitum
1 2 -0.5447315161753014 0.20609493768412154 Penicillium-chrysogenum
1 2 0.8811663170621415 0.008761525109414395 Penicillium-cvjetkovicii
1 2 -0.37345301917165336 0.4092761931168927 Penicillium-brevicompactum
1 2 0.3933013375498505 0.38273061897688254 Penicillium-mb
1 2 0.36486437261247157 0.42098009160557287 Penicillium-polonicum
1 2 0.36110727495554923 0.42614022875162827 Penicillium-verrucosum
1 2 0.3397756695386549 0.45589038574837387 Penicillium-commune
1 2 0.3611074112228462 0.4261400411567804 Penicillium-solitum
1 2 -0.5450237609587735 0.20580243556895716 Penicillium-chrysogenum
1 0 0.8904404593498968 0.007187888772916504 Penicillium-cvjetkovicii
1 0 -0.3733698756803308 0.40938887440189126 Penicillium-brevicompactum
1 0 0.3916925891739976 0.38485557969297707 Penicillium-mb
1 0 0.36309708456822326 0.4234043214475086 Penicillium-polonicum
1 0 0.35912825069807475 0.42886804188057676 Penicillium-verrucosum
1 0 0.33940293898748763 0.45641691498802595 Penicillium-commune
1 0 0.36097503352475324 0.4263222963275959 Penicillium-solitum
1 0 -0.5478627664532886 0.20297128381360977 Penicillium-chrysogenum
1 0 0.8904404593498969 0.007187888772916482 Penicillium-cvjetkovicii
1 0 -0.37340257854842385 0.4093445519646141 Penicillium-brevicompactum
1 0 0.39360107648104375 0.38233522662151187 Penicillium-mb
1 0 0.36509167804785186 0.42066868322637063 Penicillium-polonicum
1 0 0.3614517729205329 0.4256660711295886 Penicillium-verrucosum
1 0 0.34162547100203217 0.4532806560207381 Penicillium-commune
1 0 0.3632480073686904 0.4231970866780182 Penicillium-solitum
1 0 -0.5467139483357152 0.20411466082128638 Penicillium-chrysogenum
1 2 0.883782628019017 0.008299320358872618 Penicillium-cvjetkovicii
1 2 -0.3734438226146481 0.4092886562690536 Penicillium-brevicompactum
1 2 0.3940997548852223 0.38167777564597305 Penicillium-mb
1 2 0.36545819790223044 0.420166739534539 Penicillium-polonicum
1 2 0.3617704643735454 0.42522761426746924 Penicillium-verrucosum
1 2 0.3426811956185984 0.4517937289672393 Penicillium-commune
1 2 0.36444523963167763 0.4215545380147637 Penicillium-solitum
1 2 -0.547795422795436 0.2030382235484246 Penicillium-chrysogenum
1 2 0.8768091446607341 0.009563562271733375 Penicillium-cvjetkovicii
1 2 -0.3734677168358495 0.40925627518717705 Penicillium-brevicompactum
1 2 0.3930516418446841 0.3830601245219574 Penicillium-mb
1 2 0.3646533700337946 0.4212692450818503 Penicillium-polonicum
1 2 0.35980170962862784 0.4279390192299877 Penicillium-verrucosum
1 2 0.34082790515467104 0.45440519016142844 Penicillium-commune
1 2 0.36224434213977585 0.42457597411434483 Penicillium-solitum
1 2 -0.5446358951081199 0.20619068609574187 Penicillium-chrysogenum
1 0 0.8904404593498975 0.007187888772916399 Penicillium-cvjetkovicii
1 0 -0.3733872271394927 0.40936535760691856 Penicillium-brevicompactum
1 0 0.39256219687491767 0.383706342902153 Penicillium-mb
1 0 0.36401375346846926 0.4221462323811035 Penicillium-polonicum
1 0 0.35982099227990166 0.4279124306251327 Penicillium-verrucosum
1 0 0.3394131259323897 0.4564025216311402 Penicillium-commune
1 0 0.3609439814290413 0.4263650526303857 Penicillium-solitum
1 0 -0.546650018253035 0.20417837852720663 Penicillium-chrysogenum
1 2 0.8919037986222642 0.006955934548618535 Penicillium-cvjetkovicii
1 2 -0.3734190318565538 0.4093222533886883 Penicillium-brevicompactum
1 2 0.3956926418986896 0.37958080982475406 Penicillium-mb
1 2 0.36699544093209335 0.41806404465090596 Penicillium-polonicum
1 2 0.3633698900167647 0.42302975611099264 Penicillium-verrucosum
1 2 0.34373797361309144 0.45030714843950903 Penicillium-commune
1 2 0.3655534742905127 0.42003629799106357 Penicillium-solitum
1 2 -0.5474274068871592 0.20340421908179437 Penicillium-chrysogenum
1 2 0.8745035321945306 0.010004424995032821 Penicillium-cvjetkovicii
1 2 -0.373475201349332 0.4092461324965572 Penicillium-brevicompactum
1 2 0.39446835316482753 0.38119211540253556 Penicillium-mb
1 2 0.36595728426158836 0.41948362218478047 Penicillium-polonicum
1 2 0.36212056745131793 0.4247461422779624 Penicillium-verrucosum
1 2 0.3420801685306702 0.4526400171291064 Penicillium-commune
1 2 0.3635530706060585 0.42277831884279254 Penicillium-solitum
1 2 -0.5454539649317707 0.2053722144627351 Penicillium-chrysogenum
1 0 0.8904404593498966 0.007187888772916537 Penicillium-cvjetkovicii
1 0 -0.37341286305336807 0.40933061368950685 Penicillium-brevicompactum
1 0 0.39263150694574434 0.38361480543970705 Penicillium-mb
1 0 0.3643234362475902 0.42172153367383997 Penicillium-polonicum
1 0 0.3602560532694117 0.4273126995512288 Penicillium-verrucosum
1 0 0.341790534274096 0.45304805362568834 Penicillium-commune
1 0 0.36324075211088686 0.42320704810276466 Penicillium-solitum
1 0 -0.545195959448253 0.20563017851229928 Penicillium-chrysogenum
1 0 0.8904404593498969 0.007187888772916482 Penicillium-cvjetkovicii
1 0 -0.37337593129904106 0.40938066703505227 Penicillium-brevicompactum
1 0 0.39286387065455647 0.3833079883215543 Penicillium-mb
1 0 0.36397537980314376 0.42219886952762287 Penicillium-polonicum
1 0 0.35986192207065937 0.4278559951593607 Penicillium-verrucosum
1 0 0.3391488681713055 0.45677595176412905 Penicillium-commune
1 0 0.36097728158102566 0.42631920099442117 Penicillium-solitum
1 0 -0.5496959186615306 0.2011531953331079 Penicillium-chrysogenum
1 2 0.8592624063839616 0.013210655143329446 Penicillium-cvjetkovicii
1 2 -0.37352026173566094 0.4091850706888176 Penicillium-brevicompactum
1 2 0.3979813023712186 0.3765761133927602 Penicillium-mb
1 2 0.36916855399624793 0.4150985973402591 Penicillium-polonicum
1 2 0.36521685564974204 0.42049722813525486 Penicillium-verrucosum
1 2 0.34524877021793726 0.4481850849994768 Penicillium-commune
1 2 0.3670753761271452 0.4179548187429988 Penicillium-solitum
1 2 -0.5465853997318256 0.20424279206713183 Penicillium-chrysogenum
1 2 0.8722664893143638 0.010443151575580093 Penicillium-cvjetkovicii
1 2 -0.37348228106837833 0.40923653845690644 Penicillium-brevicompactum
1 2 0.39651192186894596 0.3785040915215525 Penicillium-mb
1 2 0.3675186256129867 0.4173493507124993 Penicillium-polonicum
1 2 0.36472937394017724 0.4211650820605893 Penicillium-verrucosum
1 2 0.3437848998848534 0.450241179304684 Penicillium-commune
1 2 0.36591969821739784 0.41953505251050516 Penicillium-solitum
1 2 -0.5505557124620144 0.20030317333725922 Penicillium-chrysogenum
1 2 0.8844052339716669 0.008191456621629326 Penicillium-cvjetkovicii
1 2 -0.37344159079107664 0.40929168085354545 Penicillium-brevicompactum
1 2 0.39118362840630194 0.3855288448174111 Penicillium-mb
1 2 0.36306559878612776 0.42344756008075657 Penicillium-polonicum
1 2 0.3600930471342692 0.42753736538782944 Penicillium-verrucosum
1 2 0.3399166838713987 0.4556912440360171 Penicillium-commune
1 2 0.3611286070521464 0.4261108619213476 Penicillium-solitum
1 2 -0.5446517012588727 0.2061748574275094 Penicillium-chrysogenum
1 0 0.890440459349897 0.007187888772916471 Penicillium-cvjetkovicii
1 0 -0.37340212157032465 0.40934517129738995 Penicillium-brevicompactum
1 0 0.39228779692044047 0.38406882824432975 Penicillium-mb
1 0 0.36379422359537733 0.42244739577783064 Penicillium-polonicum
1 0 0.35947159328869926 0.4283943110693513 Penicillium-verrucosum
1 0 0.34068422525793896 0.45460788315229184 Penicillium-commune
1 0 0.362303737677406 0.42449432517674096 Penicillium-solitum
1 0 -0.5468889442678555 0.20394029497003005 Penicillium-chrysogenum
1 0 0.8904404593498971 0.007187888772916451 Penicillium-cvjetkovicii
1 0 -0.3734025078442535 0.4093446477884603 Penicillium-brevicompactum
1 0 0.3922173500791378 0.38416191161830904 Penicillium-mb
1 0 0.3635125956703887 0.4228338705524766 Penicillium-polonicum
1 0 0.3595132654044279 0.4283368271995685 Penicillium-verrucosum
1 0 0.33801579420869915 0.4583784160796524 Penicillium-commune
1 0 0.3595374837962176 0.4283034209266298 Penicillium-solitum
1 0 -0.5477175954361635 0.2031155972894786 Penicillium-chrysogenum
1 2 0.9105308745929663 0.004380231502904497 Penicillium-cvjetkovicii
1 2 -0.37341903185655406 0.40932225338868805 Penicillium-brevicompactum
1 2 0.39580412896547035 0.3794342176545212 Penicillium-mb
1 2 0.3674923023621008 0.4173852980848971 Penicillium-polonicum
1 2 0.36301525290356107 0.42351670236501915 Penicillium-verrucosum
1 2 0.3426401840623875 0.45185145728768566 Penicillium-commune
1 2 0.3636799275414219 0.42260422644456147 Penicillium-solitum
1 2 -0.5411534937237228 0.20969220084724738 Penicillium-chrysogenum
1 2 0.9190336032619703 0.0034285738498074604 Penicillium-cvjetkovicii
1 2 -0.3734190318565538 0.4093222533886883 Penicillium-brevicompactum
1 2 0.4035465358292964 0.3693104549926285 Penicillium-mb
1 2 0.37526318340334186 0.40682597210743787 Penicillium-polonicum
1 2 0.37138645100713963 0.4120805463320182 Penicillium-verrucosum
1 2 0.35084113938844824 0.4403629364135629 Penicillium-commune
1 2 0.3720907131499509 0.41112401150104877 Penicillium-solitum
1 2 -0.5378995836055737 0.21298937288015507 Penicillium-chrysogenum
1 2 0.8539576986667886 0.014447683052882422 Penicillium-cvjetkovicii
1 2 -0.373534386362187 0.4091659309950787 Penicillium-brevicompactum
1 2 0.3985496120592513 0.37583150872240373 Penicillium-mb
1 2 0.3700811226024213 0.4138557568049217 Penicillium-polonicum
1 2 0.36604863657884945 0.41935863176437443 Penicillium-verrucosum
1 2 0.34715024302650027 0.445519633475903 Penicillium-commune
1 2 0.3687345728989906 0.4156901532870523 Penicillium-solitum
1 2 -0.5433661586722549 0.20746412918095672 Penicillium-chrysogenum
1 2 0.8895435595831921 0.007332239726127419 Penicillium-cvjetkovicii
1 2 -0.3734224951277314 0.4093175598028393 Penicillium-brevicompactum
1 2 0.39497583437978157 0.3805238752522776 Penicillium-mb
1 2 0.3663783402522347 0.41890764377423884 Penicillium-polonicum
1 2 0.36277729181427915 0.4238435642080892 Penicillium-verrucosum
1 2 0.3418906347703549 0.452907016607382 Penicillium-commune
1 2 0.36355968432033253 0.42276924181133113 Penicillium-solitum
1 2 -0.5465337820203512 0.2042942530313573 Penicillium-chrysogenum
1 0 0.8904404593498969 0.007187888772916482 Penicillium-cvjetkovicii
1 0 -0.37340516486685593 0.409341046788756 Penicillium-brevicompactum
1 0 0.391953802870132 0.38451022474762386 Penicillium-mb
1 0 0.3634284098545688 0.42294942434426763 Penicillium-polonicum
1 0 0.3590825119756016 0.4289311655912944 Penicillium-verrucosum
1 0 0.33859531922391967 0.4575585551748635 Penicillium-commune
1 0 0.3599802247551532 0.4276928912752641 Penicillium-solitum
1 0 -0.5461125350263137 0.20471445295433052 Penicillium-chrysogenum
1 2 0.8544153910064887 0.01433845124796477 Penicillium-cvjetkovicii
1 2 -0.3735331957012497 0.40916754439658864 Penicillium-brevicompactum
1 2 0.39736881257351087 0.3773792756448124 Penicillium-mb
1 2 0.3691953157175996 0.41506212943455195 Penicillium-polonicum
1 2 0.36578124624284303 0.4197245224227254 Penicillium-verrucosum
1 2 0.3467536388638118 0.44607509244040944 Penicillium-commune
1 2 0.36822128134731846 0.4163902409985223 Penicillium-solitum
1 2 -0.5423449483284177 0.20849103848361378 Penicillium-chrysogenum
1 2 0.8436694500611541 0.017028942276024903 Penicillium-cvjetkovicii
1 2 -0.3735598723594853 0.4091313968712563 Penicillium-brevicompactum
1 2 0.39616752376255693 0.3789565566789841 Penicillium-mb
1 2 0.3676770374708903 0.4171330469009375 Penicillium-polonicum
1 2 0.36339757581843524 0.42299175032503533 Penicillium-verrucosum
1 2 0.3437671974869486 0.45026606497904276 Penicillium-commune
1 2 0.3651302895669747 0.42061579434202107 Penicillium-solitum
1 2 -0.5436511614411622 0.2071779682426423 Penicillium-chrysogenum
1 0 0.8904404593498971 0.007187888772916451 Penicillium-cvjetkovicii
1 0 -0.3734014624831766 0.4093460645449441 Penicillium-brevicompactum
1 0 0.3940855406776699 0.38169650911888126 Penicillium-mb
1 0 0.3655629720819945 0.4200232955624585 Penicillium-polonicum
1 0 0.36184008554595115 0.42513185241892426 Penicillium-verrucosum
1 0 0.34198427479327026 0.452775096943119 Penicillium-commune
1 0 0.3636263893020976 0.42267769638084934 Penicillium-solitum
1 0 -0.546531759426292 0.20429626960986463 Penicillium-chrysogenum
1 0 0.8904404593498964 0.007187888772916574 Penicillium-cvjetkovicii
1 0 -0.3734016725399303 0.4093457798591683 Penicillium-brevicompactum
1 0 0.3932909943629394 0.38274426586089255 Penicillium-mb
1 0 0.36479322622620847 0.4210775805045408 Penicillium-polonicum
1 0 0.3602082699765811 0.4273785529348333 Penicillium-verrucosum
1 0 0.3420831453403222 0.4526358241149979 Penicillium-commune
1 0 0.3636504120328172 0.4226447296403662 Penicillium-solitum
1 0 -0.5460272213851756 0.20479960488807303 Penicillium-chrysogenum
1 2 0.8920653223015653 0.006930601339281164 Penicillium-cvjetkovicii
1 2 -0.37341903185655373 0.40932225338868833 Penicillium-brevicompactum
1 2 0.39469390687256833 0.38089505249351535 Penicillium-mb
1 2 0.3662079973223325 0.4191406252517312 Penicillium-polonicum
1 2 0.3627300967250904 0.42390840267058916 Penicillium-verrucosum
1 2 0.34252736068424666 0.45201028294966394 Penicillium-commune
1 2 0.364162063688166 0.42194281919815213 Penicillium-solitum
1 2 -0.5460739138764658 0.20475299879914627 Penicillium-chrysogenum
1 2 0.84404564785688 0.016930283055879715 Penicillium-cvjetkovicii
1 2 -0.373558981144615 0.4091326044689577 Penicillium-brevicompactum
1 2 0.3920505870728517 0.3843822965654246 Penicillium-mb
1 2 0.36382483780527236 0.4224053924954185 Penicillium-polonicum
1 2 0.35949425763286713 0.4283630467689511 Penicillium-verrucosum
1 2 0.3394242882973436 0.45638675027570935 Penicillium-commune
1 2 0.3603460452139177 0.4271886861845059 Penicillium-solitum
1 2 -0.5426019063885499 0.20823241847755392 Penicillium-chrysogenum
1 2 0.8959273831896575 0.006340767189474063 Penicillium-cvjetkovicii
1 2 -0.373419031856554 0.4093222533886883 Penicillium-brevicompactum
1 2 0.3956551705057243 0.37963008539417226 Penicillium-mb
1 2 0.3674356755497336 0.41746263248141735 Penicillium-polonicum
1 2 0.3640913044079618 0.42203986353991313 Penicillium-verrucosum
1 2 0.3443016332864658 0.4495149930201523 Penicillium-commune
1 2 0.365788965239079 0.4197139581914974 Penicillium-solitum
1 2 -0.543553011985306 0.20727649524316008 Penicillium-chrysogenum
3 2 0.8904404593498961 0.00718788877291661 Penicillium-cvjetkovicii
3 2 -0.373414586987769 0.4093282773121828 Penicillium-brevicompactum
3 2 0.3938195281141012 0.38204716646199327 Penicillium-mb
3 2 0.3651911097754055 0.42053248990540665 Penicillium-polonicum
3 2 0.3587899996960084 0.42933494429092006 Penicillium-verrucosum
3 2 0.3422928109449482 0.45234053409457686 Penicillium-commune
3 2 0.36398275965416776 0.42218874639047105 Penicillium-solitum
3 2 -0.5466067540890416 0.20422150437281916 Penicillium-chrysogenum
1 2 0.9040626319981725 0.0051967235087899515 Penicillium-cvjetkovicii
1 2 -0.3734190318565538 0.4093222533886883 Penicillium-brevicompactum
1 2 0.4002671560880818 0.3735848237264016 Penicillium-mb
1 2 0.37176268777216315 0.411569429900838 Penicillium-polonicum
1 2 0.36810745239453585 0.4165455566347612 Penicillium-verrucosum
1 2 0.3481279295298408 0.4441514614053792 Penicillium-commune
1 2 0.3697537606998856 0.41430142820487736 Penicillium-solitum
1 2 -0.542870128136424 0.20796262542584307 Penicillium-chrysogenum
1 2 0.9108683434506877 0.004339852893407841 Penicillium-cvjetkovicii
1 2 -0.3734190318565538 0.4093222533886883 Penicillium-brevicompactum
1 2 0.40101137698941325 0.37261303341202895 Penicillium-mb
1 2 0.37250899659094355 0.4105563082415344 Penicillium-polonicum
1 2 0.3687382506428136 0.41568513880396946 Penicillium-verrucosum
1 2 0.34869669166035094 0.4433562677992861 Penicillium-commune
1 2 0.37024436008341904 0.4136335949510095 Penicillium-solitum
1 2 -0.5419744210755046 0.2088642319845305 Penicillium-chrysogenum
1 2 0.8528090747673731 0.01472389968161658 Penicillium-cvjetkovicii
1 2 -0.3735373520007913 0.40916191242631417 Penicillium-brevicompactum
1 2 0.3980315828945794 0.376510211153886 Penicillium-mb
1 2 0.3694153695185349 0.4147623119823914 Penicillium-polonicum
1 2 0.36589065578475033 0.4195747939856864 Penicillium-verrucosum
1 2 0.34492041498904774 0.44864597256860683 Penicillium-commune
1 2 0.36661131049350953 0.418589087224435 Penicillium-solitum
1 2 -0.5451050545725414 0.20572110570603422 Penicillium-chrysogenum
3 4 0.9062383763241961 0.00491299157638655 Penicillium-cvjetkovicii
3 4 -0.3734190318565541 0.40932225338868805 Penicillium-brevicompactum
3 4 0.39827303175852125 0.37619381175921446 Penicillium-mb
3 4 0.36979886847786214 0.4142400072096259 Penicillium-polonicum
3 4 0.36544978342617473 0.42017826042948564 Penicillium-verrucosum
3 4 0.3476708899277607 0.4447908439736024 Penicillium-commune
3 4 0.3692437093342283 0.41499618715899783 Penicillium-solitum
3 4 -0.5430693048256654 0.20776238999195173 Penicillium-chrysogenum
1 2 0.8915112769160738 0.007017720677336859 Penicillium-cvjetkovicii
1 2 -0.373419031856554 0.4093222533886883 Penicillium-brevicompactum
1 2 0.3943402242354333 0.38136090796365474 Penicillium-mb
1 2 0.36542407998019816 0.42021345371910346 Penicillium-polonicum
1 2 0.36151130726599745 0.4255841503153269 Penicillium-verrucosum
1 2 0.3409434135708344 0.4542422638430824 Penicillium-commune
1 2 0.36267804318259567 0.42397992031354476 Penicillium-solitum
1 2 -0.548790613587296 0.2020500798658612 Penicillium-chrysogenum
1 0 0.8904404593498974 0.007187888772916407 Penicillium-cvjetkovicii
1 0 -0.37335778908283773 0.4094052559337216 Penicillium-brevicompactum
1 0 0.39018331431298625 0.3868534671369025 Penicillium-mb
1 0 0.3618972902914368 0.42505317522760755 Penicillium-polonicum
1 0 0.35855670362451586 0.42965708661927177 Penicillium-verrucosum
1 0 0.33951877789078017 0.45625325362300634 Penicillium-commune
1 0 0.3610970198984682 0.42615434665349083 Penicillium-solitum
1 0 -0.5475020942888483 0.20332991614596832 Penicillium-chrysogenum
1 2 0.8634300022866654 0.012283014670885271 Penicillium-cvjetkovicii
1 2 -0.37350863880459806 0.4092008207031641 Penicillium-brevicompactum
1 2 0.3969850572849713 0.37788285176054676 Penicillium-mb
1 2 0.36855190564865803 0.41593924379751496 Penicillium-polonicum
1 2 0.3648177785775519 0.4210439364612171 Penicillium-verrucosum
1 2 0.3442454308006699 0.4495939553442085 Penicillium-commune
1 2 0.3656433666367469 0.41991324208491704 Penicillium-solitum
1 2 -0.5433476324370746 0.20748273723394284 Penicillium-chrysogenum
1 2 0.9089592543052475 0.004571159217551687 Penicillium-cvjetkovicii
1 2 -0.3734190318565538 0.4093222533886883 Penicillium-brevicompactum
1 2 0.39872291982167857 0.37560455887382643 Penicillium-mb
1 2 0.370474676363539 0.4133202200319405 Penicillium-polonicum
1 2 0.3667799264457858 0.4183585856184793 Penicillium-verrucosum
1 2 0.3477629437655964 0.4446620359410081 Penicillium-commune
1 2 0.3692807363335972 0.4149457360661348 Penicillium-solitum
1 2 -0.5418495209672021 0.2089901026284235 Penicillium-chrysogenum
1 2 0.8491682471428686 0.015619239352247455 Penicillium-cvjetkovicii
1 2 -0.3735465463871116 0.40914945373324824 Penicillium-brevicompactum
1 2 0.3966631860637974 0.3783054323405111 Penicillium-mb
1 2 0.36825059654974207 0.41635024508523316 Penicillium-polonicum
1 2 0.36430872072427606 0.4217417107810982 Penicillium-verrucosum
1 2 0.3442300169879801 0.4496156120648824 Penicillium-commune
1 2 0.36565065589862794 0.4199032642438474 Penicillium-solitum
1 2 -0.5433764649437403 0.20745377773883653 Penicillium-chrysogenum
1 0 0.8904404593498967 0.007187888772916528 Penicillium-cvjetkovicii
1 0 -0.3733868039188637 0.4093659312003562 Penicillium-brevicompactum
1 0 0.39288806804235465 0.3832760433766665 Penicillium-mb
1 0 0.363719813961657 0.4225494939639457 Penicillium-polonicum
1 0 0.3596255642891811 0.42818193324295156 Penicillium-verrucosum
1 0 0.339802558481323 0.4558524104435157 Penicillium-commune
1 0 0.3618038305991801 0.4251817189791109 Penicillium-solitum
1 0 -0.5521473981789926 0.19873414549189852 Penicillium-chrysogenum
