#SPECIES: Penicillium-chrysogenum Penicillium-commune Penicillium-solitum Penicillium-verrucosum Penicillium-mb Penicillium-polonicum Penicillium-brevicompactum Penicillium-cvjetkovicii 
#GENE_TREEs p: 0.0038689295760838548 0.0016564519549660867 0.00474383597788852 0.0010940498339065685 0.14174136265854326 0.0381804162022906 0.22374407944944036 0.23978939652837777 
#GENE_TREEs r: 0.9149475017989847 0.9397502235904769 0.9075705128360689 0.9490651396601194 0.6148485427129876 0.780951619422954 -0.5274487657863992 -0.512286637914876 
0 0 0.9199345962435372 0.0033356406702495624 Penicillium-chrysogenum
0 0 0.9432701143097699 0.0014277613088481166 Penicillium-commune
0 0 0.9106804206332813 0.0043623111932256575 Penicillium-solitum
0 0 0.9524532490803171 0.000922790573372331 Penicillium-verrucosum
0 0 0.6156182422231564 0.14110115770068088 Penicillium-mb
0 0 0.7827606052203046 0.037436185137403315 Penicillium-polonicum
0 0 -0.5275670163371775 0.2236209905013606 Penicillium-brevicompactum
0 0 -0.5122866379148767 0.23978939652837727 Penicillium-cvjetkovicii
0 0 0.9143687557463328 0.003933825505571306 Penicillium-chrysogenum
0 0 0.9393549707634921 0.001683388576420397 Penicillium-commune
0 0 0.903818051613181 0.005229199476477453 Penicillium-solitum
0 0 0.9472344243496733 0.0011938297867408138 Penicillium-verrucosum
0 0 0.6064650996049439 0.14880896637410757 Penicillium-mb
0 0 0.7744780634788451 0.04091035973073207 Penicillium-polonicum
0 0 -0.5274008789133903 0.22379393476384493 Penicillium-brevicompactum
0 0 -0.5122866379148789 0.23978939652837472 Penicillium-cvjetkovicii
0 0 0.9121963995884141 0.004183063540354454 Penicillium-chrysogenum
0 0 0.9377691155621195 0.0017940495336519454 Penicillium-commune
0 0 0.9071969737434346 0.004790919942323946 Penicillium-solitum
0 0 0.9485748518830537 0.0011202684061680183 Penicillium-verrucosum
0 0 0.619901965173488 0.13756489258564497 Penicillium-mb
0 0 0.7842498370699138 0.036829596776259785 Penicillium-polonicum
0 0 -0.5274161001831729 0.22377808724004775 Penicillium-brevicompactum
0 0 -0.5122866379148767 0.23978939652837727 Penicillium-cvjetkovicii
0 0 0.9147494887985349 0.003891062191144898 Penicillium-chrysogenum
0 0 0.9396246589635951 0.0016649814923068065 Penicillium-commune
0 0 0.9063595698479767 0.0048974594351479704 Penicillium-solitum
0 0 0.9492230845446008 0.0010856816287779635 Penicillium-verrucosum
0 0 0.6169576620268933 0.1399905727938906 Penicillium-mb
0 0 0.7825214518265855 0.037534108791322365 Penicillium-polonicum
0 0 -0.527443370890799 0.2237496958464412 Penicillium-brevicompactum
0 0 -0.512286637914877 0.2397893965283768 Penicillium-cvjetkovicii
0 0 0.9185467064421072 0.003479417931031293 Penicillium-chrysogenum
0 0 0.9424065139571869 0.0014820209294127598 Penicillium-commune
0 0 0.9060718647604845 0.004934378411250202 Penicillium-solitum
0 0 0.9485985174566485 0.0011189944370418254 Penicillium-verrucosum
0 0 0.609560252675563 0.14617946814631436 Penicillium-mb
0 0 0.7771193687649633 0.03978389994570919 Penicillium-polonicum
0 0 -0.5274750927170326 0.22371667255153066 Penicillium-brevicompactum
0 0 -0.5122866379148785 0.23978939652837528 Penicillium-cvjetkovicii
0 0 0.9147069204341612 0.0038958298440865484 Penicillium-chrysogenum
0 0 0.9396056509703153 0.0016662749445948385 Penicillium-commune
0 0 0.905926325728899 0.004953115859430572 Penicillium-solitum
0 0 0.9482093267660571 0.001140054296855261 Penicillium-verrucosum
0 0 0.6132703102780279 0.14305864743165572 Penicillium-mb
0 0 0.7795642645080296 0.03875669250375404 Penicillium-polonicum
0 0 -0.5274166682000102 0.22377749586332915 Penicillium-brevicompactum
0 0 -0.5122866379148767 0.23978939652837727 Penicillium-cvjetkovicii
0 0 0.9180486238993653 0.003531883725172316 Penicillium-chrysogenum
0 0 0.9420273381793439 0.0015062221620583986 Penicillium-commune
0 0 0.9069677113947151 0.004819952359589793 Penicillium-solitum
0 0 0.9495274374490844 0.0010696634147759226 Penicillium-verrucosum
0 0 0.6126780612837676 0.1435545589548803 Penicillium-mb
0 0 0.7796436115668787 0.03872360450720849 Penicillium-polonicum
0 0 -0.527469995057464 0.22372197920068515 Penicillium-brevicompactum
0 0 -0.5122866379148767 0.23978939652837727 Penicillium-cvjetkovicii
0 0 0.9124738821082281 0.004150728835487047 Penicillium-chrysogenum
0 0 0.9379960992690464 0.001777955877804568 Penicillium-commune
0 0 0.9057040892448415 0.0049818075822335006 Penicillium-solitum
0 0 0.946714214105972 0.0012231251281044095 Penicillium-verrucosum
0 0 0.6115708503676526 0.14448398666761103 Penicillium-mb
0 0 0.7778017752707415 0.03949569431428386 Penicillium-polonicum
0 0 -0.5273560070406119 0.22384065589253588 Penicillium-brevicompactum
0 0 -0.512286637914876 0.23978939652837777 Penicillium-cvjetkovicii
0 0 0.9141573767078601 0.003957685216930861 Penicillium-chrysogenum
0 0 0.9391677572858433 0.0016962366537055357 Penicillium-commune
0 0 0.9075349454569246 0.0047483075134700445 Penicillium-solitum
0 0 0.9490174932262031 0.0010965816848570059 Penicillium-verrucosum
0 0 0.6163546119257853 0.14049004519162664 Penicillium-mb
0 0 0.7819869034154071 0.037753497933803996 Penicillium-polonicum
0 0 -0.5274313229483091 0.22376223868819237 Penicillium-brevicompactum
0 0 -0.5122866379148786 0.2397893965283752 Penicillium-cvjetkovicii
0 0 0.9142766168141422 0.003944215457133446 Penicillium-chrysogenum
0 0 0.9392929925654255 0.0016876356420789237 Penicillium-commune
0 0 0.9055917457472624 0.00499634837354799 Penicillium-solitum
0 0 0.9477067636521543 0.0011675927998949997 Penicillium-verrucosum
0 0 0.6121510074635724 0.14399660762830127 Penicillium-mb
0 0 0.7785976558071879 0.039161028972512245 Penicillium-polonicum
0 0 -0.5274014476954643 0.22379334257066186 Penicillium-brevicompactum
0 0 -0.5122866379148766 0.2397893965283773 Penicillium-cvjetkovicii
0 0 0.9149620699381342 0.003867304156300192 Penicillium-chrysogenum
0 0 0.9397906529771591 0.0016537110998918166 Penicillium-commune
0 0 0.9048156755567649 0.005097471300736103 Penicillium-solitum
0 0 0.9480253498102027 0.0011500904774443372 Penicillium-verrucosum
0 0 0.6138144527953142 0.14260377995880397 Penicillium-mb
0 0 0.7798797342157405 0.038625233157440854 Penicillium-polonicum
0 0 -0.5274367518805447 0.22375658670803183 Penicillium-brevicompactum
0 0 -0.5122866379148774 0.23978939652837655 Penicillium-cvjetkovicii
0 0 0.9137131698039815 0.004008100601576372 Penicillium-chrysogenum
0 0 0.938726178311747 0.0017267695196758234 Penicillium-commune
0 0 0.9073270339341949 0.004774495321296002 Penicillium-solitum
0 0 0.9484391739126409 0.00112758878171629 Penicillium-verrucosum
0 0 0.6154059774673593 0.1412775648043264 Penicillium-mb
0 0 0.7811040777659191 0.03811738008634489 Penicillium-polonicum
0 0 -0.5274171807363144 0.22377696224943094 Penicillium-brevicompactum
0 0 -0.5122866379148766 0.2397893965283773 Penicillium-cvjetkovicii
0 0 0.9151397847229329 0.0038475079981797273 Penicillium-chrysogenum
0 0 0.9398926097229297 0.0016468109529111563 Penicillium-commune
0 0 0.9035730558454896 0.005261848729510362 Penicillium-solitum
0 0 0.9481177369947966 0.0011450441421873377 Penicillium-verrucosum
0 0 0.6151495027973214 0.14149086198630342 Penicillium-mb
0 0 0.7808670852930972 0.038215392949891784 Penicillium-polonicum
0 0 -0.5274495920266677 0.22374321929160476 Penicillium-brevicompactum
0 0 -0.5122866379148749 0.23978939652837913 Penicillium-cvjetkovicii
0 0 0.9154453304137807 0.003813611082417956 Penicillium-chrysogenum
0 0 0.9401471242403295 0.0016296602463369248 Penicillium-commune
0 0 0.9039580361201325 0.005210597586053479 Penicillium-solitum
0 0 0.9466860955623756 0.0012247205634058574 Penicillium-verrucosum
0 0 0.6081708614046746 0.14735691706754828 Penicillium-mb
0 0 0.7754451478874069 0.04049590063384638 Penicillium-polonicum
0 0 -0.5274285147837244 0.22376516225273982 Penicillium-brevicompactum
0 0 -0.5122866379148782 0.2397893965283756 Penicillium-cvjetkovicii
0 0 0.9197094879029961 0.0033587195364234777 Penicillium-chrysogenum
0 0 0.9432484455779903 0.001429108163530405 Penicillium-commune
0 0 0.9064147002046112 0.0048904034182277595 Penicillium-solitum
0 0 0.9500642799509246 0.0010417514704427985 Penicillium-verrucosum
0 0 0.6102308022920883 0.14561290581966665 Penicillium-mb
0 0 0.7781832741943789 0.03933507843637067 Penicillium-polonicum
0 0 -0.5275143884493719 0.22367576779632792 Penicillium-brevicompactum
0 0 -0.512286637914877 0.2397893965283768 Penicillium-cvjetkovicii
0 0 0.9139317188182635 0.003983249737499802 Penicillium-chrysogenum
0 0 0.9390666094597654 0.0017032021750140447 Penicillium-commune
0 0 0.9038482798412842 0.005225179320914704 Penicillium-solitum
0 0 0.9465179874168757 0.001234284583216981 Penicillium-verrucosum
0 0 0.610769012613734 0.14515896078355572 Penicillium-mb
0 0 0.7772099062811774 0.0397455958606061 Penicillium-polonicum
0 0 -0.5273547993282941 0.22384191344049195 Penicillium-brevicompactum
0 0 -0.512286637914879 0.23978939652837467 Penicillium-cvjetkovicii
0 0 0.9138022991527868 0.003997954942314387 Penicillium-chrysogenum
0 0 0.9388302645918504 0.001719543594055844 Penicillium-commune
0 0 0.9103165133189648 0.00440599349887554 Penicillium-solitum
0 0 0.9503119700524527 0.001029020195811702 Penicillium-verrucosum
0 0 0.6204760512706636 0.13709442935146474 Penicillium-mb
0 0 0.7852884169635814 0.03640981964430054 Penicillium-polonicum
0 0 -0.5274535648891503 0.22373908336293138 Penicillium-brevicompactum
0 0 -0.5122866379148784 0.23978939652837536 Penicillium-cvjetkovicii
0 0 0.9132494885370489 0.004061124272594075 Penicillium-chrysogenum
0 0 0.938521508161621 0.0017410303018441716 Penicillium-commune
0 0 0.9067155754040425 0.004851999437640771 Penicillium-solitum
0 0 0.9481055838942651 0.0011457072152347499 Penicillium-verrucosum
0 0 0.6164887358102228 0.1403788801936349 Penicillium-mb
0 0 0.7816943604118908 0.037873863611558506 Penicillium-polonicum
0 0 -0.5274391965674419 0.22375404160302814 Penicillium-brevicompactum
0 0 -0.5122866379148776 0.23978939652837622 Penicillium-cvjetkovicii
0 0 0.9153525743292128 0.0038238828161982806 Penicillium-chrysogenum
0 0 0.9400708691127485 0.0016347876735330307 Penicillium-commune
0 0 0.9055166713755777 0.0050060791264576925 Penicillium-solitum
0 0 0.9479131386572 0.0011562372660572694 Penicillium-verrucosum
0 0 0.6116278940096244 0.14443602860617613 Penicillium-mb
0 0 0.7783174827899058 0.03927866106028638 Penicillium-polonicum
0 0 -0.5274127144820728 0.22378161219450535 Penicillium-brevicompactum
0 0 -0.5122866379148768 0.239789396528377 Penicillium-cvjetkovicii
0 0 0.9148676788324208 0.003877842797446434 Penicillium-chrysogenum
0 0 0.9397193827515017 0.0016585445656970563 Penicillium-commune
0 0 0.9046124669970598 0.005124144722888882 Penicillium-solitum
0 0 0.9476529315972915 0.0011705656272013717 Penicillium-verrucosum
0 0 0.612131789412648 0.14401273906438217 Penicillium-mb
0 0 0.7785708973080108 0.039172255229168326 Penicillium-polonicum
0 0 -0.5274341158825353 0.22375933099773693 Penicillium-brevicompactum
0 0 -0.5122866379148767 0.23978939652837727 Penicillium-cvjetkovicii
2 2 0.9112201530369599 0.004297990520373808 Penicillium-chrysogenum
2 2 0.9377580280818035 0.0017948378488299177 Penicillium-commune
2 2 0.9056775443679256 0.004985241099288132 Penicillium-solitum
2 2 0.9463318210246677 0.0012449272677192917 Penicillium-verrucosum
2 2 0.6141375520816768 0.14233403588270324 Penicillium-mb
2 2 0.7790108911324314 0.038987886485092486 Penicillium-polonicum
2 2 -0.5273684966022617 0.22382765115063094 Penicillium-brevicompactum
2 2 -0.5122866379148786 0.2397893965283752 Penicillium-cvjetkovicii
0 0 0.9145530561192987 0.00391309108809268 Penicillium-chrysogenum
0 0 0.9394727151850439 0.0016753374789713125 Penicillium-commune
0 0 0.906467696215803 0.004883626158337685 Penicillium-solitum
0 0 0.9483278562604771 0.0011336158658580631 Penicillium-verrucosum
0 0 0.6137373607556966 0.14266817942613735 Penicillium-mb
0 0 0.779918842919984 0.038608953412510395 Penicillium-polonicum
0 0 -0.527425278291881 0.22376853176874034 Penicillium-brevicompactum
0 0 -0.5122866379148766 0.2397893965283773 Penicillium-cvjetkovicii
0 0 0.9152567942973219 0.003834506367959571 Penicillium-chrysogenum
0 0 0.9400009448713457 0.0016394977525132806 Penicillium-commune
0 0 0.9036112505650469 0.005256750943323945 Penicillium-solitum
0 0 0.9471809329136968 0.0011968227933266407 Penicillium-verrucosum
0 0 0.6110991925597752 0.1448808287859828 Penicillium-mb
0 0 0.7777307723061776 0.03952562745479048 Penicillium-polonicum
0 0 -0.5273500041226212 0.2238469065507467 Penicillium-brevicompactum
0 0 -0.5122866379148766 0.2397893965283773 Penicillium-cvjetkovicii
0 0 0.9133986926528096 0.004044017814104014 Penicillium-chrysogenum
0 0 0.9386111360899233 0.0017347768039708315 Penicillium-commune
0 0 0.9006090330243961 0.005666256606255039 Penicillium-solitum
0 0 0.9456423563808622 0.001284813132402158 Penicillium-verrucosum
0 0 0.6102828701421098 0.14556895884461715 Penicillium-mb
0 0 0.7766050893101042 0.0400018657267296 Penicillium-polonicum
0 0 -0.5273720098801661 0.2238239930181468 Penicillium-brevicompactum
0 0 -0.5122866379148767 0.23978939652837727 Penicillium-cvjetkovicii
0 0 0.9153243296187075 0.0038270138199163316 Penicillium-chrysogenum
0 0 0.9400393210968476 0.0016369117513232738 Penicillium-commune
0 0 0.9056208488361455 0.004992579146976658 Penicillium-solitum
0 0 0.9485045783249546 0.0011240564325259287 Penicillium-verrucosum
0 0 0.6102644236664675 0.1455845275122256 Penicillium-mb
0 0 0.7776018955870945 0.039579990846331486 Penicillium-polonicum
0 0 -0.5274410460377403 0.22375211617283852 Penicillium-brevicompactum
0 0 -0.512286637914877 0.2397893965283768 Penicillium-cvjetkovicii
0 0 0.9152863062197166 0.00383123118335757 Penicillium-chrysogenum
0 0 0.9398862163854766 0.001647243136623448 Penicillium-commune
0 0 0.9110369759225159 0.004319757504410154 Penicillium-solitum
0 0 0.9518495004512484 0.000952051042852477 Penicillium-verrucosum
0 0 0.6235724532915468 0.13457101945660555 Penicillium-mb
0 0 0.7880305587619173 0.03531432031332625 Penicillium-polonicum
0 0 -0.5274953848538867 0.22369554908254943 Penicillium-brevicompactum
0 0 -0.5122866379148786 0.2397893965283752 Penicillium-cvjetkovicii
0 0 0.9184864663308712 0.0034857389455139123 Penicillium-chrysogenum
0 0 0.9423651247555562 0.0014846513987480886 Penicillium-commune
0 0 0.9051301014284452 0.005056359005378054 Penicillium-solitum
0 0 0.9491132950340194 0.0010914944517178662 Penicillium-verrucosum
0 0 0.6113081347968483 0.14470496192951615 Penicillium-mb
0 0 0.7785635056475033 0.039175356639356465 Penicillium-polonicum
0 0 -0.5274915461789897 0.22369954494893546 Penicillium-brevicompactum
0 0 -0.512286637914876 0.23978939652837777 Penicillium-cvjetkovicii
0 0 0.9190748535656188 0.003424286409079414 Penicillium-chrysogenum
0 0 0.9427808628308246 0.0014583541977131063 Penicillium-commune
0 0 0.9068081697845369 0.0048402160952345785 Penicillium-solitum
0 0 0.9497502279009175 0.0010580269626793638 Penicillium-verrucosum
0 0 0.6097895939742805 0.14598556803028162 Penicillium-mb
0 0 0.7777372507336768 0.03952289578533106 Penicillium-polonicum
0 0 -0.5274981147702749 0.2236927073981472 Penicillium-brevicompactum
0 0 -0.5122866379148767 0.23978939652837727 Penicillium-cvjetkovicii
0 0 0.9148671297983748 0.003877904145389231 Penicillium-chrysogenum
0 0 0.9397151468082988 0.0016588321042313992 Penicillium-commune
0 0 0.9050252310289058 0.00507004963523639 Penicillium-solitum
0 0 0.9482348848706376 0.001138664178504098 Penicillium-verrucosum
0 0 0.611038543334361 0.14493189743082024 Penicillium-mb
0 0 0.7780428330481027 0.039394163799324894 Penicillium-polonicum
0 0 -0.5274417419717052 0.22375139165807953 Penicillium-brevicompactum
0 0 -0.5122866379148753 0.23978939652837875 Penicillium-cvjetkovicii
0 0 0.9136581010874538 0.004014376621675598 Penicillium-chrysogenum
0 0 0.9388386971592496 0.0017189589658320866 Penicillium-commune
0 0 0.9037196505514595 0.005242298637508347 Penicillium-solitum
0 0 0.9470633520948988 0.0012034173553934699 Penicillium-verrucosum
0 0 0.6117014399537553 0.14437420846815902 Penicillium-mb
0 0 0.7780813792628523 0.03937794203184094 Penicillium-polonicum
0 0 -0.5273933067000373 0.22380181872035657 Penicillium-brevicompactum
0 0 -0.512286637914877 0.2397893965283768 Penicillium-cvjetkovicii
0 0 0.9158623828236249 0.003767626405747178 Penicillium-chrysogenum
0 0 0.9404496846575249 0.0016094094107859144 Penicillium-commune
0 0 0.9036847065180815 0.005246954981875163 Penicillium-solitum
0 0 0.9472248951943506 0.0011943626476566397 Penicillium-verrucosum
0 0 0.6085185144281665 0.14706185078363962 Penicillium-mb
0 0 0.7759140323118455 0.040295792488833644 Penicillium-polonicum
0 0 -0.5274397397551455 0.22375347610516555 Penicillium-brevicompactum
0 0 -0.5122866379148766 0.2397893965283773 Penicillium-cvjetkovicii
0 0 0.9135795929452686 0.004023333882449789 Penicillium-chrysogenum
0 0 0.9387743507176739 0.001723423054340423 Penicillium-commune
0 0 0.9069641606166635 0.004820402812890827 Penicillium-solitum
0 0 0.9483939829020783 0.0011300332750682777 Penicillium-verrucosum
0 0 0.6146519162849825 0.14190514322130945 Penicillium-mb
0 0 0.7805671389597809 0.038339641672040195 Penicillium-polonicum
0 0 -0.5274201883223747 0.22377383099118292 Penicillium-brevicompactum
0 0 -0.5122866379148767 0.23978939652837727 Penicillium-cvjetkovicii
0 0 0.9139646864791647 0.003979508871254674 Penicillium-chrysogenum
0 0 0.9390685349924703 0.0017030694166495258 Penicillium-commune
0 0 0.9021075888617944 0.005459618386340969 Penicillium-solitum
0 0 0.9462492228079493 0.0012496664940852063 Penicillium-verrucosum
0 0 0.6109502494841548 0.14500625995806943 Penicillium-mb
0 0 0.7772627163480492 0.039723262712776874 Penicillium-polonicum
0 0 -0.527372833931675 0.22382313499457238 Penicillium-brevicompactum
0 0 -0.5122866379148766 0.2397893965283773 Penicillium-cvjetkovicii
0 0 0.9144857908012816 0.00392065124641399 Penicillium-chrysogenum
0 0 0.9393117473548293 0.001686349802049077 Penicillium-commune
0 0 0.8968876001337559 0.0061988258089550625 Penicillium-solitum
0 0 0.9442733625381508 0.0013662208527136126 Penicillium-verrucosum
0 0 0.6075949054617532 0.1478464066189652 Penicillium-mb
0 0 0.7742639446119491 0.04100243920027649 Penicillium-polonicum
0 0 -0.5273637763348953 0.22383256608182953 Penicillium-brevicompactum
0 0 -0.512286637914876 0.23978939652837777 Penicillium-cvjetkovicii
0 0 0.9219936250386576 0.0031288487235228953 Penicillium-chrysogenum
0 0 0.9448701396233882 0.0013303703709396312 Penicillium-commune
0 0 0.9090107271980254 0.004564830718320459 Penicillium-solitum
0 0 0.951133241782615 0.0009874670598750328 Penicillium-verrucosum
0 0 0.6114154325958129 0.14461469108333783 Penicillium-mb
0 0 0.7793340434225844 0.03885278410336525 Penicillium-polonicum
0 0 -0.5275648863799715 0.2236232073266773 Penicillium-brevicompactum
0 0 -0.5122866379148767 0.23978939652837727 Penicillium-cvjetkovicii
0 0 0.9122392136883952 0.004178064906160621 Penicillium-chrysogenum
0 0 0.9377140320676086 0.0017979679568662357 Penicillium-commune
0 0 0.9106795479730633 0.004362415640990516 Penicillium-solitum
0 0 0.9503104737670819 0.0010290968271905742 Penicillium-verrucosum
0 0 0.622304969927845 0.1356010786220573 Penicillium-mb
0 0 0.7865555725816542 0.035901273048002995 Penicillium-polonicum
0 0 -0.5274365024385217 0.22375684639691737 Penicillium-brevicompactum
0 0 -0.5122866379148766 0.2397893965283773 Penicillium-cvjetkovicii
0 0 0.9144197898639599 0.003928077584712891 Penicillium-chrysogenum
0 0 0.9393652232000561 0.0016826866341810407 Penicillium-commune
0 0 0.9072288115545776 0.004786896273082947 Penicillium-solitum
0 0 0.9488568554944824 0.001105143198558977 Penicillium-verrucosum
0 0 0.6154991229240805 0.14120014060118563 Penicillium-mb
0 0 0.7813326858380734 0.03802296695139485 Penicillium-polonicum
0 0 -0.52743603460416 0.22375733344989285 Penicillium-brevicompactum
0 0 -0.5122866379148783 0.2397893965283754 Penicillium-cvjetkovicii
0 0 0.9136761183099029 0.004012322620412349 Penicillium-chrysogenum
0 0 0.9388512173526017 0.0017180911592800609 Penicillium-commune
0 0 0.9044990028682276 0.005139073448594262 Penicillium-solitum
0 0 0.9473664856360049 0.0011864595031918048 Penicillium-verrucosum
0 0 0.613576120805143 0.14280291995704975 Penicillium-mb
0 0 0.7794780830624096 0.03879264819997405 Penicillium-polonicum
0 0 -0.5273894926816869 0.2238057898089443 Penicillium-brevicompactum
0 0 -0.5122866379148766 0.2397893965283773 Penicillium-cvjetkovicii
0 0 0.9142904651778563 0.00394265283832469 Penicillium-chrysogenum
0 0 0.9392917211042714 0.001687722835142904 Penicillium-commune
0 0 0.9067667620918353 0.0048454834769723594 Penicillium-solitum
0 0 0.9488898910414658 0.0011033792882260464 Penicillium-verrucosum
0 0 0.6170145279529559 0.1399435203472863 Penicillium-mb
0 0 0.7824047692678527 0.037581937097175784 Penicillium-polonicum
0 0 -0.527426138299349 0.22376763641147934 Penicillium-brevicompactum
0 0 -0.512286637914877 0.2397893965283768 Penicillium-cvjetkovicii
0 0 0.9173147703746128 0.003610022831437901 Penicillium-chrysogenum
0 0 0.9414605821201981 0.0015428275879387136 Penicillium-commune
0 0 0.9064843227016339 0.004881501050940659 Penicillium-solitum
0 0 0.94875868544043 0.0011103947484772945 Penicillium-verrucosum
0 0 0.610810306745416 0.14512416136418063 Penicillium-mb
0 0 0.7780523870838076 0.03939014273951922 Penicillium-polonicum
0 0 -0.5274675347776004 0.22372454036626516 Penicillium-brevicompactum
0 0 -0.512286637914877 0.2397893965283768 Penicillium-cvjetkovicii
0 0 0.9118680331306122 0.004221517057087959 Penicillium-chrysogenum
0 0 0.9375391834843854 0.0018104393577544073 Penicillium-commune
0 0 0.9073383911686793 0.004773062635979795 Penicillium-solitum
0 0 0.948796716998187 0.0011083585269441169 Penicillium-verrucosum
0 0 0.6203925195995502 0.13716283274138813 Penicillium-mb
0 0 0.7847060818770834 0.036644860950976535 Penicillium-polonicum
0 0 -0.5273984072372082 0.22379650818296234 Penicillium-brevicompactum
0 0 -0.5122866379148784 0.23978939652837536 Penicillium-cvjetkovicii
0 0 0.9102228681149154 0.004417275475114665 Penicillium-chrysogenum
0 0 0.9363838449258937 0.0018941251906913806 Penicillium-commune
0 0 0.9059183385033889 0.0049541453738043174 Penicillium-solitum
0 0 0.9475346326232017 0.0011771142758179925 Penicillium-verrucosum
0 0 0.6202695646670123 0.13726355096891316 Penicillium-mb
0 0 0.7841418695127303 0.03687338885876591 Penicillium-polonicum
0 0 -0.5273534166940634 0.2238433531325118 Penicillium-brevicompactum
0 0 -0.5122866379148767 0.23978939652837727 Penicillium-cvjetkovicii
0 0 0.9158184364138388 0.0037724566230859656 Penicillium-chrysogenum
0 0 0.9403655250096359 0.0016150273689520996 Penicillium-commune
0 0 0.9069430966123104 0.004823075506357696 Penicillium-solitum
0 0 0.9490543359678273 0.0010946236207041782 Penicillium-verrucosum
0 0 0.6120403938504796 0.14408946802882674 Penicillium-mb
0 0 0.7790247908801411 0.038982069980886325 Penicillium-polonicum
0 0 -0.5274528978102596 0.22373977781956728 Penicillium-brevicompactum
0 0 -0.5122866379148753 0.23978939652837875 Penicillium-cvjetkovicii
0 0 0.9142274774088757 0.003949763158510617 Penicillium-chrysogenum
0 0 0.9392476933552558 0.0016907437655847269 Penicillium-commune
0 0 0.9039096657390444 0.005217020938061705 Penicillium-solitum
0 0 0.9461365290274483 0.0012561496630633328 Penicillium-verrucosum
0 0 0.6093574767753995 0.14635101596109593 Penicillium-mb
0 0 0.7760652811681616 0.04023136017735438 Penicillium-polonicum
0 0 -0.52737670937015 0.22381909980937748 Penicillium-brevicompactum
0 0 -0.5122866379148765 0.2397893965283773 Penicillium-cvjetkovicii
0 0 0.9151471009390851 0.003846694296043492 Penicillium-chrysogenum
0 0 0.9399265514275024 0.0016445176438200219 Penicillium-commune
0 0 0.9042799962750542 0.005167960163077358 Penicillium-solitum
0 0 0.9474490997121192 0.0011818625467646374 Penicillium-verrucosum
0 0 0.6110175918665552 0.14494954136244423 Penicillium-mb
0 0 0.7777353718716811 0.039523688008480086 Penicillium-polonicum
0 0 -0.527414346022312 0.22377991354600524 Penicillium-brevicompactum
0 0 -0.5122866379148767 0.23978939652837727 Penicillium-cvjetkovicii
0 0 0.9126157497583974 0.004134253736799377 Penicillium-chrysogenum
0 0 0.9380546862143692 0.001773815789643097 Penicillium-commune
0 0 0.9008636590843128 0.005630830781299387 Penicillium-solitum
0 0 0.9448194827653106 0.0013333916727207302 Penicillium-verrucosum
0 0 0.6086203317867815 0.14697549080693922 Penicillium-mb
0 0 0.7751346925145527 0.0406286968816173 Penicillium-polonicum
0 0 -0.527294828469369 0.22390436315270315 Penicillium-brevicompactum
0 0 -0.5122866379148767 0.23978939652837727 Penicillium-cvjetkovicii
0 0 0.9171571575348781 0.003626935663165336 Penicillium-chrysogenum
0 0 0.9413647587392916 0.001549067848430709 Penicillium-commune
0 0 0.9063748536652697 0.004895502698104025 Penicillium-solitum
0 0 0.9486036381833867 0.001118718889918175 Penicillium-verrucosum
0 0 0.6119431024859115 0.14417116930003987 Penicillium-mb
0 0 0.7787681807545193 0.03908952881716138 Penicillium-polonicum
0 0 -0.5274580410932841 0.22373442347609915 Penicillium-brevicompactum
0 0 -0.512286637914877 0.2397893965283768 Penicillium-cvjetkovicii
0 0 0.9174024395449473 0.003600635389948489 Penicillium-chrysogenum
0 0 0.9414991555411253 0.0015403197798982693 Penicillium-commune
0 0 0.9004115811984058 0.005693816816462295 Penicillium-solitum
0 0 0.9470583926988858 0.001203695975278227 Penicillium-verrucosum
0 0 0.6082524873115748 0.1472876113719852 Penicillium-mb
0 0 0.7757449968572778 0.04036786940817485 Penicillium-polonicum
0 0 -0.5274705297901859 0.22372142254265387 Penicillium-brevicompactum
0 0 -0.5122866379148767 0.23978939652837727 Penicillium-cvjetkovicii
0 0 0.9103305016340727 0.004404309690898787 Penicillium-chrysogenum
0 0 0.9363852451696099 0.0018940224165504313 Penicillium-commune
0 0 0.9000639740008463 0.005742524651182641 Penicillium-solitum
0 0 0.9435237912390486 0.0014120492880020583 Penicillium-verrucosum
0 0 0.6069667332456762 0.14838120289864926 Penicillium-mb
0 0 0.7735083415776022 0.0413282923815943 Penicillium-polonicum
0 0 -0.5272256082268277 0.22397645476798222 Penicillium-brevicompactum
0 0 -0.5122866379148753 0.23978939652837875 Penicillium-cvjetkovicii
0 0 0.9142343445771178 0.003948987600610441 Penicillium-chrysogenum
0 0 0.9392650987985073 0.001689549124008385 Penicillium-commune
0 0 0.9046016907267598 0.005125561493843758 Penicillium-solitum
0 0 0.9465979705740816 0.0012297286982513762 Penicillium-verrucosum
0 0 0.6096016872061453 0.14614442710621228 Penicillium-mb
0 0 0.7764141221437947 0.040082970645618124 Penicillium-polonicum
0 0 -0.5273701701231392 0.22382590862595916 Penicillium-brevicompactum
0 0 -0.5122866379148789 0.23978939652837472 Penicillium-cvjetkovicii
0 0 0.9149586906190806 0.0038676811635536957 Penicillium-chrysogenum
0 0 0.9397612038526031 0.0016557072985794498 Penicillium-commune
0 0 0.9002792290910441 0.00571233398340045 Penicillium-solitum
0 0 0.9455184832731517 0.0012920580342808004 Penicillium-verrucosum
0 0 0.6077330649041198 0.14772891426227694 Penicillium-mb
0 0 0.7747784530733458 0.0407813732995981 Penicillium-polonicum
0 0 -0.5273773002151361 0.22381848461259765 Penicillium-brevicompactum
0 0 -0.5122866379148766 0.2397893965283773 Penicillium-cvjetkovicii
0 0 0.9198915322797215 0.003340048529531884 Penicillium-chrysogenum
0 0 0.9433630792060099 0.001421991424746349 Penicillium-commune
0 0 0.9077190564773592 0.00472518758767226 Penicillium-solitum
0 0 0.9498180525410673 0.001054499377339728 Penicillium-verrucosum
0 0 0.6097626518533258 0.14600833994864468 Penicillium-mb
0 0 0.7777095792318174 0.03953456437717714 Penicillium-polonicum
0 0 -0.5275164877101768 0.22367358267729961 Penicillium-brevicompactum
0 0 -0.5122866379148766 0.2397893965283773 Penicillium-cvjetkovicii
0 0 0.9135809205765552 0.004023182311555396 Penicillium-chrysogenum
0 0 0.9387762249163127 0.0017232929338130386 Penicillium-commune
0 0 0.9067635795893105 0.0048458884542875325 Penicillium-solitum
0 0 0.9485673741401881 0.001120671127338898 Penicillium-verrucosum
0 0 0.6118089040835838 0.1442839018646522 Penicillium-mb
0 0 0.7786543683939973 0.039137241672241904 Penicillium-polonicum
0 0 -0.5274257256455059 0.22376806602685745 Penicillium-brevicompactum
0 0 -0.5122866379148759 0.23978939652837813 Penicillium-cvjetkovicii
0 0 0.9146800783736345 0.0038988379061470606 Penicillium-chrysogenum
0 0 0.9395647472113747 0.0016690603627092877 Penicillium-commune
0 0 0.9043755542691962 0.005155344582209542 Penicillium-solitum
0 0 0.9471451233329116 0.001198828920448387 Penicillium-verrucosum
0 0 0.6111921997291937 0.1448025312904643 Penicillium-mb
0 0 0.77773883819929 0.03952222643647046 Penicillium-polonicum
0 0 -0.5273884983323125 0.22380682511341793 Penicillium-brevicompactum
0 0 -0.5122866379148767 0.23978939652837727 Penicillium-cvjetkovicii
0 0 0.9135381957505173 0.0040280617248337125 Penicillium-chrysogenum
0 0 0.9387374212314888 0.0017259881487431317 Penicillium-commune
0 0 0.9076337733554952 0.0047358889239049505 Penicillium-solitum
0 0 0.9485572797284576 0.0011212149074181883 Penicillium-verrucosum
0 0 0.6169317115583474 0.14001204758955801 Penicillium-mb
0 0 0.7821852259492347 0.037672019731624505 Penicillium-polonicum
0 0 -0.5274138347708159 0.2237804458255653 Penicillium-brevicompactum
0 0 -0.5122866379148768 0.239789396528377 Penicillium-cvjetkovicii
0 0 0.9160937359820885 0.003742257646713481 Penicillium-chrysogenum
0 0 0.9405259497248638 0.0016043284045035764 Penicillium-commune
0 0 0.9064931490719147 0.004880373131049443 Penicillium-solitum
0 0 0.9506382922109129 0.001012388307974694 Penicillium-verrucosum
0 0 0.6206228462962714 0.1369742620228074 Penicillium-mb
0 0 0.7856272501177849 0.03627344671988412 Penicillium-polonicum
0 0 -0.5274984486005481 0.2236923599013893 Penicillium-brevicompactum
0 0 -0.5122866379148766 0.2397893965283773 Penicillium-cvjetkovicii
0 0 0.917033434575846 0.003640244297341894 Penicillium-chrysogenum
0 0 0.9412863612516841 0.0015541843370111838 Penicillium-commune
0 0 0.9064924377208072 0.0048804640288226415 Penicillium-solitum
0 0 0.9488701099598179 0.0011044352855123607 Penicillium-verrucosum
0 0 0.6125397467319879 0.14367049934572515 Penicillium-mb
0 0 0.7792828429473819 0.03887417250269907 Penicillium-polonicum
0 0 -0.527470672547328 0.22372127393224073 Penicillium-brevicompactum
0 0 -0.5122866379148783 0.2397893965283754 Penicillium-cvjetkovicii
0 0 0.9156890706313118 0.0037866964157854638 Penicillium-chrysogenum
0 0 0.9402632270975396 0.001621871659179499 Penicillium-commune
0 0 0.9031519489245547 0.005318243936021386 Penicillium-solitum
0 0 0.9468616656900304 0.0012147788766462709 Penicillium-verrucosum
0 0 0.6101925855337462 0.14564516626621432 Penicillium-mb
0 0 0.7769319573467124 0.03986325375443797 Penicillium-polonicum
0 0 -0.527432087698207 0.22376144251444025 Penicillium-brevicompactum
0 0 -0.5122866379148784 0.23978939652837536 Penicillium-cvjetkovicii
0 0 0.9123878499098127 0.004160738397727381 Penicillium-chrysogenum
0 0 0.9378371670465809 0.0017892155672086089 Penicillium-commune
0 0 0.9099633351580559 0.004448630906399694 Penicillium-solitum
0 0 0.9501904466540103 0.0010352549375508531 Penicillium-verrucosum
0 0 0.6229634838295972 0.13506541950814926 Penicillium-mb
0 0 0.7869712785795364 0.0357353035471164 Penicillium-polonicum
0 0 -0.5274441637200249 0.223748870461396 Penicillium-brevicompactum
0 0 -0.5122866379148753 0.23978939652837875 Penicillium-cvjetkovicii
0 0 0.9147881440035531 0.0038867357665722108 Penicillium-chrysogenum
0 0 0.9396585556394744 0.0016626763661105044 Penicillium-commune
0 0 0.9059773944043132 0.004946536302361104 Penicillium-solitum
0 0 0.9483204261782402 0.0011340188294859928 Penicillium-verrucosum
0 0 0.6143825885884018 0.1421296354562066 Penicillium-mb
0 0 0.780360618565355 0.0384253199118342 Penicillium-polonicum
0 0 -0.5274376581593895 0.22375564320123173 Penicillium-brevicompactum
0 0 -0.5122866379148753 0.23978939652837875 Penicillium-cvjetkovicii
0 0 0.9151960086524379 0.003841257412866921 Penicillium-chrysogenum
0 0 0.9399570207372698 0.001642460554546519 Penicillium-commune
0 0 0.9050025436490685 0.00507301426584701 Penicillium-solitum
0 0 0.9470425283250246 0.001204587494853893 Penicillium-verrucosum
0 0 0.6105534466751735 0.1453406908475962 Penicillium-mb
0 0 0.7772142385742391 0.039743763491145875 Penicillium-polonicum
0 0 -0.5274197282204586 0.2237743100111906 Penicillium-brevicompactum
0 0 -0.5122866379148766 0.2397893965283773 Penicillium-cvjetkovicii
0 0 0.9161959200869807 0.0037310846545828007 Penicillium-chrysogenum
0 0 0.9406811353412338 0.0015940186946888045 Penicillium-commune
0 0 0.9064348834839943 0.00488782168534651 Penicillium-solitum
0 0 0.9490457193607962 0.0010950813782912858 Penicillium-verrucosum
0 0 0.6096903155441735 0.1460694886103796 Penicillium-mb
0 0 0.7773944072661828 0.03966760145275245 Penicillium-polonicum
0 0 -0.5274454417131232 0.2237475399932922 Penicillium-brevicompactum
0 0 -0.5122866379148787 0.23978939652837503 Penicillium-cvjetkovicii
0 0 0.916054325950034 0.003746572028952636 Penicillium-chrysogenum
0 0 0.9404626356060077 0.0016085459125758216 Penicillium-commune
0 0 0.9018845027657849 0.005490097421853653 Penicillium-solitum
0 0 0.9467463751477321 0.0012213018282784846 Penicillium-verrucosum
0 0 0.6089682421085372 0.14668059084248142 Penicillium-mb
0 0 0.7760935109808221 0.04021934053623526 Penicillium-polonicum
0 0 -0.5274240911723099 0.22376976768651058 Penicillium-brevicompactum
0 0 -0.5122866379148784 0.23978939652837536 Penicillium-cvjetkovicii
0 0 0.9149806221023274 0.0038652348022033163 Penicillium-chrysogenum
0 0 0.9398056012490087 0.0016526983792772459 Penicillium-commune
0 0 0.9053276911530515 0.005030622599320703 Penicillium-solitum
0 0 0.9483442569588273 0.0011327266886404287 Penicillium-verrucosum
0 0 0.6145936127546512 0.14195372566992684 Penicillium-mb
0 0 0.7805400290778094 0.03835088259036671 Penicillium-polonicum
0 0 -0.5274307096595849 0.22376287717813975 Penicillium-brevicompactum
0 0 -0.512286637914877 0.2397893965283768 Penicillium-cvjetkovicii
0 0 0.9152903360124275 0.003830784090495341 Penicillium-chrysogenum
0 0 0.9399888164427644 0.0016403155329603903 Penicillium-commune
0 0 0.9059790173300803 0.004946327292292597 Penicillium-solitum
0 0 0.9481001875647538 0.0011460017116177146 Penicillium-verrucosum
0 0 0.6131465831284463 0.14316217715789414 Penicillium-mb
0 0 0.7794173861090267 0.038817982615392425 Penicillium-polonicum
0 0 -0.5274344135673439 0.22375902108268894 Penicillium-brevicompactum
0 0 -0.5122866379148767 0.23978939652837727 Penicillium-cvjetkovicii
0 0 0.9147388351198397 0.0038922550821746697 Penicillium-chrysogenum
0 0 0.9396321149795259 0.001664474288330757 Penicillium-commune
0 0 0.9035556760435647 0.005264169335121694 Penicillium-solitum
0 0 0.9466570160339663 0.001226371816381367 Penicillium-verrucosum
0 0 0.610458377867127 0.14542087373543872 Penicillium-mb
0 0 0.7770230545242229 0.039824670427329054 Penicillium-polonicum
0 0 -0.527418987685767 0.22377508099559185 Penicillium-brevicompactum
0 0 -0.5122866379148772 0.23978939652837675 Penicillium-cvjetkovicii
0 0 0.9174399800727907 0.003596619994737087 Penicillium-chrysogenum
0 0 0.9415585707020381 0.0015364616732514056 Penicillium-commune
0 0 0.9071441114831899 0.00479760503757976 Penicillium-solitum
0 0 0.9495881568796201 0.0010664845518572157 Penicillium-verrucosum
0 0 0.6126091763167985 0.1436122949938493 Penicillium-mb
0 0 0.7796213780669644 0.03873287437438536 Penicillium-polonicum
0 0 -0.5274810752045762 0.22371044487460665 Penicillium-brevicompactum
0 0 -0.5122866379148766 0.2397893965283773 Penicillium-cvjetkovicii
0 0 0.9190075395761412 0.003431284454561045 Penicillium-chrysogenum
0 0 0.9427224315257373 0.001462033494959441 Penicillium-commune
0 0 0.9062752175406865 0.004908266981129996 Penicillium-solitum
0 0 0.9503822349289778 0.0010254254190518966 Penicillium-verrucosum
0 0 0.6118427328966295 0.14425547998827123 Penicillium-mb
0 0 0.77943806115296 0.03880935199106372 Penicillium-polonicum
0 0 -0.5275249937913072 0.22366472880665267 Penicillium-brevicompactum
0 0 -0.5122866379148767 0.23978939652837727 Penicillium-cvjetkovicii
0 0 0.9146742711763726 0.0038994888696126987 Penicillium-chrysogenum
0 0 0.9395773539957281 0.0016682015879221684 Penicillium-commune
0 0 0.9059087327729558 0.004955383670644503 Penicillium-solitum
0 0 0.9480980057386509 0.0011461207941143574 Penicillium-verrucosum
0 0 0.6138962053533958 0.14253550331335912 Penicillium-mb
0 0 0.7799416660901008 0.038599454589140623 Penicillium-polonicum
0 0 -0.5274235149873171 0.22377036755754748 Penicillium-brevicompactum
0 0 -0.5122866379148753 0.23978939652837875 Penicillium-cvjetkovicii
0 0 0.9131910154495494 0.0040678397967696504 Penicillium-chrysogenum
0 0 0.938516332479408 0.001741391823029932 Penicillium-commune
0 0 0.9042875170320733 0.005166966620747015 Penicillium-solitum
0 0 0.9466353207059164 0.001227604620362842 Penicillium-verrucosum
0 0 0.6116845973839414 0.14438836456407608 Penicillium-mb
0 0 0.7778870085376567 0.03945977859806542 Penicillium-polonicum
0 0 -0.5273521571463108 0.22384466466238556 Penicillium-brevicompactum
0 0 -0.5122866379148766 0.2397893965283773 Penicillium-cvjetkovicii
0 0 0.9153705013062532 0.0038218963384386256 Penicillium-chrysogenum
0 0 0.9400724125239496 0.0016346837998012075 Penicillium-commune
0 0 0.904419154511429 0.0051495944347836895 Penicillium-solitum
0 0 0.9478050101725771 0.0011621787294373966 Penicillium-verrucosum
0 0 0.6125893275817687 0.1436289334126991 Penicillium-mb
0 0 0.7789553626505682 0.03901112779193669 Penicillium-polonicum
0 0 -0.5274342462839766 0.22375919523878957 Penicillium-brevicompactum
0 0 -0.5122866379148766 0.2397893965283773 Penicillium-cvjetkovicii
0 0 0.9173864395268679 0.003602347574000817 Penicillium-chrysogenum
0 0 0.9415195644992893 0.0015389938868766975 Penicillium-commune
0 0 0.9075130519908433 0.0047510611838796 Penicillium-solitum
0 0 0.9501064413573046 0.0010395778370768998 Penicillium-verrucosum
0 0 0.6164469750127357 0.140413487747322 Penicillium-mb
0 0 0.7824477885543756 0.03756429951368697 Penicillium-polonicum
0 0 -0.5275020676728637 0.2236885926862889 Penicillium-brevicompactum
0 0 -0.5122866379148784 0.23978939652837536 Penicillium-cvjetkovicii
0 0 0.9157126943343897 0.003784093722912866 Penicillium-chrysogenum
0 0 0.9403345836070189 0.001617095719114657 Penicillium-commune
0 0 0.9055825782675487 0.004997536023947196 Penicillium-solitum
0 0 0.9472904382075973 0.001190700385592368 Penicillium-verrucosum
0 0 0.6100149587974582 0.14579515600257079 Penicillium-mb
0 0 0.7769266402179408 0.039865506411363175 Penicillium-polonicum
0 0 -0.527432561978209 0.22376094874676944 Penicillium-brevicompactum
0 0 -0.5122866379148766 0.2397893965283773 Penicillium-cvjetkovicii
0 0 0.9160948097070252 0.0037421401421828286 Penicillium-chrysogenum
0 0 0.9405807171444033 0.0016006854749026495 Penicillium-commune
0 0 0.9037404298979034 0.005239530899552208 Penicillium-solitum
0 0 0.9466155590354156 0.0012287281837173464 Penicillium-verrucosum
0 0 0.6091345424249343 0.1465397345317775 Penicillium-mb
0 0 0.7760716178396753 0.04022866198734765 Penicillium-polonicum
0 0 -0.5274382405585026 0.2237550368794243 Penicillium-brevicompactum
0 0 -0.5122866379148767 0.23978939652837727 Penicillium-cvjetkovicii
0 0 0.9154002290331381 0.0038186035560307903 Penicillium-chrysogenum
0 0 0.9400881028162444 0.0016336280419001724 Penicillium-commune
0 0 0.9065999189341307 0.004866741061775335 Penicillium-solitum
0 0 0.9484609003778953 0.00112641465659946 Penicillium-verrucosum
0 0 0.6136633591423675 0.14273001107700922 Penicillium-mb
0 0 0.7799073249735995 0.038613747582605266 Penicillium-polonicum
0 0 -0.5274363477111133 0.22375700748046518 Penicillium-brevicompactum
0 0 -0.5122866379148766 0.2397893965283773 Penicillium-cvjetkovicii
2 2 0.916686035094968 0.0036777658504199466 Penicillium-chrysogenum
2 2 0.9411407255104545 0.0015637154317943663 Penicillium-commune
2 2 0.9058465903511616 0.004963398949317068 Penicillium-solitum
2 2 0.9475099807739441 0.0011784816397746095 Penicillium-verrucosum
2 2 0.6063936871010948 0.14886991298532623 Penicillium-mb
2 2 0.7744503176859274 0.040922285052755365 Penicillium-polonicum
2 2 -0.5274268555870196 0.2237668896416691 Penicillium-brevicompactum
2 2 -0.5122866379148766 0.2397893965283773 Penicillium-cvjetkovicii
0 0 0.9159124072690323 0.0037621325438715815 Penicillium-chrysogenum
0 0 0.9404413326696599 0.001609966420368548 Penicillium-commune
0 0 0.9080329177407904 0.004685925700545763 Penicillium-solitum
0 0 0.9489490247993385 0.0011002260380191644 Penicillium-verrucosum
0 0 0.6142718723030344 0.1422219725464494 Penicillium-mb
0 0 0.7804730362808036 0.03837866850657338 Penicillium-polonicum
0 0 -0.5274649898137138 0.2237271897029393 Penicillium-brevicompactum
0 0 -0.5122866379148772 0.23978939652837675 Penicillium-cvjetkovicii
0 0 0.9160848867550551 0.003743226155896657 Penicillium-chrysogenum
0 0 0.9406044611066675 0.0015991076291652759 Penicillium-commune
0 0 0.9055782287405824 0.004998099564287878 Penicillium-solitum
0 0 0.9483765071183293 0.0011309794219704443 Penicillium-verrucosum
0 0 0.6122190289587176 0.14393951839324232 Penicillium-mb
0 0 0.7789022805992708 0.039033352322647756 Penicillium-polonicum
0 0 -0.5274414273531627 0.2237517191973199 Penicillium-brevicompactum
0 0 -0.5122866379148753 0.23978939652837875 Penicillium-cvjetkovicii
0 0 0.9146574235569424 0.0039013777793518176 Penicillium-chrysogenum
0 0 0.939568373826507 0.0016688132908264331 Penicillium-commune
0 0 0.9058579743321745 0.004961930051561145 Penicillium-solitum
0 0 0.9474461691880959 0.0011820254318158745 Penicillium-verrucosum
0 0 0.6122780721103108 0.14388997377072046 Penicillium-mb
0 0 0.778546736329494 0.03918239325310117 Penicillium-polonicum
0 0 -0.5274253003335173 0.2237685088210823 Penicillium-brevicompactum
0 0 -0.5122866379148784 0.23978939652837536 Penicillium-cvjetkovicii
0 0 0.9162569915319233 0.0037244163160757245 Penicillium-chrysogenum
0 0 0.9407342645922441 0.0015904980662120396 Penicillium-commune
0 0 0.9039521649544376 0.005211377002751239 Penicillium-solitum
0 0 0.947699411513027 0.0011679985519938382 Penicillium-verrucosum
0 0 0.6115491069222073 0.14450226905397587 Penicillium-mb
0 0 0.7781810543207742 0.03933601198333838 Penicillium-polonicum
0 0 -0.5274509841655799 0.22374177000823373 Penicillium-brevicompactum
0 0 -0.5122866379148767 0.23978939652837727 Penicillium-cvjetkovicii
0 0 0.9140779345260571 0.00396667416367305 Penicillium-chrysogenum
0 0 0.9390650285529067 0.0017033111772564828 Penicillium-commune
0 0 0.9044952355634502 0.00513956955496002 Penicillium-solitum
0 0 0.9475023076734156 0.0011789074349232594 Penicillium-verrucosum
0 0 0.6135244775314692 0.14284608934039922 Penicillium-mb
0 0 0.7794910703736327 0.03878722859165291 Penicillium-polonicum
0 0 -0.527412231069542 0.2237821154918523 Penicillium-brevicompactum
0 0 -0.5122866379148774 0.23978939652837655 Penicillium-cvjetkovicii
0 0 0.9142288250622209 0.003949610951465835 Penicillium-chrysogenum
0 0 0.9392394133500808 0.0016913122473614136 Penicillium-commune
0 0 0.9011553256012665 0.005590410226769081 Penicillium-solitum
0 0 0.94578621672894 0.001276429408491298 Penicillium-verrucosum
0 0 0.6095772952393501 0.1461650547971609 Penicillium-mb
0 0 0.7761360672070844 0.0402012247736609 Penicillium-polonicum
0 0 -0.5273813518874905 0.22381426597122095 Penicillium-brevicompactum
0 0 -0.5122866379148766 0.2397893965283773 Penicillium-cvjetkovicii
0 0 0.9163271955531379 0.0037167594132903182 Penicillium-chrysogenum
0 0 0.940789453187774 0.0015868458312240051 Penicillium-commune
0 0 0.9049967103923452 0.005073776678777968 Penicillium-solitum
0 0 0.9482696457308173 0.001136775125366646 Penicillium-verrucosum
0 0 0.6105360454084614 0.14535536575138164 Penicillium-mb
0 0 0.7777140187851085 0.0395326921662412 Penicillium-polonicum
0 0 -0.5274416932068112 0.2237514424256267 Penicillium-brevicompactum
0 0 -0.5122866379148783 0.2397893965283754 Penicillium-cvjetkovicii
0 0 0.912019349853289 0.004203771519113089 Penicillium-chrysogenum
0 0 0.9376532806245796 0.0018022954134913531 Penicillium-commune
0 0 0.9058200035403724 0.004966830484959215 Penicillium-solitum
0 0 0.947312120581422 0.0011894903294615976 Penicillium-verrucosum
0 0 0.6145899455895847 0.14195678168069695 Penicillium-mb
0 0 0.7801486645987835 0.038513362573405124 Penicillium-polonicum
0 0 -0.5273400748697737 0.223857245764016 Penicillium-brevicompactum
0 0 -0.5122866379148785 0.23978939652837528 Penicillium-cvjetkovicii
0 0 0.9118392932029944 0.004224892438858811 Penicillium-chrysogenum
0 0 0.9375126801947551 0.0018123341849361069 Penicillium-commune
0 0 0.9080053533828372 0.004689366164849632 Penicillium-solitum
0 0 0.9489781309770197 0.0010986759371814671 Penicillium-verrucosum
0 0 0.620584818798997 0.13700538644521257 Penicillium-mb
0 0 0.7848998449136678 0.03656656133397406 Penicillium-polonicum
0 0 -0.5273886421519558 0.2238066753700151 Penicillium-brevicompactum
0 0 -0.5122866379148753 0.23978939652837875 Penicillium-cvjetkovicii
0 0 0.9157617193092428 0.003778695834330199 Penicillium-chrysogenum
0 0 0.9403566262452049 0.0016156220678035119 Penicillium-commune
0 0 0.9054319711887471 0.005017070768802327 Penicillium-solitum
0 0 0.9481540271643846 0.0011430655001990154 Penicillium-verrucosum
0 0 0.6122330870950543 0.1439277210709856 Penicillium-mb
0 0 0.7788265573695824 0.03906506845323344 Penicillium-polonicum
0 0 -0.5274355677643698 0.22375781946793752 Penicillium-brevicompactum
0 0 -0.5122866379148767 0.23978939652837727 Penicillium-cvjetkovicii
0 0 0.9129021247121293 0.004101113487217554 Penicillium-chrysogenum
0 0 0.9383003205284766 0.0017565196892891217 Penicillium-commune
0 0 0.9063430956779222 0.004899569079345292 Penicillium-solitum
0 0 0.9479196260734984 0.0011558813662104865 Penicillium-verrucosum
0 0 0.6154386512183077 0.14125040334572234 Penicillium-mb
0 0 0.7809470576894108 0.038182303206943075 Penicillium-polonicum
0 0 -0.5273840102435999 0.2238114980848689 Penicillium-brevicompactum
0 0 -0.5122866379148768 0.239789396528377 Penicillium-cvjetkovicii
0 0 0.9123383359406289 0.00416650556693239 Penicillium-chrysogenum
0 0 0.9378866464521074 0.001785705669516457 Penicillium-commune
0 0 0.9023206936826796 0.005430595181679137 Penicillium-solitum
0 0 0.9449669500203371 0.0013246076030875916 Penicillium-verrucosum
0 0 0.6081226057449635 0.14739789696137537 Penicillium-mb
0 0 0.7748118730988499 0.040767036752758286 Penicillium-polonicum
0 0 -0.5272945529133057 0.22390465011762348 Penicillium-brevicompactum
0 0 -0.5122866379148785 0.23978939652837528 Penicillium-cvjetkovicii
0 0 0.9154290095991969 0.003815417265690632 Penicillium-chrysogenum
0 0 0.9401149562862496 0.0016318220759555257 Penicillium-commune
0 0 0.9047877126606115 0.005101136938016871 Penicillium-solitum
0 0 0.9478643768502261 0.001158914411845484 Penicillium-verrucosum
0 0 0.6119044887934918 0.14420360195253193 Penicillium-mb
0 0 0.7784991016735425 0.03920238516245142 Penicillium-polonicum
0 0 -0.5274344844930839 0.22375894724302853 Penicillium-brevicompactum
0 0 -0.5122866379148766 0.2397893965283773 Penicillium-cvjetkovicii
0 0 0.9215613758106606 0.0031716183627157777 Penicillium-chrysogenum
0 0 0.9445911321353607 0.0013470613144465472 Penicillium-commune
0 0 0.9079957180435159 0.004690569153569286 Penicillium-solitum
0 0 0.951466159140216 0.0009709105325860134 Penicillium-verrucosum
0 0 0.6121323831188537 0.14401224069981444 Penicillium-mb
0 0 0.7800195849658268 0.038567035124823956 Penicillium-polonicum
0 0 -0.5275481424584965 0.22364063449240526 Penicillium-brevicompactum
0 0 -0.512286637914877 0.2397893965283768 Penicillium-cvjetkovicii
0 0 0.9135442775201634 0.004027366941983877 Penicillium-chrysogenum
0 0 0.938760656431213 0.001724373987102992 Penicillium-commune
0 0 0.9036130091514619 0.0052565162969538445 Penicillium-solitum
0 0 0.9473908247486462 0.0011851040887121873 Penicillium-verrucosum
0 0 0.6152032442560373 0.14144615444079567 Penicillium-mb
0 0 0.7806186887815353 0.0383182719457768 Penicillium-polonicum
0 0 -0.5274102906532466 0.22378413573110068 Penicillium-brevicompactum
0 0 -0.5122866379148766 0.2397893965283773 Penicillium-cvjetkovicii
0 0 0.9184452149164792 0.003490071342097803 Penicillium-chrysogenum
0 0 0.942288307311036 0.001489540783096749 Penicillium-commune
0 0 0.9072085383908123 0.004789458171915931 Penicillium-solitum
0 0 0.9512038140954663 0.0009839435529583609 Penicillium-verrucosum
0 0 0.6180292610806088 0.13910524676349975 Penicillium-mb
0 0 0.7840251871822889 0.03692074817116223 Penicillium-polonicum
0 0 -0.5275405053320422 0.22364858346819994 Penicillium-brevicompactum
0 0 -0.5122866379148786 0.2397893965283752 Penicillium-cvjetkovicii
0 0 0.9164543867392094 0.0037029105802488735 Penicillium-chrysogenum
0 0 0.9408774522374465 0.0015810325195830545 Penicillium-commune
0 0 0.9033450847914195 0.005292335480568704 Penicillium-solitum
0 0 0.9473782356511375 0.001185805045435402 Penicillium-verrucosum
0 0 0.6105024838860742 0.14538367109073355 Penicillium-mb
0 0 0.777342941239227 0.03968934924570209 Penicillium-polonicum
0 0 -0.5274408169556482 0.22375235466317445 Penicillium-brevicompactum
0 0 -0.5122866379148786 0.2397893965283752 Penicillium-cvjetkovicii
0 0 0.9147547729340948 0.0038904706064274196 Penicillium-chrysogenum
0 0 0.9396496365369952 0.0016632827227489333 Penicillium-commune
0 0 0.9040005668926979 0.005204953511337599 Penicillium-solitum
0 0 0.9470329721911914 0.001205124702609919 Penicillium-verrucosum
0 0 0.6117417730160765 0.1443403115721673 Penicillium-mb
0 0 0.7780612197166556 0.03938642550265479 Penicillium-polonicum
0 0 -0.5274052932134621 0.2237893387902503 Penicillium-brevicompactum
0 0 -0.512286637914876 0.23978939652837777 Penicillium-cvjetkovicii
0 0 0.9115351270284469 0.004260712023597099 Penicillium-chrysogenum
0 0 0.9373335161360726 0.0018251739664358864 Penicillium-commune
0 0 0.905659622115085 0.00498756007955249 Penicillium-solitum
0 0 0.9472464865134121 0.0011931554838710272 Penicillium-verrucosum
0 0 0.6157663536465295 0.14097813251625566 Penicillium-mb
0 0 0.7809416671553852 0.038184533119468546 Penicillium-polonicum
0 0 -0.5273285156657043 0.22386928250957225 Penicillium-brevicompactum
0 0 -0.5122866379148768 0.239789396528377 Penicillium-cvjetkovicii
0 0 0.9192320988502783 0.0034079715580816656 Penicillium-chrysogenum
0 0 0.9427455560479117 0.001460576738414463 Penicillium-commune
0 0 0.9112572825776202 0.004293586227544326 Penicillium-solitum
0 0 0.9524026210477968 0.0009252235080161305 Penicillium-verrucosum
0 0 0.6188606330133571 0.13842034718140012 Penicillium-mb
0 0 0.7849619109470279 0.036541500123530614 Penicillium-polonicum
0 0 -0.5275502514862597 0.22363843936946357 Penicillium-brevicompactum
0 0 -0.512286637914877 0.2397893965283768 Penicillium-cvjetkovicii
0 0 0.9178187633354897 0.003556251233117799 Penicillium-chrysogenum
0 0 0.9418565345870002 0.0015171994266740916 Penicillium-commune
0 0 0.9045442843254684 0.00513311263525347 Penicillium-solitum
0 0 0.9490118028417354 0.0010968842934476408 Penicillium-verrucosum
0 0 0.6136476646819623 0.14274312623611377 Penicillium-mb
0 0 0.780134848928233 0.038519105282740405 Penicillium-polonicum
0 0 -0.527499645750678 0.22369111374391346 Penicillium-brevicompactum
0 0 -0.5122866379148767 0.23978939652837727 Penicillium-cvjetkovicii
2 2 0.9152702143021835 0.003833016835135633 Penicillium-chrysogenum
2 2 0.9404459121498648 0.0016096609922637312 Penicillium-commune
2 2 0.9052196671730561 0.005044683433874322 Penicillium-solitum
2 2 0.9468985306617203 0.0012126974674484536 Penicillium-verrucosum
2 2 0.6085634816482229 0.14702370710951387 Penicillium-mb
2 2 0.7755186838278386 0.04046448108984865 Penicillium-polonicum
2 2 -0.527438018692896 0.22375526785831745 Penicillium-brevicompactum
2 2 -0.5122866379148753 0.23978939652837875 Penicillium-cvjetkovicii
0 0 0.914634603238707 0.0039039371843027563 Penicillium-chrysogenum
0 0 0.9394856497822243 0.0016744544262641374 Penicillium-commune
0 0 0.9091680431853307 0.00454552068464453 Penicillium-solitum
0 0 0.9499644189332596 0.0010469105190846536 Penicillium-verrucosum
0 0 0.618329424711819 0.13885776908516945 Penicillium-mb
0 0 0.783690407945825 0.0370568165105388 Penicillium-polonicum
0 0 -0.5274487943153787 0.2237440497493063 Penicillium-brevicompactum
0 0 -0.512286637914877 0.2397893965283768 Penicillium-cvjetkovicii
0 0 0.9159720030767111 0.0037555936367969877 Penicillium-chrysogenum
0 0 0.9404823943157019 0.0016072290362740534 Penicillium-commune
0 0 0.9016113986924551 0.005527544588809202 Penicillium-solitum
0 0 0.9459675835701757 0.0012659060610603573 Penicillium-verrucosum
0 0 0.608393686534581 0.14716776274427995 Penicillium-mb
0 0 0.7753389723902147 0.04054128980226177 Penicillium-polonicum
0 0 -0.5274390135741919 0.2237542321124477 Penicillium-brevicompactum
0 0 -0.5122866379148767 0.23978939652837727 Penicillium-cvjetkovicii
