#SPECIES: Penicillium-chrysogenum Penicillium-verrucosum Penicillium-polonicum Penicillium-mb Penicillium-commune Penicillium-solitum Penicillium-brevicompactum Penicillium-cvjetkovicii 
#GENE_TREEs p: 0.7392885802122948 0.6288799108233197 0.6324611289170801 0.6233431140814728 0.42784843254137306 0.8942148921054502 0.9624952808341032 0.018839470907488984 
#GENE_TREEs r: -0.15544281781713892 0.22419979706795515 0.22192244763774727 0.22772798775869077 -0.35986740701308534 0.06243418599807168 -0.022097497866144598 0.8369746627927419 
0 0 -0.15597779388096472 0.7384132056908776 Penicillium-chrysogenum
0 0 0.2251948170777551 0.627317012594047 Penicillium-verrucosum
0 0 0.22319970450153864 0.6304518867685847 Penicillium-polonicum
0 0 0.22942818617600086 0.6206799960772618 Penicillium-mb
0 0 -0.3464167966464118 0.4465470571908683 Penicillium-commune
0 0 0.06328795791951666 0.8927740665503098 Penicillium-solitum
0 0 -0.021911981662282424 0.9628099942032148 Penicillium-brevicompactum
0 0 0.8369746627927419 0.018839470907488984 Penicillium-cvjetkovicii
0 0 -0.1558996716387941 0.7385410221363747 Penicillium-chrysogenum
0 0 0.22708153963707067 0.6243565405811116 Penicillium-verrucosum
0 0 0.22277650120810846 0.6311174245819555 Penicillium-polonicum
0 0 0.2291165009268093 0.6211679610861142 Penicillium-mb
0 0 -0.3464844689519511 0.44645222340734775 Penicillium-commune
0 0 0.06263560506502545 0.893874956307195 Penicillium-solitum
0 0 -0.02221477452394096 0.9622963323805614 Penicillium-brevicompactum
0 0 0.836974662792742 0.01883947090748895 Penicillium-cvjetkovicii
0 0 -0.1558161487502405 0.7386776799182788 Penicillium-chrysogenum
0 0 0.22332316857224993 0.6302577621234906 Penicillium-verrucosum
0 0 0.22101663813437453 0.6338871405170023 Penicillium-polonicum
0 0 0.22710101451579523 0.6243260032390741 Penicillium-mb
0 0 -0.34536896048071614 0.4480164274307619 Penicillium-commune
0 0 0.06278537067858786 0.8936222046275908 Penicillium-solitum
0 0 -0.02238109550216645 0.9620141876728998 Penicillium-brevicompactum
0 0 0.8369746627927422 0.018839470907488883 Penicillium-cvjetkovicii
0 0 -0.1549878990449795 0.740033134121229 Penicillium-chrysogenum
0 0 0.22370665048385793 0.6296549148355053 Penicillium-verrucosum
0 0 0.22153891118466512 0.6330648183595957 Penicillium-polonicum
0 0 0.2273347463071691 0.6239595363438979 Penicillium-mb
0 0 -0.35188750736520585 0.4389051524811809 Penicillium-commune
0 0 0.0641354899894316 0.8913440032758428 Penicillium-solitum
0 0 -0.02224361512780815 0.9622474073367139 Penicillium-brevicompactum
0 0 0.8369746627927419 0.018839470907488984 Penicillium-cvjetkovicii
0 0 -0.15603593325417325 0.7383180864902901 Penicillium-chrysogenum
0 0 0.22314754905716697 0.6305338967304719 Penicillium-verrucosum
0 0 0.22158625536303905 0.632990289482842 Penicillium-polonicum
0 0 0.22746419344996144 0.6237566033217603 Penicillium-mb
0 0 -0.3541369650307527 0.4357774668324244 Penicillium-commune
0 0 0.06276245378228076 0.8936608798247138 Penicillium-solitum
0 0 -0.022142475001979536 0.9624189813104461 Penicillium-brevicompactum
0 0 0.8369746627927436 0.01883947090748852 Penicillium-cvjetkovicii
0 0 -0.1546846789914442 0.7405294962815863 Penicillium-chrysogenum
0 0 0.22544884855018052 0.6269181772758242 Penicillium-verrucosum
0 0 0.22211327698840658 0.6321608223734116 Penicillium-polonicum
0 0 0.22799173681416168 0.6229297743415305 Penicillium-mb
0 0 -0.34959873744295916 0.4420962104938451 Penicillium-commune
0 0 0.06500549092828026 0.8898762712517909 Penicillium-solitum
0 0 -0.021906701136741542 0.9628189522478725 Penicillium-brevicompactum
0 0 0.836974662792742 0.01883947090748895 Penicillium-cvjetkovicii
0 0 -0.15482737863011725 0.7402958923177282 Penicillium-chrysogenum
0 0 0.22375506467977488 0.6295788175912691 Penicillium-verrucosum
0 0 0.222465222733093 0.6316070736875827 Penicillium-polonicum
0 0 0.2284730347868354 0.6221757011220546 Penicillium-mb
0 0 -0.34205515026053446 0.45267525742945747 Penicillium-commune
0 0 0.06535865646369304 0.8892805357457105 Penicillium-solitum
0 0 -0.021858933696053726 0.9628999865330654 Penicillium-brevicompactum
0 0 0.8369746627927414 0.018839470907489136 Penicillium-cvjetkovicii
0 0 -0.152682180511882 0.7438093168212682 Penicillium-chrysogenum
0 0 0.22789520747667538 0.6230810431518427 Penicillium-verrucosum
0 0 0.22545683326666102 0.626905642255062 Penicillium-polonicum
0 0 0.23114657642795483 0.6179917237598733 Penicillium-mb
0 0 -0.34957714955985664 0.44212635051635085 Penicillium-commune
0 0 0.06946079566692676 0.8823639559478342 Penicillium-solitum
0 0 -0.021570287413517034 0.9633896611319863 Penicillium-brevicompactum
0 0 0.836974662792742 0.01883947090748895 Penicillium-cvjetkovicii
0 0 -0.15437636271007285 0.7410342741885771 Penicillium-chrysogenum
0 0 0.2242117732093213 0.6288610930940824 Penicillium-verrucosum
0 0 0.2210351163959874 0.6338580412657071 Penicillium-polonicum
0 0 0.22665396833933021 0.6250270960335524 Penicillium-mb
0 0 -0.35994366424174046 0.42774329469119093 Penicillium-commune
0 0 0.06350295552416174 0.8924112734115353 Penicillium-solitum
0 0 -0.021962124540623386 0.9627249304494722 Penicillium-brevicompactum
0 0 0.8369746627927419 0.018839470907488984 Penicillium-cvjetkovicii
0 0 -0.15446219173061168 0.7408937467996117 Penicillium-chrysogenum
0 0 0.22761995597296664 0.6235124409937249 Penicillium-verrucosum
0 0 0.2248388485226639 0.6278760128066703 Penicillium-polonicum
0 0 0.23074275321208298 0.6186231669864035 Penicillium-mb
0 0 -0.3528336142660049 0.4375886317716711 Penicillium-commune
0 0 0.06632940650471375 0.8876432450364686 Penicillium-solitum
0 0 -0.021911549399495252 0.9628107275068801 Penicillium-brevicompactum
0 0 0.8369746627927436 0.01883947090748852 Penicillium-cvjetkovicii
0 0 -0.15464106613730594 0.740600895109438 Penicillium-chrysogenum
0 0 0.2202402539451606 0.6351101154657277 Penicillium-verrucosum
0 0 0.22022872580736835 0.6351282797793274 Penicillium-polonicum
0 0 0.22579353441541666 0.6263771278943626 Penicillium-mb
0 0 -0.34760750126953116 0.444879549903732 Penicillium-commune
0 0 0.0653119929142326 0.8893592475487692 Penicillium-solitum
0 0 -0.022067545737455403 0.9625460919582234 Penicillium-brevicompactum
0 0 0.8369746627927418 0.018839470907489022 Penicillium-cvjetkovicii
0 0 -0.1553484154452396 0.7394430728652295 Penicillium-chrysogenum
0 0 0.22406936496985513 0.6290848649549963 Penicillium-verrucosum
0 0 0.22095936750550643 0.6339773317078414 Penicillium-polonicum
0 0 0.22680706482152738 0.6247869728313331 Penicillium-mb
0 0 -0.3519156477996074 0.43886597299724667 Penicillium-commune
0 0 0.06347112502436122 0.892464984172259 Penicillium-solitum
0 0 -0.022364504326537533 0.9620423325826373 Penicillium-brevicompactum
0 0 0.8369746627927419 0.018839470907488984 Penicillium-cvjetkovicii
0 0 -0.15180563203464295 0.7452459561902969 Penicillium-chrysogenum
0 0 0.22657886045247588 0.6251449081564722 Penicillium-verrucosum
0 0 0.2246108648000466 0.6282341045286042 Penicillium-polonicum
0 0 0.2299130498208406 0.6199211278794166 Penicillium-mb
0 0 -0.35212147004887157 0.4385794503179223 Penicillium-commune
0 0 0.07119451141669361 0.8794425186121158 Penicillium-solitum
0 0 -0.021968420506330345 0.9627142498204652 Penicillium-brevicompactum
0 0 0.8369746627927425 0.01883947090748882 Penicillium-cvjetkovicii
0 0 -0.15381529994776452 0.7419530400294256 Penicillium-chrysogenum
0 0 0.22638484927213973 0.6254492579846669 Penicillium-verrucosum
0 0 0.22366659179529083 0.629717880893699 Penicillium-polonicum
0 0 0.2293338584375422 0.6208276610821221 Penicillium-mb
0 0 -0.35448271904285683 0.4352974799385331 Penicillium-commune
0 0 0.06688266721219345 0.8867102438327836 Penicillium-solitum
0 0 -0.021702654831429986 0.9631651050014167 Penicillium-brevicompactum
0 0 0.8369746627927415 0.01883947090748911 Penicillium-cvjetkovicii
0 0 -0.15274887983930213 0.743700022550858 Penicillium-chrysogenum
0 0 0.22930750660539098 0.620868915266907 Penicillium-verrucosum
0 0 0.22424131437260236 0.6288146766881673 Penicillium-polonicum
0 0 0.22988598457721937 0.6199634810898331 Penicillium-mb
0 0 -0.34954464364450416 0.4421717352664235 Penicillium-commune
0 0 0.06976923280416668 0.8818441385757786 Penicillium-solitum
0 0 -0.021383824174819047 0.96370599196188 Penicillium-brevicompactum
0 0 0.8369746627927436 0.01883947090748852 Penicillium-cvjetkovicii
0 0 -0.15266683470246642 0.7438344631215417 Penicillium-chrysogenum
0 0 0.22877305732892267 0.6217057737825091 Penicillium-verrucosum
0 0 0.2267199306591627 0.6249236346212405 Penicillium-polonicum
0 0 0.23271651257185458 0.6155386507888871 Penicillium-mb
0 0 -0.34792670882013316 0.44443291945076113 Penicillium-commune
0 0 0.06808051114672246 0.8846905956271376 Penicillium-solitum
0 0 -0.0217062843502052 0.9631589476924509 Penicillium-brevicompactum
0 0 0.8369746627927424 0.018839470907488866 Penicillium-cvjetkovicii
0 0 -0.15429575014873176 0.7411662659086194 Penicillium-chrysogenum
0 0 0.22332924434240345 0.630248209523601 Penicillium-verrucosum
0 0 0.22272227326194224 0.6312027188411853 Penicillium-polonicum
0 0 0.22842773101364575 0.6222466695932294 Penicillium-mb
0 0 -0.3525700147463192 0.4379552830127788 Penicillium-commune
0 0 0.06529585538378026 0.8893864684092314 Penicillium-solitum
0 0 -0.022015716446019885 0.9626340159825133 Penicillium-brevicompactum
0 0 0.8369746627927415 0.01883947090748911 Penicillium-cvjetkovicii
0 0 -0.15544947259410044 0.7392776897091569 Penicillium-chrysogenum
0 0 0.22256537003375224 0.6314495277041663 Penicillium-verrucosum
0 0 0.21936711267376782 0.6364862917993013 Penicillium-polonicum
0 0 0.22518287377240748 0.6273357656365928 Penicillium-mb
0 0 -0.3575559150703177 0.4310400580235229 Penicillium-commune
0 0 0.06072446983009814 0.8971009015218344 Penicillium-solitum
0 0 -0.022314139900013456 0.9621277698930548 Penicillium-brevicompactum
0 0 0.8369746627927418 0.018839470907489022 Penicillium-cvjetkovicii
0 0 -0.1570014410574762 0.7367388514464444 Penicillium-chrysogenum
0 0 0.22024689309036583 0.635099654560676 Penicillium-verrucosum
0 0 0.21812504066979477 0.638445378731067 Penicillium-polonicum
0 0 0.2239189030769595 0.629321316353044 Penicillium-mb
0 0 -0.353088554792526 0.4372341358115493 Penicillium-commune
0 0 0.06068506754773085 0.8971674235056654 Penicillium-solitum
0 0 -0.022765623146455673 0.9613618921712164 Penicillium-brevicompactum
0 0 0.836974662792742 0.01883947090748895 Penicillium-cvjetkovicii
0 0 -0.1536558498126004 0.7422141913934868 Penicillium-chrysogenum
0 0 0.2257178760116149 0.6264958766138665 Penicillium-verrucosum
0 0 0.2236812960817167 0.629694767824369 Penicillium-polonicum
0 0 0.22945232734072082 0.6206422060075424 Penicillium-mb
0 0 -0.3503169593566572 0.44109390509320884 Penicillium-commune
0 0 0.06670721670517567 0.8870061067458714 Penicillium-solitum
0 0 -0.02184217581555005 0.9629284152226532 Penicillium-brevicompactum
0 0 0.8369746627927424 0.018839470907488866 Penicillium-cvjetkovicii
0 0 -0.15450967059821877 0.7408160123671215 Penicillium-chrysogenum
0 0 0.22572221690378405 0.6264890632464466 Penicillium-verrucosum
0 0 0.22095883354814116 0.633978172613934 Penicillium-polonicum
0 0 0.22690436864982708 0.624634370966094 Penicillium-mb
0 0 -0.34846420282142987 0.4436812483976473 Penicillium-commune
0 0 0.06404915631118097 0.8914896657152218 Penicillium-solitum
0 0 -0.021992308541931432 0.9626737256175274 Penicillium-brevicompactum
0 0 0.8369746627927415 0.01883947090748911 Penicillium-cvjetkovicii
0 0 -0.15305781722608783 0.7431938388962469 Penicillium-chrysogenum
0 0 0.22712570043060815 0.6242872954105043 Penicillium-verrucosum
0 0 0.22487964094182972 0.627811946682511 Penicillium-polonicum
0 0 0.23063708842140132 0.6187884218503827 Penicillium-mb
0 0 -0.3515617300073415 0.43935882385400304 Penicillium-commune
0 0 0.06770397190776627 0.8853254139001452 Penicillium-solitum
0 0 -0.021666012289793275 0.9632272674421989 Penicillium-brevicompactum
0 0 0.8369746627927419 0.018839470907488984 Penicillium-cvjetkovicii
0 0 -0.15534114330861476 0.7394549742501124 Penicillium-chrysogenum
0 0 0.22465429030563078 0.6281658920585862 Penicillium-verrucosum
0 0 0.22241373100415412 0.6316880818319354 Penicillium-polonicum
0 0 0.22841632250975186 0.6222645414088178 Penicillium-mb
0 0 -0.35260100867510824 0.4379121662442879 Penicillium-commune
0 0 0.06294777359989688 0.8933481337074296 Penicillium-solitum
0 0 -0.02216493903393938 0.9623808732569594 Penicillium-brevicompactum
0 0 0.8369746627927424 0.018839470907488866 Penicillium-cvjetkovicii
0 0 -0.15339987639187963 0.7426334720806144 Penicillium-chrysogenum
0 0 0.2256391579077784 0.6266194344526597 Penicillium-verrucosum
0 0 0.2238465624045453 0.6294350089341836 Penicillium-polonicum
0 0 0.22953449755050723 0.6205135834638645 Penicillium-mb
0 0 -0.3507216663235857 0.4405295010864809 Penicillium-commune
0 0 0.06740938239916461 0.8858221048003121 Penicillium-solitum
0 0 -0.021838416376566316 0.9629347928785721 Penicillium-brevicompactum
0 0 0.8369746627927415 0.01883947090748911 Penicillium-cvjetkovicii
0 0 -0.15370999059132845 0.7421255160853477 Penicillium-chrysogenum
0 0 0.22779555286787714 0.6232372205471151 Penicillium-verrucosum
0 0 0.22312736396671398 0.6305656368624005 Penicillium-polonicum
0 0 0.22863763546300728 0.6219178733344847 Penicillium-mb
0 0 -0.3583101665618855 0.4299976133405137 Penicillium-commune
0 0 0.06756011591738824 0.8855679577207758 Penicillium-solitum
0 0 -0.02168434596518475 0.9631961651594708 Penicillium-brevicompactum
0 0 0.8369746627927411 0.0188394709074892 Penicillium-cvjetkovicii
0 0 -0.15412056349798733 0.7414531267783535 Penicillium-chrysogenum
0 0 0.2211744406926923 0.6336386478099449 Penicillium-verrucosum
0 0 0.21925860794573737 0.6366573664992041 Penicillium-polonicum
0 0 0.22453272484315384 0.6283568515017006 Penicillium-mb
0 0 -0.3531573157757759 0.4371385420730806 Penicillium-commune
0 0 0.0663012344062805 0.8876907563322307 Penicillium-solitum
0 0 -0.021954565803839133 0.9627377532798331 Penicillium-brevicompactum
0 0 0.8369746627927438 0.018839470907488467 Penicillium-cvjetkovicii
0 0 -0.1557914218788131 0.7387181383733773 Penicillium-chrysogenum
0 0 0.223787958613899 0.6295271165192118 Penicillium-verrucosum
0 0 0.22185551182895516 0.63256647474522 Penicillium-polonicum
0 0 0.22792616570402113 0.6230325281087945 Penicillium-mb
0 0 -0.34605283257660047 0.44705723465587544 Penicillium-commune
0 0 0.06341372115822114 0.8925618482376907 Penicillium-solitum
0 0 -0.022364281277614938 0.9620427109581953 Penicillium-brevicompactum
0 0 0.8369746627927418 0.018839470907489022 Penicillium-cvjetkovicii
0 0 -0.15549977804180296 0.7391953662621065 Penicillium-chrysogenum
0 0 0.21796370777345128 0.638699967717796 Penicillium-verrucosum
0 0 0.21893769132562488 0.6371634168674511 Penicillium-polonicum
0 0 0.22441306735573105 0.6285448299105454 Penicillium-mb
0 0 -0.3509492746245145 0.4402121990890862 Penicillium-commune
0 0 0.06372582818691963 0.8920352074231724 Penicillium-solitum
0 0 -0.02226453980632637 0.962211910884621 Penicillium-brevicompactum
0 0 0.8369746627927415 0.01883947090748911 Penicillium-cvjetkovicii
0 0 -0.15340055632680555 0.7426323582901952 Penicillium-chrysogenum
0 0 0.22791356254887782 0.6230522785473603 Penicillium-verrucosum
0 0 0.2255323401163518 0.6267871093337378 Penicillium-polonicum
0 0 0.2312535878117881 0.6178244253623955 Penicillium-mb
0 0 -0.35432159511938954 0.43552113227712363 Penicillium-commune
0 0 0.06807314087347537 0.8847030209118834 Penicillium-solitum
0 0 -0.021579834579329934 0.9633734646752685 Penicillium-brevicompactum
0 0 0.8369746627927422 0.018839470907488883 Penicillium-cvjetkovicii
0 0 -0.1553132723262948 0.7395005875393079 Penicillium-chrysogenum
0 0 0.2209230104584694 0.6340345895451832 Penicillium-verrucosum
0 0 0.22084902320996702 0.6341511147592813 Penicillium-polonicum
0 0 0.2264763031365432 0.6253057869225338 Penicillium-mb
0 0 -0.3557556829390627 0.43353205086962243 Penicillium-commune
0 0 0.06326543710339988 0.8928120696840586 Penicillium-solitum
0 0 -0.02220562278281556 0.962311857364199 Penicillium-brevicompactum
0 0 0.8369746627927438 0.018839470907488467 Penicillium-cvjetkovicii
0 0 -0.1487873825521505 0.7501972568917502 Penicillium-chrysogenum
0 0 0.23445714486033933 0.612822181798093 Penicillium-verrucosum
0 0 0.23149543645814422 0.6174463747676598 Penicillium-polonicum
0 0 0.2368419649846168 0.6091060942660184 Penicillium-mb
0 0 -0.3563967495908715 0.43264401631092403 Penicillium-commune
0 0 0.07651092860127098 0.8704908594131995 Penicillium-solitum
0 0 -0.02093755587920981 0.9644630917316542 Penicillium-brevicompactum
0 0 0.8369746627927436 0.01883947090748852 Penicillium-cvjetkovicii
0 0 -0.15386745262112855 0.7418676273648104 Penicillium-chrysogenum
0 0 0.22775844850520555 0.6232953728837968 Penicillium-verrucosum
0 0 0.22159685693328499 0.632973600902599 Penicillium-polonicum
0 0 0.22706226650982544 0.6243867619898037 Penicillium-mb
0 0 -0.3565018094675891 0.4324985490532678 Penicillium-commune
0 0 0.06759212216702129 0.8855139939857762 Penicillium-solitum
0 0 -0.021568421790500038 0.9633928261020103 Penicillium-brevicompactum
0 0 0.8369746627927436 0.01883947090748852 Penicillium-cvjetkovicii
0 0 -0.1560995911309351 0.7382139417585125 Penicillium-chrysogenum
0 0 0.2183542295525739 0.6380837591326618 Penicillium-verrucosum
0 0 0.21801222910651177 0.6386233963810461 Penicillium-polonicum
0 0 0.22358145948140784 0.6298517016305677 Penicillium-mb
0 0 -0.350762866720635 0.4404720584072362 Penicillium-commune
0 0 0.06252463845669197 0.8940622335191342 Penicillium-solitum
0 0 -0.02256893415690007 0.9616955444551234 Penicillium-brevicompactum
0 0 0.8369746627927405 0.018839470907489393 Penicillium-cvjetkovicii
0 0 -0.16227254080085474 0.7281302606589 Penicillium-chrysogenum
0 0 0.2117925644511453 0.6484592326392176 Penicillium-verrucosum
0 0 0.208746925241702 0.6532905797124345 Penicillium-polonicum
0 0 0.21502682613707055 0.6433393793140749 Penicillium-mb
0 0 -0.3421982449427795 0.45247371057920804 Penicillium-commune
0 0 0.050650002519978955 0.9141241380459176 Penicillium-solitum
0 0 -0.024312195150151907 0.9587385326163256 Penicillium-brevicompactum
0 0 0.8369746627927425 0.01883947090748882 Penicillium-cvjetkovicii
0 0 -0.15968019996475652 0.7323612014803835 Penicillium-chrysogenum
0 0 0.2144157002582678 0.6443059424279682 Penicillium-verrucosum
0 0 0.21347802225125032 0.6457897579559276 Penicillium-polonicum
0 0 0.21929327413274793 0.6366027084305876 Penicillium-mb
0 0 -0.3525791366756111 0.4379425930014012 Penicillium-commune
0 0 0.05591630159526681 0.9052218686204521 Penicillium-solitum
0 0 -0.02336299176997157 0.9603485768504106 Penicillium-brevicompactum
0 0 0.8369746627927422 0.018839470907488883 Penicillium-cvjetkovicii
0 0 -0.15161741737962164 0.7455545116309101 Penicillium-chrysogenum
0 0 0.22833412407034573 0.6223933124613751 Penicillium-verrucosum
0 0 0.2272587217422113 0.6240787281191205 Penicillium-polonicum
0 0 0.23286497465571557 0.6153068210188638 Penicillium-mb
0 0 -0.34792260197213687 0.44443866461673115 Penicillium-commune
0 0 0.07174908161257783 0.8785082556549628 Penicillium-solitum
0 0 -0.021561798136657925 0.963404062922862 Penicillium-brevicompactum
0 0 0.8369746627927415 0.01883947090748911 Penicillium-cvjetkovicii
0 0 -0.15714273007905583 0.7365078133750479 Penicillium-chrysogenum
0 0 0.21691511730963772 0.6403553667331081 Penicillium-verrucosum
0 0 0.2172245397495661 0.6398667611273411 Penicillium-polonicum
0 0 0.22309955988071137 0.6306093582555219 Penicillium-mb
0 0 -0.3442146701870645 0.4496371750211697 Penicillium-commune
0 0 0.06048627175726073 0.8975030532487063 Penicillium-solitum
0 0 -0.02271011082422247 0.9614560597406925 Penicillium-brevicompactum
0 0 0.8369746627927424 0.018839470907488866 Penicillium-cvjetkovicii
0 0 -0.1556242137615378 0.7389917392213365 Penicillium-chrysogenum
0 0 0.2236362272386086 0.6297656104641112 Penicillium-verrucosum
0 0 0.22151892533708897 0.6330962806823376 Penicillium-polonicum
0 0 0.2274587107879743 0.6237651980541504 Penicillium-mb
0 0 -0.34868521270764413 0.4433723113486479 Penicillium-commune
0 0 0.06367211131723305 0.8921258455478707 Penicillium-solitum
0 0 -0.022342154622085664 0.9620802461850602 Penicillium-brevicompactum
0 0 0.8369746627927421 0.018839470907488914 Penicillium-cvjetkovicii
0 0 -0.15609695502573112 0.7382182543819203 Penicillium-chrysogenum
0 0 0.2240563350679993 0.6291053404963949 Penicillium-verrucosum
0 0 0.22106003628473941 0.6338187984435072 Penicillium-polonicum
0 0 0.2268974827914656 0.6246451697266506 Penicillium-mb
0 0 -0.3601241389218695 0.42749450912061443 Penicillium-commune
0 0 0.061627796059972255 0.8955759683027684 Penicillium-solitum
0 0 -0.02200072323624694 0.9626594507553189 Penicillium-brevicompactum
0 0 0.836974662792742 0.01883947090748895 Penicillium-cvjetkovicii
0 0 -0.15523217179502347 0.739633319072381 Penicillium-chrysogenum
0 0 0.22853103519715187 0.6220848467316891 Penicillium-verrucosum
0 0 0.2256695429447234 0.6265717405419111 Penicillium-polonicum
0 0 0.2319262197497539 0.6167731533822982 Penicillium-mb
0 0 -0.35084385405746654 0.44035915200570225 Penicillium-commune
0 0 0.06453961578674972 0.8906621933832106 Penicillium-solitum
0 0 -0.021712437325642823 0.9631485094605248 Penicillium-brevicompactum
0 0 0.8369746627927438 0.018839470907488467 Penicillium-cvjetkovicii
0 0 -0.1547704143705335 0.7403891427675219 Penicillium-chrysogenum
0 0 0.22527310757584854 0.6271940870007207 Penicillium-verrucosum
0 0 0.21705116513636902 0.6401405223643202 Penicillium-polonicum
0 0 0.22263512825129675 0.6313397946301302 Penicillium-mb
0 0 -0.3482595284861545 0.4439674233841463 Penicillium-commune
0 0 0.06511365675274923 0.8896938078873253 Penicillium-solitum
0 0 -0.02192447803375467 0.9627887949897282 Penicillium-brevicompactum
0 0 0.836974662792742 0.01883947090748895 Penicillium-cvjetkovicii
0 0 -0.15327084014667108 0.742844850728803 Penicillium-chrysogenum
0 0 0.22234534870310863 0.6317956671955565 Penicillium-verrucosum
0 0 0.22312317830662112 0.630572218678039 Penicillium-polonicum
0 0 0.2285099226075083 0.6221179179782903 Penicillium-mb
0 0 -0.3531466878902256 0.4371533167828475 Penicillium-commune
0 0 0.06789054860548133 0.8850108527955202 Penicillium-solitum
0 0 -0.0217530237532146 0.9630796566099331 Penicillium-brevicompactum
0 0 0.8369746627927436 0.01883947090748852 Penicillium-cvjetkovicii
0 0 -0.15267930563699836 0.7438140277005525 Penicillium-chrysogenum
0 0 0.22939757382907283 0.6207279169521511 Penicillium-verrucosum
0 0 0.2265861161185055 0.6251335268457183 Penicillium-polonicum
0 0 0.2323356181469264 0.6161335495768694 Penicillium-mb
0 0 -0.35342918369312387 0.4367606604465246 Penicillium-commune
0 0 0.06914867902797567 0.8828900086584897 Penicillium-solitum
0 0 -0.021514394236262977 0.9634844822925547 Penicillium-brevicompactum
0 0 0.8369746627927424 0.018839470907488866 Penicillium-cvjetkovicii
0 0 -0.15676182857828813 0.7371307056402343 Penicillium-chrysogenum
0 0 0.2237533926422173 0.6295814456499786 Penicillium-verrucosum
0 0 0.22170910504162986 0.6327969118778417 Penicillium-polonicum
0 0 0.22767061037416467 0.6234330446332361 Penicillium-mb
0 0 -0.35517357637851216 0.43433901410309594 Penicillium-commune
0 0 0.062108051942853286 0.8947653371916495 Penicillium-solitum
0 0 -0.022221904675655674 0.9622842368211371 Penicillium-brevicompactum
0 0 0.8369746627927419 0.018839470907488984 Penicillium-cvjetkovicii
0 0 -0.15463021062919938 0.7406186669476552 Penicillium-chrysogenum
0 0 0.22452588371426627 0.6283675982849148 Penicillium-verrucosum
0 0 0.2214563524911033 0.6331947875811579 Penicillium-polonicum
0 0 0.22731173778650918 0.6239956085549221 Penicillium-mb
0 0 -0.34734100140515545 0.4452525621041164 Penicillium-commune
0 0 0.06504400461579159 0.8898113026260536 Penicillium-solitum
0 0 -0.02200717755730984 0.9626485015163879 Penicillium-brevicompactum
0 0 0.8369746627927424 0.018839470907488866 Penicillium-cvjetkovicii
0 0 -0.15496576854676292 0.7400693586612308 Penicillium-chrysogenum
0 0 0.22318711255830068 0.6304716862430857 Penicillium-verrucosum
0 0 0.22085208764884304 0.6341462883435898 Penicillium-polonicum
0 0 0.2267426172251296 0.6248880520405938 Penicillium-mb
0 0 -0.34399972964340436 0.44993921703160944 Penicillium-commune
0 0 0.06473712653731653 0.8903289879383345 Penicillium-solitum
0 0 -0.02218198124831169 0.9623519628296322 Penicillium-brevicompactum
0 0 0.8369746627927424 0.018839470907488866 Penicillium-cvjetkovicii
0 0 -0.15777614588528027 0.7354722358226409 Penicillium-chrysogenum
0 0 0.21995119651190162 0.6355656127606142 Penicillium-verrucosum
0 0 0.21653224831775433 0.6409600938975126 Penicillium-polonicum
0 0 0.2225566051592853 0.6314633156589469 Penicillium-mb
0 0 -0.34766847533517475 0.44479422282623304 Penicillium-commune
0 0 0.05897425537162611 0.9000562067210934 Penicillium-solitum
0 0 -0.022942404721486318 0.9610620135456462 Penicillium-brevicompactum
0 0 0.8369746627927424 0.018839470907488866 Penicillium-cvjetkovicii
0 0 -0.15522884953111954 0.739638756497493 Penicillium-chrysogenum
0 0 0.21985729137674034 0.6357136083194649 Penicillium-verrucosum
0 0 0.21922989193863357 0.6367026439292764 Penicillium-polonicum
0 0 0.22474811636682576 0.6280185179397069 Penicillium-mb
0 0 -0.35259532782438274 0.43792006895912383 Penicillium-commune
0 0 0.06375384708726398 0.8919879306425594 Penicillium-solitum
0 0 -0.022199523051965257 0.9623222049328726 Penicillium-brevicompactum
0 0 0.8369746627927418 0.018839470907489022 Penicillium-cvjetkovicii
0 0 -0.15648441045450578 0.7375844424593889 Penicillium-chrysogenum
0 0 0.22238442275746184 0.6317341916453394 Penicillium-verrucosum
0 0 0.2205116394701172 0.6346825488046368 Penicillium-polonicum
0 0 0.22641916585405578 0.6253954216903053 Penicillium-mb
0 0 -0.35232304127208225 0.4382989143581887 Penicillium-commune
0 0 0.06206347771119688 0.8948405716492114 Penicillium-solitum
0 0 -0.022346102317543155 0.9620735493874013 Penicillium-brevicompactum
0 0 0.8369746627927418 0.018839470907489022 Penicillium-cvjetkovicii
0 0 -0.15217271765441756 0.7446442410890333 Penicillium-chrysogenum
0 0 0.23075959293739595 0.6185968316112211 Penicillium-verrucosum
0 0 0.2286087663786324 0.621963091172289 Penicillium-polonicum
0 0 0.23448781204131572 0.6127743533771881 Penicillium-mb
0 0 -0.35120566279348264 0.4398548797761876 Penicillium-commune
0 0 0.07016744173169591 0.8811730762934409 Penicillium-solitum
0 0 -0.021539844879599306 0.9634413059688625 Penicillium-brevicompactum
0 0 0.8369746627927412 0.01883947090748917 Penicillium-cvjetkovicii
0 0 -0.15758830868245577 0.7357792995102699 Penicillium-chrysogenum
0 0 0.22235834702424476 0.6317752166365241 Penicillium-verrucosum
0 0 0.22004480227122675 0.6354180986116744 Penicillium-polonicum
0 0 0.22593634659423892 0.6261529962689578 Penicillium-mb
0 0 -0.3609721898337903 0.4263262117984796 Penicillium-commune
0 0 0.05982903484948198 0.8986127618918976 Penicillium-solitum
0 0 -0.022209966624553178 0.9623044884841374 Penicillium-brevicompactum
0 0 0.836974662792743 0.01883947090748868 Penicillium-cvjetkovicii
0 0 -0.15354924302104553 0.7423888055935834 Penicillium-chrysogenum
0 0 0.22715390677641914 0.6242430683416533 Penicillium-verrucosum
0 0 0.22570922944675254 0.626509448131884 Penicillium-polonicum
0 0 0.231447022891068 0.6175220480440538 Penicillium-mb
0 0 -0.35480242304056514 0.4348538360872165 Penicillium-commune
0 0 0.06760306526454092 0.8854955435944193 Penicillium-solitum
0 0 -0.021688187627237183 0.9631896479516254 Penicillium-brevicompactum
0 0 0.8369746627927418 0.018839470907489022 Penicillium-cvjetkovicii
0 0 -0.15371451848462228 0.7421181001083248 Penicillium-chrysogenum
0 0 0.2256981163847365 0.6265268911496511 Penicillium-verrucosum
0 0 0.22142362664469983 0.6332463087947489 Penicillium-polonicum
0 0 0.22693612787756187 0.6245845651870958 Penicillium-mb
0 0 -0.35333723173220166 0.43688845474952803 Penicillium-commune
0 0 0.06696701694962234 0.8865680082451808 Penicillium-solitum
0 0 -0.022050216326888764 0.9625754898090206 Penicillium-brevicompactum
0 0 0.8369746627927425 0.01883947090748882 Penicillium-cvjetkovicii
0 0 -0.1526377464743171 0.7438821288340494 Penicillium-chrysogenum
0 0 0.2288812790030788 0.6215362904904229 Penicillium-verrucosum
0 0 0.22649480583442758 0.6252767613889647 Penicillium-polonicum
0 0 0.23238574960885355 0.6160552423595642 Penicillium-mb
0 0 -0.34289397152145473 0.4514942675265164 Penicillium-commune
0 0 0.07022175033858806 0.8810815597208169 Penicillium-solitum
0 0 -0.02212549766169378 0.9624477817609105 Penicillium-brevicompactum
0 0 0.8369746627927425 0.01883947090748882 Penicillium-cvjetkovicii
2 2 -0.1561790128417515 0.7380840117457903 Penicillium-chrysogenum
2 2 0.21765666849378043 0.6391845643878689 Penicillium-verrucosum
2 2 0.21930780196808214 0.6365798028274336 Penicillium-polonicum
2 2 0.2247489294536417 0.6280172408539408 Penicillium-mb
2 2 -0.35943254781978157 0.4284481743493662 Penicillium-commune
2 2 0.06195872856849416 0.8950173745817499 Penicillium-solitum
2 2 -0.02197263066934194 0.9627071076002398 Penicillium-brevicompactum
2 2 0.8369746627927419 0.018839470907488984 Penicillium-cvjetkovicii
0 0 -0.15500190917185447 0.7400102016943368 Penicillium-chrysogenum
0 0 0.22496059283138833 0.6276848140050102 Penicillium-verrucosum
0 0 0.22318462850953297 0.630475592162971 Penicillium-polonicum
0 0 0.22898509596078973 0.6213737178055618 Penicillium-mb
0 0 -0.35625153271884913 0.43284511627887123 Penicillium-commune
0 0 0.06445569551576118 0.890803772799244 Penicillium-solitum
0 0 -0.021960206524313162 0.9627281842197655 Penicillium-brevicompactum
0 0 0.8369746627927428 0.01883947090748874 Penicillium-cvjetkovicii
0 0 -0.15507761096611888 0.7398862921272444 Penicillium-chrysogenum
0 0 0.2232976894396331 0.6302978220107158 Penicillium-verrucosum
0 0 0.22137059062365919 0.633329807384188 Penicillium-polonicum
0 0 0.22710215093245859 0.6243242213082114 Penicillium-mb
0 0 -0.35181181285661567 0.4390105473463884 Penicillium-commune
0 0 0.06453892320657452 0.8906633618053642 Penicillium-solitum
0 0 -0.02214813323444724 0.9624093826619767 Penicillium-brevicompactum
0 0 0.8369746627927414 0.018839470907489136 Penicillium-cvjetkovicii
0 0 -0.1553826455872014 0.739387053282867 Penicillium-chrysogenum
0 0 0.22179034881658594 0.6326690352285895 Penicillium-verrucosum
0 0 0.22224068723481932 0.631960340299316 Penicillium-polonicum
0 0 0.22779839624945963 0.6232327642813067 Penicillium-mb
0 0 -0.3593238783510786 0.42859809774597024 Penicillium-commune
0 0 0.06418909407174776 0.8912535635306895 Penicillium-solitum
0 0 -0.022010158560165787 0.9626434444852865 Penicillium-brevicompactum
0 0 0.836974662792742 0.01883947090748895 Penicillium-cvjetkovicii
0 0 -0.1560924086569175 0.7382256921770181 Penicillium-chrysogenum
0 0 0.22139303147418993 0.6332944766910451 Penicillium-verrucosum
0 0 0.2191212307832222 0.6368739815147915 Penicillium-polonicum
0 0 0.22477530417197908 0.6279758154470182 Penicillium-mb
0 0 -0.3578364630022318 0.4306522019743009 Penicillium-commune
0 0 0.06172238422131261 0.8954163057942123 Penicillium-solitum
0 0 -0.022297487737492284 0.9621560183865089 Penicillium-brevicompactum
0 0 0.836974662792742 0.01883947090748895 Penicillium-cvjetkovicii
0 0 -0.15599437734197327 0.7383860739694847 Penicillium-chrysogenum
0 0 0.2216764839169894 0.6328482591504321 Penicillium-verrucosum
0 0 0.22032023197875722 0.6349841020583737 Penicillium-polonicum
0 0 0.2261309689871467 0.6258475897080572 Penicillium-mb
0 0 -0.35106406613192814 0.4400522045339713 Penicillium-commune
0 0 0.06284950855403049 0.8935139646407907 Penicillium-solitum
0 0 -0.022323550748907676 0.9621118054757579 Penicillium-brevicompactum
0 0 0.836974662792743 0.01883947090748868 Penicillium-cvjetkovicii
0 0 -0.15427650283265404 0.7411977814251773 Penicillium-chrysogenum
0 0 0.2265322385555706 0.6252180411446813 Penicillium-verrucosum
0 0 0.22439369394448042 0.6285752664725035 Penicillium-polonicum
0 0 0.2302406191151848 0.6194085953026858 Penicillium-mb
0 0 -0.3533982573533766 0.43680364010569295 Penicillium-commune
0 0 0.06598900484703946 0.8882173388539402 Penicillium-solitum
0 0 -0.02196664652869076 0.9627172592387327 Penicillium-brevicompactum
0 0 0.836974662792743 0.01883947090748868 Penicillium-cvjetkovicii
0 0 -0.15238173887624226 0.7443016662376376 Penicillium-chrysogenum
0 0 0.22873199540117364 0.621770083330478 Penicillium-verrucosum
0 0 0.22595296540052082 0.6261269159440243 Penicillium-polonicum
0 0 0.23169272111363629 0.6171380349554929 Penicillium-mb
0 0 -0.3484193733096687 0.44374392291562187 Penicillium-commune
0 0 0.06983865725840595 0.8817271403268395 Penicillium-solitum
0 0 -0.021753748802458884 0.9630784266017016 Penicillium-brevicompactum
0 0 0.8369746627927418 0.018839470907489022 Penicillium-cvjetkovicii
0 0 -0.1513470106566787 0.7459978584661342 Penicillium-chrysogenum
0 0 0.23028990042618847 0.6193314976988731 Penicillium-verrucosum
0 0 0.22836163993270683 0.6223502056018339 Penicillium-polonicum
0 0 0.23403050904669628 0.6134876745962949 Penicillium-mb
0 0 -0.35002510074748927 0.4415011007529225 Penicillium-commune
0 0 0.07198984897377916 0.8781026790410196 Penicillium-solitum
0 0 -0.021529869165288002 0.9634582294882068 Penicillium-brevicompactum
0 0 0.8369746627927419 0.018839470907488984 Penicillium-cvjetkovicii
0 0 -0.15063008019530272 0.7471735751675301 Penicillium-chrysogenum
0 0 0.23449208165307248 0.6127676945932237 Penicillium-verrucosum
0 0 0.23106737439786845 0.6181155542916263 Penicillium-polonicum
0 0 0.23679809328575963 0.6091743962812718 Penicillium-mb
0 0 -0.35655115916978736 0.4324302252832301 Penicillium-commune
0 0 0.0729171660207058 0.876540796773722 Penicillium-solitum
0 0 -0.021037400321608148 0.9642937025210482 Penicillium-brevicompactum
0 0 0.836974662792742 0.01883947090748895 Penicillium-cvjetkovicii
0 0 -0.15737378265665553 0.7361300265035393 Penicillium-chrysogenum
0 0 0.21852260429732612 0.6378181298279783 Penicillium-verrucosum
0 0 0.21861669777354673 0.6376697006384362 Penicillium-polonicum
0 0 0.22429612160975543 0.6287285636619758 Penicillium-mb
0 0 -0.36062776779026146 0.42680054814034357 Penicillium-commune
0 0 0.05952465510925697 0.899126735069184 Penicillium-solitum
0 0 -0.022336359081649857 0.9620900776360217 Penicillium-brevicompactum
0 0 0.8369746627927434 0.018839470907488592 Penicillium-cvjetkovicii
0 0 -0.1478544084174646 0.7517291459049615 Penicillium-chrysogenum
0 0 0.23589765442904664 0.6105767495031145 Penicillium-verrucosum
0 0 0.23397068120804063 0.613581014612268 Penicillium-polonicum
0 0 0.23930643718472294 0.6052728942635752 Penicillium-mb
0 0 -0.3543523813768496 0.43547839520920645 Penicillium-commune
0 0 0.07908555378520543 0.8661596654459761 Penicillium-solitum
0 0 -0.02049801993785751 0.9652087907341366 Penicillium-brevicompactum
0 0 0.8369746627927418 0.018839470907489022 Penicillium-cvjetkovicii
0 0 -0.15398138343108356 0.7416810453293097 Penicillium-chrysogenum
0 0 0.22376533100802712 0.629562681351118 Penicillium-verrucosum
0 0 0.2189564929409501 0.6371337656873959 Penicillium-polonicum
0 0 0.22442605842125934 0.6285244205551852 Penicillium-mb
0 0 -0.3485000489126704 0.4436311356800777 Penicillium-commune
0 0 0.06651297151814081 0.8873336753755561 Penicillium-solitum
0 0 -0.021934879696599106 0.9627711493150922 Penicillium-brevicompactum
0 0 0.8369746627927415 0.01883947090748911 Penicillium-cvjetkovicii
0 0 -0.15362908468475067 0.7422580299075737 Penicillium-chrysogenum
0 0 0.22370071163840066 0.6296642496688574 Penicillium-verrucosum
0 0 0.22323216177503294 0.6304008520120091 Penicillium-polonicum
0 0 0.22881106970653237 0.6216462420225592 Penicillium-mb
0 0 -0.35359017351886474 0.4365369520042258 Penicillium-commune
0 0 0.06658985955150769 0.8872040124236651 Penicillium-solitum
0 0 -0.021858430881190643 0.9629008395263803 Penicillium-brevicompactum
0 0 0.8369746627927415 0.01883947090748911 Penicillium-cvjetkovicii
2 2 -0.15579547248403053 0.7387115106832799 Penicillium-chrysogenum
2 2 0.21487707158425914 0.6435761957830628 Penicillium-verrucosum
2 2 0.2162856915611198 0.6413496045731504 Penicillium-polonicum
2 2 0.2215927192032985 0.632980114341767 Penicillium-mb
2 2 -0.3502257241674528 0.4412211794297474 Penicillium-commune
2 2 0.06272545190801986 0.8937233255793945 Penicillium-solitum
2 2 -0.022439921991528257 0.9619143959478541 Penicillium-brevicompactum
2 2 0.8369746627927419 0.018839470907488984 Penicillium-cvjetkovicii
0 0 -0.15708076969543439 0.7366091300452595 Penicillium-chrysogenum
0 0 0.22322960947415937 0.6304048651242367 Penicillium-verrucosum
0 0 0.21859571847920115 0.6377027939132358 Penicillium-polonicum
0 0 0.22455175524205015 0.6283269567726157 Penicillium-mb
0 0 -0.35529620894801345 0.4341689632422618 Penicillium-commune
0 0 0.0601165299696104 0.8981273258238437 Penicillium-solitum
0 0 -0.02229815225131936 0.962154891114029 Penicillium-brevicompactum
0 0 0.8369746627927424 0.018839470907488866 Penicillium-cvjetkovicii
0 0 -0.15272691248820766 0.7437360181225325 Penicillium-chrysogenum
0 0 0.2285009786370489 0.6221319281718727 Penicillium-verrucosum
0 0 0.22638456856269562 0.6254496983707009 Penicillium-polonicum
0 0 0.23239405406719774 0.6160422707645266 Penicillium-mb
0 0 -0.34431661959801413 0.4494939387088058 Penicillium-commune
0 0 0.0686222453255458 0.8837773565916146 Penicillium-solitum
0 0 -0.02168158787375161 0.9632008441392306 Penicillium-brevicompactum
0 0 0.836974662792742 0.01883947090748895 Penicillium-cvjetkovicii
0 0 -0.14378034250967853 0.7584260674326739 Penicillium-chrysogenum
0 0 0.24277504579004802 0.599890069333286 Penicillium-verrucosum
0 0 0.2419359526871657 0.6011909157097359 Penicillium-polonicum
0 0 0.2472685889255932 0.5929381660118218 Penicillium-mb
0 0 -0.35116917571891815 0.4399057238314861 Penicillium-commune
0 0 0.08683045967853244 0.8531470976839823 Penicillium-solitum
0 0 -0.019977400978294316 0.966092077977112 Penicillium-brevicompactum
0 0 0.8369746627927436 0.01883947090748852 Penicillium-cvjetkovicii
0 0 -0.15238339676483686 0.744298949178826 Penicillium-chrysogenum
0 0 0.22829045768210834 0.6224617227933615 Penicillium-verrucosum
0 0 0.22438902662186155 0.6285825991235644 Penicillium-polonicum
0 0 0.22995619644351004 0.6198536113517372 Penicillium-mb
0 0 -0.35149599709264406 0.4394503838379874 Penicillium-commune
0 0 0.06957009404208764 0.8821797486192307 Penicillium-solitum
0 0 -0.021646072144664897 0.9632610950730446 Penicillium-brevicompactum
0 0 0.8369746627927422 0.018839470907488883 Penicillium-cvjetkovicii
0 0 -0.15491312752547698 0.7401555262078914 Penicillium-chrysogenum
0 0 0.21907575518556843 0.6369456915364318 Penicillium-verrucosum
0 0 0.21903870356675992 0.6370041195332988 Penicillium-polonicum
0 0 0.2245020156353961 0.6284050932462371 Penicillium-mb
0 0 -0.35000760939729036 0.44152550887565667 Penicillium-commune
0 0 0.06453875443024006 0.8906636465406652 Penicillium-solitum
0 0 -0.02198278333261667 0.9626898843900131 Penicillium-brevicompactum
0 0 0.8369746627927415 0.01883947090748911 Penicillium-cvjetkovicii
0 0 -0.15355368379856404 0.7423815317464388 Penicillium-chrysogenum
0 0 0.22576377412740653 0.6264238370243157 Penicillium-verrucosum
0 0 0.22423363616771935 0.6288267409359996 Penicillium-polonicum
0 0 0.22988714103686614 0.6199616713798792 Penicillium-mb
0 0 -0.3531857437507238 0.4370990229091786 Penicillium-commune
0 0 0.06739725677937722 0.8858425497677442 Penicillium-solitum
0 0 -0.021756200686050442 0.9630742671094856 Penicillium-brevicompactum
0 0 0.836974662792742 0.01883947090748895 Penicillium-cvjetkovicii
0 0 -0.1539752335184736 0.741691116652093 Penicillium-chrysogenum
0 0 0.22334794836578006 0.6302188024713136 Penicillium-verrucosum
0 0 0.22199449874005336 0.6323477379860227 Penicillium-polonicum
0 0 0.22760006781454944 0.6235436147411244 Penicillium-mb
0 0 -0.3498332599468234 0.44176883092510943 Penicillium-commune
0 0 0.06650172425830632 0.8873526427718058 Penicillium-solitum
0 0 -0.021953895038384776 0.9627388911834552 Penicillium-brevicompactum
0 0 0.8369746627927419 0.018839470907488984 Penicillium-cvjetkovicii
0 0 -0.15550258850391852 0.7391907670784681 Penicillium-chrysogenum
0 0 0.22721370698613502 0.6241493055981775 Penicillium-verrucosum
0 0 0.2252011775390039 0.6273070256415185 Penicillium-polonicum
0 0 0.23139551906820394 0.6176025545241377 Penicillium-mb
0 0 -0.35027079453838794 0.44115830390768207 Penicillium-commune
0 0 0.06450183974970373 0.8907259239363339 Penicillium-solitum
0 0 -0.02184028725214996 0.96293161905356 Penicillium-brevicompactum
0 0 0.8369746627927418 0.018839470907489022 Penicillium-cvjetkovicii
0 0 -0.15155026181890488 0.7456646116959531 Penicillium-chrysogenum
0 0 0.22832371768454013 0.6224096155214967 Penicillium-verrucosum
0 0 0.2268165168508852 0.6247721487201722 Penicillium-polonicum
0 0 0.2322018046257938 0.6163425854611184 Penicillium-mb
0 0 -0.35846322187399415 0.4297861951106564 Penicillium-commune
0 0 0.0707916073587781 0.8801213453035313 Penicillium-solitum
0 0 -0.021414338028097706 0.9636542256133629 Penicillium-brevicompactum
0 0 0.8369746627927415 0.01883947090748911 Penicillium-cvjetkovicii
0 0 -0.1538269486565733 0.7419339622579675 Penicillium-chrysogenum
0 0 0.2219737986872517 0.6323803142544666 Penicillium-verrucosum
0 0 0.22137635436978984 0.6333207329361641 Penicillium-polonicum
0 0 0.22675314728093746 0.6248715364472583 Penicillium-mb
0 0 -0.35198408651348556 0.43877069239760536 Penicillium-commune
0 0 0.06716907051109308 0.8862273032600976 Penicillium-solitum
0 0 -0.021911291677278816 0.9628111647146524 Penicillium-brevicompactum
0 0 0.8369746627927419 0.018839470907488984 Penicillium-cvjetkovicii
0 0 -0.1582225650861921 0.7347425719857275 Penicillium-chrysogenum
0 0 0.21776185158079966 0.639018543602258 Penicillium-verrucosum
0 0 0.21297930708290566 0.6465793235337647 Penicillium-polonicum
0 0 0.21886348282481133 0.6372804515035946 Penicillium-mb
0 0 -0.3437295431920669 0.4503190003416956 Penicillium-commune
0 0 0.05846406087374209 0.9009178640751476 Penicillium-solitum
0 0 -0.02305626884853138 0.9608688651560569 Penicillium-brevicompactum
0 0 0.8369746627927418 0.018839470907489022 Penicillium-cvjetkovicii
0 0 -0.15587036751704203 0.7385889680865472 Penicillium-chrysogenum
0 0 0.2237700387700702 0.6295552819016645 Penicillium-verrucosum
0 0 0.22138979830210137 0.6332995669368282 Penicillium-polonicum
0 0 0.22730171611146563 0.624011320485107 Penicillium-mb
0 0 -0.3525251047599748 0.4380177617731229 Penicillium-commune
0 0 0.062970483331499 0.8933098094713409 Penicillium-solitum
0 0 -0.022141621883581552 0.962420428544264 Penicillium-brevicompactum
0 0 0.8369746627927415 0.01883947090748911 Penicillium-cvjetkovicii
0 0 -0.15026732518973773 0.747768617085889 Penicillium-chrysogenum
0 0 0.22958214188725545 0.6204390084239559 Penicillium-verrucosum
0 0 0.2297429031174657 0.6201873968463549 Penicillium-polonicum
0 0 0.23522991918478342 0.6116172990539004 Penicillium-mb
0 0 -0.3525010000010576 0.438051297704481 Penicillium-commune
0 0 0.07347757561410222 0.8755970517272235 Penicillium-solitum
0 0 -0.021223342295100586 0.9639782490136334 Penicillium-brevicompactum
0 0 0.8369746627927419 0.018839470907488984 Penicillium-cvjetkovicii
0 0 -0.1552931244194169 0.7395335617211245 Penicillium-chrysogenum
0 0 0.22298211910170238 0.630794041078246 Penicillium-verrucosum
0 0 0.22214175845871514 0.6321160047671052 Penicillium-polonicum
0 0 0.2279320598019245 0.6230232915136165 Penicillium-mb
0 0 -0.3517897734766864 0.43904123615403756 Penicillium-commune
0 0 0.06441267938697472 0.8908763449369773 Penicillium-solitum
0 0 -0.021872275482050806 0.9628773530551571 Penicillium-brevicompactum
0 0 0.8369746627927424 0.018839470907488866 Penicillium-cvjetkovicii
0 0 -0.15101794937752147 0.7465374478425857 Penicillium-chrysogenum
0 0 0.230680586720402 0.6187203909693179 Penicillium-verrucosum
0 0 0.22887470446928174 0.621546586326385 Penicillium-polonicum
0 0 0.23444689030153582 0.6128381750132628 Penicillium-mb
0 0 -0.3537474959243254 0.4363183819178278 Penicillium-commune
0 0 0.07235912133917541 0.8774806748298088 Penicillium-solitum
0 0 -0.02130815473470616 0.9638343646033596 Penicillium-brevicompactum
0 0 0.8369746627927415 0.01883947090748911 Penicillium-cvjetkovicii
0 0 -0.15395600271214735 0.7417226099159924 Penicillium-chrysogenum
0 0 0.22497761588668952 0.6276580807038258 Penicillium-verrucosum
0 0 0.22359409529456648 0.6298318387015169 Penicillium-polonicum
0 0 0.2294848599884685 0.6205912811359698 Penicillium-mb
0 0 -0.3488511427823791 0.44314042063883036 Penicillium-commune
0 0 0.0656173102137553 0.8888442532383259 Penicillium-solitum
0 0 -0.022113749223971677 0.9624677118922336 Penicillium-brevicompactum
0 0 0.8369746627927415 0.01883947090748911 Penicillium-cvjetkovicii
0 0 -0.15333780277823716 0.7427351553678707 Penicillium-chrysogenum
0 0 0.2240150248098526 0.6291702578053504 Penicillium-verrucosum
0 0 0.22411692416317092 0.6290101307503568 Penicillium-polonicum
0 0 0.2296035006058936 0.620405577643938 Penicillium-mb
0 0 -0.35346870379352363 0.43670574001398904 Penicillium-commune
0 0 0.06804361437173265 0.8847527987922817 Penicillium-solitum
0 0 -0.022102137323910694 0.9624874104153918 Penicillium-brevicompactum
0 0 0.8369746627927425 0.01883947090748882 Penicillium-cvjetkovicii
2 2 -0.15152411234431834 0.745707484115313 Penicillium-chrysogenum
2 2 0.22314257192779546 0.6305417229969421 Penicillium-verrucosum
2 2 0.22334474598856066 0.6302238373217148 Penicillium-polonicum
2 2 0.2283722327064459 0.6223336109948634 Penicillium-mb
2 2 -0.35212136574693503 0.4385795954973899 Penicillium-commune
2 2 0.07163587023989604 0.8786989693975992 Penicillium-solitum
2 2 -0.021686933300581374 0.9631917758605154 Penicillium-brevicompactum
2 2 0.8369746627927421 0.018839470907488914 Penicillium-cvjetkovicii
0 0 -0.1527694159803487 0.7436663724870411 Penicillium-chrysogenum
0 0 0.23283284375936197 0.6153569926059788 Penicillium-verrucosum
0 0 0.22755117377942036 0.6236202557259003 Penicillium-polonicum
0 0 0.23359176640312226 0.6141722723564129 Penicillium-mb
0 0 -0.3481276320419657 0.4441518774677331 Penicillium-commune
0 0 0.06973982389949286 0.8818937007388233 Penicillium-solitum
0 0 -0.02156505824692241 0.9633985322475188 Penicillium-brevicompactum
0 0 0.8369746627927424 0.018839470907488866 Penicillium-cvjetkovicii
0 0 -0.15225111949437187 0.7445157406489739 Penicillium-chrysogenum
0 0 0.22484180258044126 0.6278713732785391 Penicillium-verrucosum
0 0 0.2252655244199286 0.6272059931771321 Penicillium-polonicum
0 0 0.2308374969522442 0.6184750029976875 Penicillium-mb
0 0 -0.34522169630677363 0.4482230798865061 Penicillium-commune
0 0 0.07027324989531833 0.8809947777095173 Penicillium-solitum
0 0 -0.02199495326651925 0.9626692390509517 Penicillium-brevicompactum
0 0 0.8369746627927419 0.018839470907488984 Penicillium-cvjetkovicii
2 2 -0.15674042300331884 0.7371657138017775 Penicillium-chrysogenum
2 2 0.2117491016562091 0.6485281099210775 Penicillium-verrucosum
2 2 0.21570039401824312 0.6422745200522788 Penicillium-polonicum
2 2 0.22117122327207475 0.6336437140298332 Penicillium-mb
2 2 -0.34698501977424645 0.44575100314193294 Penicillium-commune
2 2 0.060797861547353886 0.8969769972203328 Penicillium-solitum
2 2 -0.022659658851060884 0.9615416435652624 Penicillium-brevicompactum
2 2 0.8369746627927422 0.018839470907488883 Penicillium-cvjetkovicii
0 0 -0.1548596386869051 0.7402430837503018 Penicillium-chrysogenum
0 0 0.2306689802972426 0.618738543081226 Penicillium-verrucosum
0 0 0.22779763035115885 0.6232339646280614 Penicillium-polonicum
0 0 0.23405364338396378 0.6134515828214421 Penicillium-mb
0 0 -0.35493515526048597 0.434669698202588 Penicillium-commune
0 0 0.06553440378512652 0.8889840926849403 Penicillium-solitum
0 0 -0.021543173711718457 0.9634356587010299 Penicillium-brevicompactum
0 0 0.8369746627927419 0.018839470907488984 Penicillium-cvjetkovicii
0 0 -0.15502386985773237 0.7399742557309432 Penicillium-chrysogenum
0 0 0.2221042551263167 0.6321750190975797 Penicillium-verrucosum
0 0 0.2205670483714878 0.6345952622467805 Penicillium-polonicum
0 0 0.22622132153263666 0.6257058205657505 Penicillium-mb
0 0 -0.35100073827219447 0.44014046715770727 Penicillium-commune
0 0 0.0645312104510185 0.8906763736733655 Penicillium-solitum
0 0 -0.022167390596865226 0.9623767144214544 Penicillium-brevicompactum
0 0 0.8369746627927418 0.018839470907489022 Penicillium-cvjetkovicii
0 0 -0.15410228384199648 0.7414830603281903 Penicillium-chrysogenum
0 0 0.2231879600411044 0.6304703536621425 Penicillium-verrucosum
0 0 0.2229388241773449 0.6308621288526592 Penicillium-polonicum
0 0 0.2287741556132631 0.6217040537197861 Penicillium-mb
0 0 -0.34476756273061915 0.44886058045048816 Penicillium-commune
0 0 0.06621329245134623 0.8878390691988991 Penicillium-solitum
0 0 -0.021862827374072896 0.9628933811578353 Penicillium-brevicompactum
0 0 0.8369746627927424 0.018839470907488866 Penicillium-cvjetkovicii
2 2 -0.15349205726011203 0.7424824753458312 Penicillium-chrysogenum
2 2 0.2271585286042205 0.6242358214800068 Penicillium-verrucosum
2 2 0.22514956975315467 0.6273880595139312 Penicillium-polonicum
2 2 0.2310237894946841 0.6181837013378333 Penicillium-mb
2 2 -0.36457447661240444 0.42137737873703524 Penicillium-commune
2 2 0.06474100248197849 0.8903224492536044 Penicillium-solitum
2 2 -0.021733653474677872 0.9631125172988613 Penicillium-brevicompactum
2 2 0.8369746627927424 0.018839470907488866 Penicillium-cvjetkovicii
0 0 -0.15646205409102804 0.7376210105005971 Penicillium-chrysogenum
0 0 0.2180920977562476 0.6384973615156144 Penicillium-verrucosum
0 0 0.21416809020366748 0.6446976785519336 Penicillium-polonicum
0 0 0.2196554275040041 0.6360317806777371 Penicillium-mb
0 0 -0.3497337974741927 0.44190766345663607 Penicillium-commune
0 0 0.06128460606617646 0.8961552881406349 Penicillium-solitum
0 0 -0.02245315102907099 0.961891954607395 Penicillium-brevicompactum
0 0 0.8369746627927425 0.01883947090748882 Penicillium-cvjetkovicii
0 0 -0.1536447904722999 0.7422323053831139 Penicillium-chrysogenum
0 0 0.22946426417717833 0.6206235205806091 Penicillium-verrucosum
0 0 0.22656717132150322 0.6251632439694008 Penicillium-polonicum
0 0 0.23285066980310826 0.6153291575396436 Penicillium-mb
0 0 -0.3428301863000537 0.45158403124427493 Penicillium-commune
0 0 0.06706222577912269 0.8864074643139832 Penicillium-solitum
0 0 -0.021681641421106585 0.9632007532985103 Penicillium-brevicompactum
0 0 0.836974662792742 0.01883947090748895 Penicillium-cvjetkovicii
2 2 -0.1549237578143888 0.7401381254231703 Penicillium-chrysogenum
2 2 0.2184995817251165 0.6378544486000276 Penicillium-verrucosum
2 2 0.21817173204139667 0.6383717033681757 Penicillium-polonicum
2 2 0.22344396689762716 0.6300678452309706 Penicillium-mb
2 2 -0.35466014941007884 0.4350512437113624 Penicillium-commune
2 2 0.06435839866137717 0.8909679223427021 Penicillium-solitum
2 2 -0.021987144991339774 0.9626824851759228 Penicillium-brevicompactum
2 2 0.8369746627927418 0.018839470907489022 Penicillium-cvjetkovicii
0 0 -0.15329711202787583 0.7428018128278336 Penicillium-chrysogenum
0 0 0.22769637368451623 0.6233926640003506 Penicillium-verrucosum
0 0 0.22496034600469578 0.627685201628307 Penicillium-polonicum
0 0 0.2306772822236817 0.6187255590914389 Penicillium-mb
0 0 -0.3565237244246833 0.4324682076815982 Penicillium-commune
0 0 0.06708355966235074 0.8863714909155092 Penicillium-solitum
0 0 -0.021636110045623286 0.9632779953781351 Penicillium-brevicompactum
0 0 0.8369746627927424 0.018839470907488866 Penicillium-cvjetkovicii
0 0 -0.15608730638479862 0.7382340394413917 Penicillium-chrysogenum
0 0 0.22554398981848828 0.6267688218493503 Penicillium-verrucosum
0 0 0.222725156140467 0.6311981843263432 Penicillium-polonicum
0 0 0.2286247857382478 0.6219379998267015 Penicillium-mb
0 0 -0.36134830381133054 0.4258084617999788 Penicillium-commune
0 0 0.06231247505298331 0.8944203104176044 Penicillium-solitum
0 0 -0.02186142099565354 0.9628957669885001 Penicillium-brevicompactum
0 0 0.8369746627927425 0.01883947090748882 Penicillium-cvjetkovicii
0 0 -0.15713974463354566 0.7365126950602461 Penicillium-chrysogenum
0 0 0.22214678016048106 0.632108102857285 Penicillium-verrucosum
0 0 0.21968683639633435 0.6359822719114987 Penicillium-polonicum
0 0 0.22569478858205044 0.6265321144823668 Penicillium-mb
0 0 -0.3548240900778803 0.4348237756221124 Penicillium-commune
0 0 0.059930878104434024 0.898440796476684 Penicillium-solitum
0 0 -0.02250347491858369 0.9618065868613057 Penicillium-brevicompactum
0 0 0.8369746627927419 0.018839470907488984 Penicillium-cvjetkovicii
