#SPECIES: Penicillium-chrysogenum Penicillium-solitum Penicillium-commune Penicillium-verrucosum Penicillium-mb Penicillium-polonicum Penicillium-brevicompactum Penicillium-cvjetkovicii 
#GENE_TREEs p: 0.001164395021496397 0.0008679592285753013 0.00021285785559913462 0.0004042030963501164 0.0005759321906990797 0.0001650052100343365 0.035497441539541465 0.120009792611278 
#GENE_TREEs r: 0.9477647595797165 0.9536158762584366 0.9736782362249343 0.9659240392474432 0.9606948363188158 0.9762404794658076 -0.7875689302197427 -0.6420489923596532 
0 0 0.9488861150740174 0.0011035808191490774 Penicillium-chrysogenum
0 0 0.9563251629892117 0.0007478152764755661 Penicillium-solitum
0 0 0.976808520209981 0.00015536666883670042 Penicillium-commune
0 0 0.9668060857090433 0.0003787329841962563 Penicillium-verrucosum
0 0 0.9613201944439389 0.0005534845356873378 Penicillium-mb
0 0 0.9767827746043958 0.00015579605577637314 Penicillium-polonicum
0 0 -0.7876987503620564 0.03544589057932303 Penicillium-brevicompactum
0 0 -0.6420489923596558 0.12000979261127605 Penicillium-cvjetkovicii
0 0 0.9464501671207318 0.0012381554601630426 Penicillium-chrysogenum
0 0 0.9545741350743812 0.0008242528139251058 Penicillium-solitum
0 0 0.9772641223738784 0.00014788456434745533 Penicillium-commune
0 0 0.9650126734944136 0.0004315605063669472 Penicillium-verrucosum
0 0 0.9596703899582352 0.000613854947676712 Penicillium-mb
0 0 0.9762420675459046 0.0001649777806573708 Penicillium-polonicum
0 0 -0.7876430630819515 0.035467998631363754 Penicillium-brevicompactum
0 0 -0.6420489923596554 0.12000979261127633 Penicillium-cvjetkovicii
0 0 0.9483531726448223 0.00113224349039075 Penicillium-chrysogenum
0 0 0.9550281460937267 0.0008040104364977397 Penicillium-solitum
0 0 0.9759261438734934 0.00017048803056846535 Penicillium-commune
0 0 0.9664047561669915 0.0003901997661437219 Penicillium-verrucosum
0 0 0.9609332867643645 0.0005673104008464416 Penicillium-mb
0 0 0.976719774977277 0.0001568497477810081 Penicillium-polonicum
0 0 -0.7875911607573067 0.035488610943175125 Penicillium-brevicompactum
0 0 -0.6420489923596528 0.12000979261127831 Penicillium-cvjetkovicii
0 0 0.9475040164500707 0.0011788126037481058 Penicillium-chrysogenum
0 0 0.9550905923181787 0.0008012495170576487 Penicillium-solitum
0 0 0.9779655425242003 0.00013679300505334188 Penicillium-commune
0 0 0.9656408875462015 0.00041258890905918657 Penicillium-verrucosum
0 0 0.9601133187220277 0.0005972827071010251 Penicillium-mb
0 0 0.976686134027303 0.0001574141393552163 Penicillium-polonicum
0 0 -0.7876016488154383 0.03548444521483266 Penicillium-brevicompactum
0 0 -0.6420489923596543 0.12000979261127724 Penicillium-cvjetkovicii
0 0 0.9487439916837744 0.0011111820482552445 Penicillium-chrysogenum
0 0 0.9572495107219159 0.0007092299998880322 Penicillium-solitum
0 0 0.9790984365680712 0.00011995557522816688 Penicillium-commune
0 0 0.9665380313270545 0.0003863692882416357 Penicillium-verrucosum
0 0 0.9615696256464393 0.000544678369231064 Penicillium-mb
0 0 0.9774530798545916 0.00014484580109617223 Penicillium-polonicum
0 0 -0.7876163303552972 0.035478614343538425 Penicillium-brevicompactum
0 0 -0.642048992359655 0.12000979261127662 Penicillium-cvjetkovicii
0 0 0.9500977499212948 0.0010400257049141518 Penicillium-chrysogenum
0 0 0.9575659855924467 0.0006962967819732798 Penicillium-solitum
0 0 0.9786482453296801 0.00012648875929766452 Penicillium-commune
0 0 0.9674871848357341 0.00035973579652826985 Penicillium-verrucosum
0 0 0.9624576987144138 0.000514002399970103 Penicillium-mb
0 0 0.9779990885326555 0.00013627542109349592 Penicillium-polonicum
0 0 -0.7875594176182618 0.03550122058626006 Penicillium-brevicompactum
0 0 -0.6420489923596535 0.12000979261127774 Penicillium-cvjetkovicii
0 0 0.9489095730971373 0.001102329169694569 Penicillium-chrysogenum
0 0 0.9561948208338716 0.0007533537745119828 Penicillium-solitum
0 0 0.9777043806623594 0.00014086257179627256 Penicillium-commune
0 0 0.9667042182794992 0.000381624305057333 Penicillium-verrucosum
0 0 0.9614300665404004 0.0005495951778875942 Penicillium-mb
0 0 0.9773106028958478 0.0001471335885494652 Penicillium-polonicum
0 0 -0.7875935611538206 0.03548765751106265 Penicillium-brevicompactum
0 0 -0.6420489923596532 0.120009792611278 Penicillium-cvjetkovicii
2 2 0.9500251843648753 0.0010437694436156056 Penicillium-chrysogenum
2 2 0.9570633675350989 0.0007169029588118466 Penicillium-solitum
2 2 0.9773581332630139 0.0001463680060452678 Penicillium-commune
2 2 0.9673301032158755 0.00036406561828025843 Penicillium-verrucosum
2 2 0.9616627911705894 0.0005414106327367524 Penicillium-mb
2 2 0.9768427424779922 0.00015479700049735558 Penicillium-polonicum
2 2 -0.7875721600824513 0.03549615847115583 Penicillium-brevicompactum
2 2 -0.6420489923596538 0.12000979261127752 Penicillium-cvjetkovicii
0 0 0.9491817550093965 0.0010878676749678316 Penicillium-chrysogenum
0 0 0.9568250398588964 0.0007267984828557843 Penicillium-solitum
0 0 0.9779390321497641 0.0001372028633800659 Penicillium-commune
0 0 0.9668958541245645 0.00037619589389875993 Penicillium-verrucosum
0 0 0.9616973421942383 0.0005402017360997338 Penicillium-mb
0 0 0.9772375320430048 0.00014831520366338514 Penicillium-polonicum
0 0 -0.7876561938363905 0.03546278498371548 Penicillium-brevicompactum
0 0 -0.642048992359655 0.12000979261127662 Penicillium-cvjetkovicii
0 0 0.9497571052487894 0.0010576689519598624 Penicillium-chrysogenum
0 0 0.9573138905186209 0.0007065875946645856 Penicillium-solitum
0 0 0.978923225858593 0.00012247368991341302 Penicillium-commune
0 0 0.9671975304537687 0.0003677438520703397 Penicillium-verrucosum
0 0 0.9616554683665864 0.000541667054292412 Penicillium-mb
0 0 0.9775833096513382 0.00014277333637497983 Penicillium-polonicum
0 0 -0.787536302352699 0.03551040446044281 Penicillium-brevicompactum
0 0 -0.6420489923596543 0.12000979261127724 Penicillium-cvjetkovicii
0 0 0.9490943825847941 0.0010924976265731048 Penicillium-chrysogenum
0 0 0.956449987761832 0.0007425338963467266 Penicillium-solitum
0 0 0.9776690067601596 0.00014141926252111132 Penicillium-commune
0 0 0.9668578578039563 0.00037726853269187357 Penicillium-verrucosum
0 0 0.9614465195292303 0.000549014159321822 Penicillium-mb
0 0 0.9771862226306128 0.00014914828729020713 Penicillium-polonicum
0 0 -0.7876118106338238 0.03548040932425129 Penicillium-brevicompactum
0 0 -0.6420489923596543 0.12000979261127724 Penicillium-cvjetkovicii
0 0 0.951293667113479 0.0009794681795605284 Penicillium-chrysogenum
0 0 0.958654955338148 0.000652867097229334 Penicillium-solitum
0 0 0.9794978783582187 0.00011433102987889902 Penicillium-commune
0 0 0.9682415499370032 0.00033936958663406577 Penicillium-verrucosum
0 0 0.9630393764927949 0.0004944794138563581 Penicillium-mb
0 0 0.9784802869663887 0.00012897924495172184 Penicillium-polonicum
0 0 -0.7875137666107518 0.03551935935686089 Penicillium-brevicompactum
0 0 -0.6420489923596548 0.12000979261127667 Penicillium-cvjetkovicii
0 0 0.9458922047319962 0.0012702734807843864 Penicillium-chrysogenum
0 0 0.9530233679753126 0.0008956545665494894 Penicillium-solitum
0 0 0.976150261269119 0.0001665679263184958 Penicillium-commune
0 0 0.9645877317426736 0.00044468153435295814 Penicillium-verrucosum
0 0 0.958837616922661 0.0006457441756067605 Penicillium-mb
0 0 0.9757709406663373 0.00017323463151787592 Penicillium-polonicum
0 0 -0.7876071458873701 0.03548226195372562 Penicillium-brevicompactum
0 0 -0.6420489923596532 0.120009792611278 Penicillium-cvjetkovicii
0 0 0.9477510295880578 0.0011651515975583877 Penicillium-chrysogenum
0 0 0.9545243706580309 0.0008264897277432413 Penicillium-solitum
0 0 0.9746333331896511 0.00019417124398574554 Penicillium-commune
0 0 0.9660229275704082 0.00040129849395999494 Penicillium-verrucosum
0 0 0.9604838786298987 0.0005836242883818141 Penicillium-mb
0 0 0.9760285405018962 0.000168690239311623 Penicillium-polonicum
0 0 -0.7876710007993323 0.03545690629826998 Penicillium-brevicompactum
0 0 -0.6420489923596528 0.12000979261127831 Penicillium-cvjetkovicii
0 0 0.9498252269111279 0.0010541266427846255 Penicillium-chrysogenum
0 0 0.9576356901719838 0.0006934671345607688 Penicillium-solitum
0 0 0.9788964800140179 0.00012286082596882957 Penicillium-commune
0 0 0.9672412029406134 0.0003665297310004406 Penicillium-verrucosum
0 0 0.9615207222394557 0.0005463983030629702 Penicillium-mb
0 0 0.9772306818490063 0.00014842626576937136 Penicillium-polonicum
0 0 -0.7875530553313405 0.035503748240441335 Penicillium-brevicompactum
0 0 -0.6420489923596528 0.12000979261127831 Penicillium-cvjetkovicii
0 0 0.9492034936734375 0.0010867175262710708 Penicillium-chrysogenum
0 0 0.956293291520234 0.0007491673234679397 Penicillium-solitum
0 0 0.9777335089452802 0.00014040515274013504 Penicillium-commune
0 0 0.9668840922936235 0.00037652773730101845 Penicillium-verrucosum
0 0 0.9615283330229605 0.0005461304202940964 Penicillium-mb
0 0 0.9774119016282997 0.0001455048148457014 Penicillium-polonicum
0 0 -0.7876215444871512 0.03547654364456251 Penicillium-brevicompactum
0 0 -0.6420489923596532 0.120009792611278 Penicillium-cvjetkovicii
0 0 0.9524231596365451 0.0009242360674908308 Penicillium-chrysogenum
0 0 0.9584824341858563 0.0006596371576857321 Penicillium-solitum
0 0 0.9796170943028774 0.00011268348499367356 Penicillium-commune
0 0 0.9688585682648746 0.0003232333932763085 Penicillium-verrucosum
0 0 0.9636896821333969 0.00047318212851106794 Penicillium-mb
0 0 0.9793778733709542 0.00011600390438638358 Penicillium-polonicum
0 0 -0.7873601482359809 0.03558043524065568 Penicillium-brevicompactum
0 0 -0.6420489923596561 0.12000979261127585 Penicillium-cvjetkovicii
0 0 0.9480990153102136 0.00114606569151734 Penicillium-chrysogenum
0 0 0.9557919358934848 0.0007706264251165133 Penicillium-solitum
0 0 0.9775512650133019 0.0001432816407479881 Penicillium-commune
0 0 0.966166937185628 0.0003970907993384041 Penicillium-verrucosum
0 0 0.9613467640549934 0.0005525425075742252 Penicillium-mb
0 0 0.9771416035771119 0.00014987500509394526 Penicillium-polonicum
0 0 -0.78768609379934 0.03545091460757827 Penicillium-brevicompactum
0 0 -0.6420489923596558 0.12000979261127605 Penicillium-cvjetkovicii
0 0 0.9504133503753807 0.0010238359166220522 Penicillium-chrysogenum
0 0 0.9571966509708061 0.0007114039457995266 Penicillium-solitum
0 0 0.9776528251969185 0.00014167435351465082 Penicillium-commune
0 0 0.967772207556755 0.00035195785808871723 Penicillium-verrucosum
0 0 0.9625321879243133 0.0005114772345743676 Penicillium-mb
0 0 0.9778625024886229 0.00013839013842005987 Penicillium-polonicum
0 0 -0.7875741563742911 0.035495365453763306 Penicillium-brevicompactum
0 0 -0.6420489923596561 0.12000979261127585 Penicillium-cvjetkovicii
0 0 0.9481103116298729 0.0011454492430785085 Penicillium-chrysogenum
0 0 0.9563627811159875 0.0007462213063310995 Penicillium-solitum
0 0 0.9781875394826681 0.00013338950758263506 Penicillium-commune
0 0 0.9661693154004765 0.00039702153335648355 Penicillium-verrucosum
0 0 0.961739762458275 0.000538719696473814 Penicillium-mb
0 0 0.9774680301157379 0.00014460697916219133 Penicillium-polonicum
0 0 -0.7876244148721971 0.035475403751285516 Penicillium-brevicompactum
0 0 -0.6420489923596528 0.12000979261127831 Penicillium-cvjetkovicii
0 0 0.9479105644720939 0.001156378503861888 Penicillium-chrysogenum
0 0 0.9558165249403172 0.0007695655856320972 Penicillium-solitum
0 0 0.9770835722018304 0.00015082332296649368 Penicillium-commune
0 0 0.9661037376003421 0.0003989341305173996 Penicillium-verrucosum
0 0 0.9607599645847295 0.0005735696532363407 Penicillium-mb
0 0 0.9764819765149333 0.00016086522420342056 Penicillium-polonicum
0 0 -0.7877363138880806 0.035430982051915354 Penicillium-brevicompactum
0 0 -0.6420489923596548 0.12000979261127667 Penicillium-cvjetkovicii
0 0 0.9487287757294869 0.0011119976751740998 Penicillium-chrysogenum
0 0 0.9553477035320332 0.0007899410964824181 Penicillium-solitum
0 0 0.975628618188341 0.00017577630368872173 Penicillium-commune
0 0 0.966664604953015 0.00038275218644660564 Penicillium-verrucosum
0 0 0.9616958410862231 0.0005402542246631266 Penicillium-mb
0 0 0.9771011993801846 0.0001505348919918219 Penicillium-polonicum
0 0 -0.7875943267292359 0.035487353429219874 Penicillium-brevicompactum
0 0 -0.6420489923596528 0.12000979261127831 Penicillium-cvjetkovicii
0 0 0.9486164405571488 0.001118030167548361 Penicillium-chrysogenum
0 0 0.9571193171225736 0.0007145915338425635 Penicillium-solitum
0 0 0.9791662010629395 0.000118990025312359 Penicillium-commune
0 0 0.9664257139042495 0.00038959592935779473 Penicillium-verrucosum
0 0 0.9612515756622851 0.0005559218259456143 Penicillium-mb
0 0 0.9772952419525666 0.00014738151991477983 Penicillium-polonicum
0 0 -0.7876374387756265 0.03547023192749677 Penicillium-brevicompactum
0 0 -0.6420489923596538 0.12000979261127752 Penicillium-cvjetkovicii
0 0 0.9507721770334973 0.0010056108166931555 Penicillium-chrysogenum
0 0 0.9576681941558399 0.0006921499733837794 Penicillium-solitum
0 0 0.9782132201436043 0.00013299908594251566 Penicillium-commune
0 0 0.967974106032032 0.00034650931849520433 Penicillium-verrucosum
0 0 0.9626565117678585 0.0005072791126829313 Penicillium-mb
0 0 0.9780293237289097 0.00013580992181894965 Penicillium-polonicum
0 0 -0.7875868006416384 0.03549034280776943 Penicillium-brevicompactum
0 0 -0.6420489923596545 0.12000979261127696 Penicillium-cvjetkovicii
0 0 0.9496772843879908 0.0010618285558056683 Penicillium-chrysogenum
0 0 0.9574383872422839 0.0007014943153293526 Penicillium-solitum
0 0 0.978885768341934 0.0001230160777659815 Penicillium-commune
0 0 0.9671670452829336 0.00036859277225293965 Penicillium-verrucosum
0 0 0.9625979572368516 0.0005092538029105216 Penicillium-mb
0 0 0.9781475175188612 0.00013399931997903883 Penicillium-polonicum
0 0 -0.7876110562872705 0.03548070891345027 Penicillium-brevicompactum
0 0 -0.6420489923596543 0.12000979261127724 Penicillium-cvjetkovicii
0 0 0.9498074496840472 0.0010550503768393732 Penicillium-chrysogenum
0 0 0.957244425092151 0.0007094389835910665 Penicillium-solitum
0 0 0.9786758885263298 0.00012608163867259458 Penicillium-commune
0 0 0.9672551509435083 0.0003661424708301042 Penicillium-verrucosum
0 0 0.9622916407946827 0.0005196583043319955 Penicillium-mb
0 0 0.9780436581438927 0.00013558956176292164 Penicillium-polonicum
0 0 -0.7875373650824673 0.03550998220070423 Penicillium-brevicompactum
0 0 -0.6420489923596532 0.120009792611278 Penicillium-cvjetkovicii
0 0 0.9481971867031141 0.0011407149520788167 Penicillium-chrysogenum
0 0 0.9557248679025686 0.0007735243237853176 Penicillium-solitum
0 0 0.9772095607337337 0.00014876901410621772 Penicillium-commune
0 0 0.966257406749476 0.0003944609103159714 Penicillium-verrucosum
0 0 0.9606510719006695 0.0005775229876632428 Penicillium-mb
0 0 0.9765167960767005 0.00016027347727113044 Penicillium-polonicum
0 0 -0.7876628410381669 0.03546014583340748 Penicillium-brevicompactum
0 0 -0.6420489923596557 0.12000979261127605 Penicillium-cvjetkovicii
0 0 0.9485198116337423 0.0011232346548091304 Penicillium-chrysogenum
0 0 0.9561943443531259 0.0007533740655387249 Penicillium-solitum
0 0 0.9779577589678683 0.00013691326536426098 Penicillium-commune
0 0 0.9664053526078111 0.0003901825737400432 Penicillium-verrucosum
0 0 0.9609195029061771 0.0005678066923235578 Penicillium-mb
0 0 0.9768468378769852 0.00015472891148814288 Penicillium-polonicum
0 0 -0.7876222866893235 0.035476248897740766 Penicillium-brevicompactum
0 0 -0.6420489923596548 0.12000979261127667 Penicillium-cvjetkovicii
0 0 0.9484792198336848 0.0011254252119965729 Penicillium-chrysogenum
0 0 0.9554521788881803 0.0007853731677104259 Penicillium-solitum
0 0 0.9757526554368753 0.00017355994476788285 Penicillium-commune
0 0 0.966574659444555 0.0003853204858852832 Penicillium-verrucosum
0 0 0.9613838418373866 0.0005512295018584471 Penicillium-mb
0 0 0.9766930023816282 0.00015729881136313352 Penicillium-polonicum
0 0 -0.787668378431422 0.03545794739572281 Penicillium-brevicompactum
0 0 -0.6420489923596538 0.12000979261127752 Penicillium-cvjetkovicii
0 0 0.9473216474535922 0.0011889588807993021 Penicillium-chrysogenum
0 0 0.9552974979657773 0.0007921417932025502 Penicillium-solitum
0 0 0.9769168055968844 0.00015356840341377 Penicillium-commune
0 0 0.9656483909429238 0.00041236536864852126 Penicillium-verrucosum
0 0 0.9609731116180102 0.0005658779422279391 Penicillium-mb
0 0 0.9765162077359898 0.00016028346513484158 Penicillium-polonicum
0 0 -0.7877815786696045 0.035413021618459786 Penicillium-brevicompactum
0 0 -0.6420489923596547 0.12000979261127687 Penicillium-cvjetkovicii
0 0 0.9486753975092764 0.0011148617257427955 Penicillium-chrysogenum
0 0 0.9557231451119906 0.0007735988476151905 Penicillium-solitum
0 0 0.9764598518739798 0.00016124190052410728 Penicillium-commune
0 0 0.9666379454079184 0.0003835123577709847 Penicillium-verrucosum
0 0 0.9614213135049567 0.0005499044299330965 Penicillium-mb
0 0 0.9770029763985357 0.00015214629486650074 Penicillium-polonicum
0 0 -0.7876520313961509 0.03546443766034749 Penicillium-brevicompactum
0 0 -0.6420489923596567 0.12000979261127533 Penicillium-cvjetkovicii
0 0 0.9489944757001892 0.0010978060362426786 Penicillium-chrysogenum
0 0 0.9564963038120396 0.0007405798847237941 Penicillium-solitum
0 0 0.9778737947477465 0.00013821456760845755 Penicillium-commune
0 0 0.9667592410595237 0.0003800609614675179 Penicillium-verrucosum
0 0 0.9615810545226525 0.0005442768790546844 Penicillium-mb
0 0 0.9772826151449135 0.0001475855076523988 Penicillium-polonicum
0 0 -0.7876729201341649 0.03545614432038389 Penicillium-brevicompactum
0 0 -0.6420489923596543 0.12000979261127724 Penicillium-cvjetkovicii
0 0 0.9518292769973147 0.000953040525745381 Penicillium-chrysogenum
0 0 0.9593633274728137 0.0006255018682322115 Penicillium-solitum
0 0 0.9793270522755682 0.0001167167246591927 Penicillium-commune
0 0 0.9687033897013779 0.0003272476571167971 Penicillium-verrucosum
0 0 0.9632919849447301 0.0004861404574861496 Penicillium-mb
0 0 0.978522276314542 0.0001283539118827775 Penicillium-polonicum
0 0 -0.7874639622658886 0.03553915427191987 Penicillium-brevicompactum
0 0 -0.6420489923596532 0.120009792611278 Penicillium-cvjetkovicii
0 0 0.9499233099273588 0.0010490386825264346 Penicillium-chrysogenum
0 0 0.9565680749472217 0.0007375579794384827 Penicillium-solitum
0 0 0.9795411645042641 0.00011373117296768335 Penicillium-commune
0 0 0.9670127739639423 0.00037290661435418606 Penicillium-verrucosum
0 0 0.961803281147429 0.0005365050542857238 Penicillium-mb
0 0 0.9783090541858943 0.00013154814554945814 Penicillium-polonicum
0 0 -0.7874970289262094 0.035526011125426894 Penicillium-brevicompactum
0 0 -0.6420489923596543 0.12000979261127724 Penicillium-cvjetkovicii
0 0 0.9489464385993699 0.001100363833130454 Penicillium-chrysogenum
0 0 0.9563907820134601 0.0007450361487003558 Penicillium-solitum
0 0 0.9774330011683051 0.00014516691637712328 Penicillium-commune
0 0 0.966779645409632 0.00037948218850917235 Penicillium-verrucosum
0 0 0.9618394903346807 0.0005352450063096368 Penicillium-mb
0 0 0.9773488806793298 0.00014651685294512983 Penicillium-polonicum
0 0 -0.7876882676210099 0.03545005167993049 Penicillium-brevicompactum
0 0 -0.6420489923596567 0.12000979261127533 Penicillium-cvjetkovicii
0 0 0.9499442718979122 0.0010479531875324274 Penicillium-chrysogenum
0 0 0.9568953192236058 0.0007238720813795666 Penicillium-solitum
0 0 0.9779156915101309 0.00013756432192539822 Penicillium-commune
0 0 0.9674043444926193 0.00036201538381051395 Penicillium-verrucosum
0 0 0.9622595547644184 0.0005207553846089183 Penicillium-mb
0 0 0.977771280288405 0.00013981332664891926 Penicillium-polonicum
0 0 -0.78756636673301 0.035498459907305435 Penicillium-brevicompactum
0 0 -0.6420489923596543 0.12000979261127724 Penicillium-cvjetkovicii
0 0 0.9487253433255971 0.0011121817125792767 Penicillium-chrysogenum
0 0 0.9563449928690965 0.0007469747859185419 Penicillium-solitum
0 0 0.9784597410231345 0.0001292858891703222 Penicillium-commune
0 0 0.9664968875826508 0.00038754941050083574 Penicillium-verrucosum
0 0 0.9613956950356101 0.0005508101448830313 Penicillium-mb
0 0 0.9774576729443433 0.0001447724040962302 Penicillium-polonicum
0 0 -0.7875808234650399 0.035492717055209407 Penicillium-brevicompactum
0 0 -0.6420489923596532 0.120009792611278 Penicillium-cvjetkovicii
0 0 0.9488228539613368 0.0011069604258178267 Penicillium-chrysogenum
0 0 0.9570095883122736 0.0007191288892691122 Penicillium-solitum
0 0 0.9789632859519954 0.00012189519745759403 Penicillium-commune
0 0 0.9665536647647773 0.00038592143626262835 Penicillium-verrucosum
0 0 0.961592613043215 0.0005438710131481847 Penicillium-mb
0 0 0.9774366440234441 0.00014510862529037562 Penicillium-polonicum
0 0 -0.7875881708792143 0.035489798535965796 Penicillium-brevicompactum
0 0 -0.6420489923596546 0.12000979261127691 Penicillium-cvjetkovicii
0 0 0.9456114515589591 0.0012866183956577568 Penicillium-chrysogenum
0 0 0.9541166216319235 0.0008449534162789618 Penicillium-solitum
0 0 0.9756148880295095 0.0001760226714210943 Penicillium-commune
0 0 0.9646186899658408 0.0004437177431263936 Penicillium-verrucosum
0 0 0.9595022667792735 0.0006202158059373263 Penicillium-mb
0 0 0.975278974081096 0.00018211433583005898 Penicillium-polonicum
0 0 -0.787954207001405 0.03534457158283955 Penicillium-brevicompactum
0 0 -0.6420489923596528 0.12000979261127831 Penicillium-cvjetkovicii
0 0 0.9481576758971584 0.0011428666728704696 Penicillium-chrysogenum
0 0 0.9560594520513389 0.0007591315023341793 Penicillium-solitum
0 0 0.9774705088519141 0.00014456740545965553 Penicillium-commune
0 0 0.9662224009374945 0.00039547727436569567 Penicillium-verrucosum
0 0 0.9608078755036671 0.0005718353531410625 Penicillium-mb
0 0 0.9765676934677013 0.00015941082998082047 Penicillium-polonicum
0 0 -0.7877255767332958 0.03543524314807062 Penicillium-brevicompactum
0 0 -0.6420489923596542 0.12000979261127724 Penicillium-cvjetkovicii
0 0 0.9489139537260114 0.0011020955255234824 Penicillium-chrysogenum
0 0 0.9569187681253464 0.0007228972352000552 Penicillium-solitum
0 0 0.9773374583068369 0.0001467007297644945 Penicillium-commune
0 0 0.9668228375184554 0.0003782587651717919 Penicillium-verrucosum
0 0 0.9616228226454385 0.0005428110811459627 Penicillium-mb
0 0 0.9770357316297199 0.00015160779043696862 Penicillium-polonicum
0 0 -0.7876756321299552 0.03545506767081043 Penicillium-brevicompactum
0 0 -0.6420489923596538 0.12000979261127752 Penicillium-cvjetkovicii
0 0 0.9473629000207109 0.0011866592589131232 Penicillium-chrysogenum
0 0 0.9551638891275231 0.0007980160334767829 Penicillium-solitum
0 0 0.9775682113325413 0.00014301269756343058 Penicillium-commune
0 0 0.9655727942669072 0.00041462082734206653 Penicillium-verrucosum
0 0 0.9599998855990901 0.0006015012189050127 Penicillium-mb
0 0 0.9762061862864783 0.00016559818605647126 Penicillium-polonicum
0 0 -0.7877037953898266 0.03544388806364072 Penicillium-brevicompactum
0 0 -0.6420489923596532 0.120009792611278 Penicillium-cvjetkovicii
0 0 0.9484521431102597 0.001126887823264366 Penicillium-chrysogenum
0 0 0.9564900074504972 0.000740845340627805 Penicillium-solitum
0 0 0.9776948605972465 0.00014101226347145113 Penicillium-commune
0 0 0.9664243616284257 0.00038963487452126837 Penicillium-verrucosum
0 0 0.9612432432978649 0.0005562182181624918 Penicillium-mb
0 0 0.9768724951700561 0.000154302746382666 Penicillium-polonicum
0 0 -0.7878229244594238 0.03539662061104505 Penicillium-brevicompactum
0 0 -0.6420489923596538 0.12000979261127752 Penicillium-cvjetkovicii
0 0 0.9488923752453047 0.0011032467131662236 Penicillium-chrysogenum
0 0 0.9561976473508819 0.0007532334133808441 Penicillium-solitum
0 0 0.977681644998138 0.0001412202201332857 Penicillium-commune
0 0 0.9666958393763018 0.0003818627065671653 Penicillium-verrucosum
0 0 0.9613456193923056 0.0005525830720809208 Penicillium-mb
0 0 0.9772485293937747 0.00014813700737632208 Penicillium-polonicum
0 0 -0.7875947460852639 0.03548718686420084 Penicillium-brevicompactum
0 0 -0.6420489923596538 0.12000979261127752 Penicillium-cvjetkovicii
0 0 0.9499098841589367 0.0010497342716878704 Penicillium-chrysogenum
0 0 0.9571443310703408 0.0007135595718025339 Penicillium-solitum
0 0 0.9785578538147343 0.00012782548586234393 Penicillium-commune
0 0 0.9673100357709338 0.00036462097900114135 Penicillium-verrucosum
0 0 0.9619897071525685 0.0005300363518038586 Penicillium-mb
0 0 0.9777050403215519 0.00014085220295275948 Penicillium-polonicum
0 0 -0.7875607495102943 0.0355006914554729 Penicillium-brevicompactum
0 0 -0.6420489923596535 0.12000979261127774 Penicillium-cvjetkovicii
0 0 0.9491133662131377 0.0010914906771856516 Penicillium-chrysogenum
0 0 0.9567172254055201 0.0007313014289530648 Penicillium-solitum
0 0 0.9773840966833222 0.00014595081230034428 Penicillium-commune
0 0 0.9669306518740265 0.00037521514248805 Penicillium-verrucosum
0 0 0.9620546247476081 0.0005277947293630641 Penicillium-mb
0 0 0.9774475780644524 0.00014493374820513175 Penicillium-polonicum
0 0 -0.7876332002521751 0.035471915009470445 Penicillium-brevicompactum
0 0 -0.6420489923596538 0.12000979261127752 Penicillium-cvjetkovicii
0 0 0.9489276489865629 0.0011013652671349624 Penicillium-chrysogenum
0 0 0.9568221491056914 0.0007269190022975836 Penicillium-solitum
0 0 0.9781761791031222 0.0001335624365028048 Penicillium-commune
0 0 0.9667083250434325 0.00038150748928191897 Penicillium-verrucosum
0 0 0.961454151938184 0.0005487447532605979 Penicillium-mb
0 0 0.9771305453631107 0.00015005543764280203 Penicillium-polonicum
0 0 -0.7876490722136282 0.03546561261540415 Penicillium-brevicompactum
0 0 -0.6420489923596532 0.120009792611278 Penicillium-cvjetkovicii
0 0 0.9489671426129649 0.0010992609901653086 Penicillium-chrysogenum
0 0 0.9566256011949652 0.0007351411333294521 Penicillium-solitum
0 0 0.9777282376511597 0.00014048786534038958 Penicillium-commune
0 0 0.9667879500521455 0.00037924677591350686 Penicillium-verrucosum
0 0 0.9617925665064504 0.0005368782514497711 Penicillium-mb
0 0 0.9773714664722067 0.00014615367244505992 Penicillium-polonicum
0 0 -0.7876574082622061 0.03546230280992727 Penicillium-brevicompactum
0 0 -0.6420489923596552 0.12000979261127649 Penicillium-cvjetkovicii
0 0 0.9543921066351515 0.0008324524558874139 Penicillium-chrysogenum
0 0 0.959885042782228 0.0006057901011014994 Penicillium-solitum
0 0 0.9788046722100788 0.00012419525661934279 Penicillium-commune
0 0 0.97043779360944 0.0002840423893248309 Penicillium-verrucosum
0 0 0.9651772520323305 0.000426541360737912 Penicillium-mb
0 0 0.9798090126711918 0.0001100611091591726 Penicillium-polonicum
0 0 -0.7874134659877671 0.0355592304582485 Penicillium-brevicompactum
0 0 -0.642048992359653 0.12000979261127821 Penicillium-cvjetkovicii
0 0 0.948133275376982 0.0011441966984743063 Penicillium-chrysogenum
0 0 0.9559950649201547 0.0007618888125124392 Penicillium-solitum
0 0 0.9776061844005784 0.0001424111468066102 Penicillium-commune
0 0 0.9662123610926598 0.0003957690594758951 Penicillium-verrucosum
0 0 0.9610621004488944 0.0005626848650386451 Penicillium-mb
0 0 0.9770093019002032 0.0001520422133273485 Penicillium-polonicum
0 0 -0.787588701573748 0.03548958774013897 Penicillium-brevicompactum
0 0 -0.6420489923596532 0.120009792611278 Penicillium-cvjetkovicii
0 0 0.949698855744648 0.00106070348337257 Penicillium-chrysogenum
0 0 0.9576261375730104 0.0006938545173026208 Penicillium-solitum
0 0 0.9783220372479686 0.00013135230975034882 Penicillium-commune
0 0 0.9672945814536557 0.0003650490156647124 Penicillium-verrucosum
0 0 0.9627491169620007 0.0005041653881608438 Penicillium-mb
0 0 0.9780148784006852 0.00013603220276812056 Penicillium-polonicum
0 0 -0.7875781547862899 0.03549377713332876 Penicillium-brevicompactum
0 0 -0.6420489923596547 0.12000979261127687 Penicillium-cvjetkovicii
0 0 0.9490336403507244 0.0010957232665653027 Penicillium-chrysogenum
0 0 0.9562944481234973 0.0007491182329129479 Penicillium-solitum
0 0 0.9771651190828619 0.00014949174182619503 Penicillium-commune
0 0 0.9668606733698238 0.00037718898681592697 Penicillium-verrucosum
0 0 0.961266717473244 0.0005553834533745546 Penicillium-mb
0 0 0.9768532656014133 0.00015462208185545624 Penicillium-polonicum
0 0 -0.787606770025735 0.03548241123156362 Penicillium-brevicompactum
0 0 -0.6420489923596532 0.120009792611278 Penicillium-cvjetkovicii
0 0 0.947488118609436 0.001179695052775009 Penicillium-chrysogenum
0 0 0.9546923945157699 0.0008189514334279026 Penicillium-solitum
0 0 0.9766698145576488 0.00015768836507913707 Penicillium-commune
0 0 0.9657619070262236 0.0004089922833005248 Penicillium-verrucosum
0 0 0.9602219171816229 0.0005932604776403844 Penicillium-mb
0 0 0.9764833193527108 0.000160842379025436 Penicillium-polonicum
0 0 -0.7875990166414558 0.035485490656572756 Penicillium-brevicompactum
0 0 -0.6420489923596558 0.12000979261127605 Penicillium-cvjetkovicii
0 0 0.9511417186483785 0.0009870434366543418 Penicillium-chrysogenum
0 0 0.9566444435434415 0.0007343505324133222 Penicillium-solitum
0 0 0.9750291038260721 0.0001867259168312878 Penicillium-commune
0 0 0.9683054155191024 0.00033767767552021077 Penicillium-verrucosum
0 0 0.9633792043161162 0.00048328075630325114 Penicillium-mb
0 0 0.9779276471974934 0.00013737910256033612 Penicillium-polonicum
0 0 -0.7875164764984112 0.03551828247819737 Penicillium-brevicompactum
0 0 -0.6420489923596562 0.12000979261127573 Penicillium-cvjetkovicii
0 0 0.9535155274373412 0.0008726136054449864 Penicillium-chrysogenum
0 0 0.9596000095906788 0.0006165130242071667 Penicillium-solitum
0 0 0.9790788866713075 0.0001202349993889833 Penicillium-commune
0 0 0.9698174472024559 0.00029907847240015614 Penicillium-verrucosum
0 0 0.9643601580094193 0.00045180450858929637 Penicillium-mb
0 0 0.9793515388587742 0.0001163729490031654 Penicillium-polonicum
0 0 -0.7873647510297413 0.03557860440544525 Penicillium-brevicompactum
0 0 -0.6420489923596538 0.12000979261127752 Penicillium-cvjetkovicii
0 0 0.947993823310222 0.001151815505486968 Penicillium-chrysogenum
0 0 0.956950750954099 0.0007215688605773732 Penicillium-solitum
0 0 0.9784812766787426 0.0001289644846466471 Penicillium-commune
0 0 0.9661197545707617 0.0003984664865709333 Penicillium-verrucosum
0 0 0.9608680447889608 0.0005696617299817034 Penicillium-mb
0 0 0.976726714140862 0.00015673348024965105 Penicillium-polonicum
0 0 -0.7877177713941586 0.035438340916662765 Penicillium-brevicompactum
0 0 -0.6420489923596532 0.120009792611278 Penicillium-cvjetkovicii
0 0 0.950120435389911 0.0010388569671504414 Penicillium-chrysogenum
0 0 0.9573609477793406 0.0007046598711418542 Penicillium-solitum
0 0 0.9786246117061398 0.0001268374488799441 Penicillium-commune
0 0 0.9674519300312008 0.00036070488665800135 Penicillium-verrucosum
0 0 0.9619558494727959 0.000531207703791217 Penicillium-mb
0 0 0.9776352871546218 0.00014195113796193647 Penicillium-polonicum
0 0 -0.7875574004189526 0.03550202198258395 Penicillium-brevicompactum
0 0 -0.6420489923596528 0.12000979261127831 Penicillium-cvjetkovicii
0 0 0.9497148723499746 0.001059868579672415 Penicillium-chrysogenum
0 0 0.9574679887790964 0.0007002864994551389 Penicillium-solitum
0 0 0.979030782390966 0.00012092419908777236 Penicillium-commune
0 0 0.9671714014510626 0.0003684713948600015 Penicillium-verrucosum
0 0 0.9618758179316678 0.000533982603719986 Penicillium-mb
0 0 0.9776819681746405 0.00014121513254668726 Penicillium-polonicum
0 0 -0.7875488607220748 0.03550541475909566 Penicillium-brevicompactum
0 0 -0.6420489923596528 0.12000979261127831 Penicillium-cvjetkovicii
0 0 0.9504704187297212 0.0010209244225104972 Penicillium-chrysogenum
0 0 0.9576903774197643 0.0006912518911489975 Penicillium-solitum
0 0 0.977889335673416 0.0001379731562193353 Penicillium-commune
0 0 0.9678227478569469 0.0003505892089254887 Penicillium-verrucosum
0 0 0.9622379730771671 0.0005214940744297029 Penicillium-mb
0 0 0.9774654215982302 0.0001446486318315357 Penicillium-polonicum
0 0 -0.7875278569550277 0.035513760211817166 Penicillium-brevicompactum
0 0 -0.6420489923596543 0.12000979261127724 Penicillium-cvjetkovicii
0 0 0.9509794931237872 0.0009951691629932775 Penicillium-chrysogenum
0 0 0.9583215552296706 0.0006659876851013004 Penicillium-solitum
0 0 0.9789604397195343 0.00012193624491715433 Penicillium-commune
0 0 0.9680834854645878 0.000343578625473864 Penicillium-verrucosum
0 0 0.9630994685995998 0.0004924880576460762 Penicillium-mb
0 0 0.9784680761425055 0.0001291614367897179 Penicillium-polonicum
0 0 -0.7875567306081387 0.03550228808837148 Penicillium-brevicompactum
0 0 -0.6420489923596555 0.12000979261127616 Penicillium-cvjetkovicii
2 2 0.9497715593612538 0.0010569167547185433 Penicillium-chrysogenum
2 2 0.9569725345152036 0.0007206649307106911 Penicillium-solitum
2 2 0.9775199632207627 0.00014377920180854516 Penicillium-commune
2 2 0.9672898384868883 0.00036518044098594557 Penicillium-verrucosum
2 2 0.9610112980362341 0.0005645064331149941 Penicillium-mb
2 2 0.976377204987911 0.0001626536259439514 Penicillium-polonicum
2 2 -0.7876780224949583 0.03545411872221863 Penicillium-brevicompactum
2 2 -0.6420489923596543 0.12000979261127724 Penicillium-cvjetkovicii
0 0 0.9497272929842181 0.0010592213919992423 Penicillium-chrysogenum
0 0 0.9570401162226014 0.0007178648326789264 Penicillium-solitum
0 0 0.9774926455163808 0.0001442142737856804 Penicillium-commune
0 0 0.9673324001387404 0.0003640020836882552 Penicillium-verrucosum
0 0 0.9621274625507653 0.0005252863269280546 Penicillium-mb
0 0 0.9774819475587028 0.00014438486700430627 Penicillium-polonicum
0 0 -0.7876770047060445 0.0354545227714867 Penicillium-brevicompactum
0 0 -0.6420489923596558 0.12000979261127605 Penicillium-cvjetkovicii
2 2 0.9474036590337092 0.0011843897319880944 Penicillium-chrysogenum
2 2 0.955459070569741 0.0007850723971579284 Penicillium-solitum
2 2 0.9779631011476703 0.00013683071890879323 Penicillium-commune
2 2 0.9655794654027771 0.0004144214971944771 Penicillium-verrucosum
2 2 0.9597387175006732 0.0006112809120854317 Penicillium-mb
2 2 0.9760336421800305 0.00016860096531818642 Penicillium-polonicum
2 2 -0.7876978500554626 0.03544624794335055 Penicillium-brevicompactum
2 2 -0.6420489923596555 0.12000979261127616 Penicillium-cvjetkovicii
0 0 0.9495194655856903 0.001070081183453574 Penicillium-chrysogenum
0 0 0.9565441471367906 0.0007385646406193938 Penicillium-solitum
0 0 0.9765564564056481 0.00015960104555236352 Penicillium-commune
0 0 0.9672637993022621 0.0003659024751205785 Penicillium-verrucosum
0 0 0.9616454497850574 0.000542017990180636 Penicillium-mb
0 0 0.9769427804675499 0.00015313890024657147 Penicillium-polonicum
0 0 -0.7875964696750499 0.035486502272035314 Penicillium-brevicompactum
0 0 -0.6420489923596555 0.12000979261127616 Penicillium-cvjetkovicii
4 4 0.9482968667286271 0.0011352971138935616 Penicillium-chrysogenum
4 4 0.9572495993334159 0.0007092263589003695 Penicillium-solitum
4 4 0.9793223009485094 0.00011678350026051762 Penicillium-commune
4 4 0.9661235880497723 0.00039835460965231866 Penicillium-verrucosum
4 4 0.9602957293564676 0.000590535844042073 Penicillium-mb
4 4 0.976443908577343 0.00016151366376285155 Penicillium-polonicum
4 4 -0.7876218333495789 0.03547642892999308 Penicillium-brevicompactum
4 4 -0.6420489923596535 0.12000979261127774 Penicillium-cvjetkovicii
0 0 0.9486492314937105 0.0011162672739993694 Penicillium-chrysogenum
0 0 0.956560593468074 0.000737872643575793 Penicillium-solitum
0 0 0.9784459905059829 0.0001294913555320112 Penicillium-commune
0 0 0.9664795493581225 0.0003880473616954762 Penicillium-verrucosum
0 0 0.9617554387893883 0.0005381726225653317 Penicillium-mb
0 0 0.9775452196136555 0.00014337765595495656 Penicillium-polonicum
0 0 -0.7876235459326106 0.035475748824231386 Penicillium-brevicompactum
0 0 -0.6420489923596543 0.12000979261127724 Penicillium-cvjetkovicii
0 0 0.9513193593282825 0.0009781907264882481 Penicillium-chrysogenum
0 0 0.9580386583110684 0.0006772423079206589 Penicillium-solitum
0 0 0.9788408412972117 0.00012366851101284796 Penicillium-commune
0 0 0.9682654258471666 0.0003387364836371474 Penicillium-verrucosum
0 0 0.9630185249596684 0.000495171515009771 Penicillium-mb
0 0 0.9784375114861753 0.00012961814980424672 Penicillium-polonicum
0 0 -0.7875393698155364 0.035509185657678785 Penicillium-brevicompactum
0 0 -0.6420489923596532 0.120009792611278 Penicillium-cvjetkovicii
0 0 0.949943581419164 0.0010479889327152875 Penicillium-chrysogenum
0 0 0.9575877552557773 0.000695412312468235 Penicillium-solitum
0 0 0.9785741541655479 0.00012758381385674292 Penicillium-commune
0 0 0.9673979354918933 0.00036219210237454786 Penicillium-verrucosum
0 0 0.9620357837217202 0.0005284447346757459 Penicillium-mb
0 0 0.9776068406931643 0.00014240076342586437 Penicillium-polonicum
0 0 -0.7875864001944498 0.035490501870196395 Penicillium-brevicompactum
0 0 -0.6420489923596528 0.12000979261127831 Penicillium-cvjetkovicii
0 0 0.9501407657797823 0.0010378102211338013 Penicillium-chrysogenum
0 0 0.9574388497698612 0.0007014754335773256 Penicillium-solitum
0 0 0.9783355683121808 0.0001311483930087447 Penicillium-commune
0 0 0.9674937078004092 0.0003595566619847241 Penicillium-verrucosum
0 0 0.9623297532669939 0.0005183569522693335 Penicillium-mb
0 0 0.9777285802034174 0.00014048248942365722 Penicillium-polonicum
0 0 -0.7877110506074536 0.03544100837072592 Penicillium-brevicompactum
0 0 -0.6420489923596535 0.12000979261127774 Penicillium-cvjetkovicii
0 0 0.9495504739729123 0.0010684567183385494 Penicillium-chrysogenum
0 0 0.9563792161167473 0.0007455255481549736 Penicillium-solitum
0 0 0.9758325622628388 0.00017214099543356193 Penicillium-commune
0 0 0.9672662146403667 0.0003658354651437519 Penicillium-verrucosum
0 0 0.9622282434570321 0.0005218272993743807 Penicillium-mb
0 0 0.9772467132203839 0.00014816642705788887 Penicillium-polonicum
0 0 -0.7876200556165176 0.03547713491598468 Penicillium-brevicompactum
0 0 -0.6420489923596547 0.12000979261127687 Penicillium-cvjetkovicii
0 0 0.9500797437363245 0.0010409539226011576 Penicillium-chrysogenum
0 0 0.9570787546924621 0.0007162668339414236 Penicillium-solitum
0 0 0.9777455055891578 0.00014021701998345038 Penicillium-commune
0 0 0.9675257512297029 0.00035867745085178706 Penicillium-verrucosum
0 0 0.9630209372807419 0.0004950914162004669 Penicillium-mb
0 0 0.9781005367694696 0.0001347172798891718 Penicillium-polonicum
0 0 -0.7875767366940433 0.03549434044866814 Penicillium-brevicompactum
0 0 -0.6420489923596543 0.12000979261127724 Penicillium-cvjetkovicii
0 0 0.949601201970036 0.0010658023278189534 Penicillium-chrysogenum
0 0 0.9568922841268845 0.0007239983169832851 Penicillium-solitum
0 0 0.9786440751481535 0.00012655024441269696 Penicillium-commune
0 0 0.9670840248191697 0.0003709105417438392 Penicillium-verrucosum
0 0 0.9618863215722747 0.000533617926377651 Penicillium-mb
0 0 0.9778125297545894 0.00013916870470820589 Penicillium-polonicum
0 0 -0.7875421860734175 0.03550806668729388 Penicillium-brevicompactum
0 0 -0.6420489923596532 0.120009792611278 Penicillium-cvjetkovicii
0 0 0.948438363894399 0.001127632570079876 Penicillium-chrysogenum
0 0 0.9560322315994559 0.0007602964668130754 Penicillium-solitum
0 0 0.9786445218406575 0.0001265436575308281 Penicillium-commune
0 0 0.9662327070798071 0.0003951778828892142 Penicillium-verrucosum
0 0 0.9610290153102821 0.0005638707671179453 Penicillium-mb
0 0 0.9773754292007107 0.00014609000699794872 Penicillium-polonicum
0 0 -0.7875936465072313 0.03548762360914154 Penicillium-brevicompactum
0 0 -0.6420489923596538 0.12000979261127752 Penicillium-cvjetkovicii
0 0 0.949516354671508 0.0010702442383026078 Penicillium-chrysogenum
0 0 0.9567306828938 0.000730738467618573 Penicillium-solitum
0 0 0.9781308741215237 0.00013425340280883363 Penicillium-commune
0 0 0.9670830807182094 0.0003709369488576359 Penicillium-verrucosum
0 0 0.9617231646078235 0.0005392992890597552 Penicillium-mb
0 0 0.977466792611028 0.0001446267386803776 Penicillium-polonicum
0 0 -0.7875663259420397 0.03549847611201023 Penicillium-brevicompactum
0 0 -0.6420489923596556 0.12000979261127616 Penicillium-cvjetkovicii
0 0 0.9483638215221468 0.0011316665189801773 Penicillium-chrysogenum
0 0 0.9561484792114031 0.00075532875689219 Penicillium-solitum
0 0 0.9783054715861945 0.0001316022159128958 Penicillium-commune
0 0 0.9662640423634741 0.00039426842604138894 Penicillium-verrucosum
0 0 0.9609601188977626 0.0005663450408247711 Penicillium-mb
0 0 0.9771054481415729 0.000150465419334407 Penicillium-polonicum
0 0 -0.7876573452022961 0.03546232784704877 Penicillium-brevicompactum
0 0 -0.6420489923596532 0.120009792611278 Penicillium-cvjetkovicii
0 0 0.9503527207831431 0.0010269344677865042 Penicillium-chrysogenum
0 0 0.9574459509186004 0.0007011855813518482 Penicillium-solitum
0 0 0.9780078390650883 0.00013614060077326014 Penicillium-commune
0 0 0.9676982679275434 0.00035396588202920567 Penicillium-verrucosum
0 0 0.9625166803168613 0.0005120023303982349 Penicillium-mb
0 0 0.9779928198636396 0.0001363720520113912 Penicillium-polonicum
0 0 -0.7875571237349502 0.0355021319048527 Penicillium-brevicompactum
0 0 -0.6420489923596543 0.12000979261127724 Penicillium-cvjetkovicii
0 0 0.9496363605359636 0.001063964911510503 Penicillium-chrysogenum
0 0 0.9567216869899332 0.000731114760951543 Penicillium-solitum
0 0 0.9778227690679214 0.0001390089659108054 Penicillium-commune
0 0 0.9671502674294513 0.00036906048123904465 Penicillium-verrucosum
0 0 0.9621080051999887 0.0005259557090167887 Penicillium-mb
0 0 0.9774983818880738 0.00014412284918833185 Penicillium-polonicum
0 0 -0.7875658663047942 0.035498658708732506 Penicillium-brevicompactum
0 0 -0.6420489923596543 0.12000979261127724 Penicillium-cvjetkovicii
0 0 0.9474000554189973 0.0011845902836156261 Penicillium-chrysogenum
0 0 0.9556475389913289 0.0007768735770066501 Penicillium-solitum
0 0 0.9777059429636912 0.00014083801552254382 Penicillium-commune
0 0 0.9656856104750778 0.00041125759171873477 Penicillium-verrucosum
0 0 0.9604233764058577 0.0005858415404185705 Penicillium-mb
0 0 0.9764886609909529 0.00016075152294821896 Penicillium-polonicum
0 0 -0.7877496095048855 0.03542570601153857 Penicillium-brevicompactum
0 0 -0.6420489923596532 0.120009792611278 Penicillium-cvjetkovicii
0 0 0.9477534130305466 0.001165020239765827 Penicillium-chrysogenum
0 0 0.956297974833273 0.0007489685579612078 Penicillium-solitum
0 0 0.9774283266075504 0.00014524173672747961 Penicillium-commune
0 0 0.9659648140153801 0.00040300392975747287 Penicillium-verrucosum
0 0 0.9605412783087894 0.0005815253438744898 Penicillium-mb
0 0 0.9761442847766111 0.00016667175832636033 Penicillium-polonicum
0 0 -0.7877856014811025 0.0354114256680124 Penicillium-brevicompactum
0 0 -0.6420489923596543 0.12000979261127724 Penicillium-cvjetkovicii
0 0 0.9494995573466071 0.0010711249036842155 Penicillium-chrysogenum
0 0 0.956864363302371 0.0007251602103856127 Penicillium-solitum
0 0 0.9776484748601099 0.0001417429802669096 Penicillium-commune
0 0 0.9671660441370842 0.00036862067087699003 Penicillium-verrucosum
0 0 0.9620199750756097 0.0005289904907441571 Penicillium-mb
0 0 0.9774734794369467 0.00014451998775996718 Penicillium-polonicum
0 0 -0.7875894095650962 0.03548930652177899 Penicillium-brevicompactum
0 0 -0.6420489923596554 0.12000979261127633 Penicillium-cvjetkovicii
0 0 0.9500552387038002 0.001042217941843926 Penicillium-chrysogenum
0 0 0.9582825563015022 0.0006675325589544086 Penicillium-solitum
0 0 0.9791474631187088 0.00011925654955203236 Penicillium-commune
0 0 0.9674890940137865 0.00035968336093227714 Penicillium-verrucosum
0 0 0.9619540681593634 0.0005312693732071627 Penicillium-mb
0 0 0.9775725500092093 0.00014294388988270396 Penicillium-polonicum
0 0 -0.7875496545677243 0.03550509936080822 Penicillium-brevicompactum
0 0 -0.6420489923596561 0.12000979261127585 Penicillium-cvjetkovicii
0 0 0.9498949668439602 0.0010505074575157987 Penicillium-chrysogenum
0 0 0.9569131276137686 0.0007231316583100766 Penicillium-solitum
0 0 0.976573778648955 0.00015930787938037434 Penicillium-commune
0 0 0.9675265896673019 0.0003586544628809406 Penicillium-verrucosum
0 0 0.9620359415669546 0.0005284392871279958 Penicillium-mb
0 0 0.977174496131553 0.00014933907476681314 Penicillium-polonicum
0 0 -0.7875722024280698 0.03549614164945904 Penicillium-brevicompactum
0 0 -0.6420489923596543 0.12000979261127724 Penicillium-cvjetkovicii
2 2 0.9478175912649609 0.0011614864965340166 Penicillium-chrysogenum
2 2 0.9554311353621942 0.0007862919829909833 Penicillium-solitum
2 2 0.9770339985012921 0.00015163625500488342 Penicillium-commune
2 2 0.9658389945694686 0.00040671103352113024 Penicillium-verrucosum
2 2 0.9602464810392836 0.0005923529246855656 Penicillium-mb
2 2 0.9760438820823819 0.00016842186278117255 Penicillium-polonicum
2 2 -0.7876855324241206 0.03545113745489319 Penicillium-brevicompactum
2 2 -0.6420489923596543 0.12000979261127724 Penicillium-cvjetkovicii
0 0 0.9500857064764467 0.0010406464895241093 Penicillium-chrysogenum
0 0 0.9573111742674273 0.0007066989624639143 Penicillium-solitum
0 0 0.9784573810615399 0.00012932113894086115 Penicillium-commune
0 0 0.9674476359197969 0.00036082302979001716 Penicillium-verrucosum
0 0 0.9622584080329785 0.0005207946188710356 Penicillium-mb
0 0 0.9779031226451926 0.00013775920116296437 Penicillium-polonicum
0 0 -0.7877152427296857 0.03543934452064277 Penicillium-brevicompactum
0 0 -0.6420489923596543 0.12000979261127724 Penicillium-cvjetkovicii
0 0 0.9484501090207311 0.0011269977445928175 Penicillium-chrysogenum
0 0 0.9551815079353768 0.0007972399347759687 Penicillium-solitum
0 0 0.9756043130448459 0.0001762125642942291 Penicillium-commune
0 0 0.9665416261783134 0.00038626627901180955 Penicillium-verrucosum
0 0 0.9607679648935423 0.0005732798379716066 Penicillium-mb
0 0 0.9763673219224162 0.0001628229336930709 Penicillium-polonicum
0 0 -0.7876011283123542 0.035484651945876335 Penicillium-brevicompactum
0 0 -0.6420489923596538 0.12000979261127752 Penicillium-cvjetkovicii
0 0 0.9498455751801574 0.0010530699000475439 Penicillium-chrysogenum
0 0 0.9570978649504315 0.0007154772569718974 Penicillium-solitum
0 0 0.978125088069914 0.00013434180154325506 Penicillium-commune
0 0 0.9673417189749475 0.00036374438535318105 Penicillium-verrucosum
0 0 0.9623738162136839 0.0005168548334224207 Penicillium-mb
0 0 0.977889403099888 0.00013797210937048536 Penicillium-polonicum
0 0 -0.7875922066243215 0.035488195525391446 Penicillium-brevicompactum
0 0 -0.6420489923596543 0.12000979261127724 Penicillium-cvjetkovicii
0 0 0.9496804141021096 0.0010616652791895888 Penicillium-chrysogenum
0 0 0.9566970197792736 0.0007321471645091712 Penicillium-solitum
0 0 0.9786102531943071 0.00012704957337279869 Penicillium-commune
0 0 0.9670908492456307 0.00037071969134775393 Penicillium-verrucosum
0 0 0.9618634680061912 0.0005344115715479335 Penicillium-mb
0 0 0.977803428974986 0.0001393107735738399 Penicillium-polonicum
0 0 -0.7875937313469792 0.03548758991126241 Penicillium-brevicompactum
0 0 -0.6420489923596535 0.12000979261127774 Penicillium-cvjetkovicii
2 2 0.947454599968695 0.0011815568660459885 Penicillium-chrysogenum
2 2 0.955654746586483 0.0007765610410643652 Penicillium-solitum
2 2 0.9783943227941939 0.00013026513709959214 Penicillium-commune
2 2 0.965662162501592 0.00041195527502089395 Penicillium-verrucosum
2 2 0.9596176829327072 0.0006158449095264839 Penicillium-mb
2 2 0.9759892074557319 0.000169379471822581 Penicillium-polonicum
2 2 -0.7876157573345506 0.03547884191255177 Penicillium-brevicompactum
2 2 -0.6420489923596532 0.120009792611278 Penicillium-cvjetkovicii
0 0 0.9479618036065823 0.0011535690834529274 Penicillium-chrysogenum
0 0 0.9558981110494783 0.0007660519320124111 Penicillium-solitum
0 0 0.9776661908020048 0.00014146363443201952 Penicillium-commune
0 0 0.9660488539897839 0.0004005390269563494 Penicillium-verrucosum
0 0 0.9604274480017997 0.0005856921703386363 Penicillium-mb
0 0 0.9763892429664923 0.00016244754393501714 Penicillium-polonicum
0 0 -0.7876813805741641 0.0354527856255961 Penicillium-brevicompactum
0 0 -0.6420489923596532 0.120009792611278 Penicillium-cvjetkovicii
2 2 0.9497792756595651 0.0010565153252474217 Penicillium-chrysogenum
2 2 0.9571875090052531 0.0007117803242938178 Penicillium-solitum
2 2 0.9782412048016641 0.0001325744133923062 Penicillium-commune
2 2 0.9671737811596776 0.0003684050982627475 Penicillium-verrucosum
2 2 0.9614997029210728 0.0005471385414733367 Penicillium-mb
2 2 0.9770578307116258 0.00015124511853252 Penicillium-polonicum
2 2 -0.7875897688785338 0.0354891638008257 Penicillium-brevicompactum
2 2 -0.6420489923596543 0.12000979261127724 Penicillium-cvjetkovicii
0 0 0.9520367026880309 0.0009429205461748401 Penicillium-chrysogenum
0 0 0.9588227806106082 0.0006463209927477718 Penicillium-solitum
0 0 0.979213126812997 0.00011832412394793915 Penicillium-commune
0 0 0.9687721070041679 0.00032546639757399185 Penicillium-verrucosum
0 0 0.9635690565068556 0.0004770905743365439 Penicillium-mb
0 0 0.978809820134102 0.00012412020374784392 Penicillium-polonicum
0 0 -0.7874936022651055 0.03552737300949907 Penicillium-brevicompactum
0 0 -0.6420489923596528 0.12000979261127831 Penicillium-cvjetkovicii
0 0 0.9483214903439301 0.0011339611102545693 Penicillium-chrysogenum
0 0 0.9557812229634008 0.0007710888811949753 Penicillium-solitum
0 0 0.977823522853701 0.00013899721076866115 Penicillium-commune
0 0 0.9662673749408189 0.0003941717765021384 Penicillium-verrucosum
0 0 0.9611585375341659 0.0005592366240245602 Penicillium-mb
0 0 0.97721032026706 0.00014875668041543759 Penicillium-polonicum
0 0 -0.7876157963991687 0.03547882639843398 Penicillium-brevicompactum
0 0 -0.6420489923596558 0.12000979261127605 Penicillium-cvjetkovicii
0 0 0.9489557651410777 0.001099866954332528 Penicillium-chrysogenum
0 0 0.9558658177077711 0.0007674415648337964 Penicillium-solitum
0 0 0.9782896973973274 0.00013184044535877805 Penicillium-commune
0 0 0.9665816020762674 0.0003851218828438473 Penicillium-verrucosum
0 0 0.961136690493611 0.0005600166937832335 Penicillium-mb
0 0 0.977487939225507 0.00014428930706759444 Penicillium-polonicum
0 0 -0.7875137171778736 0.03551937900109543 Penicillium-brevicompactum
0 0 -0.6420489923596528 0.12000979261127831 Penicillium-cvjetkovicii
0 0 0.9493084684053595 0.001081173640379361 Penicillium-chrysogenum
0 0 0.9566403241008901 0.0007345233359337593 Penicillium-solitum
0 0 0.9783319628371604 0.0001312027100179091 Penicillium-commune
0 0 0.9669163756862243 0.00037561732332103403 Penicillium-verrucosum
0 0 0.9626962292965542 0.0005059422711443247 Penicillium-mb
0 0 0.9782032703080904 0.00013315027176790864 Penicillium-polonicum
0 0 -0.7875790741614305 0.03549341192834701 Penicillium-brevicompactum
0 0 -0.6420489923596538 0.12000979261127752 Penicillium-cvjetkovicii
0 0 0.9505223012192193 0.001018281751552768 Penicillium-chrysogenum
0 0 0.9571751189019632 0.00071229061819574 Penicillium-solitum
0 0 0.9787161335309587 0.0001254903209541837 Penicillium-commune
0 0 0.9676704754187873 0.0003547224164226078 Penicillium-verrucosum
0 0 0.9624713422227502 0.0005135393364263998 Penicillium-mb
0 0 0.9783288569033265 0.00013124951211796577 Penicillium-polonicum
0 0 -0.787476810558495 0.03553404708520084 Penicillium-brevicompactum
0 0 -0.6420489923596532 0.120009792611278 Penicillium-cvjetkovicii
0 0 0.9483470703261893 0.0011325742010529873 Penicillium-chrysogenum
0 0 0.956116295089237 0.0007567021785704568 Penicillium-solitum
0 0 0.9773311783511028 0.0001468018827655617 Penicillium-commune
0 0 0.9663845422060213 0.0003907826995688916 Penicillium-verrucosum
0 0 0.9621550155881751 0.0005243392978024771 Penicillium-mb
0 0 0.977455138624368 0.00014481289947047065 Penicillium-polonicum
0 0 -0.7877167445694604 0.03543874845216077 Penicillium-brevicompactum
0 0 -0.6420489923596558 0.12000979261127605 Penicillium-cvjetkovicii
0 0 0.9535752149412635 0.0008698434060084558 Penicillium-chrysogenum
0 0 0.9598120710752147 0.0006085246702430425 Penicillium-solitum
0 0 0.9798408515440792 0.00010962962062187868 Penicillium-commune
0 0 0.9697639584705096 0.00030039658421548716 Penicillium-verrucosum
0 0 0.9644189749132658 0.00044995711953028624 Penicillium-mb
0 0 0.9795963934634578 0.00011296854420030531 Penicillium-polonicum
0 0 -0.787387368323254 0.03556960877433768 Penicillium-brevicompactum
0 0 -0.6420489923596548 0.12000979261127667 Penicillium-cvjetkovicii
0 0 0.9513179527196365 0.0009782606395420076 Penicillium-chrysogenum
0 0 0.9583621739947719 0.0006643808989306309 Penicillium-solitum
0 0 0.9791896132868131 0.00011865751481645567 Penicillium-commune
0 0 0.9682475328958513 0.0003392108741686001 Penicillium-verrucosum
0 0 0.9633137952082179 0.0004854244154402131 Penicillium-mb
0 0 0.9786386965088414 0.00012662957332811896 Penicillium-polonicum
0 0 -0.7875946279202919 0.03548723379838339 Penicillium-brevicompactum
0 0 -0.6420489923596535 0.12000979261127774 Penicillium-cvjetkovicii
0 0 0.9513327208273996 0.0009775267635717406 Penicillium-chrysogenum
0 0 0.9579155483891473 0.0006821749818036275 Penicillium-solitum
0 0 0.9792435713502962 0.00011789329126852128 Penicillium-commune
0 0 0.9681891827003 0.00034076063839166967 Penicillium-verrucosum
0 0 0.9631788082723413 0.0004898661694941104 Penicillium-mb
0 0 0.9788305555162577 0.0001238181713250206 Penicillium-polonicum
0 0 -0.7874893209690706 0.03552907459843962 Penicillium-brevicompactum
0 0 -0.6420489923596552 0.12000979261127649 Penicillium-cvjetkovicii
0 0 0.9481794570583378 0.0011416801953497654 Penicillium-chrysogenum
0 0 0.9561759970722864 0.000754155634304924 Penicillium-solitum
0 0 0.9781177655780834 0.0001344537235960388 Penicillium-commune
0 0 0.9662003487607767 0.00039611833839973135 Penicillium-verrucosum
0 0 0.9608665724044508 0.0005697148614700044 Penicillium-mb
0 0 0.9769586155909223 0.00015287741286435554 Penicillium-polonicum
0 0 -0.7875863383896836 0.03549052641982624 Penicillium-brevicompactum
0 0 -0.6420489923596532 0.120009792611278 Penicillium-cvjetkovicii
