#SPECIES: Penicillium-chrysogenum Penicillium-solitum Penicillium-commune Penicillium-mb Penicillium-polonicum Penicillium-verrucosum Penicillium-cvjetkovicii Penicillium-brevicompactum 
#GENE_TREEs p: 0.14346295573948817 0.37122269757442555 0.6622692033899018 0.02630559564646741 0.00431741393119846 0.06657011922352536 0.02951928623835769 0.04913778554830968 
#GENE_TREEs r: 0.6127873818976378 0.4020775133524221 0.20310288786698147 0.8126498184595038 0.911056672033773 0.7226411603882074 0.8033930598850924 0.756297352276924 
1 2 0.6136564785932059 0.14273576076959532 Penicillium-chrysogenum
1 2 0.396488464225369 0.3785349028512918 Penicillium-solitum
1 2 0.1970722984079227 0.6718983925173889 Penicillium-commune
1 2 0.8092609411988392 0.02745802544944701 Penicillium-mb
1 2 0.9099060308142476 0.004455571562861276 Penicillium-polonicum
1 2 0.7192684739776825 0.0684755401070752 Penicillium-verrucosum
1 2 0.8145465300532047 0.025672692062237736 Penicillium-cvjetkovicii
1 2 0.7566057922079076 0.04899128079268654 Penicillium-brevicompactum
1 0 0.6121615721097243 0.14398774015983207 Penicillium-chrysogenum
1 0 0.3987144921923841 0.3756155937227948 Penicillium-solitum
1 0 0.19971027218124085 0.6676818104266092 Penicillium-commune
1 0 0.8105432795863856 0.027018685893544142 Penicillium-mb
1 0 0.9106337959568293 0.004367893694461776 Penicillium-polonicum
1 0 0.7201477368591614 0.06797600557318881 Penicillium-verrucosum
1 0 0.811213390166187 0.026790682542910418 Penicillium-cvjetkovicii
1 0 0.7564459931857516 0.049067153220499746 Penicillium-brevicompactum
1 2 0.6084201245231173 0.147145327867133 Penicillium-chrysogenum
1 2 0.3988765659222099 0.37540340312501935 Penicillium-solitum
1 2 0.20053294637414387 0.6663682485902598 Penicillium-commune
1 2 0.8130064991930587 0.02618591491025049 Penicillium-mb
1 2 0.9137735380755139 0.004001227195608396 Penicillium-polonicum
1 2 0.7225669329198702 0.0666117430383008 Penicillium-verrucosum
1 2 0.8232463369358201 0.02288031636846923 Penicillium-cvjetkovicii
1 2 0.7565207107542686 0.049031669379175455 Penicillium-brevicompactum
1 2 0.6134469292110032 0.14291092549923617 Penicillium-chrysogenum
1 2 0.3956321609233319 0.379660344705003 Penicillium-solitum
1 2 0.19658355297529298 0.6726803659986389 Penicillium-commune
1 2 0.807948547643883 0.027911784640536973 Penicillium-mb
1 2 0.909478259506809 0.004507582425528282 Penicillium-polonicum
1 2 0.7166410441805964 0.0699799832314267 Penicillium-verrucosum
1 2 0.8145465300532039 0.025672692062238007 Penicillium-cvjetkovicii
1 2 0.7565931730147643 0.04899727003403354 Penicillium-brevicompactum
1 2 0.6112280309022797 0.14477237273141497 Penicillium-chrysogenum
1 2 0.4008260088757858 0.3728549869250828 Penicillium-solitum
1 2 0.20209732322941873 0.6638722823341152 Penicillium-commune
1 2 0.8118637092777035 0.02657045045373315 Penicillium-mb
1 2 0.911181045725051 0.0043026322654277005 Penicillium-polonicum
1 2 0.7219162074358522 0.0669772441050948 Penicillium-verrucosum
1 2 0.8196848769604506 0.02400154324557107 Penicillium-cvjetkovicii
1 2 0.7565207107542687 0.04903166937917541 Penicillium-brevicompactum
1 0 0.6109391307818107 0.14501562567277293 Penicillium-chrysogenum
1 0 0.3974289651804389 0.3773003662356825 Penicillium-solitum
1 0 0.19852345797195264 0.6695779814499014 Penicillium-commune
1 0 0.8102501091938863 0.027118777683328238 Penicillium-mb
1 0 0.9111318324548427 0.0043084776673163955 Penicillium-polonicum
1 0 0.7198620141657779 0.06813811706857183 Penicillium-verrucosum
1 0 0.8101809815727973 0.027142408942158164 Penicillium-cvjetkovicii
1 0 0.7564244120094877 0.04907740487462929 Penicillium-brevicompactum
1 2 0.609946388016283 0.145853078614621 Penicillium-chrysogenum
1 2 0.40134453844295026 0.3721783328418801 Penicillium-solitum
1 2 0.2022811261628027 0.6635791860013203 Penicillium-commune
1 2 0.8097559095555674 0.027287973780957465 Penicillium-mb
1 2 0.9086066855618301 0.004614644423115448 Penicillium-polonicum
1 2 0.720766828755425 0.06762546193294039 Penicillium-verrucosum
1 2 0.821325037536923 0.0234814248850212 Penicillium-cvjetkovicii
1 2 0.7565207107542689 0.04903166937917538 Penicillium-brevicompactum
1 2 0.6147190781770537 0.1418491897895696 Penicillium-chrysogenum
1 2 0.3889537492154554 0.3884841729859777 Penicillium-solitum
1 2 0.19018242732663063 0.6829433538672074 Penicillium-commune
1 2 0.8084794523868934 0.027727722023502117 Penicillium-mb
1 2 0.9132354668488314 0.00406273404654015 Penicillium-polonicum
1 2 0.7164785614198073 0.0700735963503096 Penicillium-verrucosum
1 2 0.8145465300532048 0.025672692062237705 Penicillium-cvjetkovicii
1 2 0.7567596451820034 0.04891829233638127 Penicillium-brevicompactum
1 2 0.6096990472718361 0.14606210666198585 Penicillium-chrysogenum
1 2 0.39819725643146475 0.3762930975789873 Penicillium-solitum
1 2 0.19903075466735207 0.6687673031271607 Penicillium-commune
1 2 0.8119641639443484 0.02653652229846421 Penicillium-mb
1 2 0.9122808408100856 0.004173208199166611 Penicillium-polonicum
1 2 0.7218636581535993 0.06700680712455118 Penicillium-verrucosum
1 2 0.8196463595732157 0.024013834914725748 Penicillium-cvjetkovicii
1 2 0.7565207107542687 0.04903166937917541 Penicillium-brevicompactum
3 2 0.6114181966441207 0.14461236603317648 Penicillium-chrysogenum
3 2 0.4004391094032938 0.37336019819804583 Penicillium-solitum
3 2 0.2017211937332346 0.6644721730901763 Penicillium-commune
3 2 0.8075010791621267 0.02806745096614433 Penicillium-mb
3 2 0.9068797548146983 0.004831117793843431 Penicillium-polonicum
3 2 0.7175179843008439 0.06947590144839164 Penicillium-verrucosum
3 2 0.799265676018432 0.03101937160544282 Penicillium-cvjetkovicii
3 2 0.7562303152063282 0.049169658955018604 Penicillium-brevicompactum
1 2 0.6157994200182196 0.1409506741330648 Penicillium-chrysogenum
1 2 0.3948644166701396 0.3806705468941957 Penicillium-solitum
1 2 0.19506950041040974 0.6751042764633544 Penicillium-commune
1 2 0.8074655766100369 0.028079822467226866 Penicillium-mb
1 2 0.9085178333939237 0.004625641179887578 Penicillium-polonicum
1 2 0.7164891735590656 0.07006748020142786 Penicillium-verrucosum
1 2 0.8145465300532045 0.025672692062237764 Penicillium-cvjetkovicii
1 2 0.756759340177489 0.04891843697272575 Penicillium-brevicompactum
1 0 0.6121918334115918 0.1439623417652475 Penicillium-chrysogenum
1 0 0.39065068480945503 0.3862343440323679 Penicillium-solitum
1 0 0.1914115932458091 0.6809695585926594 Penicillium-commune
1 0 0.8099871619661638 0.027208727759715678 Penicillium-mb
1 0 0.9136202596360531 0.004018692625860594 Penicillium-polonicum
1 0 0.719004770644717 0.06862574107606452 Penicillium-verrucosum
1 0 0.8132970067427295 0.026088664584597035 Penicillium-cvjetkovicii
1 0 0.7564917381119957 0.049045426998708536 Penicillium-brevicompactum
1 0 0.6147402933839257 0.14183151744416275 Penicillium-chrysogenum
1 0 0.39829924798043975 0.3761594640274913 Penicillium-solitum
1 0 0.19979260021899936 0.6675503270368439 Penicillium-commune
1 0 0.8104190585834075 0.027061071017741807 Penicillium-mb
1 0 0.910910572923393 0.004334815434814245 Penicillium-polonicum
1 0 0.7196446082399498 0.06826160661615008 Penicillium-verrucosum
1 0 0.811310369553411 0.026757775443712446 Penicillium-cvjetkovicii
1 0 0.7564480558544681 0.04906617345739664 Penicillium-brevicompactum
1 2 0.6152777945840386 0.14138414779926703 Penicillium-chrysogenum
1 2 0.3903106486208884 0.38668474845800876 Penicillium-solitum
1 2 0.19134927407924282 0.6810695960294157 Penicillium-commune
1 2 0.8069322330112646 0.028266043683021318 Penicillium-mb
1 2 0.9108948796213222 0.004336687054838001 Penicillium-polonicum
1 2 0.7153163656618399 0.07074514551608091 Penicillium-verrucosum
1 2 0.8145465300532035 0.025672692062238104 Penicillium-cvjetkovicii
1 2 0.7567758549758695 0.04891060581909137 Penicillium-brevicompactum
1 2 0.6160469846974405 0.14074518175455694 Penicillium-chrysogenum
1 2 0.39189125352627313 0.3845929108612768 Penicillium-solitum
1 2 0.19182613536562568 0.6803042121793945 Penicillium-commune
1 2 0.8064222732623721 0.02844474596138664 Penicillium-mb
1 2 0.9085800712278671 0.004617936735714422 Penicillium-polonicum
1 2 0.7159155369660015 0.07039849821318232 Penicillium-verrucosum
1 2 0.8145465300532047 0.025672692062237736 Penicillium-cvjetkovicii
1 2 0.7568035644338155 0.048897467812573286 Penicillium-brevicompactum
1 2 0.6186762089888306 0.13857213144093208 Penicillium-chrysogenum
1 2 0.38882863037920007 0.3886502661286858 Penicillium-solitum
1 2 0.18878701605948434 0.6851858468145068 Penicillium-commune
1 2 0.8051818992959552 0.028882040210665517 Penicillium-mb
1 2 0.9087294776330963 0.004599472218736789 Penicillium-polonicum
1 2 0.7136500908736098 0.07171396483418672 Penicillium-verrucosum
1 2 0.8145465300532047 0.025672692062237736 Penicillium-cvjetkovicii
1 2 0.7571167024490338 0.04874913275930104 Penicillium-brevicompactum
3 4 0.6119931062498953 0.14412917528916844 Penicillium-chrysogenum
3 4 0.3971477795147747 0.3776692889974596 Penicillium-solitum
3 4 0.1975076806417993 0.6712019959945974 Penicillium-commune
3 4 0.8084488024645994 0.027738329651179148 Penicillium-mb
3 4 0.9089570915282348 0.004571425239007924 Penicillium-polonicum
3 4 0.716769767846029 0.06990586785033358 Penicillium-verrucosum
3 4 0.8145465300532047 0.025672692062237736 Penicillium-cvjetkovicii
3 4 0.7565436507245312 0.04902077786601332 Penicillium-brevicompactum
3 4 0.6140521672406278 0.14240529559361895 Penicillium-chrysogenum
3 4 0.3980913741792312 0.37643184936355495 Penicillium-solitum
3 4 0.19921709908430146 0.6684695822290656 Penicillium-commune
3 4 0.8074500266298736 0.028085242099669522 Penicillium-mb
3 4 0.9085770041249789 0.004618316238090604 Penicillium-polonicum
3 4 0.7158431470403998 0.07044033047256947 Penicillium-verrucosum
3 4 0.8145465300532057 0.025672692062237396 Penicillium-cvjetkovicii
3 4 0.7565346930329279 0.04902503066996624 Penicillium-brevicompactum
1 2 0.6097553068102888 0.1460145484082928 Penicillium-chrysogenum
1 2 0.4019974503888588 0.37132703278477536 Penicillium-solitum
1 2 0.2030325857966061 0.6623812462546153 Penicillium-commune
1 2 0.8130907774503883 0.026157680967174773 Penicillium-mb
1 2 0.9117895967558348 0.004230732790375424 Penicillium-polonicum
1 2 0.7229341634619694 0.06640595160603678 Penicillium-verrucosum
1 2 0.8207219035236896 0.023671940325591924 Penicillium-cvjetkovicii
1 2 0.7565207107542687 0.04903166937917541 Penicillium-brevicompactum
1 2 0.6153945519885519 0.1412870633466099 Penicillium-chrysogenum
1 2 0.3972543705673344 0.3775294215414401 Penicillium-solitum
1 2 0.19815384675739572 0.6701687940596996 Penicillium-commune
1 2 0.8088302697086505 0.02760646983068174 Penicillium-mb
1 2 0.9093589244662913 0.004522154694482312 Penicillium-polonicum
1 2 0.7175840609307467 0.06943799865475563 Penicillium-verrucosum
1 2 0.8145465300532048 0.025672692062237705 Penicillium-cvjetkovicii
1 2 0.7565995014724873 0.048994266411446434 Penicillium-brevicompactum
1 0 0.6123085243740259 0.14386442385495468 Penicillium-chrysogenum
1 0 0.3950812788691014 0.38038508796034015 Penicillium-solitum
1 0 0.19593592605938215 0.6737169047370349 Penicillium-commune
1 0 0.8081545316294689 0.027840289672423427 Penicillium-mb
1 0 0.9098539814592699 0.004461881209877945 Penicillium-polonicum
1 0 0.7176813599573801 0.06938220633978427 Penicillium-verrucosum
1 0 0.8129397558547705 0.02620828665462893 Penicillium-cvjetkovicii
1 0 0.7564836746512167 0.04904925629826836 Penicillium-brevicompactum
1 0 0.6131944017146417 0.14312216007901732 Penicillium-chrysogenum
1 0 0.3982413508161189 0.37623532091518863 Penicillium-solitum
1 0 0.19889665080338265 0.6689815810819496 Penicillium-commune
1 0 0.8095843392799296 0.027346851432521895 Penicillium-mb
1 0 0.9095822389337512 0.004494907623274913 Penicillium-polonicum
1 0 0.7187143219255276 0.06879138057931337 Penicillium-verrucosum
1 0 0.8128767349651724 0.026229420527634655 Penicillium-cvjetkovicii
1 0 0.7564822620059194 0.0490499271737341 Penicillium-brevicompactum
1 0 0.6129543113527005 0.1433231371120496 Penicillium-chrysogenum
1 0 0.3944730154650082 0.38118597402309773 Penicillium-solitum
1 0 0.19472524919426826 0.6756557149918558 Penicillium-commune
1 0 0.8100904772754466 0.027173365284178963 Penicillium-mb
1 0 0.9115671344665139 0.0042569344139671735 Penicillium-polonicum
1 0 0.7184604156154835 0.06893635625893971 Penicillium-verrucosum
1 0 0.810423499160216 0.02705955521707497 Penicillium-cvjetkovicii
1 0 0.7564294206399969 0.04907502553237522 Penicillium-brevicompactum
1 0 0.6116022004302016 0.14445762886872832 Penicillium-chrysogenum
1 0 0.39821303030313127 0.3762724287339641 Penicillium-solitum
1 0 0.19873465819649205 0.6692404448919114 Penicillium-commune
1 0 0.8089732944231806 0.02755712207756749 Penicillium-mb
1 0 0.9090808587286042 0.004556216400609401 Penicillium-polonicum
1 0 0.717602899162832 0.0694271947275027 Penicillium-verrucosum
1 0 0.8081332418053503 0.027847674389701104 Penicillium-cvjetkovicii
1 0 0.7563835246418461 0.04909683072032509 Penicillium-brevicompactum
1 0 0.6116701475205775 0.14440051015934707 Penicillium-chrysogenum
1 0 0.3984056312232079 0.37602009692027377 Penicillium-solitum
1 0 0.19942572549702897 0.6681363025408018 Penicillium-commune
1 0 0.8104076176537097 0.027064976623954514 Penicillium-mb
1 0 0.9107290310030475 0.004356495374491219 Penicillium-polonicum
1 0 0.7198189101268461 0.06816259119411221 Penicillium-verrucosum
1 0 0.8097050904397252 0.027305405916115872 Penicillium-cvjetkovicii
1 0 0.7564146890607183 0.049082023927015835 Penicillium-brevicompactum
1 0 0.6107118174745951 0.14520716724819138 Penicillium-chrysogenum
1 0 0.39928743667016314 0.37486570113754597 Penicillium-solitum
1 0 0.20028307560929656 0.6667671451374462 Penicillium-commune
1 0 0.8120845992169079 0.02649587788167825 Penicillium-mb
1 0 0.9119980338513082 0.004206268694596736 Penicillium-polonicum
1 0 0.7217542550005525 0.06706837736550163 Penicillium-verrucosum
1 0 0.7969374817788542 0.03188392017148393 Penicillium-cvjetkovicii
1 0 0.7561952422573842 0.04918633923144382 Penicillium-brevicompactum
1 2 0.6095327359407791 0.14620274128902835 Penicillium-chrysogenum
1 2 0.3973065854228847 0.377460913553798 Penicillium-solitum
1 2 0.19797751160721802 0.6704507082178008 Penicillium-commune
1 2 0.8113370814344862 0.02674871554421648 Penicillium-mb
1 2 0.9119749295996218 0.004208976341707111 Penicillium-polonicum
1 2 0.7210277034426759 0.06747804093386138 Penicillium-verrucosum
1 2 0.8202118223630882 0.023833740610145756 Penicillium-cvjetkovicii
1 2 0.7565207107542686 0.049031669379175455 Penicillium-brevicompactum
1 2 0.616109407106936 0.14069339161202035 Penicillium-chrysogenum
1 2 0.3955198167732645 0.37980809968028945 Penicillium-solitum
1 2 0.19728950350541832 0.6715509483069186 Penicillium-commune
1 2 0.811114312273019 0.02682432517250113 Penicillium-mb
1 2 0.9130099141553003 0.004088680064713685 Penicillium-polonicum
1 2 0.719761314520624 0.0681953008943914 Penicillium-verrucosum
1 2 0.8145465300532053 0.025672692062237514 Penicillium-cvjetkovicii
1 2 0.7565387140635371 0.04902312159789229 Penicillium-brevicompactum
1 2 0.6121623543359673 0.14398708360675275 Penicillium-chrysogenum
1 2 0.39568942920734385 0.37958503447098507 Penicillium-solitum
1 2 0.19691045128102785 0.6721573155557823 Penicillium-commune
1 2 0.8091949234257557 0.02748075138825047 Penicillium-mb
1 2 0.9109058807651377 0.004335374983211117 Penicillium-polonicum
1 2 0.7186488863994832 0.06882872732760292 Penicillium-verrucosum
1 2 0.8152263095416474 0.02544796851511038 Penicillium-cvjetkovicii
1 2 0.756520710754269 0.049031669379175295 Penicillium-brevicompactum
1 0 0.6120138943897584 0.14411171886976962 Penicillium-chrysogenum
1 0 0.39950433066760266 0.37458198128168907 Penicillium-solitum
1 0 0.20028002076296283 0.666772022315308 Penicillium-commune
1 0 0.8080556599049488 0.02787459421512504 Penicillium-mb
1 0 0.907531763649628 0.004748707650360828 Penicillium-polonicum
1 0 0.7189654243185705 0.06864816725265993 Penicillium-verrucosum
1 0 0.806600433874621 0.028382242390638402 Penicillium-cvjetkovicii
1 0 0.7563544476361221 0.04911064795187648 Penicillium-brevicompactum
1 0 0.6137387832323054 0.14266699101582292 Penicillium-chrysogenum
1 0 0.394847540648954 0.38069276469608293 Penicillium-solitum
1 0 0.1964634927799397 0.6728724934897978 Penicillium-commune
1 0 0.8089300396007284 0.02757204104317729 Penicillium-mb
1 0 0.9113443600752944 0.004283267461347222 Penicillium-polonicum
1 0 0.7170510864619938 0.0697440395045352 Penicillium-verrucosum
1 0 0.8125222750694912 0.026348466057243787 Penicillium-cvjetkovicii
1 0 0.7564743704077538 0.04905367504326953 Penicillium-brevicompactum
1 2 0.6093007121141034 0.14639905682449028 Penicillium-chrysogenum
1 2 0.40236461008598307 0.3708486621416215 Penicillium-solitum
1 2 0.20372795438414432 0.6612732333592932 Penicillium-commune
1 2 0.8121954715567626 0.026458491704717767 Penicillium-mb
1 2 0.9111136457478874 0.004310639000826487 Penicillium-polonicum
1 2 0.7214047619621604 0.06726527015260586 Penicillium-verrucosum
1 2 0.8219184039618962 0.02329484185714565 Penicillium-cvjetkovicii
1 2 0.7565207107542689 0.04903166937917538 Penicillium-brevicompactum
1 2 0.6190649983890202 0.13825224919093745 Penicillium-chrysogenum
1 2 0.3983179201874615 0.37613500102451675 Penicillium-solitum
1 2 0.19982128409038846 0.6675045185605369 Penicillium-commune
1 2 0.8107305162328728 0.026954869860616452 Penicillium-mb
1 2 0.9107940599317079 0.0043487222923193 Penicillium-polonicum
1 2 0.7204013790255435 0.06783226978575739 Penicillium-verrucosum
1 2 0.8145465300532047 0.025672692062237736 Penicillium-cvjetkovicii
1 2 0.756711696339095 0.048941033059132305 Penicillium-brevicompactum
1 0 0.6112890117328991 0.14472105335685376 Penicillium-chrysogenum
1 0 0.39700164371253105 0.3778610808611078 Penicillium-solitum
1 0 0.19813683089724998 0.6701959966652191 Penicillium-commune
1 0 0.8088028561689363 0.02761593397073521 Penicillium-mb
1 0 0.9097849034872825 0.004470263183295581 Penicillium-polonicum
1 0 0.719729053570422 0.06821362622377265 Penicillium-verrucosum
1 0 0.8081300911881147 0.027848767325202597 Penicillium-cvjetkovicii
1 0 0.7563834635842344 0.04909685973233082 Penicillium-brevicompactum
3 4 0.6130210487953388 0.14326725765514006 Penicillium-chrysogenum
3 4 0.39680052871403426 0.3781250934374747 Penicillium-solitum
3 4 0.1970620385669653 0.6719148054462829 Penicillium-commune
3 4 0.8072939285325814 0.028139679450681566 Penicillium-mb
3 4 0.9077504590268201 0.0047212507460581 Penicillium-polonicum
3 4 0.716571427583063 0.07002008403838732 Penicillium-verrucosum
3 4 0.8149176447160386 0.02554987008606559 Penicillium-cvjetkovicii
3 4 0.7565207107542689 0.04903166937917538 Penicillium-brevicompactum
1 0 0.6119825786622926 0.14413801602395926 Penicillium-chrysogenum
1 0 0.3995564959422899 0.374513756777526 Penicillium-solitum
1 0 0.20051510491602378 0.6663967288279381 Penicillium-commune
1 0 0.8106874576180728 0.02696953806284513 Penicillium-mb
1 0 0.9103733671632438 0.00439915219958745 Penicillium-polonicum
1 0 0.7202649664049922 0.06790955273487777 Penicillium-verrucosum
1 0 0.8137079122152704 0.025951457134576715 Penicillium-cvjetkovicii
1 0 0.756501131400433 0.049040966376842986 Penicillium-brevicompactum
1 2 0.6150054900616029 0.1416107014223731 Penicillium-chrysogenum
1 2 0.40176989631297305 0.3716236387795131 Penicillium-solitum
1 2 0.20269600354597037 0.662917738443819 Penicillium-commune
1 2 0.8124568721778834 0.02637046476717348 Penicillium-mb
1 2 0.9106286920107505 0.00436850505698814 Penicillium-polonicum
1 2 0.7230901433055583 0.06631864624389329 Penicillium-verrucosum
1 2 0.8174484455353531 0.02472111609130604 Penicillium-cvjetkovicii
1 2 0.7565207107542686 0.049031669379175455 Penicillium-brevicompactum
1 2 0.6021279613457778 0.1525331680606446 Penicillium-chrysogenum
1 2 0.41025007878051367 0.3606360695874482 Penicillium-solitum
1 2 0.211744155937258 0.6485359477318454 Penicillium-commune
1 2 0.8176456031683732 0.024657198946417734 Penicillium-mb
1 2 0.9131427722274326 0.004073385319058636 Penicillium-polonicum
1 2 0.7295841351672271 0.06273872580103651 Penicillium-verrucosum
1 2 0.8304421815616346 0.020706871734662815 Penicillium-cvjetkovicii
1 2 0.7565207107542686 0.049031669379175455 Penicillium-brevicompactum
1 0 0.6115001963491489 0.14454339844068018 Penicillium-chrysogenum
1 0 0.39517397318969677 0.3802630995666132 Penicillium-solitum
1 0 0.19625901051460456 0.673199750765932 Penicillium-commune
1 0 0.8098331993363562 0.027261473573907225 Penicillium-mb
1 0 0.9117966863316875 0.004229899331856988 Penicillium-polonicum
1 0 0.7184683631302582 0.06893181589142616 Penicillium-verrucosum
1 0 0.8122395223812946 0.026443645991676142 Penicillium-cvjetkovicii
1 0 0.75646813981835 0.04905663417911933 Penicillium-brevicompactum
1 0 0.6115638336771662 0.1444898863341738 Penicillium-chrysogenum
1 0 0.3930254713000823 0.3830946665614831 Penicillium-solitum
1 0 0.19372511870816184 0.6772584264408701 Penicillium-commune
1 0 0.8099062822971402 0.027236429047216452 Penicillium-mb
1 0 0.9125052206568123 0.004147086195865249 Penicillium-polonicum
1 0 0.7186864806209354 0.0688072694259604 Penicillium-verrucosum
1 0 0.8102176015885405 0.02712988895995286 Penicillium-cvjetkovicii
1 0 0.7564251659604084 0.04907704670735736 Penicillium-brevicompactum
3 4 0.6107467105482736 0.14517775694236237 Penicillium-chrysogenum
3 4 0.3986295299643839 0.3757268477400447 Penicillium-solitum
3 4 0.19903360817288993 0.6687627438453687 Penicillium-commune
3 4 0.8094952391942661 0.0273774559526632 Penicillium-mb
3 4 0.9090603276083308 0.0045587372739290515 Penicillium-polonicum
3 4 0.7170411145264376 0.06974977240995661 Penicillium-verrucosum
3 4 0.8197857370897011 0.023969373567162885 Penicillium-cvjetkovicii
3 4 0.7565207107542689 0.04903166937917538 Penicillium-brevicompactum
1 2 0.6154789780501061 0.14121688357143142 Penicillium-chrysogenum
1 2 0.39688411602900747 0.37801535554939464 Penicillium-solitum
1 2 0.19758004444821106 0.671086267752409 Penicillium-commune
1 2 0.8082111218623154 0.027820665783505557 Penicillium-mb
1 2 0.908620028912212 0.004612994306000939 Penicillium-polonicum
1 2 0.7184478488590225 0.06894353589958407 Penicillium-verrucosum
1 2 0.8145465300532047 0.025672692062237736 Penicillium-cvjetkovicii
1 2 0.756689368310648 0.04895162456154513 Penicillium-brevicompactum
1 0 0.6121619223785919 0.14398744616528572 Penicillium-chrysogenum
1 0 0.3928056773652108 0.38338481843921224 Penicillium-solitum
1 0 0.19371635714663518 0.6772724711488232 Penicillium-commune
1 0 0.8106055580699348 0.026997450055839322 Penicillium-mb
1 0 0.9134484412908846 0.00403832343645876 Penicillium-polonicum
1 0 0.7189183160500101 0.06867502267651329 Penicillium-verrucosum
1 0 0.8134423435221323 0.026040087971427723 Penicillium-cvjetkovicii
1 0 0.7564950458212968 0.049043856230521495 Penicillium-brevicompactum
1 0 0.6121752980565622 0.14397621965481655 Penicillium-chrysogenum
1 0 0.39846445797692204 0.37594304011871593 Penicillium-solitum
1 0 0.19936370568909462 0.6682353743621274 Penicillium-commune
1 0 0.8102010785175863 0.027135537615326517 Penicillium-mb
1 0 0.9102689373232502 0.004411723149244279 Penicillium-polonicum
1 0 0.7204361575775587 0.06781257398555739 Penicillium-verrucosum
1 0 0.8131359834777706 0.02614254361355893 Penicillium-cvjetkovicii
1 0 0.7564880919327196 0.04904715853178826 Penicillium-brevicompactum
1 0 0.6128307339341384 0.14342663785249032 Penicillium-chrysogenum
1 0 0.4037368358391983 0.3690630360377068 Penicillium-solitum
1 0 0.2051972018900809 0.6589337250731521 Penicillium-commune
1 0 0.8115128786896146 0.026689133181394473 Penicillium-mb
1 0 0.9092536883287459 0.004535028081116504 Penicillium-polonicum
1 0 0.7241093228884832 0.06574971223356955 Penicillium-verrucosum
1 0 0.7937097089627634 0.03310450706599532 Penicillium-cvjetkovicii
1 0 0.7561494540411676 0.049208120226511914 Penicillium-brevicompactum
1 2 0.6106248888649115 0.14528044975841872 Penicillium-chrysogenum
1 2 0.40748620641037064 0.36420221060459795 Penicillium-solitum
1 2 0.20900796846737538 0.6528761028038351 Penicillium-commune
1 2 0.8149840182873118 0.025527938398778205 Penicillium-mb
1 2 0.9111826619834668 0.004302440369733262 Penicillium-polonicum
1 2 0.726596557455881 0.06437235995467373 Penicillium-verrucosum
1 2 0.8246904682358311 0.022434282496821882 Penicillium-cvjetkovicii
1 2 0.756520710754269 0.049031669379175295 Penicillium-brevicompactum
1 2 0.6132154765074548 0.1431045253876539 Penicillium-chrysogenum
1 2 0.3943252718587752 0.38138060767504484 Penicillium-solitum
1 2 0.1960482479717773 0.6735371020044579 Penicillium-commune
1 2 0.8116890504211942 0.026629498773685308 Penicillium-mb
1 2 0.9143896515792785 0.003931471435481782 Penicillium-polonicum
1 2 0.719539543702378 0.0683213278242834 Penicillium-verrucosum
1 2 0.818290406716196 0.02444880874702389 Penicillium-cvjetkovicii
1 2 0.756520710754269 0.049031669379175295 Penicillium-brevicompactum
1 0 0.6124855314411897 0.14371595748444757 Penicillium-chrysogenum
1 0 0.39622943558510915 0.3788752016342139 Penicillium-solitum
1 0 0.1977559209929164 0.670805017693079 Penicillium-commune
1 0 0.8101428096183969 0.027155462967839366 Penicillium-mb
1 0 0.9119386950430177 0.004213224811773151 Penicillium-polonicum
1 0 0.7182446416384264 0.06905968806922722 Penicillium-verrucosum
1 0 0.8082927371365817 0.027792377590265774 Penicillium-cvjetkovicii
1 0 0.7563866227613626 0.04909535863673879 Penicillium-brevicompactum
1 0 0.6132304984509416 0.14309195618976964 Penicillium-chrysogenum
1 0 0.3972213636820038 0.37757273051208917 Penicillium-solitum
1 0 0.19843093304605178 0.6697258671179802 Penicillium-commune
1 0 0.8107403989581905 0.026951503877157067 Penicillium-mb
1 0 0.9116205677573208 0.004250632420816971 Penicillium-polonicum
1 0 0.7200430786906883 0.0680353617371479 Penicillium-verrucosum
1 0 0.8117268996402628 0.026616696533763265 Penicillium-cvjetkovicii
1 0 0.7564569864955496 0.049061931546220204 Penicillium-brevicompactum
1 2 0.6183737761730803 0.13882122128184735 Penicillium-chrysogenum
1 2 0.39488540224430163 0.3806429194731974 Penicillium-solitum
1 2 0.1955038425940946 0.6744086905752267 Penicillium-commune
1 2 0.8063653651660896 0.028464727107606856 Penicillium-mb
1 2 0.9076380229015452 0.004735355356314476 Penicillium-polonicum
1 2 0.7147896751087786 0.07105061427348029 Penicillium-verrucosum
1 2 0.8145465300532044 0.02567269206223781 Penicillium-cvjetkovicii
1 2 0.7569112226008704 0.0488464417326253 Penicillium-brevicompactum
1 2 0.6069774584775557 0.14837206380500978 Penicillium-chrysogenum
1 2 0.40133828020203016 0.37218649652041313 Penicillium-solitum
1 2 0.20281384785291992 0.6627298885541231 Penicillium-commune
1 2 0.8120300502707009 0.026514282686931703 Penicillium-mb
1 2 0.9114195404075978 0.004274370174214157 Penicillium-polonicum
1 2 0.723959374935495 0.06583325152988884 Penicillium-verrucosum
1 2 0.8242853422007119 0.02255890919747792 Penicillium-cvjetkovicii
1 2 0.756520710754269 0.049031669379175295 Penicillium-brevicompactum
3 2 0.6123767094364101 0.14380722383415553 Penicillium-chrysogenum
3 2 0.3920141672950048 0.3844304337659639 Penicillium-solitum
3 2 0.1940046467295816 0.6768103844391943 Penicillium-commune
3 2 0.8104434319570908 0.027052751700367444 Penicillium-mb
3 2 0.9106453017705792 0.004366515684463573 Penicillium-polonicum
3 2 0.7200179579193129 0.06804961295881036 Penicillium-verrucosum
3 2 0.8141839814678817 0.025792999109466253 Penicillium-cvjetkovicii
3 2 0.7565121776435528 0.049035721095385926 Penicillium-brevicompactum
1 2 0.6111335035180222 0.14485194184268263 Penicillium-chrysogenum
1 2 0.39838441852538664 0.37604788488216234 Penicillium-solitum
1 2 0.19909725891577393 0.6686610458920743 Penicillium-commune
1 2 0.8107667330649343 0.026942535827015165 Penicillium-mb
1 2 0.9108571107840642 0.004341193387712647 Penicillium-polonicum
1 2 0.7202490058362575 0.06791859809970009 Penicillium-verrucosum
1 2 0.8172514639737759 0.02478506924427999 Penicillium-cvjetkovicii
1 2 0.7565207107542689 0.04903166937917538 Penicillium-brevicompactum
1 2 0.6087083699731906 0.14690083867460793 Penicillium-chrysogenum
1 2 0.4004003261313559 0.3734108566179299 Penicillium-solitum
1 2 0.20044605327832946 0.6665069586413748 Penicillium-commune
1 2 0.8119267489946542 0.026549156198832167 Penicillium-mb
1 2 0.9105917897515515 0.004372926780819005 Penicillium-polonicum
1 2 0.7222021129706379 0.06681652331158708 Penicillium-verrucosum
1 2 0.8213804639462714 0.02346396058434281 Penicillium-cvjetkovicii
1 2 0.7565207107542689 0.04903166937917538 Penicillium-brevicompactum
1 2 0.612899473386042 0.14336906132495036 Penicillium-chrysogenum
1 2 0.40220501264561176 0.3710565698342902 Penicillium-solitum
1 2 0.2033210469143992 0.6619215475737323 Penicillium-commune
1 2 0.8119648366466938 0.02653629517808891 Penicillium-mb
1 2 0.9103360311094322 0.004403644197863769 Penicillium-polonicum
1 2 0.7222555265463121 0.06678652011261571 Penicillium-verrucosum
1 2 0.8186652537814204 0.024328122016740082 Penicillium-cvjetkovicii
1 2 0.7565207107542687 0.04903166937917541 Penicillium-brevicompactum
1 2 0.6100641321806795 0.1457536257462598 Penicillium-chrysogenum
1 2 0.4001048601844981 0.37379688428486535 Penicillium-solitum
1 2 0.20154787151208603 0.6647486534690564 Penicillium-commune
1 2 0.8115213387322576 0.02668626773050101 Penicillium-mb
1 2 0.9114006614457977 0.00427660340748235 Penicillium-polonicum
1 2 0.7216848577086458 0.06710744877043301 Penicillium-verrucosum
1 2 0.8215787741791504 0.023401535064374698 Penicillium-cvjetkovicii
1 2 0.7565207107542689 0.04903166937917538 Penicillium-brevicompactum
1 2 0.6156607900821081 0.1410658107980618 Penicillium-chrysogenum
1 2 0.3984690072199652 0.3759370813616439 Penicillium-solitum
1 2 0.199389226977101 0.6681946056252728 Penicillium-commune
1 2 0.8093660158206869 0.027421876355635044 Penicillium-mb
1 2 0.9091869488483038 0.004543203287678834 Penicillium-polonicum
1 2 0.7192381901513437 0.06849278026858815 Penicillium-verrucosum
1 2 0.8145465300532035 0.025672692062238104 Penicillium-cvjetkovicii
1 2 0.7565575385791372 0.04901418478991111 Penicillium-brevicompactum
1 2 0.6137975399776553 0.14261790696379298 Penicillium-chrysogenum
1 2 0.39502341860465945 0.38046124178479646 Penicillium-solitum
1 2 0.19529585846355327 0.6747417479166593 Penicillium-commune
1 2 0.8089061540601886 0.027580281316591983 Penicillium-mb
1 2 0.9100061751336919 0.004443446285279527 Penicillium-polonicum
1 2 0.7185809374113452 0.0688675201457285 Penicillium-verrucosum
1 2 0.8145465300532049 0.02567269206223765 Penicillium-cvjetkovicii
1 2 0.7566665759230141 0.04896243763247554 Penicillium-brevicompactum
1 0 0.6078468558751176 0.14763218036476583 Penicillium-chrysogenum
1 0 0.40094487321029765 0.3726998307157858 Penicillium-solitum
1 0 0.2015691771118135 0.6647146655445428 Penicillium-commune
1 0 0.8122870380887598 0.02642763781643217 Penicillium-mb
1 0 0.911356172925221 0.004281868743502132 Penicillium-polonicum
1 0 0.7221434681161332 0.06684947335708673 Penicillium-verrucosum
1 0 0.8030870217678316 0.029629088121274978 Penicillium-cvjetkovicii
1 0 0.7562921472454079 0.049140259924064 Penicillium-brevicompactum
1 2 0.6074074780488643 0.14800587200682416 Penicillium-chrysogenum
1 2 0.4055140446023381 0.3667556867594356 Penicillium-solitum
1 2 0.20688112088246693 0.6562551079880676 Penicillium-commune
1 2 0.8145903312683848 0.025658178615885017 Penicillium-mb
1 2 0.9120011290457812 0.004205906037991045 Penicillium-polonicum
1 2 0.7250568665190488 0.0652231373254486 Penicillium-verrucosum
1 2 0.8258557769126199 0.022077977871980455 Penicillium-cvjetkovicii
1 2 0.7565207107542689 0.04903166937917538 Penicillium-brevicompactum
1 2 0.6150273350773331 0.14159251991233862 Penicillium-chrysogenum
1 2 0.3941476846664924 0.38161460981666545 Penicillium-solitum
1 2 0.19550800842067065 0.6744020200210539 Penicillium-commune
1 2 0.8090642401374326 0.027525768887052948 Penicillium-mb
1 2 0.9112838128929562 0.004290440825098253 Penicillium-polonicum
1 2 0.7191740143386507 0.06852932238076624 Penicillium-verrucosum
1 2 0.8145465300532032 0.025672692062238198 Penicillium-cvjetkovicii
1 2 0.7565906491706498 0.04899846793305473 Penicillium-brevicompactum
1 2 0.6095230395631334 0.14621094274897853 Penicillium-chrysogenum
1 2 0.398371186531143 0.3760652187993797 Penicillium-solitum
1 2 0.19782347861240296 0.6706969921632429 Penicillium-commune
1 2 0.8118891395229698 0.026561859188988016 Penicillium-mb
1 2 0.9109896474139694 0.004325391997002362 Penicillium-polonicum
1 2 0.7213650378804288 0.06728766905208439 Penicillium-verrucosum
1 2 0.8201304947497619 0.023859595592525037 Penicillium-cvjetkovicii
1 2 0.7565207107542686 0.049031669379175455 Penicillium-brevicompactum
1 0 0.6132082311640368 0.14311058792840706 Penicillium-chrysogenum
1 0 0.3985114775852335 0.3758814540557058 Penicillium-solitum
1 0 0.19936766445979315 0.6682290504193598 Penicillium-commune
1 0 0.8099883614506338 0.027208317055365396 Penicillium-mb
1 0 0.9099921995196888 0.0044451372680121715 Penicillium-polonicum
1 0 0.719395297022413 0.06840336686368598 Penicillium-verrucosum
1 0 0.8131776996121315 0.026128579229878775 Penicillium-cvjetkovicii
1 0 0.7564890346851351 0.049046710825140415 Penicillium-brevicompactum
1 2 0.6103700652732523 0.14549537824046943 Penicillium-chrysogenum
1 2 0.39469770115173675 0.38089005608540266 Penicillium-solitum
1 2 0.19596205473857434 0.6736750773534619 Penicillium-commune
1 2 0.8118740477398794 0.0265669575556551 Penicillium-mb
1 2 0.9142314468519578 0.003949314850366053 Penicillium-polonicum
1 2 0.7202985436827745 0.0678905255338859 Penicillium-verrucosum
1 2 0.8187567196367466 0.024298724501784417 Penicillium-cvjetkovicii
1 2 0.7565207107542689 0.04903166937917538 Penicillium-brevicompactum
3 4 0.6103372328169222 0.14552308208511772 Penicillium-chrysogenum
3 4 0.39855469495663853 0.3758248517744982 Penicillium-solitum
3 4 0.1994660642321012 0.668071866602397 Penicillium-commune
3 4 0.8079494050316838 0.02791148683665867 Penicillium-mb
3 4 0.9088186125491017 0.0045884769428066454 Penicillium-polonicum
3 4 0.7167764204783836 0.06990203860238772 Penicillium-verrucosum
3 4 0.8196654413678731 0.02400774508871306 Penicillium-cvjetkovicii
3 4 0.7565207107542686 0.049031669379175455 Penicillium-brevicompactum
1 2 0.612174704695393 0.14397671766698042 Penicillium-chrysogenum
1 2 0.3948403031956363 0.38070229318759974 Penicillium-solitum
1 2 0.19616695521628083 0.6733470911822681 Penicillium-commune
1 2 0.810404171171701 0.02706615321638516 Penicillium-mb
1 2 0.9125955935130301 0.004136592151458509 Penicillium-polonicum
1 2 0.7194095874220473 0.06839523696060261 Penicillium-verrucosum
1 2 0.8152674545363812 0.02543440235056255 Penicillium-cvjetkovicii
1 2 0.7565207107542689 0.04903166937917538 Penicillium-brevicompactum
1 0 0.6123387431029405 0.1438390721386018 Penicillium-chrysogenum
1 0 0.39773487019962733 0.37689917784101895 Penicillium-solitum
1 0 0.1982714790039927 0.6699807477162847 Penicillium-commune
1 0 0.8080332966326598 0.027882356664594578 Penicillium-mb
1 0 0.9080705484222149 0.004681231177453087 Penicillium-polonicum
1 0 0.7192279265362397 0.0684986237316023 Penicillium-verrucosum
1 0 0.8131755613719059 0.026129294899068914 Penicillium-cvjetkovicii
1 0 0.7564889863310211 0.04904673378812257 Penicillium-brevicompactum
3 4 0.6154571807748883 0.1412350010280543 Penicillium-chrysogenum
3 4 0.39276711539990633 0.38343573358927613 Penicillium-solitum
3 4 0.19395099116892087 0.6768963804826785 Penicillium-commune
3 4 0.8045227171514039 0.029115957314592444 Penicillium-mb
3 4 0.9081257657325547 0.004674347642759014 Penicillium-polonicum
3 4 0.711549580214873 0.07294533357848453 Penicillium-verrucosum
3 4 0.814546530053204 0.025672692062237944 Penicillium-cvjetkovicii
3 4 0.7567156807417346 0.04893914315374317 Penicillium-brevicompactum
1 0 0.6104876375899204 0.14539619314335722 Penicillium-chrysogenum
1 0 0.39871002147829065 0.37562144757630245 Penicillium-solitum
1 0 0.19884951219437447 0.66905690578332 Penicillium-commune
1 0 0.8112100629269837 0.026791811946682027 Penicillium-mb
1 0 0.9107361424402428 0.004355644930875495 Penicillium-polonicum
1 0 0.7205716072740354 0.06773589540825026 Penicillium-verrucosum
1 0 0.7971829977698232 0.031792124265315226 Penicillium-cvjetkovicii
1 0 0.7561988559409358 0.04918462046337971 Penicillium-brevicompactum
1 2 0.6158392040444484 0.14091764097661186 Penicillium-chrysogenum
1 2 0.3871328034529142 0.39090426159549474 Penicillium-solitum
1 2 0.18860651282626784 0.6854760587514819 Penicillium-commune
1 2 0.8078690827652069 0.02793939359860461 Penicillium-mb
1 2 0.913582309362121 0.0040230237624656355 Penicillium-polonicum
1 2 0.7156295496883397 0.07056384059266564 Penicillium-verrucosum
1 2 0.8145465300532049 0.02567269206223765 Penicillium-cvjetkovicii
1 2 0.756804633252085 0.04889696108783798 Penicillium-brevicompactum
1 2 0.6150755261784944 0.1415524148398824 Penicillium-chrysogenum
1 2 0.39626733274390596 0.37882540649038937 Penicillium-solitum
1 2 0.19699826520356672 0.6720168276425753 Penicillium-commune
1 2 0.8110126727717437 0.026858862260804615 Penicillium-mb
1 2 0.911716671508788 0.004239311528732673 Penicillium-polonicum
1 2 0.7206679999021184 0.06768135561594919 Penicillium-verrucosum
1 2 0.8145659333891027 0.02566626223550967 Penicillium-cvjetkovicii
1 2 0.7565207107542689 0.04903166937917538 Penicillium-brevicompactum
1 2 0.613865784427258 0.14256090779369732 Penicillium-chrysogenum
1 2 0.40149812096233733 0.37197801225583366 Penicillium-solitum
1 2 0.2025302040714733 0.6631820551067584 Penicillium-commune
1 2 0.8101703263173913 0.027146052466433195 Penicillium-mb
1 2 0.9088300793675663 0.004587063562382564 Penicillium-polonicum
1 2 0.7197748340802892 0.06818762210701047 Penicillium-verrucosum
1 2 0.8168903102408671 0.024902565230955142 Penicillium-cvjetkovicii
1 2 0.756520710754269 0.049031669379175295 Penicillium-brevicompactum
1 0 0.6143047448120053 0.14219455380195384 Penicillium-chrysogenum
1 0 0.39882287427773205 0.3754736920225963 Penicillium-solitum
1 0 0.20022352778073896 0.6668622171816536 Penicillium-commune
1 0 0.8097128064905197 0.027302758729350122 Penicillium-mb
1 0 0.9097630271826407 0.004472919583945539 Penicillium-polonicum
1 0 0.7207158662923528 0.06765428117891716 Penicillium-verrucosum
1 0 0.8057371304788096 0.02868583101028331 Penicillium-cvjetkovicii
1 0 0.7563386017677604 0.04911817871735154 Penicillium-brevicompactum
1 0 0.6137817526512687 0.14263109450102 Penicillium-chrysogenum
1 0 0.3995172650974636 0.3745650644772285 Penicillium-solitum
1 0 0.2003496530721695 0.6666608540133524 Penicillium-commune
1 0 0.8088281426082136 0.027607204117124706 Penicillium-mb
1 0 0.9082977086196549 0.0046529506039713585 Penicillium-polonicum
1 0 0.7184188618523148 0.06896009829219461 Penicillium-verrucosum
1 0 0.8130656370122965 0.02616610143866826 Penicillium-cvjetkovicii
1 0 0.7564865050876372 0.049047912118677615 Penicillium-brevicompactum
1 2 0.6137321766269209 0.14267251055691654 Penicillium-chrysogenum
1 2 0.3935172943146974 0.3824457288919961 Penicillium-solitum
1 2 0.19476958507761194 0.6755846891220257 Penicillium-commune
1 2 0.8099645174836018 0.02721648190004507 Penicillium-mb
1 2 0.9125825821173827 0.004138102070727421 Penicillium-polonicum
1 2 0.7189914599747849 0.06863332730106655 Penicillium-verrucosum
1 2 0.8145465300532037 0.02567269206223807 Penicillium-cvjetkovicii
1 2 0.756576778550864 0.04900505166966799 Penicillium-brevicompactum
1 0 0.6115539168485037 0.14449822465754955 Penicillium-chrysogenum
1 0 0.39933156669724795 0.3748079673742445 Penicillium-solitum
1 0 0.200396016484783 0.6665868372998731 Penicillium-commune
1 0 0.8101180230337284 0.02716394135884138 Penicillium-mb
1 0 0.9100928584787018 0.004432966395466668 Penicillium-polonicum
1 0 0.7192649753900879 0.06847753168513246 Penicillium-verrucosum
1 0 0.8073137172857862 0.028132775086569015 Penicillium-cvjetkovicii
1 0 0.7563678241758587 0.04910429122991258 Penicillium-brevicompactum
1 2 0.6182483180792188 0.13892461756409444 Penicillium-chrysogenum
1 2 0.39403083030854325 0.38176861758142594 Penicillium-solitum
1 2 0.19504071799947442 0.6751503771237033 Penicillium-commune
1 2 0.8080328270249126 0.02788251968175234 Penicillium-mb
1 2 0.9099477127699476 0.004450522451813152 Penicillium-polonicum
1 2 0.717014245199188 0.06976522095295909 Penicillium-verrucosum
1 2 0.8145465300532034 0.025672692062238135 Penicillium-cvjetkovicii
1 2 0.7569338984131628 0.048835697939990944 Penicillium-brevicompactum
1 0 0.6125229116895614 0.14368461432359134 Penicillium-chrysogenum
1 0 0.3983648010835219 0.37607358385461687 Penicillium-solitum
1 0 0.19888619804098426 0.6689982837859779 Penicillium-commune
1 0 0.8104069731613461 0.027065196644633506 Penicillium-mb
1 0 0.9102116538253151 0.004418627653675774 Penicillium-polonicum
1 0 0.7201818036084222 0.06795669086255779 Penicillium-verrucosum
1 0 0.8112907913437252 0.026764416902265015 Penicillium-cvjetkovicii
1 0 0.7564476389413038 0.04906637148936812 Penicillium-brevicompactum
1 2 0.6161182716967412 0.1406860376885345 Penicillium-chrysogenum
1 2 0.3925724515897375 0.38369279899497394 Penicillium-solitum
1 2 0.19366893666535748 0.6773484870626926 Penicillium-commune
1 2 0.8086437295999275 0.02767090614124691 Penicillium-mb
1 2 0.9114782019202077 0.0042674353205994645 Penicillium-polonicum
1 2 0.717253752303349 0.06962758095330847 Penicillium-verrucosum
1 2 0.8145465300532047 0.025672692062237736 Penicillium-cvjetkovicii
1 2 0.7567824366152557 0.04890748506244787 Penicillium-brevicompactum
3 4 0.6187882903913434 0.13847987641226622 Penicillium-chrysogenum
3 4 0.39322889278732287 0.3828262073217695 Penicillium-solitum
3 4 0.19419608190879287 0.6765035858996733 Penicillium-commune
3 4 0.8046861834864117 0.029057851148330566 Penicillium-mb
3 4 0.9076948598456738 0.0047282223501463145 Penicillium-polonicum
3 4 0.7119983969999633 0.0726812828693397 Penicillium-verrucosum
3 4 0.8145465300532057 0.025672692062237396 Penicillium-cvjetkovicii
3 4 0.7568907993257368 0.0488561193826273 Penicillium-brevicompactum
1 0 0.6125716632966396 0.14364374150959483 Penicillium-chrysogenum
1 0 0.39346538328044833 0.38251420206575193 Penicillium-solitum
1 0 0.19481054442721157 0.6755190741424268 Penicillium-commune
1 0 0.811076970243104 0.026837011088294636 Penicillium-mb
1 0 0.9138965073634476 0.003987247476440729 Penicillium-polonicum
1 0 0.7196288710694982 0.06827055021330963 Penicillium-verrucosum
1 0 0.8132319585196836 0.026110422456687564 Penicillium-cvjetkovicii
1 0 0.756490262837468 0.04904612758739081 Penicillium-brevicompactum
1 0 0.6124074112747316 0.14378147199751934 Penicillium-chrysogenum
1 0 0.40147422944533123 0.37200917151248253 Penicillium-solitum
1 0 0.20255509771607386 0.6631423680154764 Penicillium-commune
1 0 0.8123002206662391 0.026423197534437382 Penicillium-mb
1 0 0.9110561528751279 0.004317475694594932 Penicillium-polonicum
1 0 0.7225052758695307 0.06664632851922626 Penicillium-verrucosum
1 0 0.8038738226982887 0.02934725652544606 Penicillium-cvjetkovicii
1 0 0.7563056105334207 0.04913385986593426 Penicillium-brevicompactum
1 0 0.6136464277076478 0.14274415994610368 Penicillium-chrysogenum
1 0 0.3975229367414393 0.3771771058877805 Penicillium-solitum
1 0 0.19804245369931736 0.6703468790843659 Penicillium-commune
1 0 0.8093648866177847 0.027422264696145653 Penicillium-mb
1 0 0.9094413169436167 0.004512090633224249 Penicillium-polonicum
1 0 0.7194993392764392 0.06834418841780703 Penicillium-verrucosum
1 0 0.8143011072163578 0.025754097852183237 Penicillium-cvjetkovicii
1 0 0.7565149227878418 0.049034417618049456 Penicillium-brevicompactum
1 0 0.6120216907487585 0.14410517230988212 Penicillium-chrysogenum
1 0 0.39865991051366584 0.3756870643044712 Penicillium-solitum
1 0 0.1994981156649871 0.6680206697176275 Penicillium-commune
1 0 0.81135790193901 0.02674165502496713 Penicillium-mb
1 0 0.9113327143551747 0.004284646650925566 Penicillium-polonicum
1 0 0.7209785376574703 0.06750581141090041 Penicillium-verrucosum
1 0 0.8061263286885788 0.0285487417273132 Penicillium-cvjetkovicii
1 0 0.7563456998038497 0.04911480529005965 Penicillium-brevicompactum
1 2 0.6100082251196832 0.1458008435134116 Penicillium-chrysogenum
1 2 0.39673999708331287 0.3782045706841444 Penicillium-solitum
1 2 0.1978221401648403 0.6706991323148916 Penicillium-commune
1 2 0.8118512816454819 0.026574649529245518 Penicillium-mb
1 2 0.9131486224682741 0.004072712603185377 Penicillium-polonicum
1 2 0.7207138847776942 0.06765540185788456 Penicillium-verrucosum
1 2 0.8152583745903679 0.025437395804334705 Penicillium-cvjetkovicii
1 2 0.7565207107542686 0.049031669379175455 Penicillium-brevicompactum
3 4 0.6133417435676987 0.1429988922260244 Penicillium-chrysogenum
3 4 0.39510229210622255 0.3803574325432947 Penicillium-solitum
3 4 0.19596753532640238 0.673666303988658 Penicillium-commune
3 4 0.8058511912675543 0.028645616663440444 Penicillium-mb
3 4 0.9072326546845642 0.004786410710771114 Penicillium-polonicum
3 4 0.713078814535221 0.07204774828059086 Penicillium-verrucosum
3 4 0.8145465300532035 0.025672692062238104 Penicillium-cvjetkovicii
3 4 0.7565889870984468 0.0489992568156861 Penicillium-brevicompactum
1 2 0.6157277476441848 0.1410101944387645 Penicillium-chrysogenum
1 2 0.3929955301603677 0.3831341868890223 Penicillium-solitum
1 2 0.19426751127183373 0.6763891206220376 Penicillium-commune
1 2 0.8097066873820249 0.02730485803276626 Penicillium-mb
1 2 0.9124841291992422 0.004149537558291497 Penicillium-polonicum
1 2 0.7181359502967192 0.06912185860552492 Penicillium-verrucosum
1 2 0.8145465300532049 0.02567269206223765 Penicillium-cvjetkovicii
1 2 0.756669335447422 0.04896112840059847 Penicillium-brevicompactum
1 2 0.6056674840851265 0.14949039809328415 Penicillium-chrysogenum
1 2 0.4085649098195621 0.36280866531347883 Penicillium-solitum
1 2 0.21020941642446067 0.6509693942186541 Penicillium-commune
1 2 0.8166591986349852 0.024977918173708615 Penicillium-mb
1 2 0.9128741526527158 0.004104343643981297 Penicillium-polonicum
1 2 0.7279435335729766 0.06363301281233903 Penicillium-verrucosum
1 2 0.8283576617891395 0.02132387520661036 Penicillium-cvjetkovicii
1 2 0.756520710754269 0.049031669379175295 Penicillium-brevicompactum
1 2 0.6169571411188777 0.13999100384461147 Penicillium-chrysogenum
1 2 0.3994524622195136 0.3746498226128039 Penicillium-solitum
1 2 0.20044117467190553 0.6665147467308339 Penicillium-commune
1 2 0.8096732408182752 0.027316334260683736 Penicillium-mb
1 2 0.9089920236501338 0.0045671296944172855 Penicillium-polonicum
1 2 0.7193284676237311 0.06844139344984886 Penicillium-verrucosum
1 2 0.8145465300532048 0.025672692062237705 Penicillium-cvjetkovicii
1 2 0.7565968130959219 0.048995542360644254 Penicillium-brevicompactum
1 2 0.6163690821927248 0.1404780497574709 Penicillium-chrysogenum
1 2 0.3889228624256874 0.38852517202244546 Penicillium-solitum
1 2 0.18974384606003863 0.6836479761269412 Penicillium-commune
1 2 0.806724915872308 0.028338616473159252 Penicillium-mb
1 2 0.911161445518779 0.004304959763124045 Penicillium-polonicum
1 2 0.7144034490412382 0.07127506559226399 Penicillium-verrucosum
1 2 0.8145465300532047 0.025672692062237736 Penicillium-cvjetkovicii
1 2 0.75697064453455 0.04881829038979039 Penicillium-brevicompactum
1 2 0.6091972450334374 0.14648664310759377 Penicillium-chrysogenum
1 2 0.3985455095488945 0.3758368817161774 Penicillium-solitum
1 2 0.19893318850348735 0.6689231975217957 Penicillium-commune
1 2 0.811226657966469 0.026786179164030283 Penicillium-mb
1 2 0.9110974093961698 0.004312569085865513 Penicillium-polonicum
1 2 0.7207984794512022 0.06760756680786816 Penicillium-verrucosum
1 2 0.8206386568349037 0.023698304151463692 Penicillium-cvjetkovicii
1 2 0.7565207107542689 0.04903166937917538 Penicillium-brevicompactum
1 2 0.6108069022079616 0.14512703027948926 Penicillium-chrysogenum
1 2 0.3998979017535136 0.3740673735590336 Penicillium-solitum
1 2 0.20064622994434708 0.6661874219797297 Penicillium-commune
1 2 0.8115694617742912 0.02666997154815767 Penicillium-mb
1 2 0.9109577425788473 0.004329192708873528 Penicillium-polonicum
1 2 0.7214103692493488 0.06726210873990532 Penicillium-verrucosum
1 2 0.8182073510085446 0.0244755951241939 Penicillium-cvjetkovicii
1 2 0.7565207107542686 0.049031669379175455 Penicillium-brevicompactum
1 2 0.6106558869764729 0.1452543156119564 Penicillium-chrysogenum
1 2 0.40444984775418547 0.3681366181270326 Penicillium-solitum
1 2 0.20552260555273613 0.6584158773037165 Penicillium-commune
1 2 0.812039180074331 0.026511201792312842 Penicillium-mb
1 2 0.9095292726906815 0.004501361459552926 Penicillium-polonicum
1 2 0.7220689360033691 0.06689136240266588 Penicillium-verrucosum
1 2 0.8226047919157999 0.0230800555526886 Penicillium-cvjetkovicii
1 2 0.756520710754269 0.049031669379175295 Penicillium-brevicompactum
1 2 0.614404076178065 0.14211171836963382 Penicillium-chrysogenum
1 2 0.39420660465908036 0.3815369659853775 Penicillium-solitum
1 2 0.19530146758773537 0.6747327651391022 Penicillium-commune
1 2 0.8080752485278055 0.027867795862198372 Penicillium-mb
1 2 0.9103253486830546 0.0044049299206345306 Penicillium-polonicum
1 2 0.7165190145775582 0.07005028330998847 Penicillium-verrucosum
1 2 0.8145465300532035 0.025672692062238104 Penicillium-cvjetkovicii
1 2 0.7566553052126751 0.048967785120227494 Penicillium-brevicompactum
1 2 0.611082154513937 0.14489517446634598 Penicillium-chrysogenum
1 2 0.3982809784785419 0.37618340006262907 Penicillium-solitum
1 2 0.19938098472046112 0.6682077720682684 Penicillium-commune
1 2 0.8087561769006757 0.027632053522441746 Penicillium-mb
1 2 0.9091874881586366 0.004543137190816981 Penicillium-polonicum
1 2 0.7193407315425231 0.06843441430773413 Penicillium-verrucosum
1 2 0.8145465300532037 0.02567269206223807 Penicillium-cvjetkovicii
1 2 0.7565681608930264 0.049009142314266736 Penicillium-brevicompactum
1 2 0.6075339647059854 0.14789824623947948 Penicillium-chrysogenum
1 2 0.40216608527406544 0.3711072877945954 Penicillium-solitum
1 2 0.2035054071684673 0.661627790753491 Penicillium-commune
1 2 0.8128708616263105 0.026231390622663185 Penicillium-mb
1 2 0.9119185469201943 0.004215588243994102 Penicillium-polonicum
1 2 0.7227294588558754 0.06652062320539154 Penicillium-verrucosum
1 2 0.824134207457099 0.022605501848824164 Penicillium-cvjetkovicii
1 2 0.7565207107542689 0.04903166937917538 Penicillium-brevicompactum
1 2 0.6142031220154917 0.1422793253348061 Penicillium-chrysogenum
1 2 0.39886252585709303 0.37542178276059873 Penicillium-solitum
1 2 0.19968656374028126 0.66771967564742 Penicillium-commune
1 2 0.8113279923057901 0.02675179812101587 Penicillium-mb
1 2 0.9109533994364605 0.00432971024293463 Penicillium-polonicum
1 2 0.7212283886678376 0.06736475100934261 Penicillium-verrucosum
1 2 0.816378423087761 0.025069636330616308 Penicillium-cvjetkovicii
1 2 0.7565207107542689 0.04903166937917538 Penicillium-brevicompactum
1 0 0.612090216093542 0.14404763839990709 Penicillium-chrysogenum
1 0 0.3987347452780866 0.3755890752494954 Penicillium-solitum
1 0 0.20013100729953454 0.667009939273076 Penicillium-commune
1 0 0.8121416793381273 0.026476626747468025 Penicillium-mb
1 0 0.9124945728973892 0.004148323629920674 Penicillium-polonicum
1 0 0.7219567095647995 0.06695446333170006 Penicillium-verrucosum
1 0 0.8064467707228627 0.02843614701751399 Penicillium-cvjetkovicii
1 0 0.7563516000194348 0.049112001238043115 Penicillium-brevicompactum
1 0 0.6110914464605097 0.14488735075185924 Penicillium-chrysogenum
1 0 0.3994575898158798 0.3746431157501827 Penicillium-solitum
1 0 0.2007751610853678 0.6659816338824738 Penicillium-commune
1 0 0.8097766695595388 0.027280854416153338 Penicillium-mb
1 0 0.910057849724298 0.004437197165032531 Penicillium-polonicum
1 0 0.7178597882618492 0.06927995623049901 Penicillium-verrucosum
1 0 0.7989204964330895 0.03114671216298278 Penicillium-cvjetkovicii
1 0 0.7562249987345225 0.04917218720629907 Penicillium-brevicompactum
1 0 0.6125430176742679 0.14366775697587275 Penicillium-chrysogenum
1 0 0.39608163670038504 0.37906942807359845 Penicillium-solitum
1 0 0.19751100592168042 0.6711966779080251 Penicillium-commune
1 0 0.8108071968449254 0.026928759199273976 Penicillium-mb
1 0 0.9124320010614931 0.0041555997988033545 Penicillium-polonicum
1 0 0.7202513278256627 0.06791728211373887 Penicillium-verrucosum
1 0 0.8091853587543902 0.02748404480312138 Penicillium-cvjetkovicii
1 0 0.756404226220889 0.04908699474334377 Penicillium-brevicompactum
