#SPECIES: Penicillium-brevicompactum Penicillium-cvjetkovicii Penicillium-chrysogenum Penicillium-commune Penicillium-verrucosum Penicillium-solitum Penicillium-polonicum Penicillium-mb 
#GENE_TREEs p: 0.5934406232640776 0.3787676515710582 0.4689684963555947 0.7466536247283169 0.33121349395585453 0.6709702070848441 0.3324931799699358 0.3602063704148045 
#GENE_TREEs r: -0.2469432811530317 -0.3963112903171806 -0.33056417953481326 -0.15094710704740405 -0.43350619349878394 -0.19765261936122036 -0.4324769813410146 -0.4105838715479499 
10 12 0.010200996393081505 0.9826831516934389 Penicillium-brevicompactum
10 12 -0.5451921885635149 0.20563394994043033 Penicillium-cvjetkovicii
10 12 0.1140435280450205 0.8076502483550861 Penicillium-chrysogenum
10 12 0.1660837760345559 0.7219199465539012 Penicillium-commune
10 12 -0.590076144939978 0.16312312821134994 Penicillium-verrucosum
10 12 0.20517862026951528 0.6589632991562568 Penicillium-solitum
10 12 -0.8059837247105163 0.028598929134320644 Penicillium-polonicum
10 12 0.10392320991433233 0.824525634762772 Penicillium-mb
12 12 -0.3605227172607657 0.4269452636631018 Penicillium-brevicompactum
12 12 -0.4017166857680437 0.37169301021115436 Penicillium-cvjetkovicii
12 12 -0.45503192408367615 0.3049379237075497 Penicillium-chrysogenum
12 12 -0.03151857169037521 0.9465189846437034 Penicillium-commune
12 12 -0.2515663983203699 0.5863121262344162 Penicillium-verrucosum
12 12 -0.04165878618215626 0.9293391996217801 Penicillium-solitum
12 12 -0.5859394954991113 0.16683941582687628 Penicillium-polonicum
12 12 -0.4632349731974809 0.2951745821904655 Penicillium-mb
8 10 0.2910531717756355 0.526552498532906 Penicillium-brevicompactum
8 10 0.3686415732526715 0.41581696310153476 Penicillium-cvjetkovicii
8 10 0.29300946884032436 0.5236470440070954 Penicillium-chrysogenum
8 10 0.07239943137991171 0.8774127794261054 Penicillium-commune
8 10 -0.5591459204325796 0.19190585183522643 Penicillium-verrucosum
8 10 0.09145326239301363 0.8453925611678512 Penicillium-solitum
8 10 -0.5758970011524206 0.17603329181073057 Penicillium-polonicum
8 10 -0.5028855619478302 0.24999740072844848 Penicillium-mb
4 8 -0.246943281153032 0.5934406232640774 Penicillium-brevicompactum
4 8 -0.3846115458148687 0.39426503067680213 Penicillium-cvjetkovicii
4 8 -0.16889510888842377 0.717346698460551 Penicillium-chrysogenum
4 8 0.024860083305998874 0.957809252061664 Penicillium-commune
4 8 -0.07973618677366076 0.8650655482189713 Penicillium-verrucosum
4 8 0.05229160583946995 0.9113483339479513 Penicillium-solitum
4 8 -0.039343450350405165 0.9332601657755624 Penicillium-polonicum
4 8 -0.04267305675179391 0.9276219107643146 Penicillium-mb
12 10 -0.2469432811530318 0.5934406232640776 Penicillium-brevicompactum
12 10 -0.33532686779238813 0.4621895787741487 Penicillium-cvjetkovicii
12 10 -0.4394121235466179 0.32391113153572043 Penicillium-chrysogenum
12 10 -0.1663009821199888 0.7215663769433044 Penicillium-commune
12 10 -0.4440693394125006 0.318202148127852 Penicillium-verrucosum
12 10 -0.07029900954000014 0.8809513704333325 Penicillium-solitum
12 10 -0.48896003683103223 0.26547702385580635 Penicillium-polonicum
12 10 -0.28666479026859126 0.5330897304502856 Penicillium-mb
8 4 -0.24694328115303196 0.5934406232640774 Penicillium-brevicompactum
8 4 -0.3727434666988916 0.410238215095667 Penicillium-cvjetkovicii
8 4 -0.35117947792692955 0.43989136767162096 Penicillium-chrysogenum
8 4 -0.18198050232972135 0.6961503541832532 Penicillium-commune
8 4 -0.5504588966433248 0.2003988023913038 Penicillium-verrucosum
8 4 -0.1590728701317049 0.7333532033086326 Penicillium-solitum
8 4 -0.45656228143255373 0.3031058871285589 Penicillium-polonicum
8 4 -0.41123891989630584 0.3593637291307474 Penicillium-mb
12 12 0.370677844280081 0.41304386112503366 Penicillium-brevicompactum
12 12 0.4916268155543112 0.262479770051042 Penicillium-cvjetkovicii
12 12 0.3668153778228087 0.418310129114784 Penicillium-chrysogenum
12 12 0.09160946757798165 0.845130704561261 Penicillium-commune
12 12 -0.6422382986220104 0.11986501758532361 Penicillium-verrucosum
12 12 0.19382001197489418 0.6771063181095736 Penicillium-solitum
12 12 0.3635813658577227 0.4227394853855866 Penicillium-polonicum
12 12 -0.6636828012952564 0.10404832525338704 Penicillium-mb
12 12 -0.27946327697698886 0.5438757915639753 Penicillium-brevicompactum
12 12 -0.5417055770241345 0.20913520996521992 Penicillium-cvjetkovicii
12 12 -0.23633456740199404 0.6098961780773002 Penicillium-chrysogenum
12 12 -0.4138183741689245 0.35605354402798395 Penicillium-commune
12 12 -0.26207940889015563 0.5702012340536746 Penicillium-verrucosum
12 12 -0.43698392125753927 0.3269050250105046 Penicillium-solitum
12 12 -0.2667873641378814 0.5630322612983905 Penicillium-polonicum
12 12 -0.41845844602233884 0.35013116967800384 Penicillium-mb
8 10 -0.22800778668896104 0.6229046239888476 Penicillium-brevicompactum
8 10 -0.545192188563514 0.20563394994043116 Penicillium-cvjetkovicii
8 10 -0.31490279961958595 0.49151159805682754 Penicillium-chrysogenum
8 10 -0.23080839616948456 0.6185205108544023 Penicillium-commune
8 10 -0.3680983954314189 0.41655791551516747 Penicillium-verrucosum
8 10 -0.1907582153235723 0.6820185737865179 Penicillium-solitum
8 10 -0.3951009381892791 0.3803592144020609 Penicillium-polonicum
8 10 -0.2660262746583394 0.5641892452414895 Penicillium-mb
12 12 -0.2120370405600505 0.648071838391993 Penicillium-brevicompactum
12 12 -0.1343191170114152 0.7740241968467326 Penicillium-cvjetkovicii
12 12 -0.6174202227683167 0.13960806924033478 Penicillium-chrysogenum
12 12 0.11478221411896315 0.8064207587532131 Penicillium-commune
12 12 -0.21926217026096398 0.6366517497475673 Penicillium-verrucosum
12 12 0.17420718334161522 0.7087238270395341 Penicillium-solitum
12 12 -0.6485383605449628 0.11509824127700685 Penicillium-polonicum
12 12 -0.26123696721698403 0.5714870754973689 Penicillium-mb
4 8 -0.24471070007961318 0.5968924493488813 Penicillium-brevicompactum
4 8 -0.5451921885635158 0.2056339499404294 Penicillium-cvjetkovicii
4 8 -0.26404682280724995 0.5672018822703345 Penicillium-chrysogenum
4 8 -0.13378660507085693 0.7749039588696752 Penicillium-commune
4 8 -0.45454461380080785 0.3055223125184551 Penicillium-verrucosum
4 8 -0.1408486779848542 0.7632525783736267 Penicillium-solitum
4 8 -0.3875733758858726 0.3903181746547817 Penicillium-polonicum
4 8 -0.3896499257468189 0.3875605323244431 Penicillium-mb
12 12 -0.06356630841584152 0.8923043727644757 Penicillium-brevicompactum
12 12 0.0007134583858733009 0.9987887957343763 Penicillium-cvjetkovicii
12 12 -0.062373134562832784 0.8943179314115693 Penicillium-chrysogenum
12 12 -0.28430070989388356 0.5366226134002456 Penicillium-commune
12 12 -0.5907675411646832 0.16250603677546085 Penicillium-verrucosum
12 12 -0.6070960738652607 0.14827100911242447 Penicillium-solitum
12 12 -0.2448673327830082 0.596650080184581 Penicillium-polonicum
12 12 -0.1542717920615287 0.741205494876134 Penicillium-mb
10 6 -0.24694328115303138 0.5934406232640782 Penicillium-brevicompactum
10 6 -0.3114737270698293 0.4964978239430683 Penicillium-cvjetkovicii
10 6 -0.34990781099793755 0.4416647812864254 Penicillium-chrysogenum
10 6 -0.04129378764461516 0.929957242126073 Penicillium-commune
10 6 -0.4059826279086168 0.3661483177439546 Penicillium-verrucosum
10 6 0.01126280994699917 0.9808808726805038 Penicillium-solitum
10 6 -0.363645491842746 0.42265148160722016 Penicillium-polonicum
10 6 -0.3865055272511978 0.391739326546927 Penicillium-mb
8 10 -0.22738036333273767 0.6238880208218798 Penicillium-brevicompactum
8 10 -0.545192188563514 0.20563394994043116 Penicillium-cvjetkovicii
8 10 -0.2729939778908432 0.5536256577199998 Penicillium-chrysogenum
8 10 -0.32144741486234435 0.4820448761965372 Penicillium-commune
8 10 -0.2674844240620433 0.5619732784874651 Penicillium-verrucosum
8 10 -0.2941237660153395 0.5219945502117577 Penicillium-solitum
8 10 -0.26355374568270973 0.5679531155829228 Penicillium-polonicum
8 10 -0.3348778218156975 0.4628271719998469 Penicillium-mb
6 6 -0.23869477095060695 0.6062236021290806 Penicillium-brevicompactum
6 6 -0.545192188563514 0.20563394994043116 Penicillium-cvjetkovicii
6 6 -0.2804897165500675 0.5423340726939168 Penicillium-chrysogenum
6 6 -0.22647413813804906 0.6253091832219242 Penicillium-commune
6 6 -0.38624094660431196 0.3920917652657992 Penicillium-verrucosum
6 6 -0.2345481364186168 0.6126802748900011 Penicillium-solitum
6 6 -0.4623265508086302 0.29624890015450567 Penicillium-polonicum
6 6 -0.4390472094008486 0.32436030309126546 Penicillium-mb
8 10 -0.03856472077678872 0.9345791701274884 Penicillium-brevicompactum
8 10 -0.5451921885635133 0.20563394994043194 Penicillium-cvjetkovicii
8 10 -0.03274492160816049 0.9444402921298063 Penicillium-chrysogenum
8 10 -0.0649477921693499 0.8899736040347622 Penicillium-commune
8 10 -0.48157112799380364 0.27386210885482826 Penicillium-verrucosum
8 10 -0.0284152185916923 0.9517802990788884 Penicillium-solitum
8 10 -0.5222488912741016 0.22918820778996343 Penicillium-polonicum
8 10 -0.5060644781627961 0.2465236131896723 Penicillium-mb
6 8 -0.23064444288112496 0.618776919400988 Penicillium-brevicompactum
6 8 -0.5451921885635149 0.20563394994043033 Penicillium-cvjetkovicii
6 8 -0.2721672041974918 0.5548757461564003 Penicillium-chrysogenum
6 8 -0.24628180099350047 0.5944627163991414 Penicillium-commune
6 8 -0.29039743314382827 0.5275276050044275 Penicillium-verrucosum
6 8 -0.22893491258724855 0.6214523011832721 Penicillium-solitum
6 8 -0.3589478490309969 0.42911703376821453 Penicillium-polonicum
6 8 -0.2911434519531785 0.5264182964535203 Penicillium-mb
12 12 -0.22235153152115053 0.6317859396017849 Penicillium-brevicompactum
12 12 -0.173984071466533 0.7090855044568076 Penicillium-cvjetkovicii
12 12 -0.30548135802749826 0.5052537950904973 Penicillium-chrysogenum
12 12 -0.43353509763971365 0.33117758597549113 Penicillium-commune
12 12 -0.392362303997853 0.3839703898912725 Penicillium-verrucosum
12 12 -0.45696903409402456 0.3026197658646722 Penicillium-solitum
12 12 -0.3114871945825642 0.49647820600355597 Penicillium-polonicum
12 12 -0.3205594682476246 0.48332541561561504 Penicillium-mb
12 12 -0.37412350761713015 0.4083679510007861 Penicillium-brevicompactum
12 12 0.10262636969954816 0.8266920906199784 Penicillium-cvjetkovicii
12 12 -0.02602618573058791 0.9558315374125944 Penicillium-chrysogenum
12 12 -0.49103042797712637 0.26314871966612513 Penicillium-commune
12 12 -0.07977035548595553 0.8650080941642944 Penicillium-verrucosum
12 12 -0.3735075825195976 0.4092022520668333 Penicillium-solitum
12 12 -0.5444306170396851 0.20639630938873527 Penicillium-polonicum
12 12 -0.11094719727995551 0.8128072698700983 Penicillium-mb
8 8 -0.24694328115303207 0.5934406232640772 Penicillium-brevicompactum
8 8 -0.31966777025369825 0.4846125920557406 Penicillium-cvjetkovicii
8 8 -0.35185047778512946 0.43895671020684185 Penicillium-chrysogenum
8 8 0.17481967914181418 0.7077311592077351 Penicillium-commune
8 8 -0.292519244238622 0.5243746046686708 Penicillium-verrucosum
8 8 0.19485489420354424 0.6754480296972908 Penicillium-solitum
8 8 -0.5161895899210154 0.2356094785456325 Penicillium-polonicum
8 8 -0.2962918377722641 0.5187844169327253 Penicillium-mb
8 2 -0.24694328115303174 0.5934406232640776 Penicillium-brevicompactum
8 2 -0.34195532868218514 0.45281587456845124 Penicillium-cvjetkovicii
8 2 -0.3646881864702951 0.42122152806790575 Penicillium-chrysogenum
8 2 -0.15291534115819344 0.7434272720785844 Penicillium-commune
8 2 -0.4000957899351994 0.3738087371885052 Penicillium-verrucosum
8 2 -0.13660881208840775 0.7702435953218054 Penicillium-solitum
8 2 -0.38384237851542324 0.39529260110202813 Penicillium-polonicum
8 2 -0.405088210418329 0.36730800467687846 Penicillium-mb
10 10 -0.41534367237214737 0.3541021479446898 Penicillium-brevicompactum
10 10 0.25932577481650254 0.5744075550978144 Penicillium-cvjetkovicii
10 10 -0.36555791282875466 0.4200302216351538 Penicillium-chrysogenum
10 10 -0.2550150601505954 0.5810117844092827 Penicillium-commune
10 10 -0.38447786252618865 0.3944435483505499 Penicillium-verrucosum
10 10 -0.2308696798451827 0.6184246764595487 Penicillium-solitum
10 10 -0.37411724720197276 0.40837642767276294 Penicillium-polonicum
10 10 -0.3674519908770434 0.41744035030888793 Penicillium-mb
10 6 -0.2524384774293682 0.5849704036425407 Penicillium-brevicompactum
10 6 -0.19329996200642707 0.6779400346034448 Penicillium-cvjetkovicii
10 6 -0.3109872290708322 0.49720668209133045 Penicillium-chrysogenum
10 6 -0.4432942445602568 0.3191492480641539 Penicillium-commune
10 6 -0.38014527491190203 0.40024662537745404 Penicillium-verrucosum
10 6 -0.366980120333582 0.41808498045645254 Penicillium-solitum
10 6 -0.36802234768331116 0.41666169380113705 Penicillium-polonicum
10 6 -0.37132622570258805 0.41216238530087534 Penicillium-mb
12 10 -0.2941601637408225 0.5219406026246496 Penicillium-brevicompactum
12 10 0.01588421275595612 0.973037524636911 Penicillium-cvjetkovicii
12 10 -0.494725477059987 0.259016593277807 Penicillium-chrysogenum
12 10 -0.41995229386376004 0.34823334163101194 Penicillium-commune
12 10 -0.031509504264942506 0.9465343550574173 Penicillium-verrucosum
12 10 -0.38839581678471974 0.38922503910615197 Penicillium-solitum
12 10 -0.04547266993953642 0.922882985516329 Penicillium-polonicum
12 10 -0.03608648113256183 0.9387775680665216 Penicillium-mb
8 6 -0.24694328115303188 0.5934406232640775 Penicillium-brevicompactum
8 6 -0.34028074313290607 0.45517726597708763 Penicillium-cvjetkovicii
8 6 -0.36984294774762533 0.4141799901219532 Penicillium-chrysogenum
8 6 -0.07792017216149594 0.868119818059747 Penicillium-commune
8 6 -0.41438143580900316 0.35533266851734824 Penicillium-verrucosum
8 6 -0.028941783527234914 0.9508874773054357 Penicillium-solitum
8 6 -0.4884144261620022 0.2660921537691364 Penicillium-polonicum
8 6 -0.5005980911186305 0.25251089980853725 Penicillium-mb
8 12 0.8382813781313152 0.01847790847564257 Penicillium-brevicompactum
8 12 0.9897340962935642 2.039643052569448e-05 Penicillium-cvjetkovicii
8 12 0.7594991086035043 0.04762866084604636 Penicillium-chrysogenum
8 12 0.6399528487505804 0.121618855452139 Penicillium-commune
8 12 0.845646854087144 0.016514007862844588 Penicillium-verrucosum
8 12 0.6598898668209804 0.10676147266712174 Penicillium-solitum
8 12 0.7286457098829474 0.06324942124069434 Penicillium-polonicum
8 12 0.7248444823027936 0.06534096627114942 Penicillium-mb
10 6 -0.2469432811530318 0.5934406232640776 Penicillium-brevicompactum
10 6 -0.3638373002378728 0.4223882942624391 Penicillium-cvjetkovicii
10 6 -0.5036378267517864 0.2491733329465485 Penicillium-chrysogenum
10 6 -0.05499051186635159 0.9067862939714814 Penicillium-commune
10 6 -0.5636457195438428 0.18757653089074458 Penicillium-verrucosum
10 6 -0.042076195838292 0.9286324453668536 Penicillium-solitum
10 6 -0.44538135402454515 0.3166017532522415 Penicillium-polonicum
10 6 -0.36172978976132947 0.42528356483788615 Penicillium-mb
6 8 -0.24694328115303196 0.5934406232640774 Penicillium-brevicompactum
6 8 -0.5111471489067615 0.2410161920497061 Penicillium-cvjetkovicii
6 8 -0.21733055188944478 0.6396993822844729 Penicillium-chrysogenum
6 8 0.11757345912548996 0.8017778107965484 Penicillium-commune
6 8 -0.33946817137625934 0.4563247496409589 Penicillium-verrucosum
6 8 0.1444948214647047 0.7572507326731386 Penicillium-solitum
6 8 -0.15574758917358755 0.7387898592402792 Penicillium-polonicum
6 8 -0.1591911919437497 0.7331599153759053 Penicillium-mb
12 10 -0.24694328115303157 0.593440623264078 Penicillium-brevicompactum
12 10 -0.2667822193835479 0.563040079645627 Penicillium-cvjetkovicii
12 10 -0.18768327152333464 0.6869609202053109 Penicillium-chrysogenum
12 10 0.14645552420341207 0.7540272454673197 Penicillium-commune
12 10 -0.5703435055991287 0.18122147400550379 Penicillium-verrucosum
12 10 0.12492130857845139 0.7895778542137569 Penicillium-solitum
12 10 -0.19173502091571706 0.6804504381428673 Penicillium-polonicum
12 10 -0.5806508886456608 0.1716508509104773 Penicillium-mb
10 10 -0.375209520555224 0.4068985262505882 Penicillium-brevicompactum
10 10 -0.3272317463909477 0.4737331352940377 Penicillium-cvjetkovicii
10 10 -0.24999368843333167 0.5887341743085965 Penicillium-chrysogenum
10 10 0.02411182880710272 0.9590783860199512 Penicillium-commune
10 10 -0.4979601559662019 0.2554238289686795 Penicillium-verrucosum
10 10 0.02972957714098174 0.949551803475222 Penicillium-solitum
10 10 -0.5704300609244695 0.1811400468908893 Penicillium-polonicum
10 10 -0.5457036529778182 0.20512271409008453 Penicillium-mb
12 10 -0.34880147164358827 0.4432098322753759 Penicillium-brevicompactum
12 10 -0.14974064298686388 0.7486327326670035 Penicillium-cvjetkovicii
12 10 0.03597052614825897 0.9389740362006873 Penicillium-chrysogenum
12 10 0.06819966059248814 0.8844897283711018 Penicillium-commune
12 10 0.031931670184828384 0.9458187453736059 Penicillium-verrucosum
12 10 -0.7015730246142317 0.07894722824647282 Penicillium-solitum
12 10 0.009047550757420194 0.9846410294368639 Penicillium-polonicum
12 10 0.03486683365908052 0.9408441978235809 Penicillium-mb
6 10 -0.22319272163252218 0.6304628665563095 Penicillium-brevicompactum
6 10 -0.5451921885635103 0.20563394994043493 Penicillium-cvjetkovicii
6 10 -0.15613092803625053 0.7381626755308849 Penicillium-chrysogenum
6 10 -0.21694524184869543 0.6403077928624101 Penicillium-commune
6 10 -0.3981645555340805 0.3763359477461302 Penicillium-verrucosum
6 10 -0.18404915008155368 0.6928134655476433 Penicillium-solitum
6 10 -0.13328620030797864 0.7757308512044943 Penicillium-polonicum
6 10 -0.1377603006881629 0.7683436910444129 Penicillium-mb
10 10 -0.050442085375424175 0.9144757573055194 Penicillium-brevicompactum
10 10 0.27002729724934466 0.5581155300992245 Penicillium-cvjetkovicii
10 10 -0.10955622963175701 0.8151257250144672 Penicillium-chrysogenum
10 10 -0.5302718550766777 0.22081420271523292 Penicillium-commune
10 10 -0.10838864415624284 0.817072677268529 Penicillium-verrucosum
10 10 -0.18915109124874177 0.6846005826985482 Penicillium-solitum
10 10 -0.1034060168272115 0.8253895339049574 Penicillium-polonicum
10 10 -0.11375353498416126 0.8081330070317793 Penicillium-mb
12 12 -0.344949126842872 0.44860566480123665 Penicillium-brevicompactum
12 12 0.1626789997920231 0.7274673766908135 Penicillium-cvjetkovicii
12 12 -0.43089499350462723 0.33446426824447156 Penicillium-chrysogenum
12 12 -0.1393786245319162 0.7656750888539491 Penicillium-commune
12 12 -0.4572859986535889 0.30224119024758367 Penicillium-verrucosum
12 12 -0.07576413075625764 0.8717476546762037 Penicillium-solitum
12 12 -0.458592625166818 0.3006827818735765 Penicillium-polonicum
12 12 -0.38343451653257304 0.3958379184517715 Penicillium-mb
8 12 -0.1420272308370227 0.7613115412764595 Penicillium-brevicompactum
8 12 -0.5451921885635136 0.2056339499404315 Penicillium-cvjetkovicii
8 12 -0.07030917391797488 0.8809342426240043 Penicillium-chrysogenum
8 12 -0.0019322278034577067 0.9967197543250148 Penicillium-commune
8 12 -0.524206081088764 0.22713186463038929 Penicillium-verrucosum
8 12 0.020849702787432336 0.9646121381210933 Penicillium-solitum
8 12 -0.07833070185396747 0.8674292521952258 Penicillium-polonicum
8 12 -0.5277686831878797 0.22341114578460794 Penicillium-mb
10 8 0.021653280443156186 0.963248866487961 Penicillium-brevicompactum
10 8 0.2715113850594399 0.5558679985027949 Penicillium-cvjetkovicii
10 8 -0.4148563473100405 0.3547251230781228 Penicillium-chrysogenum
10 8 -0.2399814464426654 0.6042242467793567 Penicillium-commune
10 8 -0.5647569111492615 0.18651482164968808 Penicillium-verrucosum
10 8 -0.16241989202451712 0.7278899335887536 Penicillium-solitum
10 8 -0.3427345125599781 0.4517186835734704 Penicillium-polonicum
10 8 -0.4516038373707947 0.30905930967505785 Penicillium-mb
12 12 -0.33939152409115264 0.45643304354477116 Penicillium-brevicompactum
12 12 -0.19912740365798692 0.6686128835449483 Penicillium-cvjetkovicii
12 12 -0.42756126025142177 0.33863416504276195 Penicillium-chrysogenum
12 12 -0.5148940850843208 0.23699312178681828 Penicillium-commune
12 12 -0.08449534476986309 0.8570677544552462 Penicillium-verrucosum
12 12 -0.3500546398242306 0.4414598819154226 Penicillium-solitum
12 12 -0.09524937455196279 0.8390321490036796 Penicillium-polonicum
12 12 -0.09748749150070667 0.8352854117861364 Penicillium-mb
8 12 0.07902692016112126 0.8662582732708048 Penicillium-brevicompactum
8 12 -0.4241362987231036 0.34294095397289165 Penicillium-cvjetkovicii
8 12 -0.6095795008390498 0.14616318951511478 Penicillium-chrysogenum
8 12 -0.5999401085545216 0.15442931240511526 Penicillium-commune
8 12 0.09659106215224551 0.8367857923619663 Penicillium-verrucosum
8 12 -0.1805072571452151 0.6985291927119183 Penicillium-solitum
8 12 0.10426715512266184 0.8239512000284139 Penicillium-polonicum
8 12 0.10270772573872461 0.826556154249305 Penicillium-mb
10 12 -0.36305858879677794 0.4234571869554262 Penicillium-brevicompactum
10 12 -0.21098240349420272 0.6497434550698422 Penicillium-cvjetkovicii
10 12 -0.5410237742807656 0.20982317589843094 Penicillium-chrysogenum
10 12 -0.508638239142875 0.24372756642745708 Penicillium-commune
10 12 -0.14512087246525782 0.7562211694869138 Penicillium-verrucosum
10 12 -0.3797791179456111 0.4007386016830396 Penicillium-solitum
10 12 -0.07589546111381462 0.8715266215954234 Penicillium-polonicum
10 12 -0.07742982908579622 0.8689447280666842 Penicillium-mb
10 10 -0.3270269986170641 0.474026450980416 Penicillium-brevicompactum
10 10 0.2501514359177218 0.5884910977965643 Penicillium-cvjetkovicii
10 10 -0.3017445647451813 0.5107409371280294 Penicillium-chrysogenum
10 10 -0.3004274140189032 0.5126799418104848 Penicillium-commune
10 10 -0.368939862495798 0.4154102837850675 Penicillium-verrucosum
10 10 -0.174955014525508 0.7075118663821909 Penicillium-solitum
10 10 -0.37031833027389205 0.41353293886277026 Penicillium-polonicum
10 10 -0.3126511598880328 0.49478370796451254 Penicillium-mb
8 10 -0.23158620840905406 0.6173045000712779 Penicillium-brevicompactum
8 10 -0.5451921885635146 0.20563394994043052 Penicillium-cvjetkovicii
8 10 -0.3311797429681316 0.468090303490244 Penicillium-chrysogenum
8 10 -0.2607150452359298 0.5722841565229384 Penicillium-commune
8 10 -0.3502540977374809 0.4411815964214651 Penicillium-verrucosum
8 10 -0.23895048621171203 0.6058260921852594 Penicillium-solitum
8 10 -0.415410761364591 0.35401642007543743 Penicillium-polonicum
8 10 -0.3172044084210229 0.4881748489937036 Penicillium-mb
8 8 -0.2469432811530319 0.5934406232640774 Penicillium-brevicompactum
8 8 -0.36883584154826904 0.4155520854316823 Penicillium-cvjetkovicii
8 8 -0.3188768190300223 0.4857553659930616 Penicillium-chrysogenum
8 8 -0.003208895051024652 0.994552438615065 Penicillium-commune
8 8 -0.5858571748747953 0.16691379151382285 Penicillium-verrucosum
8 8 0.021376487946925392 0.9637184377905967 Penicillium-solitum
8 8 -0.3262786064716155 0.47509913682504484 Penicillium-polonicum
8 8 -0.4023553246341463 0.3708607569969105 Penicillium-mb
12 12 -0.2527118396887851 0.5845500213733553 Penicillium-brevicompactum
12 12 -0.5510262535158685 0.19983871264512898 Penicillium-cvjetkovicii
12 12 -0.4600634243727889 0.29893280501413816 Penicillium-chrysogenum
12 12 0.0016411750120519121 0.9972138585186099 Penicillium-commune
12 12 -0.5566847693067565 0.1942939975342124 Penicillium-verrucosum
12 12 0.02819459847274337 0.9521543854134716 Penicillium-solitum
12 12 -0.25903212114860674 0.574856698924168 Penicillium-polonicum
12 12 -0.5622581532596411 0.18890641790911647 Penicillium-mb
6 6 -0.256684761884467 0.5784509292330476 Penicillium-brevicompactum
6 6 0.07121696989154333 0.879404681521408 Penicillium-cvjetkovicii
6 6 -0.3389743799788866 0.4570225881776773 Penicillium-chrysogenum
6 6 -0.1950657524052709 0.6751102795809045 Penicillium-commune
6 6 -0.3329444539313299 0.4655760265554735 Penicillium-verrucosum
6 6 -0.17518045472480298 0.7071466064787897 Penicillium-solitum
6 6 -0.33152275118469077 0.46760121279012445 Penicillium-polonicum
6 6 -0.33543164306731527 0.4620408566975861 Penicillium-mb
6 12 -0.4056631498344532 0.36656237433247824 Penicillium-brevicompactum
6 12 -0.5451921885635164 0.20563394994042888 Penicillium-cvjetkovicii
6 12 0.08437765381850293 0.8572654199319178 Penicillium-chrysogenum
6 12 0.18978257953009758 0.6835857397929672 Penicillium-commune
6 12 -0.7794852243648419 0.038789668080718244 Penicillium-verrucosum
6 12 0.21109056630192694 0.6495719614260442 Penicillium-solitum
6 12 0.14137582349620573 0.7623842649456631 Penicillium-polonicum
6 12 0.13729939545900133 0.7691040537229268 Penicillium-mb
6 10 -0.31706340260272353 0.488379038823087 Penicillium-brevicompactum
6 10 0.24764126297491126 0.5923627074321937 Penicillium-cvjetkovicii
6 10 -0.29097489863967424 0.526668861420849 Penicillium-chrysogenum
6 10 -0.21350501184836834 0.6457470355708007 Penicillium-commune
6 10 -0.11991043783983871 0.7978940466644716 Penicillium-verrucosum
6 10 -0.3388540128940744 0.4571927540494598 Penicillium-solitum
6 10 -0.10804836979460186 0.817640226915054 Penicillium-polonicum
6 10 -0.11163672963592622 0.8116583641247735 Penicillium-mb
8 8 -0.25976801338509453 0.57373135798664 Penicillium-brevicompactum
8 8 0.2678071308607945 0.5614832338728386 Penicillium-cvjetkovicii
8 8 -0.32738358720149996 0.4735156552116446 Penicillium-chrysogenum
8 8 -0.015034250340539214 0.9744799482813229 Penicillium-commune
8 8 -0.37179077113749887 0.4115312887159175 Penicillium-verrucosum
8 8 0.01411245762268649 0.9760443335309126 Penicillium-solitum
8 8 -0.37212229384086487 0.4110811387656312 Penicillium-polonicum
8 8 -0.5832660793311674 0.16926318430105225 Penicillium-mb
8 10 -0.24648378380609995 0.5941505640233904 Penicillium-brevicompactum
8 10 -0.5451921885635133 0.20563394994043194 Penicillium-cvjetkovicii
8 10 -0.20078444476763432 0.6659668167603325 Penicillium-chrysogenum
8 10 -0.2820292059689937 0.5400244593759675 Penicillium-commune
8 10 -0.09800798953006687 0.8344144206698699 Penicillium-verrucosum
8 10 -0.44617204545153244 0.3156389559701722 Penicillium-solitum
8 10 -0.24354277146034195 0.5987006036679428 Penicillium-polonicum
8 10 -0.10213944829136516 0.8275057508489885 Penicillium-mb
8 4 0.1844499278247125 0.6921674346785434 Penicillium-brevicompactum
8 4 0.285489801747116 0.5348446604667052 Penicillium-cvjetkovicii
8 4 -0.3484839566309402 0.44365363237256145 Penicillium-chrysogenum
8 4 -0.20024378064966075 0.6668298817401694 Penicillium-commune
8 4 -0.4378691295583811 0.32581222258069786 Penicillium-verrucosum
8 4 -0.1951474308260972 0.6749794597130243 Penicillium-solitum
8 4 -0.3972785801885673 0.37749765691657294 Penicillium-polonicum
8 4 -0.46315250775615635 0.2952720362537114 Penicillium-mb
12 10 -0.2469432811530318 0.5934406232640776 Penicillium-brevicompactum
12 10 -0.36068512001630887 0.42672154883057645 Penicillium-cvjetkovicii
12 10 -0.5903917748804268 0.1628412753003891 Penicillium-chrysogenum
12 10 -0.009300453637535936 0.9842117423767676 Penicillium-commune
12 10 -0.05748746267810243 0.9025674365990062 Penicillium-verrucosum
12 10 -0.057384889249267795 0.9027407096909111 Penicillium-solitum
12 10 -0.6806848727551693 0.09233400105543656 Penicillium-polonicum
12 10 -0.062351393108786915 0.8943546257456929 Penicillium-mb
8 10 -0.22275572712789826 0.6311500994123302 Penicillium-brevicompactum
8 10 -0.5451921885635123 0.20563394994043285 Penicillium-cvjetkovicii
8 10 -0.21585894006933928 0.6420239415871515 Penicillium-chrysogenum
8 10 0.0006778712359050045 0.9988492103126757 Penicillium-commune
8 10 -0.272926304562248 0.5537279460133844 Penicillium-verrucosum
8 10 0.019229417413229356 0.9673611623236194 Penicillium-solitum
8 10 -0.6368940815091017 0.12398659874243949 Penicillium-polonicum
8 10 -0.27697375008177694 0.5476210484084605 Penicillium-mb
8 8 -0.23582268228282668 0.6106935546712237 Penicillium-brevicompactum
8 8 -0.545192188563514 0.20563394994043116 Penicillium-cvjetkovicii
8 8 -0.30826577743626943 0.5011785649102556 Penicillium-chrysogenum
8 8 -0.382535789059964 0.3970405885925142 Penicillium-commune
8 8 -0.2903419333721143 0.527610163072177 Penicillium-verrucosum
8 8 -0.34047855267118526 0.45489808945645854 Penicillium-solitum
8 8 -0.2905043701358268 0.5273685443645257 Penicillium-polonicum
8 8 -0.3423310156274322 0.45228673492407906 Penicillium-mb
8 8 -0.22659087416289622 0.6251260633615269 Penicillium-brevicompactum
8 8 -0.5451921885635116 0.20563394994043352 Penicillium-cvjetkovicii
8 8 -0.26286951124492186 0.5689961102199466 Penicillium-chrysogenum
8 8 -0.29270671383987373 0.5240963335664457 Penicillium-commune
8 8 -0.2874047341386414 0.5319855614470803 Penicillium-verrucosum
8 8 -0.2921534105077175 0.524917775294777 Penicillium-solitum
8 8 -0.28219870928446483 0.5397703619546861 Penicillium-polonicum
8 8 -0.31169531296920217 0.49617507759427926 Penicillium-mb
10 8 -0.2469432811530319 0.5934406232640774 Penicillium-brevicompactum
10 8 -0.3475410281182597 0.44497257943032864 Penicillium-cvjetkovicii
10 8 -0.16105311101116684 0.730119805808049 Penicillium-chrysogenum
10 8 -0.16933835847923637 0.7166262647573464 Penicillium-commune
10 8 -0.10213551074721856 0.8275123311038244 Penicillium-verrucosum
10 8 -0.4321897536081645 0.33285068440669074 Penicillium-solitum
10 8 -0.34755349603472874 0.4449551299565278 Penicillium-polonicum
10 8 -0.10342093497296843 0.8253646132508484 Penicillium-mb
6 10 -0.23898936638319007 0.6057656596376572 Penicillium-brevicompactum
6 10 -0.545192188563514 0.20563394994043116 Penicillium-cvjetkovicii
6 10 -0.35810444741569974 0.4302818400010072 Penicillium-chrysogenum
6 10 -0.3364092699424519 0.4606540274577726 Penicillium-commune
6 10 -0.34130841939747164 0.45372756094254746 Penicillium-verrucosum
6 10 -0.3055764180357852 0.5051144769371552 Penicillium-solitum
6 10 -0.25897821293838663 0.5749391635715905 Penicillium-polonicum
6 10 -0.261771221797854 0.5706715224237864 Penicillium-mb
10 10 -0.24981688295061388 0.5890066541617194 Penicillium-brevicompactum
10 10 -0.5871913845872284 0.16571036940534895 Penicillium-cvjetkovicii
10 10 -0.28194580369166977 0.5401494998051695 Penicillium-chrysogenum
10 10 -0.030620904725937977 0.9480407051573272 Penicillium-commune
10 10 -0.5280464191480719 0.22312229924928828 Penicillium-verrucosum
10 10 -0.0253585917510979 0.9569637580967373 Penicillium-solitum
10 10 -0.2905234536755445 0.5273401607532482 Penicillium-polonicum
10 10 -0.5353539903755149 0.21558586228115958 Penicillium-mb
10 8 -0.2469432811530317 0.5934406232640776 Penicillium-brevicompactum
10 8 -0.47376769509838246 0.28284498998498814 Penicillium-cvjetkovicii
10 8 -0.17877546499732466 0.7013280134289872 Penicillium-chrysogenum
10 8 -0.477425455093069 0.2786181760199867 Penicillium-commune
10 8 -0.262943729793203 0.5688829478756636 Penicillium-verrucosum
10 8 -0.3082544287840556 0.5011951511724126 Penicillium-solitum
10 8 -0.57511032506967 0.17676373227313752 Penicillium-polonicum
10 8 -0.1872675754772251 0.6876297512814269 Penicillium-mb
12 12 -0.3593697937957482 0.42853474907124456 Penicillium-brevicompactum
12 12 0.1122516821633716 0.8106339506131671 Penicillium-cvjetkovicii
12 12 0.05003868831144606 0.9151579941955553 Penicillium-chrysogenum
12 12 -0.4668220364636598 0.2909493330521164 Penicillium-commune
12 12 0.04061761527751887 0.9311022609411805 Penicillium-verrucosum
12 12 -0.3238609745333229 0.47857038094427373 Penicillium-solitum
12 12 0.025997549318072195 0.955880102764415 Penicillium-polonicum
12 12 -0.4383618216848319 0.32520466742500304 Penicillium-mb
6 4 -0.23838158543899163 0.606710554865382 Penicillium-brevicompactum
6 4 -0.5451921885635127 0.20563394994043244 Penicillium-cvjetkovicii
6 4 -0.2359571287212819 0.6104840943624054 Penicillium-chrysogenum
6 4 -0.12724375882239777 0.78572878302505 Penicillium-commune
6 4 -0.4657329004831797 0.2922293875171999 Penicillium-verrucosum
6 4 -0.1623881144695539 0.7279417606840091 Penicillium-solitum
6 4 -0.4551488313214634 0.3047977999023201 Penicillium-polonicum
6 4 -0.46712913558701663 0.29058885202768797 Penicillium-mb
12 10 -0.26658631481759865 0.5633378164206824 Penicillium-brevicompactum
12 10 -0.17082380004911407 0.7142131290677274 Penicillium-cvjetkovicii
12 10 -0.06954659167580571 0.8822193582582347 Penicillium-chrysogenum
12 10 -0.5928876912892657 0.1606209785252604 Penicillium-commune
12 10 -0.42008063593261413 0.3480704939954549 Penicillium-verrucosum
12 10 -0.1354800234104092 0.7721069328094364 Penicillium-solitum
12 10 -0.08944110748346414 0.8487666684340603 Penicillium-polonicum
12 10 -0.11839931051208889 0.8004049755331297 Penicillium-mb
10 6 -0.2469432811530319 0.5934406232640774 Penicillium-brevicompactum
10 6 -0.04263017308153637 0.9276945137777888 Penicillium-cvjetkovicii
10 6 -0.4115819368312249 0.35892280563825274 Penicillium-chrysogenum
10 6 0.023206924828639043 0.9606133088697383 Penicillium-commune
10 6 -0.5185613137333713 0.2330861930148268 Penicillium-verrucosum
10 6 0.023093320509969487 0.9608060145323014 Penicillium-solitum
10 6 -0.5495155807177492 0.20133170307350784 Penicillium-polonicum
10 6 -0.5069779988051798 0.24552950702318285 Penicillium-mb
10 8 -0.2665680725233832 0.5633655437105392 Penicillium-brevicompactum
10 8 0.1880458617289879 0.6863776658410867 Penicillium-cvjetkovicii
10 8 -0.19460147366173222 0.6758540129130914 Penicillium-chrysogenum
10 8 -0.24039650205310997 0.6035797135379716 Penicillium-commune
10 8 -0.1972074539085839 0.6716821904921697 Penicillium-verrucosum
10 8 -0.46375571632474094 0.29455951912490486 Penicillium-solitum
10 8 -0.22509907011644315 0.6274673562654713 Penicillium-polonicum
10 8 -0.19834925546464874 0.6698564221611638 Penicillium-mb
10 4 -0.24694328115303205 0.5934406232640772 Penicillium-brevicompactum
10 4 -0.32578209759823634 0.47581127876256807 Penicillium-cvjetkovicii
10 4 -0.35283782585153883 0.4375827746549205 Penicillium-chrysogenum
10 4 -0.12885191607760063 0.7830655602636525 Penicillium-commune
10 4 -0.38789101470487586 0.38989584356465007 Penicillium-verrucosum
10 4 -0.199015323915069 0.6687919582563895 Penicillium-solitum
10 4 -0.37601930082894847 0.40580421618103923 Penicillium-polonicum
10 4 -0.46189140060437306 0.2967641277292746 Penicillium-mb
6 8 -0.24091420447156459 0.6027760686830224 Penicillium-brevicompactum
6 8 -0.5451921885635127 0.20563394994043244 Penicillium-cvjetkovicii
6 8 -0.31240655175196164 0.4951396380929296 Penicillium-chrysogenum
6 8 -0.26194670742084736 0.5704037192953606 Penicillium-commune
6 8 -0.3700251344090229 0.41393196598821047 Penicillium-verrucosum
6 8 -0.2316557749670382 0.6171957753677947 Penicillium-solitum
6 8 -0.4059771198676819 0.36615545475567307 Penicillium-polonicum
6 8 -0.34464799453615796 0.4490284836300666 Penicillium-mb
10 12 -0.2048755979088855 0.6594456324402703 Penicillium-brevicompactum
10 12 0.28291595267547204 0.5386956022702329 Penicillium-cvjetkovicii
10 12 0.04958315913833421 0.9159284482066994 Penicillium-chrysogenum
10 12 -0.7062505614667226 0.07610166423792716 Penicillium-commune
10 12 -0.004260875168876819 0.992766579315075 Penicillium-verrucosum
10 12 -0.25590038847262947 0.5796535011322506 Penicillium-solitum
10 12 0.1562160585622394 0.7380234084638267 Penicillium-polonicum
10 12 0.1536756352331626 0.7421817852748981 Penicillium-mb
10 10 -0.2747360236013554 0.5509946664837115 Penicillium-brevicompactum
10 10 0.21433048453322914 0.6444407521850795 Penicillium-cvjetkovicii
10 10 -0.14019399139324581 0.7643312519741741 Penicillium-chrysogenum
10 10 -0.45819348804255206 0.3011584556264133 Penicillium-commune
10 10 -0.146515190524924 0.7539291955228973 Penicillium-verrucosum
10 10 -0.29789574791057505 0.5164139609856477 Penicillium-solitum
10 10 -0.408288712526536 0.3631652662003406 Penicillium-polonicum
10 10 -0.6347914481620885 0.12562778557717613 Penicillium-mb
12 10 -0.24694328115303205 0.5934406232640772 Penicillium-brevicompactum
12 10 -0.28359088737642696 0.5376848896751467 Penicillium-cvjetkovicii
12 10 -0.130716089945031 0.7799804633748562 Penicillium-chrysogenum
12 10 -0.06844755138510679 0.8840718391944854 Penicillium-commune
12 10 -0.10349562669966358 0.8252398430176033 Penicillium-verrucosum
12 10 0.04003477008426624 0.9320893169983608 Penicillium-solitum
12 10 -0.5041606615403771 0.24860133263686304 Penicillium-polonicum
12 10 -0.10541990101394345 0.8220264161874641 Penicillium-mb
8 10 -0.23647097837773376 0.6096837388861454 Penicillium-brevicompactum
8 10 -0.5451921885635136 0.2056339499404315 Penicillium-cvjetkovicii
8 10 -0.3246943141088002 0.4773728359833579 Penicillium-chrysogenum
8 10 -0.26553800328312366 0.5649318982925424 Penicillium-commune
8 10 -0.29244731053413436 0.5244813929862198 Penicillium-verrucosum
8 10 -0.2926104372378187 0.5242392357929149 Penicillium-solitum
8 10 -0.3500827363234287 0.44142067740327945 Penicillium-polonicum
8 10 -0.39890519736398317 0.37536592327829776 Penicillium-mb
12 12 0.23637903257825993 0.6098269279877411 Penicillium-brevicompactum
12 12 0.5151679089856522 0.23670035388841276 Penicillium-cvjetkovicii
12 12 0.3243603133775731 0.477852679170723 Penicillium-chrysogenum
12 12 0.0630085598734717 0.8932455530548812 Penicillium-commune
12 12 0.31573462513890077 0.49030472874554354 Penicillium-verrucosum
12 12 0.13454931227442044 0.773643951129773 Penicillium-solitum
12 12 -0.6524349550346483 0.11219991448187194 Penicillium-polonicum
12 12 -0.6470846949617345 0.11618927285053815 Penicillium-mb
12 8 -0.3697482445633622 0.41430893949517983 Penicillium-brevicompactum
12 8 0.2237571591056797 0.6295755256395479 Penicillium-cvjetkovicii
12 8 -0.4174905566310748 0.3513631114623624 Penicillium-chrysogenum
12 8 -0.10854291924269312 0.8168153800366649 Penicillium-commune
12 8 -0.4415591333550929 0.3212738110278305 Penicillium-verrucosum
12 8 -0.10645025759955014 0.8203065906933621 Penicillium-solitum
12 8 -0.4157679459320496 0.35356014720670836 Penicillium-polonicum
12 8 0.13773935461215275 0.7683782429204384 Penicillium-mb
6 6 -0.2469432811530319 0.5934406232640774 Penicillium-brevicompactum
6 6 -0.3931598638497037 0.38291729759566506 Penicillium-cvjetkovicii
6 6 -0.5070618770173896 0.24543832262206555 Penicillium-chrysogenum
6 6 -0.33423153398353594 0.4637453945092109 Penicillium-commune
6 6 -0.047202746001559964 0.9199553728241597 Penicillium-verrucosum
6 6 -0.3455504261284429 0.4477618300637293 Penicillium-solitum
6 6 -0.04496626870628909 0.9237400434192807 Penicillium-polonicum
6 6 -0.047699598505803874 0.9191147370344017 Penicillium-mb
12 10 -0.36202335518610523 0.42487981030372546 Penicillium-brevicompactum
12 10 -0.4059413895427569 0.36620175350659234 Penicillium-cvjetkovicii
12 10 -0.46370736966110404 0.29461659872098694 Penicillium-chrysogenum
12 10 -0.07419271293414635 0.8743929113039111 Penicillium-commune
12 10 -0.46170711295898437 0.29698244752663205 Penicillium-verrucosum
12 10 -0.14437613510856823 0.7574459488353984 Penicillium-solitum
12 10 -0.46571189130890517 0.2922541039550001 Penicillium-polonicum
12 10 -0.26123696721698386 0.5714870754973691 Penicillium-mb
6 8 -0.2424624846758027 0.6003745344023546 Penicillium-brevicompactum
6 8 -0.5451921885635143 0.2056339499404309 Penicillium-cvjetkovicii
6 8 -0.5434945448431909 0.20733519792557767 Penicillium-chrysogenum
6 8 -0.1139556212162895 0.8077965839242055 Penicillium-commune
6 8 -0.607925555797258 0.14756529604681873 Penicillium-verrucosum
6 8 -0.0965724389963037 0.8368169666788038 Penicillium-solitum
6 8 -0.11560723115242254 0.8050479521854201 Penicillium-polonicum
6 8 -0.11868853132747982 0.7999242922978506 Penicillium-mb
8 10 -0.6074191018158887 0.14799597986180252 Penicillium-brevicompactum
8 10 -0.26494346466862834 0.565836601767625 Penicillium-cvjetkovicii
8 10 -0.06328672362875944 0.8927761493709914 Penicillium-chrysogenum
8 10 -0.2148648522096461 0.6435955201209285 Penicillium-commune
8 10 -0.08472392765326953 0.8566838596357288 Penicillium-verrucosum
8 10 -0.6158312526566286 0.14092424279701504 Penicillium-solitum
8 10 -0.06273492142777032 0.8937073444201329 Penicillium-polonicum
8 10 -0.06614329248936852 0.8879571250077241 Penicillium-mb
10 10 -0.21923724718691 0.6366910465927853 Penicillium-brevicompactum
10 10 -0.14339962004626072 0.7590525160730974 Penicillium-cvjetkovicii
10 10 -0.28251521866479 0.5392959981434815 Penicillium-chrysogenum
10 10 -0.4245168349732011 0.3424613049923598 Penicillium-commune
10 10 -0.31593794648223844 0.4900098967130032 Penicillium-verrucosum
10 10 -0.4851502967290707 0.26978566280214095 Penicillium-solitum
10 10 -0.07421633436176321 0.8743531410792902 Penicillium-polonicum
10 10 -0.07534050831242434 0.872460669607023 Penicillium-mb
10 10 -0.40100397118279557 0.37262269867960157 Penicillium-brevicompactum
10 10 0.25853941061562474 0.5756105473806569 Penicillium-cvjetkovicii
10 10 -0.3492946530819763 0.4425208309059937 Penicillium-chrysogenum
10 10 -0.3852928722370814 0.3933557048257187 Penicillium-commune
10 10 -0.4016922479136056 0.37172487200736165 Penicillium-verrucosum
10 10 -0.3148610356768392 0.4915722198280641 Penicillium-solitum
10 10 -0.4200067330015868 0.34816426228591835 Penicillium-polonicum
10 10 -0.4412944032566357 0.3215984952809338 Penicillium-mb
12 12 0.2700524339272959 0.5580774383005782 Penicillium-brevicompactum
12 12 -0.539440473727416 0.21142494276989418 Penicillium-cvjetkovicii
12 12 0.30118887866390937 0.5115586646413703 Penicillium-chrysogenum
12 12 0.39553439905810683 0.37978891974700424 Penicillium-commune
12 12 -0.6996813975171381 0.08011381365115064 Penicillium-verrucosum
12 12 0.42650805552152793 0.33995608728328564 Penicillium-solitum
12 12 0.29643264463973956 0.51857616647941 Penicillium-polonicum
12 12 -0.709356288534885 0.0742430825733045 Penicillium-mb
10 10 -0.10809348806689859 0.8175649697011016 Penicillium-brevicompactum
10 10 -0.2313899921574006 0.6176111939108206 Penicillium-cvjetkovicii
10 10 -0.3537350209685903 0.4363357120155756 Penicillium-chrysogenum
10 10 -0.4884272861710126 0.2660776477584013 Penicillium-commune
10 10 -0.39306650036693735 0.38304051358197116 Penicillium-verrucosum
10 10 -0.4039070214689972 0.36884182653997044 Penicillium-solitum
10 10 -0.09780191653657991 0.834759243090893 Penicillium-polonicum
10 10 -0.09893257033796508 0.832867577719276 Penicillium-mb
8 10 0.19619303282124653 0.6733053514580027 Penicillium-brevicompactum
8 10 0.28964282055511037 0.5286504935607282 Penicillium-cvjetkovicii
8 10 -0.11926263348968741 0.7989702868559383 Penicillium-chrysogenum
8 10 0.1530427385504353 0.7432185431003464 Penicillium-commune
8 10 -0.10345348201531684 0.8253102440577463 Penicillium-verrucosum
8 10 0.1772846767777998 0.7037394905520304 Penicillium-solitum
8 10 -0.21039770827411056 0.650670710114188 Penicillium-polonicum
8 10 -0.10140603607769978 0.8287315359685726 Penicillium-mb
8 6 -0.24694328115303188 0.5934406232640775 Penicillium-brevicompactum
8 6 -0.38984042827418974 0.38730794055857864 Penicillium-cvjetkovicii
8 6 -0.31752540102479904 0.4877101348100939 Penicillium-chrysogenum
8 6 -0.23568461909706592 0.6109086716337847 Penicillium-commune
8 6 -0.38667400929341267 0.3915149636792577 Penicillium-verrucosum
8 6 -0.08974131708991093 0.8482631405970505 Penicillium-solitum
8 6 -0.3899336008621957 0.3871844250012255 Penicillium-polonicum
8 6 -0.438080828624943 0.32555110971825507 Penicillium-mb
12 12 -0.39783694279183535 0.3767653503434262 Penicillium-brevicompactum
12 12 -0.32760286723493376 0.4732016467103193 Penicillium-cvjetkovicii
12 12 -0.49478377144386304 0.2589516425605977 Penicillium-chrysogenum
12 12 0.12264828316468084 0.7933483092975511 Penicillium-commune
12 12 -0.4764141185767059 0.2797839981490155 Penicillium-verrucosum
12 12 0.095924476370597 0.8379017321660789 Penicillium-solitum
12 12 -0.67363545023006 0.09710208752866042 Penicillium-polonicum
12 12 -0.261236967216984 0.5714870754973691 Penicillium-mb
8 8 -0.25758668829408393 0.5770690904506135 Penicillium-brevicompactum
8 8 0.09402892950075861 0.8410762673487399 Penicillium-cvjetkovicii
8 8 -0.29255168068065446 0.5243264539493594 Penicillium-chrysogenum
8 8 -0.2629978542056562 0.5688004279061214 Penicillium-commune
8 8 -0.5340027748778865 0.2169701593417061 Penicillium-verrucosum
8 8 -0.3255051789437298 0.47620863079638853 Penicillium-solitum
8 8 -0.4087093096887289 0.3626222869715715 Penicillium-polonicum
8 8 -0.4672318676083324 0.29046830675824503 Penicillium-mb
8 8 -0.24694328115303188 0.5934406232640775 Penicillium-brevicompactum
8 8 -0.3244386363413106 0.4777401405896193 Penicillium-cvjetkovicii
8 8 -0.39024479895497677 0.38677199593372313 Penicillium-chrysogenum
8 8 -0.2124244007760228 0.647458160679365 Penicillium-commune
8 8 -0.4200120498929587 0.3481575158420752 Penicillium-verrucosum
8 8 -0.0985490202519586 0.8335092132074703 Penicillium-solitum
8 8 -0.25244666551837397 0.5849578104749193 Penicillium-polonicum
8 8 -0.25422439118315493 0.5822256721502067 Penicillium-mb
10 12 -0.29655118313709683 0.5184008726489553 Penicillium-brevicompactum
10 12 -0.5451921885635134 0.20563394994043177 Penicillium-cvjetkovicii
10 12 -0.4237562885867322 0.34342022249515297 Penicillium-chrysogenum
10 12 -0.12959652089266507 0.7818330105252564 Penicillium-commune
10 12 -0.5114054212129646 0.24073787640873667 Penicillium-verrucosum
10 12 -0.12311606479006398 0.7925720975895405 Penicillium-solitum
10 12 -0.5521009373984949 0.19877986078310264 Penicillium-polonicum
10 12 -0.2609510643135389 0.5719236640955727 Penicillium-mb
10 8 -0.2469432811530317 0.5934406232640776 Penicillium-brevicompactum
10 8 -0.336387953022752 0.4606842505055124 Penicillium-cvjetkovicii
10 8 -0.29279846189990866 0.523960165296664 Penicillium-chrysogenum
10 8 -0.2909986713310765 0.5266335193984462 Penicillium-commune
10 8 -0.3408852496849759 0.4543243021368905 Penicillium-verrucosum
10 8 -0.19609104861703716 0.6734685908139337 Penicillium-solitum
10 8 -0.5879333020239237 0.1650430433817976 Penicillium-polonicum
10 8 -0.30090575140762993 0.511975478196097 Penicillium-mb
12 10 -0.25110188456602006 0.5870271811645402 Penicillium-brevicompactum
12 10 -0.6212163479214032 0.13648896238648286 Penicillium-cvjetkovicii
12 10 -0.3551248729115379 0.43440655677764606 Penicillium-chrysogenum
12 10 -0.4281012212334581 0.3379572833769247 Penicillium-commune
12 10 -0.5476160992861969 0.2032165231060744 Penicillium-verrucosum
12 10 -0.3901655567367247 0.38687699838323103 Penicillium-solitum
12 10 -0.3059352057981784 0.5045887650461865 Penicillium-polonicum
12 10 -0.36024356061448876 0.4273299161455796 Penicillium-mb
12 12 -0.10654354677723821 0.8201509047089337 Penicillium-brevicompactum
12 12 0.0031248751449554687 0.994695073091759 Penicillium-cvjetkovicii
12 12 -0.2824927342470985 0.5393296917754662 Penicillium-chrysogenum
12 12 -0.44230953596769074 0.32035423139440955 Penicillium-commune
12 12 -0.31396011586123784 0.4928805811067797 Penicillium-verrucosum
12 12 -0.42481867652831057 0.34208104875657097 Penicillium-solitum
12 12 -0.22400428137807804 0.62918714096114 Penicillium-polonicum
12 12 -0.29013044036124797 0.5279248070907807 Penicillium-mb
10 10 -0.47996525954294883 0.27570004848310914 Penicillium-brevicompactum
10 10 0.2617786560218604 0.5706601764827863 Penicillium-cvjetkovicii
10 10 -0.3602143375477637 0.4273701905885277 Penicillium-chrysogenum
10 10 -0.2700346951503607 0.5581043193282345 Penicillium-commune
10 10 -0.281745528793321 0.5404498000322544 Penicillium-verrucosum
10 10 -0.22648619037500128 0.625290276575937 Penicillium-solitum
10 10 -0.46597986908995714 0.29193890847714166 Penicillium-polonicum
10 10 -0.2838797630139553 0.5372524920449282 Penicillium-mb
8 6 -0.24694328115303196 0.5934406232640774 Penicillium-brevicompactum
8 6 -0.5230649486647433 0.22832975075506934 Penicillium-cvjetkovicii
8 6 -0.30350838011187753 0.5081483709806058 Penicillium-chrysogenum
8 6 -0.16906382809980802 0.7170724518010502 Penicillium-commune
8 6 -0.37393118104313705 0.40862839494014574 Penicillium-verrucosum
8 6 -0.15669280424080734 0.7372435941234368 Penicillium-solitum
8 6 -0.3774687063868129 0.4038484444909761 Penicillium-polonicum
8 6 -0.5667587845719383 0.18460949183660183 Penicillium-mb
6 8 -0.10318829941479511 0.825753242517552 Penicillium-brevicompactum
6 8 -0.48611226550408565 0.26869475471353 Penicillium-cvjetkovicii
6 8 -0.10497531863785609 0.8227686687333956 Penicillium-chrysogenum
6 8 -0.004867067105403309 0.99173750812254 Penicillium-commune
6 8 -0.4150470272245982 0.3544813117861449 Penicillium-verrucosum
6 8 -0.09695580198799414 0.8361752687228861 Penicillium-solitum
6 8 -0.39716957741167663 0.37764068435206527 Penicillium-polonicum
6 8 -0.398835278044276 0.3754574535055162 Penicillium-mb
8 12 -0.2785061096420422 0.5453147605121469 Penicillium-brevicompactum
8 12 -0.5451921885635127 0.20563394994043244 Penicillium-cvjetkovicii
8 12 -0.12409155808785371 0.7909538550284103 Penicillium-chrysogenum
8 12 -0.013468534209109548 0.9771371799860584 Penicillium-commune
8 12 -0.5047833359417905 0.2479208950228176 Penicillium-verrucosum
8 12 0.010222607313264237 0.9826464695944861 Penicillium-solitum
8 12 -0.1323075847351621 0.7773484478489401 Penicillium-polonicum
8 12 -0.5080423369785748 0.24437362178389563 Penicillium-mb
8 10 -0.24392454285086024 0.5981093750235144 Penicillium-brevicompactum
8 10 -0.545192188563514 0.20563394994043116 Penicillium-cvjetkovicii
8 10 -0.14960037261876083 0.7488629063887349 Penicillium-chrysogenum
8 10 -0.27661147099625194 0.5481667647188556 Penicillium-commune
8 10 -0.1561037666090843 0.7382071107582397 Penicillium-verrucosum
8 10 -0.16638487522756357 0.7214298256916821 Penicillium-solitum
8 10 -0.40065203609301137 0.37308212503255167 Penicillium-polonicum
8 10 -0.42691356562431726 0.33944685599258767 Penicillium-mb
10 8 -0.2469432811530319 0.5934406232640774 Penicillium-brevicompactum
10 8 -0.33494516229718646 0.46273153566021047 Penicillium-cvjetkovicii
10 8 -0.576922241986319 0.17508356772295108 Penicillium-chrysogenum
10 8 0.05073075458439206 0.9139875771222683 Penicillium-commune
10 8 -0.12863241317042018 0.7834289739652963 Penicillium-verrucosum
10 8 0.07035647147747584 0.8808545428481569 Penicillium-solitum
10 8 -0.6572350778197283 0.10868210103060315 Penicillium-polonicum
10 8 -0.13371294823614033 0.7750256622855758 Penicillium-mb
8 8 -0.41609769394608814 0.35313914030508636 Penicillium-brevicompactum
8 8 0.2593636883175372 0.5743495743430541 Penicillium-cvjetkovicii
8 8 -0.44609334997146466 0.3157347237575374 Penicillium-chrysogenum
8 8 -0.08144680898578134 0.8621897534069454 Penicillium-commune
8 8 -0.6331902474246189 0.12688499291666686 Penicillium-verrucosum
8 8 -0.09822586471904722 0.8340498725502249 Penicillium-solitum
8 8 -0.1559549624803555 0.7384505598387769 Penicillium-polonicum
8 8 -0.1590998488348442 0.7333091305015058 Penicillium-mb
8 12 -0.24460778204814715 0.5970517180388044 Penicillium-brevicompactum
8 12 -0.5451921885635127 0.20563394994043244 Penicillium-cvjetkovicii
8 12 -0.21035795676223823 0.6507337641582391 Penicillium-chrysogenum
8 12 -0.3477338259320484 0.44470277808591846 Penicillium-commune
8 12 -0.37363624141888613 0.4090279218694542 Penicillium-verrucosum
8 12 -0.41481522314343694 0.3547777153168175 Penicillium-solitum
8 12 -0.20715339848132905 0.6558222687878552 Penicillium-polonicum
8 12 -0.21132409653268244 0.6492017379149059 Penicillium-mb
8 8 -0.2469432811530319 0.5934406232640774 Penicillium-brevicompactum
8 8 -0.43812189225202547 0.32550047162094736 Penicillium-cvjetkovicii
8 8 -0.3040891517163165 0.5072957181403517 Penicillium-chrysogenum
8 8 0.017851422734211215 0.9696993120752364 Penicillium-commune
8 8 -0.5915028427374732 0.16185103187614786 Penicillium-verrucosum
8 8 0.044047366711270235 0.925295386893249 Penicillium-solitum
8 8 -0.312117191277585 0.49556080426131155 Penicillium-polonicum
8 8 -0.3436428231780442 0.4504409224017739 Penicillium-mb
8 8 -0.2469432811530319 0.5934406232640774 Penicillium-brevicompactum
8 8 -0.3770110632573269 0.40446556696619385 Penicillium-cvjetkovicii
8 8 -0.22936129911821584 0.6207847031278579 Penicillium-chrysogenum
8 8 -0.2381271734175611 0.6071062094828257 Penicillium-commune
8 8 -0.4297980206916023 0.3358339595350586 Penicillium-verrucosum
8 8 -0.15783883624664768 0.7353697600450929 Penicillium-solitum
8 8 -0.21543355265139028 0.6426963176978935 Penicillium-polonicum
8 8 -0.21874269464629842 0.6374709600143487 Penicillium-mb
8 8 -0.22494178495302633 0.6277143505994287 Penicillium-brevicompactum
8 8 -0.5451921885635117 0.20563394994043352 Penicillium-cvjetkovicii
8 8 -0.24442703956940748 0.5973314533188065 Penicillium-chrysogenum
8 8 -0.2888505464761439 0.5298302888161301 Penicillium-commune
8 8 -0.2525807762296968 0.5847515619286244 Penicillium-verrucosum
8 8 -0.3043931010644497 0.5068496768808616 Penicillium-solitum
8 8 -0.24669255986302327 0.5938279652604159 Penicillium-polonicum
8 8 -0.28500231443672097 0.5355733229629536 Penicillium-mb
10 8 -0.24694328115303174 0.5934406232640776 Penicillium-brevicompactum
10 8 -0.33583557191317026 0.4614676698645055 Penicillium-cvjetkovicii
10 8 -0.34702337125441474 0.4456972937798354 Penicillium-chrysogenum
10 8 -0.10196812475075809 0.8277920668149532 Penicillium-commune
10 8 -0.4384597851572028 0.32508392342848264 Penicillium-verrucosum
10 8 -0.06069912532798125 0.8971436900176442 Penicillium-solitum
10 8 -0.35353941513945886 0.43660748018452494 Penicillium-polonicum
10 8 -0.4471906843984412 0.31440046924538995 Penicillium-mb
10 10 -0.26578726618169657 0.5645527344885986 Penicillium-brevicompactum
10 10 -0.545192188563514 0.20563394994043116 Penicillium-cvjetkovicii
10 10 -0.13525398338334016 0.7724801712048075 Penicillium-chrysogenum
10 10 -0.19114377460592794 0.6813994990378802 Penicillium-commune
10 10 -0.4902085667269885 0.2640718457007368 Penicillium-verrucosum
10 10 -0.14218571723248188 0.7610505951720892 Penicillium-solitum
10 10 -0.5058574497490967 0.24674916238297226 Penicillium-polonicum
10 10 -0.14706321720107257 0.7530287437761896 Penicillium-mb
