#SPECIES: Penicillium-brevicompactum Penicillium-solitum Penicillium-cvjetkovicii Penicillium-polonicum Penicillium-commune Penicillium-chrysogenum Penicillium-verrucosum Penicillium-mb 
#GENE_TREEs p: 0.20978372218200145 0.10617338569246265 0.21089772134139667 0.10998271943972071 0.09425035193523633 0.0805813227716961 0.06373021535154298 0.07800033820187592 
#GENE_TREEs r: 0.5410628457047635 0.6607077055940279 -0.5399609840019601 0.6554511057672839 0.6778291582528299 0.6989274451821776 0.727765964728755 0.7031193886425683 
6 10 -0.39117967518300695 0.38553407609254003 Penicillium-brevicompactum
6 10 0.6218037781979546 0.1360094871867555 Penicillium-solitum
6 10 0.48636836405048484 0.26840466685305103 Penicillium-cvjetkovicii
6 10 0.6032252636952841 0.15158658187177668 Penicillium-polonicum
6 10 0.570950163119643 0.1806511360891649 Penicillium-commune
6 10 -0.3379476973127072 0.4584747893065319 Penicillium-chrysogenum
6 10 0.38496252548826904 0.39379649408302225 Penicillium-verrucosum
6 10 0.5348398233526807 0.2161121223406254 Penicillium-mb
12 12 0.9854749252393673 4.8457611924550304e-05 Penicillium-brevicompactum
12 12 0.2671125617222235 0.562538137484117 Penicillium-solitum
12 12 -0.34927572976539045 0.4425472603347656 Penicillium-cvjetkovicii
12 12 0.252502142807533 0.5848724893687569 Penicillium-polonicum
12 12 0.28265988720853474 0.539079224310723 Penicillium-commune
12 12 0.2682802466227717 0.5607650339980493 Penicillium-chrysogenum
12 12 0.26263782948847275 0.5693494052900644 Penicillium-verrucosum
12 12 0.15417145492344891 0.7413697917272639 Penicillium-mb
12 12 0.6821881044703508 0.09133356461818905 Penicillium-brevicompactum
12 12 0.2192052876738018 0.6367414389607793 Penicillium-solitum
12 12 -0.18119871473782034 0.6974124557106249 Penicillium-cvjetkovicii
12 12 0.2133809052265468 0.6459434928804938 Penicillium-polonicum
12 12 0.5553985448631868 0.19554774683488527 Penicillium-commune
12 12 -0.13205186653255493 0.7777712412919423 Penicillium-chrysogenum
12 12 -0.04541259008590151 0.9229846644731036 Penicillium-verrucosum
12 12 0.5648412327424537 0.18643437457663306 Penicillium-mb
6 12 0.985474925239367 4.8457611924553076e-05 Penicillium-brevicompactum
6 12 0.7262620035961765 0.06455670968640556 Penicillium-solitum
6 12 -0.30385151961590406 0.5076445347450276 Penicillium-cvjetkovicii
6 12 0.7494096862550053 0.05247184125636799 Penicillium-polonicum
6 12 0.6924527376054388 0.0846557128379429 Penicillium-commune
6 12 0.7523709295032307 0.0510237444234084 Penicillium-chrysogenum
6 12 0.5828624396987268 0.16963063083462396 Penicillium-verrucosum
6 12 0.6815001226342173 0.0917907205663163 Penicillium-mb
4 12 0.9860894888943548 4.350783419924106e-05 Penicillium-brevicompactum
4 12 0.8547056517171182 0.01426942375222635 Penicillium-solitum
4 12 -0.5094666062960879 0.2428307968543172 Penicillium-cvjetkovicii
4 12 0.8587217926658177 0.013333828708618269 Penicillium-polonicum
4 12 0.8515099653557685 0.01503991109261344 Penicillium-commune
4 12 0.7988625562442946 0.031168115514321002 Penicillium-chrysogenum
4 12 0.710300275342708 0.07368303341596982 Penicillium-verrucosum
4 12 0.8225577103288438 0.023094752582148985 Penicillium-mb
8 12 0.985474925239367 4.8457611924553076e-05 Penicillium-brevicompactum
8 12 0.5029994821767593 0.24987252639606705 Penicillium-solitum
8 12 -0.244997502052525 0.5964486823839945 Penicillium-cvjetkovicii
8 12 0.5230197956269099 0.22837721029309446 Penicillium-polonicum
8 12 0.5049345937738275 0.24775573542916562 Penicillium-commune
8 12 0.40509692617891324 0.3672966966809428 Penicillium-chrysogenum
8 12 0.3429664578091855 0.45139226706731816 Penicillium-verrucosum
8 12 0.4802659503909722 0.2753554822703328 Penicillium-mb
12 12 -0.1494773731849995 0.7490647519303104 Penicillium-brevicompactum
12 12 0.06877863484005538 0.8835137388930133 Penicillium-solitum
12 12 0.01498886671943839 0.9745569678678732 Penicillium-cvjetkovicii
12 12 0.06993831295064806 0.881559197574436 Penicillium-polonicum
12 12 0.38542898941960707 0.39317413802019274 Penicillium-commune
12 12 -0.22972727255286454 0.620211859357731 Penicillium-chrysogenum
12 12 -0.10822921190784056 0.8173385892460093 Penicillium-verrucosum
12 12 0.38829462265474657 0.38935947335993026 Penicillium-mb
10 8 0.9854749252393673 4.8457611924550304e-05 Penicillium-brevicompactum
10 8 0.47044436501679926 0.28670999865849506 Penicillium-solitum
10 8 -0.22126351548625653 0.633498393235131 Penicillium-cvjetkovicii
10 8 0.4698640087690544 0.28738734702918406 Penicillium-polonicum
10 8 0.43249094531144733 0.33247580357670503 Penicillium-commune
10 8 0.19578258051833172 0.6739623972276281 Penicillium-chrysogenum
10 8 0.2765364563876092 0.5482797846085914 Penicillium-verrucosum
10 8 0.40136763261877906 0.372148207850104 Penicillium-mb
12 12 0.5776074404511021 0.17445024553207183 Penicillium-brevicompactum
12 12 0.6098316052201368 0.14595006300786179 Penicillium-solitum
12 12 0.3611476375625552 0.42608466422833846 Penicillium-cvjetkovicii
12 12 0.6365421390095194 0.12426053342402972 Penicillium-polonicum
12 12 0.4826140407486071 0.2726714482726461 Penicillium-commune
12 12 0.5238327336838965 0.22752345463691992 Penicillium-chrysogenum
12 12 0.3751989178633826 0.40691286208317806 Penicillium-verrucosum
12 12 0.5646837865866187 0.18658459985248585 Penicillium-mb
10 12 0.9854749252393671 4.8457611924552134e-05 Penicillium-brevicompactum
10 12 0.4405653293121534 0.32249341506449325 Penicillium-solitum
10 12 -0.2520747420188666 0.5855299077819558 Penicillium-cvjetkovicii
10 12 0.5339892281503005 0.216984058997922 Penicillium-polonicum
10 12 0.5241949887434489 0.22714349440572432 Penicillium-commune
10 12 0.4659820806682261 0.2919363078459637 Penicillium-chrysogenum
10 12 0.23892053612995054 0.6058726456604834 Penicillium-verrucosum
10 12 0.5053399029157395 0.2473134256404775 Penicillium-mb
8 12 -0.9605193110989418 0.0005823280931449936 Penicillium-brevicompactum
8 12 0.8164678873532125 0.025040391382644495 Penicillium-solitum
8 12 0.18981253721919716 0.6835376052230159 Penicillium-cvjetkovicii
8 12 0.7546578408246345 0.04992055585477184 Penicillium-polonicum
8 12 0.7559992728612956 0.049279596992248736 Penicillium-commune
8 12 0.7172410949148137 0.06963485124998368 Penicillium-chrysogenum
8 12 0.6671339407100014 0.10161127299197857 Penicillium-verrucosum
8 12 0.7263131260122058 0.0645285212016407 Penicillium-mb
12 12 0.16229932198358726 0.7280865797372631 Penicillium-brevicompactum
12 12 0.6216889870798891 0.13610311528078206 Penicillium-solitum
12 12 0.7881202828656813 0.03527878920709264 Penicillium-cvjetkovicii
12 12 0.607638078105864 0.14780968707314013 Penicillium-polonicum
12 12 0.559534274750969 0.19153032276807389 Penicillium-commune
12 12 0.04196947947631927 0.9288131330111709 Penicillium-chrysogenum
12 12 0.0820873125347554 0.861113287436815 Penicillium-verrucosum
12 12 0.5026108706412877 0.2502986233770518 Penicillium-mb
10 12 0.6368479456934003 0.12402249094598443 Penicillium-brevicompactum
10 12 0.6674828583934308 0.10136655917291991 Penicillium-solitum
10 12 -0.4830039962132754 0.27222684966164123 Penicillium-cvjetkovicii
10 12 0.6714882716569169 0.09857943998848238 Penicillium-polonicum
10 12 0.6574668023949176 0.10851374953301732 Penicillium-commune
10 12 0.9330799681542937 0.0021458250967245638 Penicillium-chrysogenum
10 12 0.45166022768264896 0.3089913194806842 Penicillium-verrucosum
10 12 0.5756182769045025 0.17629192174097347 Penicillium-mb
10 10 0.9854749252393673 4.8457611924550304e-05 Penicillium-brevicompactum
10 10 0.7378468410295986 0.058338670998117584 Penicillium-solitum
10 10 -0.3007620457842056 0.5121870831989767 Penicillium-cvjetkovicii
10 10 0.7351913405528244 0.05973387742350121 Penicillium-polonicum
10 10 0.7654738459297025 0.044881458340484515 Penicillium-commune
10 10 0.625838949019297 0.13273902733125256 Penicillium-chrysogenum
10 10 0.6209553778576036 0.1367022471274007 Penicillium-verrucosum
10 10 0.7026229355883239 0.07830366929785992 Penicillium-mb
10 12 0.9378287473131374 0.0017898132379813693 Penicillium-brevicompactum
10 12 0.8594248320521993 0.01317377588557965 Penicillium-solitum
10 12 -0.44695809677213333 0.31468306901500737 Penicillium-cvjetkovicii
10 12 0.8554728090634939 0.01408790073210943 Penicillium-polonicum
10 12 0.818628123493811 0.024340061565343095 Penicillium-commune
10 12 0.9326537659796174 0.0021796450680590168 Penicillium-chrysogenum
10 12 0.663359520714528 0.10427815572091065 Penicillium-verrucosum
10 12 0.7949360587521453 0.03263774749884369 Penicillium-mb
8 12 0.9874430203967614 3.3708471232082736e-05 Penicillium-brevicompactum
8 12 0.8954455614352904 0.006412694888950187 Penicillium-solitum
8 12 -0.5094666062960882 0.24283079685431688 Penicillium-cvjetkovicii
8 12 0.8966995310949388 0.006226479713124474 Penicillium-polonicum
8 12 0.8490183085421773 0.015656759403602727 Penicillium-commune
8 12 0.8507432663389867 0.015228212570728237 Penicillium-chrysogenum
8 12 0.7218189399640502 0.06703197008427092 Penicillium-verrucosum
8 12 0.9306029884103745 0.0023467449886765213 Penicillium-mb
6 10 0.9825028426918528 7.70529962738373e-05 Penicillium-brevicompactum
6 10 0.7556242969297017 0.04945831003288887 Penicillium-solitum
6 10 0.3344205611766922 0.4634767620856564 Penicillium-cvjetkovicii
6 10 0.7110687504097326 0.07322878748386419 Penicillium-polonicum
6 10 0.7118554446874481 0.07276532980521598 Penicillium-commune
6 10 0.6813669427572693 0.09187935594611019 Penicillium-chrysogenum
6 10 0.52457033090533 0.22675012215606316 Penicillium-verrucosum
6 10 0.6556379456799193 0.10984612612472523 Penicillium-mb
12 12 0.7292652600853078 0.06291200808113138 Penicillium-brevicompactum
12 12 0.8320007307882735 0.020252242811104552 Penicillium-solitum
12 12 0.179209661620984 0.7006260370121349 Penicillium-cvjetkovicii
12 12 0.6437358112825294 0.11872293777366201 Penicillium-polonicum
12 12 0.5009816432158829 0.25208864157054833 Penicillium-commune
12 12 0.5483432158513397 0.20249402333403307 Penicillium-chrysogenum
12 12 0.47226204624630774 0.2845931479652513 Penicillium-verrucosum
12 12 0.5376682172516662 0.21322474749523454 Penicillium-mb
10 12 0.9325563181551525 0.0021874214359402467 Penicillium-brevicompactum
10 12 0.7641510715153875 0.04548194594126904 Penicillium-solitum
10 12 0.08035659914346255 0.8640224101655327 Penicillium-cvjetkovicii
10 12 0.6660083013309686 0.10240284185887207 Penicillium-polonicum
10 12 0.899813699437732 0.00577774335572845 Penicillium-commune
10 12 0.8864536642920188 0.007842318111309988 Penicillium-chrysogenum
10 12 0.4856897497153306 0.26917365680508604 Penicillium-verrucosum
10 12 0.6481746826140946 0.11537069727708445 Penicillium-mb
10 12 0.6302013962982413 0.12924885229879535 Penicillium-brevicompactum
10 12 0.5082784378580485 0.24411755514119413 Penicillium-solitum
10 12 0.22607563437845027 0.6259344179048375 Penicillium-cvjetkovicii
10 12 0.5541923087786746 0.19672706344422997 Penicillium-polonicum
10 12 0.52044916456961 0.23108677936561497 Penicillium-commune
10 12 0.5479770209620651 0.2028577388123663 Penicillium-chrysogenum
10 12 0.5403583098638779 0.2104956946268019 Penicillium-verrucosum
10 12 0.5065826271468806 0.24595952824895023 Penicillium-mb
10 8 0.9854749252393671 4.8457611924552134e-05 Penicillium-brevicompactum
10 8 0.6901204256805035 0.08614951988894179 Penicillium-solitum
10 8 -0.35827346125093296 0.4300483210223834 Penicillium-cvjetkovicii
10 8 0.697418951203752 0.08152105062748022 Penicillium-polonicum
10 8 0.6631032445287234 0.10446053837555705 Penicillium-commune
10 8 0.7912305530632223 0.03405939437094447 Penicillium-chrysogenum
10 8 0.48228348021711703 0.2730485855091979 Penicillium-verrucosum
10 8 0.6133431703341846 0.14299769883895055 Penicillium-mb
8 12 0.7076035365620029 0.07528897463389259 Penicillium-brevicompactum
8 12 0.17280778491406212 0.7109930507568106 Penicillium-solitum
8 12 0.07325771239520715 0.8759672934645066 Penicillium-cvjetkovicii
8 12 0.5871087227651548 0.165784803028589 Penicillium-polonicum
8 12 0.1874608362633063 0.6873187856121223 Penicillium-commune
8 12 0.1558640080494874 0.7385993732207798 Penicillium-chrysogenum
8 12 0.15198082582583275 0.7449587712260992 Penicillium-verrucosum
8 12 0.5580925363808051 0.19292624068722622 Penicillium-mb
12 12 0.9854749252393671 4.8457611924552134e-05 Penicillium-brevicompactum
12 12 0.45814248288033393 0.30121926511062747 Penicillium-solitum
12 12 -0.24382023927982746 0.5982708868835835 Penicillium-cvjetkovicii
12 12 0.4534977790437524 0.30677934561851733 Penicillium-polonicum
12 12 0.38159262094404295 0.3983042923522683 Penicillium-commune
12 12 0.31886435521489304 0.4857733815453378 Penicillium-chrysogenum
12 12 0.30192163617162415 0.5104804602450091 Penicillium-verrucosum
12 12 0.39914504321947786 0.37505201424159174 Penicillium-mb
10 12 0.93990792774883 0.001645775740296775 Penicillium-brevicompactum
10 12 0.7448519633934594 0.054743951599384756 Penicillium-solitum
10 12 -0.6305469234789017 0.12897443879420106 Penicillium-cvjetkovicii
10 12 0.6611367398739855 0.10586555368088513 Penicillium-polonicum
10 12 0.6876238243876717 0.08776388409419199 Penicillium-commune
10 12 0.9330799681542938 0.002145825096724554 Penicillium-chrysogenum
10 12 0.5749366642967778 0.17692517873051852 Penicillium-verrucosum
10 12 0.6145049166935338 0.14202764932946824 Penicillium-mb
12 12 0.985474925239367 4.8457611924553076e-05 Penicillium-brevicompactum
12 12 0.4533752525413032 0.3069266222734582 Penicillium-solitum
12 12 -0.22370383071116268 0.6296593470234433 Penicillium-cvjetkovicii
12 12 0.45990646915283406 0.2991193381469229 Penicillium-polonicum
12 12 0.7717092353732652 0.04210989449813763 Penicillium-commune
12 12 0.3524109843282051 0.4381765413308481 Penicillium-chrysogenum
12 12 0.3268389737282552 0.47429586806959545 Penicillium-verrucosum
12 12 0.4228370653503527 0.34458071312849325 Penicillium-mb
6 12 0.9881386875700193 2.9242902595209926e-05 Penicillium-brevicompactum
6 12 0.9262820106920406 0.0027228093717192345 Penicillium-solitum
6 12 -0.5094666062960865 0.2428307968543186 Penicillium-cvjetkovicii
6 12 0.8895878543205813 0.00732507169440485 Penicillium-polonicum
6 12 0.9110926727516055 0.004313132246200775 Penicillium-commune
6 12 0.8588358789153567 0.013307780766205283 Penicillium-chrysogenum
6 12 0.8057381284603721 0.028685479015382872 Penicillium-verrucosum
6 12 0.8734372585167395 0.01021218936757355 Penicillium-mb
6 12 0.9882408728984567 2.8618719353371486e-05 Penicillium-brevicompactum
6 12 0.9249823185953687 0.0028423815751290058 Penicillium-solitum
6 12 -0.50946660629609 0.24283079685431483 Penicillium-cvjetkovicii
6 12 0.9277457261971392 0.0025917411119855743 Penicillium-polonicum
6 12 0.9906778561988778 1.6035075493883492e-05 Penicillium-commune
6 12 0.8703719550065472 0.010823205661206974 Penicillium-chrysogenum
6 12 0.8210725632293052 0.023561069741173363 Penicillium-verrucosum
6 12 0.9090203945904619 0.00456364270013163 Penicillium-mb
10 12 0.9836138658701851 6.543679876290989e-05 Penicillium-brevicompactum
10 12 0.7481965455780075 0.053071484327953215 Penicillium-solitum
10 12 -0.5905627301102007 0.16268871572066107 Penicillium-cvjetkovicii
10 12 0.7646618636185285 0.045249545980197835 Penicillium-polonicum
10 12 0.698425439035953 0.08089340821650563 Penicillium-commune
10 12 0.9330799681542942 0.002145825096724528 Penicillium-chrysogenum
10 12 0.7434169626698367 0.055470205824120454 Penicillium-verrucosum
10 12 0.6385177161077452 0.12272685316871278 Penicillium-mb
8 10 0.9854749252393671 4.8457611924552134e-05 Penicillium-brevicompactum
8 10 0.5773405046821646 0.17469683761440566 Penicillium-solitum
8 10 -0.24992728471423054 0.5888365064118835 Penicillium-cvjetkovicii
8 10 0.5674429706661277 0.1839604860524246 Penicillium-polonicum
8 10 0.550590038286154 0.20026927354613247 Penicillium-commune
8 10 0.44918703855097764 0.3119793859108976 Penicillium-chrysogenum
8 10 0.45436547607240263 0.30573725991333534 Penicillium-verrucosum
8 10 0.5394964927047685 0.21136817141358305 Penicillium-mb
12 12 0.6877343555368695 0.08769207657266685 Penicillium-brevicompactum
12 12 0.4272533320267426 0.3390204332213021 Penicillium-solitum
12 12 -0.16677882958610754 0.7207886722023154 Penicillium-cvjetkovicii
12 12 0.6160709518536646 0.1407252957305741 Penicillium-polonicum
12 12 0.4226646887679599 0.3447985168696647 Penicillium-commune
12 12 0.3477923525986037 0.444620888054042 Penicillium-chrysogenum
12 12 0.5643456333021515 0.18690744344511462 Penicillium-verrucosum
12 12 0.4077548398397572 0.363854964566804 Penicillium-mb
10 12 0.8233421356678877 0.02285057439172738 Penicillium-brevicompactum
10 12 0.58069675604749 0.17160883204233032 Penicillium-solitum
10 12 0.3203333592609595 0.48365169032488753 Penicillium-cvjetkovicii
10 12 0.17927181863837607 0.7005255600674635 Penicillium-polonicum
10 12 0.5319869112990434 0.21904317872601015 Penicillium-commune
10 12 0.2892374831836325 0.5292539810511838 Penicillium-chrysogenum
10 12 0.2470396847436433 0.5932917087159655 Penicillium-verrucosum
10 12 0.2527681363698387 0.5844634586977819 Penicillium-mb
10 10 0.985474925239367 4.8457611924553076e-05 Penicillium-brevicompactum
10 10 -0.006443663077949406 0.9890611249069624 Penicillium-solitum
10 10 -0.2921406040137795 0.5249367931528239 Penicillium-cvjetkovicii
10 10 0.20786833241091585 0.6546861041142709 Penicillium-polonicum
10 10 0.19620481104173557 0.6732864994974723 Penicillium-commune
10 10 0.13514319859289253 0.772663112328788 Penicillium-chrysogenum
10 10 0.08050541552677598 0.8637722191920011 Penicillium-verrucosum
10 10 0.1851256137300921 0.69107860346204 Penicillium-mb
10 12 0.7969541121456707 0.031877697582370156 Penicillium-brevicompactum
10 12 0.32383597859863583 0.4786063179346005 Penicillium-solitum
10 12 -0.5878357595397276 0.16513070296843418 Penicillium-cvjetkovicii
10 12 0.6142277920350758 0.142258743796277 Penicillium-polonicum
10 12 0.2609667083646427 0.5718997721030523 Penicillium-commune
10 12 0.7935687715507216 0.033158385935150705 Penicillium-chrysogenum
10 12 0.6812663089692662 0.0919463607664408 Penicillium-verrucosum
10 12 0.7535862251680923 0.05043585221782025 Penicillium-mb
12 12 0.682383565253607 0.09120390252187982 Penicillium-brevicompactum
12 12 0.540667161705166 0.21018344120735996 Penicillium-solitum
12 12 -0.4431571007571317 0.31931695275652716 Penicillium-cvjetkovicii
12 12 -0.28902788737700075 0.529566129147929 Penicillium-polonicum
12 12 -0.3475241133470019 0.44499625291264505 Penicillium-commune
12 12 0.6785387520179623 0.09377224006631053 Penicillium-chrysogenum
12 12 0.6123803210267305 0.14380419441337164 Penicillium-verrucosum
12 12 0.6056791195476251 0.1494804462722177 Penicillium-mb
12 10 0.9854749252393671 4.8457611924552134e-05 Penicillium-brevicompactum
12 10 0.47333906070147436 0.28334217289156005 Penicillium-solitum
12 10 -0.3853972398082671 0.39321648584844937 Penicillium-cvjetkovicii
12 10 0.3894333690009854 0.38784775054157417 Penicillium-polonicum
12 10 0.3521209811719489 0.4385801307933789 Penicillium-commune
12 10 0.5169034856089504 0.23484862824774852 Penicillium-chrysogenum
12 10 0.3641022326551792 0.4220248751948012 Penicillium-verrucosum
12 10 0.545184630292506 0.20564150940026132 Penicillium-mb
12 12 0.863873988422931 0.012186467677440525 Penicillium-brevicompactum
12 12 0.819753163263259 0.02397976043964223 Penicillium-solitum
12 12 0.4052674241809509 0.3670755181048972 Penicillium-cvjetkovicii
12 12 0.8122681777018019 0.026433991281703737 Penicillium-polonicum
12 12 0.8117517217609669 0.026608302498937864 Penicillium-commune
12 12 0.6352051707256958 0.1253039859583696 Penicillium-chrysogenum
12 12 0.7670556147433707 0.044169159768160486 Penicillium-verrucosum
12 12 0.7844692398380065 0.03674069511201856 Penicillium-mb
12 12 0.6888580473268416 0.08696382378241035 Penicillium-brevicompactum
12 12 0.16823610520218885 0.7184181148955808 Penicillium-solitum
12 12 -0.4562830646872693 0.30343978485282497 Penicillium-cvjetkovicii
12 12 0.16134261768517644 0.7296473555781955 Penicillium-polonicum
12 12 0.5234354522471406 0.227940496019334 Penicillium-commune
12 12 -0.06466512041163262 0.8904504625408485 Penicillium-chrysogenum
12 12 0.5813711592049022 0.17099159999752753 Penicillium-verrucosum
12 12 0.06788544711587836 0.8850194535503788 Penicillium-mb
12 8 0.985474925239367 4.8457611924553076e-05 Penicillium-brevicompactum
12 8 0.932384394568935 0.002201180704085471 Penicillium-solitum
12 8 0.19873412393770126 0.6692412986792973 Penicillium-cvjetkovicii
12 8 0.41511132351493835 0.3543991156303523 Penicillium-polonicum
12 8 0.4510715686921423 0.30970139115599776 Penicillium-commune
12 8 0.5145724403691329 0.23733723416836214 Penicillium-chrysogenum
12 8 0.523184084508081 0.22820455145400792 Penicillium-verrucosum
12 8 0.4692007775739215 0.28816229193381687 Penicillium-mb
12 12 0.9854749252393673 4.8457611924550304e-05 Penicillium-brevicompactum
12 12 0.6982672153414747 0.0809919051447886 Penicillium-solitum
12 12 -0.28500603333344615 0.5355677629597655 Penicillium-cvjetkovicii
12 12 0.6919699608463515 0.08496378752513202 Penicillium-polonicum
12 12 0.9445740615777574 0.0013480865069271102 Penicillium-commune
12 12 0.5355312492597426 0.21540457543323668 Penicillium-chrysogenum
12 12 0.7349493938056345 0.05986188630105348 Penicillium-verrucosum
12 12 0.7053377791903699 0.07665257708879498 Penicillium-mb
12 12 -0.13769267898987078 0.7684552384054177 Penicillium-brevicompactum
12 12 0.6339835779227597 0.1262612971150872 Penicillium-solitum
12 12 0.2607500559257685 0.5722306771448135 Penicillium-cvjetkovicii
12 12 0.6185455914371166 0.13867968294787603 Penicillium-polonicum
12 12 0.595138006921365 0.15863214579243523 Penicillium-commune
12 12 0.4891865916265936 0.26522179244972754 Penicillium-chrysogenum
12 12 0.4696025032188927 0.2876927892935765 Penicillium-verrucosum
12 12 -0.1662726569442731 0.7216124826327308 Penicillium-mb
8 12 0.8115807373934857 0.026666154029124325 Penicillium-brevicompactum
8 12 0.7899659513304599 0.03455230759529632 Penicillium-solitum
8 12 0.17795698150972536 0.7026517348471084 Penicillium-cvjetkovicii
8 12 0.8017092246656952 0.030126249110365166 Penicillium-polonicum
8 12 0.7866081263579198 0.035880267491704525 Penicillium-commune
8 12 0.8094345011822521 0.027398329547676913 Penicillium-chrysogenum
8 12 0.6727789598039108 0.09768998914443268 Penicillium-verrucosum
8 12 0.7021353532335307 0.07860219127653524 Penicillium-mb
10 12 0.9854749252393671 4.8457611924552134e-05 Penicillium-brevicompactum
10 12 0.6597051453113442 0.10689453502800123 Penicillium-solitum
10 12 -0.262560727494546 0.5694669946717903 Penicillium-cvjetkovicii
10 12 0.6572012169141938 0.10870671284756038 Penicillium-polonicum
10 12 0.6251371571828688 0.1333049164442166 Penicillium-commune
10 12 0.5774115071109807 0.17463122971533823 Penicillium-chrysogenum
10 12 0.4571166963958177 0.30244337532147836 Penicillium-verrucosum
10 12 0.6396863665585181 0.12182420382134834 Penicillium-mb
10 12 0.8176211549629279 0.024665119824026232 Penicillium-brevicompactum
10 12 0.38769906397658216 0.39015103839962423 Penicillium-solitum
10 12 -0.24691724496983777 0.5934808432778413 Penicillium-cvjetkovicii
10 12 0.6282022139343508 0.13084241767137378 Penicillium-polonicum
10 12 0.4967125456977212 0.2568068315546839 Penicillium-commune
10 12 0.7182814074426426 0.06903866514309766 Penicillium-chrysogenum
10 12 0.1995234177612632 0.6679802545087834 Penicillium-verrucosum
10 12 0.6286802731657074 0.13046044706169782 Penicillium-mb
8 12 0.9887959766383609 2.536747001851626e-05 Penicillium-brevicompactum
8 12 0.9214414664892666 0.003183543285643157 Penicillium-solitum
8 12 -0.50946660629609 0.24283079685431483 Penicillium-cvjetkovicii
8 12 0.9219245334011879 0.003135662284255365 Penicillium-polonicum
8 12 0.9531505850613031 0.0008896647034621608 Penicillium-commune
8 12 0.9486377605795496 0.0011168837819078594 Penicillium-chrysogenum
8 12 0.7323029884530357 0.06127174577868129 Penicillium-verrucosum
8 12 0.9912834206098711 1.356088594550133e-05 Penicillium-mb
10 12 0.9257470755656596 0.0027716587906453597 Penicillium-brevicompactum
10 12 0.5399278139920758 0.21093130032145857 Penicillium-solitum
10 12 -0.5154034975842903 0.2364486014682535 Penicillium-cvjetkovicii
10 12 0.5315911651187424 0.21945124094007024 Penicillium-polonicum
10 12 0.4896303020037067 0.2647222417300427 Penicillium-commune
10 12 0.9314484740605922 0.0022769748719013443 Penicillium-chrysogenum
10 12 0.2824012121809765 0.5394668477710769 Penicillium-verrucosum
10 12 0.43987417813055446 0.3233427742422102 Penicillium-mb
10 12 0.8363624376550456 0.019010240685173017 Penicillium-brevicompactum
10 12 0.7176423457110562 0.06940457463692777 Penicillium-solitum
10 12 0.27954230405542485 0.5437570411609072 Penicillium-cvjetkovicii
10 12 0.4088101062239844 0.36249221136019444 Penicillium-polonicum
10 12 0.679331623030783 0.09323952945225102 Penicillium-commune
10 12 0.5241182796160972 0.22722392778708533 Penicillium-chrysogenum
10 12 0.438427206832667 0.32512407541189886 Penicillium-verrucosum
10 12 0.61204298882474 0.14408728919604963 Penicillium-mb
12 10 0.45919974888243603 0.2999598730766669 Penicillium-brevicompactum
12 10 0.037497416316416614 0.936387152596586 Penicillium-solitum
12 10 -0.14207670834331038 0.7612300751755514 Penicillium-cvjetkovicii
12 10 0.5867539440598825 0.16610445469782897 Penicillium-polonicum
12 10 0.5955398715719249 0.1582782745858965 Penicillium-commune
12 10 -0.0951444762279626 0.8392078146465589 Penicillium-chrysogenum
12 10 0.5519704362787897 0.19890829500924057 Penicillium-verrucosum
12 10 0.6159647684149591 0.14081340901942985 Penicillium-mb
6 12 -0.37938612575562514 0.40126690126916026 Penicillium-brevicompactum
6 12 -0.16372095301046427 0.7257686984664374 Penicillium-solitum
6 12 -0.35275266095548724 0.4377012205809109 Penicillium-cvjetkovicii
6 12 0.4056866738098536 0.36653187972780876 Penicillium-polonicum
6 12 -0.2084089342530005 0.653827337303547 Penicillium-commune
6 12 0.5048764969949449 0.2478191657438316 Penicillium-chrysogenum
6 12 0.4999602208155086 0.25321385967281207 Penicillium-verrucosum
6 12 0.4678431481739589 0.28975149227661556 Penicillium-mb
8 12 0.14439312459093714 0.7574180037852715 Penicillium-brevicompactum
8 12 0.7338577484078067 0.060441300392496844 Penicillium-solitum
8 12 0.470973605847742 0.2860929291534232 Penicillium-cvjetkovicii
8 12 0.6811384862125119 0.09203150585579548 Penicillium-polonicum
8 12 0.6652993722926477 0.10290301832175135 Penicillium-commune
8 12 0.19058580280482076 0.6822954545014167 Penicillium-chrysogenum
8 12 0.5010189731909122 0.25204756178736054 Penicillium-verrucosum
8 12 0.6172776025329838 0.13972594920914613 Penicillium-mb
12 8 0.4596692967361631 0.2994013024597905 Penicillium-brevicompactum
12 8 0.5017554367683662 0.2512377496227025 Penicillium-solitum
12 8 -0.00028792270759671877 0.9995112072507412 Penicillium-cvjetkovicii
12 8 0.40620080520334556 0.36586566190993736 Penicillium-polonicum
12 8 0.415423710462742 0.3539998744149941 Penicillium-commune
12 8 0.37605193003240794 0.40576014653716297 Penicillium-chrysogenum
12 8 0.4427401555852504 0.31982704294748104 Penicillium-verrucosum
12 8 0.4815818211537648 0.27384988894276996 Penicillium-mb
8 12 0.9093517109683479 0.0045230364301251606 Penicillium-brevicompactum
8 12 0.29625632533150104 0.5188369436129643 Penicillium-solitum
8 12 -0.5040504001397162 0.2487219122035472 Penicillium-cvjetkovicii
8 12 0.2991010943977405 0.514635002547638 Penicillium-polonicum
8 12 0.2382112089557665 0.6069755112761737 Penicillium-commune
8 12 0.9202966275890022 0.00329871918385827 Penicillium-chrysogenum
8 12 0.02158836229432542 0.9633589976922196 Penicillium-verrucosum
8 12 0.20452687711882916 0.6600008218627484 Penicillium-mb
6 12 -0.983654826050334 6.503007151092872e-05 Penicillium-brevicompactum
6 12 0.795556488539146 0.03240301387212224 Penicillium-solitum
6 12 0.19374875462776267 0.6772205386351535 Penicillium-cvjetkovicii
6 12 0.7389268837486083 0.05777633124297651 Penicillium-polonicum
6 12 0.7296439749848082 0.06270623659534222 Penicillium-commune
6 12 0.7372335264084404 0.058659319118635124 Penicillium-chrysogenum
6 12 0.6062972024271478 0.1489522771938669 Penicillium-verrucosum
6 12 0.7010224037692175 0.07928586165309202 Penicillium-mb
8 12 0.9844853806083333 5.710675332710604e-05 Penicillium-brevicompactum
8 12 0.7001831235853075 0.07980350641441553 Penicillium-solitum
8 12 -0.4075818614736842 0.3640785474597294 Penicillium-cvjetkovicii
8 12 0.6981586004873208 0.08105955662065326 Penicillium-polonicum
8 12 0.9290775903599834 0.0024757631367431105 Penicillium-commune
8 12 0.6222565591344663 0.1356405001757115 Penicillium-chrysogenum
8 12 0.5625117196790578 0.18866305126726562 Penicillium-verrucosum
8 12 0.6697784265726834 0.09976424456246324 Penicillium-mb
12 12 0.9854749252393671 4.8457611924552134e-05 Penicillium-brevicompactum
12 12 0.7604470109192448 0.04718682444226278 Penicillium-solitum
12 12 -0.44391511157172475 0.3183905044541111 Penicillium-cvjetkovicii
12 12 0.6288684025535042 0.1303102872000429 Penicillium-polonicum
12 12 0.6152743730849822 0.14138699330327287 Penicillium-commune
12 12 0.7433140639290788 0.055522483240576036 Penicillium-chrysogenum
12 12 0.4245110349134666 0.34246861358224523 Penicillium-verrucosum
12 12 0.7565016217458315 0.049040733531011856 Penicillium-mb
8 12 0.9883781398927748 2.7792886718740823e-05 Penicillium-brevicompactum
8 12 0.8698830137052064 0.010922560355454436 Penicillium-solitum
8 12 -0.5094666062960889 0.24283079685431608 Penicillium-cvjetkovicii
8 12 0.874117436320513 0.010079372119403483 Penicillium-polonicum
8 12 0.874379973660562 0.010028374547367274 Penicillium-commune
8 12 0.7894835757175801 0.03474136591192848 Penicillium-chrysogenum
8 12 0.7438032903968322 0.05527417240515013 Penicillium-verrucosum
8 12 0.8608457914460038 0.01285365778761988 Penicillium-mb
8 12 0.9878670957668058 3.09411955416191e-05 Penicillium-brevicompactum
8 12 0.9202507890357025 0.0033033806959067167 Penicillium-solitum
8 12 -0.50946660629609 0.24283079685431483 Penicillium-cvjetkovicii
8 12 0.9075655978704704 0.004744453741800382 Penicillium-polonicum
8 12 0.9069634797101939 0.0048204891957949105 Penicillium-commune
8 12 0.8604865757179342 0.012934157021174932 Penicillium-chrysogenum
8 12 0.7703420320350816 0.04270927091527085 Penicillium-verrucosum
8 12 0.9111495527013457 0.004306372377013059 Penicillium-mb
8 12 0.9891075779538598 2.364427835781224e-05 Penicillium-brevicompactum
8 12 0.9048094897102313 0.00509828206703649 Penicillium-solitum
8 12 -0.5094666062960913 0.24283079685431333 Penicillium-cvjetkovicii
8 12 0.9138480238318406 0.003992755896658677 Penicillium-polonicum
8 12 0.9177120524217839 0.003567596970997517 Penicillium-commune
8 12 0.8508393256750295 0.015204547061794476 Penicillium-chrysogenum
8 12 0.7823652853555617 0.037598129245796724 Penicillium-verrucosum
8 12 0.8854406423552194 0.008013880412998513 Penicillium-mb
10 12 0.9529432340245086 0.0008994397892898057 Penicillium-brevicompactum
10 12 0.7591046755415664 0.047813180122377036 Penicillium-solitum
10 12 -0.5094666062960889 0.24283079685431608 Penicillium-cvjetkovicii
10 12 0.7565531119481861 0.04901628622190285 Penicillium-polonicum
10 12 0.8325389015503176 0.020096585331405625 Penicillium-commune
10 12 0.6957563524993131 0.08256348952021475 Penicillium-chrysogenum
10 12 0.6118024441466196 0.1442893296158345 Penicillium-verrucosum
10 12 0.8262880104050154 0.021946637340700275 Penicillium-mb
10 12 0.5615069795122392 0.18962826897347934 Penicillium-brevicompactum
10 12 0.30460596356997555 0.5065373854599389 Penicillium-solitum
10 12 -0.7724241401030144 0.041798343710906835 Penicillium-cvjetkovicii
10 12 0.3032117178229866 0.5085841038941236 Penicillium-polonicum
10 12 0.22989585942387225 0.6199480282795193 Penicillium-commune
10 12 0.6181270873541356 0.13902456686711398 Penicillium-chrysogenum
10 12 0.639243221191298 0.12216608069617234 Penicillium-verrucosum
10 12 0.16751816476960335 0.7195857688565093 Penicillium-mb
12 10 0.9285546654049603 0.002520927662007065 Penicillium-brevicompactum
12 10 0.5896755770334237 0.16348117750436508 Penicillium-solitum
12 10 -0.2782408610488971 0.5457137461798014 Penicillium-cvjetkovicii
12 10 0.48226619442053426 0.27306831338237647 Penicillium-polonicum
12 10 0.4865325196806889 0.2682187991944362 Penicillium-commune
12 10 0.510090454976427 0.24215644515461832 Penicillium-chrysogenum
12 10 0.3882698572643317 0.38939237649802216 Penicillium-verrucosum
12 10 0.6097317074648504 0.14603449685301634 Penicillium-mb
10 10 0.9854749252393671 4.8457611924552134e-05 Penicillium-brevicompactum
10 10 0.7697222149793707 0.042982536466287816 Penicillium-solitum
10 10 -0.29384313901565307 0.5224105505733118 Penicillium-cvjetkovicii
10 10 0.7649919306708425 0.04509972049914514 Penicillium-polonicum
10 10 0.7416486627435089 0.056372315104859474 Penicillium-commune
10 10 0.6713983232310624 0.09864158344294188 Penicillium-chrysogenum
10 10 0.650623270344713 0.11354271187860648 Penicillium-verrucosum
10 10 0.7176814131833132 0.06938217582605267 Penicillium-mb
4 12 0.9838231578204336 6.337443757001423e-05 Penicillium-brevicompactum
4 12 0.7825286119033942 0.03753117496834071 Penicillium-solitum
4 12 -0.11568871311471118 0.8049123899040903 Penicillium-cvjetkovicii
4 12 0.7330381911980122 0.060878286219421825 Penicillium-polonicum
4 12 0.724522240685192 0.06551996223302346 Penicillium-commune
4 12 0.8642822808584155 0.01209806805380178 Penicillium-chrysogenum
4 12 0.8442940474048244 0.016865318228009633 Penicillium-verrucosum
4 12 0.6370609511568194 0.12385682388488344 Penicillium-mb
10 10 -0.9855959797049456 4.745737167329016e-05 Penicillium-brevicompactum
10 10 0.7659840844623462 0.04465100337067954 Penicillium-solitum
10 10 0.19461108910481656 0.6758386077001788 Penicillium-cvjetkovicii
10 10 0.7761811919934463 0.0401820205315074 Penicillium-polonicum
10 10 0.76553976007828 0.04485165074343269 Penicillium-commune
10 10 0.6413758472408317 0.12052531888037042 Penicillium-chrysogenum
10 10 0.6701485727337294 0.09950713067755096 Penicillium-verrucosum
10 10 0.7647253077096572 0.04522072593580996 Penicillium-mb
10 10 0.9843558962279005 5.83016826536168e-05 Penicillium-brevicompactum
10 10 0.8097660503311782 0.027284496007738367 Penicillium-solitum
10 10 -0.32516459573489 0.4766975002558396 Penicillium-cvjetkovicii
10 10 0.8090583331640717 0.027527804685482778 Penicillium-polonicum
10 10 0.9812444872164174 9.160065066062295e-05 Penicillium-commune
10 10 0.7288195628082224 0.06315464075610394 Penicillium-chrysogenum
10 10 0.68120460369442 0.09198745860387283 Penicillium-verrucosum
10 10 0.740722264150916 0.056848085387035015 Penicillium-mb
12 12 0.9849468883024186 5.296735692857954e-05 Penicillium-brevicompactum
12 12 0.7064391488643195 0.07598810612815156 Penicillium-solitum
12 12 -0.6783383949604999 0.09390710765634364 Penicillium-cvjetkovicii
12 12 0.6040018395129292 0.15091845264492482 Penicillium-polonicum
12 12 0.7728624293350204 0.04160797157937278 Penicillium-commune
12 12 0.7198710718785916 0.06813297477347885 Penicillium-chrysogenum
12 12 0.3463885234939353 0.44658668051854866 Penicillium-verrucosum
12 12 0.7055662975153953 0.07651445498473591 Penicillium-mb
8 12 0.972632464841808 0.00023450163271003283 Penicillium-brevicompactum
8 12 0.83190415339252 0.020280248350947678 Penicillium-solitum
8 12 0.14950971922955916 0.7490116700544744 Penicillium-cvjetkovicii
8 12 0.8416167368236481 0.0175730298791097 Penicillium-polonicum
8 12 0.796405112242131 0.03208347537773303 Penicillium-commune
8 12 0.733797128192268 0.06047356453040278 Penicillium-chrysogenum
8 12 0.7133308105441826 0.07190041046194941 Penicillium-verrucosum
8 12 0.8097071754350568 0.027304690591423063 Penicillium-mb
8 10 0.9881610022978216 2.910590901497345e-05 Penicillium-brevicompactum
8 10 0.9296192827915852 0.0024294823308505117 Penicillium-solitum
8 10 -0.5094666062960889 0.24283079685431608 Penicillium-cvjetkovicii
8 10 0.9235932690086408 0.002973518196813084 Penicillium-polonicum
8 10 0.9307462223107124 0.0023348381389907144 Penicillium-commune
8 10 0.9206271005170997 0.0032652259899035503 Penicillium-chrysogenum
8 10 0.8783224319560808 0.009280411049203015 Penicillium-verrucosum
8 10 0.8894297336827633 0.007350678321559135 Penicillium-mb
8 10 0.9863591021489733 4.143622305833069e-05 Penicillium-brevicompactum
8 10 0.9413011762869211 0.0015532166949525023 Penicillium-solitum
8 10 -0.5094666062960893 0.24283079685431563 Penicillium-cvjetkovicii
8 10 0.8919225083642339 0.006952997387855425 Penicillium-polonicum
8 10 0.8866636744648664 0.007807019984496892 Penicillium-commune
8 10 0.8459574699524967 0.016433938260841562 Penicillium-chrysogenum
8 10 0.7875717676727575 0.03549631435518973 Penicillium-verrucosum
8 10 0.8834953871955034 0.008349358677565043 Penicillium-mb
6 12 0.9861756842920928 4.283896840753306e-05 Penicillium-brevicompactum
6 12 0.8368270596875683 0.018880562259681013 Penicillium-solitum
6 12 -0.5094666062960879 0.2428307968543172 Penicillium-cvjetkovicii
6 12 0.8363259022685063 0.019020459273530365 Penicillium-polonicum
6 12 0.8177323821429475 0.02462909533884725 Penicillium-commune
6 12 0.7752916028362623 0.04056154897352761 Penicillium-chrysogenum
6 12 0.6862066364277778 0.08868732495646621 Penicillium-verrucosum
6 12 0.7961060490532199 0.032195882182672185 Penicillium-mb
8 12 0.8114396936497101 0.02671392846782375 Penicillium-brevicompactum
8 12 0.016568521457379106 0.9718762649540754 Penicillium-solitum
8 12 -0.2397752541555393 0.6045445155091977 Penicillium-cvjetkovicii
8 12 0.5170801817494419 0.23466048766197622 Penicillium-polonicum
8 12 -0.0017156734132228848 0.997087386639273 Penicillium-commune
8 12 -0.12351242046751806 0.7919145128063649 Penicillium-chrysogenum
8 12 0.47476882688040045 0.28168527538961685 Penicillium-verrucosum
8 12 0.650768674071219 0.11343463559075086 Penicillium-mb
6 12 0.9860556592463935 4.3772041836847206e-05 Penicillium-brevicompactum
6 12 0.8453971830209103 0.016578528079122256 Penicillium-solitum
6 12 -0.5094666062960879 0.2428307968543172 Penicillium-cvjetkovicii
6 12 0.8393920955495612 0.01817370331023791 Penicillium-polonicum
6 12 0.8390924368845463 0.01825549175296305 Penicillium-commune
6 12 0.8574206222597794 0.013632974535846797 Penicillium-chrysogenum
6 12 0.7534868645058816 0.05048377746524301 Penicillium-verrucosum
6 12 0.766822434638036 0.04427377069160862 Penicillium-mb
10 10 0.9342611921238222 0.0020537128103069228 Penicillium-brevicompactum
10 10 0.7366300202077929 0.05897577074748036 Penicillium-solitum
10 10 -0.5094666062960889 0.24283079685431608 Penicillium-cvjetkovicii
10 10 0.7083531299777877 0.07484072414958208 Penicillium-polonicum
10 10 0.6838009627353558 0.09026655284609898 Penicillium-commune
10 10 0.8631850509170891 0.012336467717365025 Penicillium-chrysogenum
10 10 0.8608104636132224 0.012861561888063264 Penicillium-verrucosum
10 10 0.7040595999689858 0.0774275920890945 Penicillium-mb
8 12 0.8470691890631644 0.016149178278794536 Penicillium-brevicompactum
8 12 0.7959723397902618 0.03224620954214312 Penicillium-solitum
8 12 -0.5688959699965881 0.18258589444755732 Penicillium-cvjetkovicii
8 12 0.7807750827272194 0.03825348000469525 Penicillium-polonicum
8 12 0.7681132069342093 0.04369640569324492 Penicillium-commune
8 12 0.933079968154294 0.0021458250967245442 Penicillium-chrysogenum
8 12 0.6020729871625059 0.15258066902173487 Penicillium-verrucosum
8 12 0.698973673031662 0.08055261626182335 Penicillium-mb
12 8 0.7927033831848431 0.033490285734718635 Penicillium-brevicompactum
12 8 0.701040244555929 0.07927487741709889 Penicillium-solitum
12 8 -0.5231665558599157 0.22822297020638935 Penicillium-cvjetkovicii
12 8 0.6946398868632337 0.0832674549993885 Penicillium-polonicum
12 8 0.6763628901885486 0.09524234624363989 Penicillium-commune
12 8 0.6131631928277408 0.1431482766586524 Penicillium-chrysogenum
12 8 0.677137367549873 0.09471769870878738 Penicillium-verrucosum
12 8 0.666795864453304 0.10184867709205594 Penicillium-mb
12 12 0.5344515170480375 0.21650996477763793 Penicillium-brevicompactum
12 12 0.5448871017989575 0.20593919032418193 Penicillium-solitum
12 12 -0.31927471691276627 0.4851803588062264 Penicillium-cvjetkovicii
12 12 0.5112738620969883 0.24087962657448383 Penicillium-polonicum
12 12 0.4701206938438067 0.2870876756359639 Penicillium-commune
12 12 0.6049875372031204 0.15007253425763076 Penicillium-chrysogenum
12 12 0.5001634562384504 0.2529897882684201 Penicillium-verrucosum
12 12 0.4474778056728922 0.3140517617250313 Penicillium-mb
12 12 0.3282931256994299 0.47221369323553136 Penicillium-brevicompactum
12 12 0.35107119561101763 0.44004226830833865 Penicillium-solitum
12 12 -0.02648396319054304 0.9550551937065258 Penicillium-cvjetkovicii
12 12 0.5736844379222455 0.178091468793859 Penicillium-polonicum
12 12 0.594956855811816 0.15879179122303144 Penicillium-commune
12 12 0.21746697411162488 0.6394840078981832 Penicillium-chrysogenum
12 12 0.5260603592118527 0.2251916806040212 Penicillium-verrucosum
12 12 0.5924317745055596 0.16102541930888203 Penicillium-mb
10 10 0.38948931042027873 0.38777354748569004 Penicillium-brevicompactum
10 10 0.5171437245661259 0.23459284643994374 Penicillium-solitum
10 10 -0.726627919985851 0.0643550928003677 Penicillium-cvjetkovicii
10 10 0.5321993931813178 0.21882423242271423 Penicillium-polonicum
10 10 0.42237771821312453 0.34516124260954295 Penicillium-commune
10 10 0.8396123505183611 0.018113720254024076 Penicillium-chrysogenum
10 10 0.7030744371146944 0.07802777759017403 Penicillium-verrucosum
10 10 0.6377853385639797 0.12329427374656104 Penicillium-mb
12 12 0.985474925239367 4.8457611924553076e-05 Penicillium-brevicompactum
12 12 0.6801740596343157 0.09267526579671774 Penicillium-solitum
12 12 -0.266841495808676 0.5629500009294587 Penicillium-cvjetkovicii
12 12 0.6739679059141517 0.09687438848937954 Penicillium-polonicum
12 12 0.6406414759072347 0.12108903028508097 Penicillium-commune
12 12 0.5035087276104541 0.24931466537890656 Penicillium-chrysogenum
12 12 0.6014971011975023 0.15307871339651086 Penicillium-verrucosum
12 12 0.6107425831713783 0.14518123562588173 Penicillium-mb
12 8 0.740987721914967 0.056711532007270936 Penicillium-brevicompactum
12 8 0.46574996183000056 0.2922093162192852 Penicillium-solitum
12 8 -0.5803711081695302 0.17190726589941685 Penicillium-cvjetkovicii
12 8 0.4616059551227379 0.2971023161599871 Penicillium-polonicum
12 8 0.40700552137321144 0.36482390407734555 Penicillium-commune
12 8 0.19285194609680054 0.6786584794043075 Penicillium-chrysogenum
12 8 0.662216830064537 0.10509264821322363 Penicillium-verrucosum
12 8 0.6425922086245919 0.11959460019281133 Penicillium-mb
8 12 0.9854749252393673 4.8457611924550304e-05 Penicillium-brevicompactum
8 12 0.34252623873614435 0.4520118624624715 Penicillium-solitum
8 12 -0.23823925422475453 0.6069318950772462 Penicillium-cvjetkovicii
8 12 0.33835040168954283 0.4579049764726076 Penicillium-polonicum
8 12 0.3202447959288029 0.48377950853215324 Penicillium-commune
8 12 0.21649704667505323 0.6410157014937025 Penicillium-chrysogenum
8 12 0.17759814717521136 0.7032322609331985 Penicillium-verrucosum
8 12 0.2931842618217906 0.5233877101057811 Penicillium-mb
12 12 0.6434589972297623 0.11893362657126365 Penicillium-brevicompactum
12 12 0.5841713725952395 0.16844049565811134 Penicillium-solitum
12 12 -0.518042453788115 0.2336371257859719 Penicillium-cvjetkovicii
12 12 0.5729140030518102 0.17881089608305456 Penicillium-polonicum
12 12 0.6482797019591484 0.11529198596165739 Penicillium-commune
12 12 0.8932544338776506 0.0067457491679388335 Penicillium-chrysogenum
12 12 0.26828610853996215 0.5607561373288665 Penicillium-verrucosum
12 12 0.9136213297534577 0.004018570536474041 Penicillium-mb
6 10 0.9875872295189032 3.2751529941047674e-05 Penicillium-brevicompactum
6 10 0.9286810084063629 0.002509971614592745 Penicillium-solitum
6 10 -0.5094666062960882 0.24283079685431688 Penicillium-cvjetkovicii
6 10 0.8750356647613107 0.009901657598361915 Penicillium-polonicum
6 10 0.8872700414438569 0.0077056195634198415 Penicillium-commune
6 10 0.8391712254220842 0.01823396708974113 Penicillium-chrysogenum
6 10 0.8230718950174722 0.022934530261025245 Penicillium-verrucosum
6 10 0.868568068560941 0.011192355575585164 Penicillium-mb
10 12 0.7023530867811698 0.07846880925132511 Penicillium-brevicompactum
10 12 0.649820053697617 0.11414068867220678 Penicillium-solitum
10 12 0.34428626187786093 0.4495365887395555 Penicillium-cvjetkovicii
10 12 0.7006487416856237 0.07951610458613084 Penicillium-polonicum
10 12 0.7127740022666069 0.07222618294178355 Penicillium-commune
10 12 0.7444720413650856 0.05493572283257541 Penicillium-chrysogenum
10 12 0.4274383110422312 0.3387883713552772 Penicillium-verrucosum
10 12 0.5837475226628338 0.16882542458658154 Penicillium-mb
10 12 0.9910383285586334 1.4532428230982413e-05 Penicillium-brevicompactum
10 12 0.8474364380303584 0.016055732688320494 Penicillium-solitum
10 12 -0.64877030256641 0.11492465131454899 Penicillium-cvjetkovicii
10 12 0.7413233657325244 0.056539130059929346 Penicillium-polonicum
10 12 0.7109625760827297 0.0732914576442678 Penicillium-commune
10 12 0.9553648741552724 0.0007891892759122148 Penicillium-chrysogenum
10 12 0.9435085916751039 0.0014129878180637575 Penicillium-verrucosum
10 12 0.6559253076016734 0.10963621583244569 Penicillium-mb
8 12 0.9896642951187983 2.0744126795663805e-05 Penicillium-brevicompactum
8 12 0.8361394853169113 0.019072646792058646 Penicillium-solitum
8 12 -0.517749559901702 0.23394839292835704 Penicillium-cvjetkovicii
8 12 0.8084552993521267 0.027736080954074007 Penicillium-polonicum
8 12 0.8079290426335156 0.027918559965037684 Penicillium-commune
8 12 0.6763873955474856 0.09522572247255989 Penicillium-chrysogenum
8 12 0.9349112695656386 0.0020040305986385597 Penicillium-verrucosum
8 12 0.7469217475468523 0.05370561327344062 Penicillium-mb
10 8 0.985474925239367 4.8457611924553076e-05 Penicillium-brevicompactum
10 8 0.8161691118554755 0.02513813310444296 Penicillium-solitum
10 8 -0.40639034392461226 0.36562018132806945 Penicillium-cvjetkovicii
10 8 0.806267002033242 0.028499282184957304 Penicillium-polonicum
10 8 0.7839651284627337 0.03694513810720909 Penicillium-commune
10 8 0.676739350841503 0.0949871336383197 Penicillium-chrysogenum
10 8 0.7226249037844426 0.0665792340822187 Penicillium-verrucosum
10 8 0.7868441337625622 0.03578602040236894 Penicillium-mb
10 10 0.9509112787559254 0.000998597726509251 Penicillium-brevicompactum
10 10 0.8752538689764038 0.00985969384322751 Penicillium-solitum
10 10 -0.5094666062960901 0.2428307968543146 Penicillium-cvjetkovicii
10 10 0.864699863651299 0.01200803875892707 Penicillium-polonicum
10 10 0.9160392992911714 0.0037482178258521695 Penicillium-commune
10 10 0.8992579545183507 0.0058563958853985855 Penicillium-chrysogenum
10 10 0.8830145364086925 0.008433513820052557 Penicillium-verrucosum
10 10 0.8510397055475366 0.015155248403790343 Penicillium-mb
10 12 0.8210893814059025 0.02355575959540848 Penicillium-brevicompactum
10 12 0.7709627877656176 0.04243655476326714 Penicillium-solitum
10 12 0.37332774058311824 0.40944598318981945 Penicillium-cvjetkovicii
10 12 0.8621392369792142 0.012566183191573158 Penicillium-polonicum
10 12 0.7412306870624256 0.056586705514342396 Penicillium-commune
10 12 -0.9721833487759928 0.00024418179894238724 Penicillium-chrysogenum
10 12 0.6100230859794217 0.14578829163572446 Penicillium-verrucosum
10 12 0.721595014177868 0.06715804982293606 Penicillium-mb
8 12 0.9874267809516131 3.381726607783392e-05 Penicillium-brevicompactum
8 12 0.9290720057030438 0.002476242947331863 Penicillium-solitum
8 12 -0.50946660629609 0.24283079685431483 Penicillium-cvjetkovicii
8 12 0.9112521372703805 0.004294196404765765 Penicillium-polonicum
8 12 0.8827564282316551 0.00847888735567217 Penicillium-commune
8 12 0.7948642811241774 0.032664964881344724 Penicillium-chrysogenum
8 12 0.9122537746738535 0.004176365676236568 Penicillium-verrucosum
8 12 0.8611254639553438 0.012791183293495838 Penicillium-mb
10 12 0.9876323467084065 3.245552029958359e-05 Penicillium-brevicompactum
10 12 0.9159167073976723 0.003761660507208821 Penicillium-solitum
10 12 -0.5094666062960879 0.2428307968543172 Penicillium-cvjetkovicii
10 12 0.9305126621138579 0.002354271994791349 Penicillium-polonicum
10 12 0.905756532325574 0.004975028243572944 Penicillium-commune
10 12 0.8636759337288771 0.012229481657737837 Penicillium-chrysogenum
10 12 0.8288363625890395 0.02118127582358295 Penicillium-verrucosum
10 12 0.9028508496052575 0.005358782240985986 Penicillium-mb
8 12 0.8929068399685584 0.006799484424004965 Penicillium-brevicompactum
8 12 0.6256923671522882 0.13285712232277685 Penicillium-solitum
8 12 0.17521189452710398 0.7070956710208502 Penicillium-cvjetkovicii
8 12 0.6853603825160823 0.08924117946905452 Penicillium-polonicum
8 12 0.7258297525649742 0.06479531502537585 Penicillium-commune
8 12 0.715986759994121 0.07035735329286832 Penicillium-chrysogenum
8 12 0.4372576829110797 0.3265668946412171 Penicillium-verrucosum
8 12 0.6643059130316292 0.1036060807856567 Penicillium-mb
12 12 0.6765500240948669 0.09511543828450177 Penicillium-brevicompactum
12 12 0.29566526020222295 0.5197114585602192 Penicillium-solitum
12 12 -0.15203436783382054 0.7448710076185909 Penicillium-cvjetkovicii
12 12 0.5110730407900376 0.24109607891809065 Penicillium-polonicum
12 12 0.2856914019515387 0.5345434191111269 Penicillium-commune
12 12 0.19270771397454456 0.6788898133074095 Penicillium-chrysogenum
12 12 0.4455359596051292 0.31641339553143183 Penicillium-verrucosum
12 12 0.26431375273350904 0.5667953296483148 Penicillium-mb
12 8 0.9790884071922603 0.00012009887537636263 Penicillium-brevicompactum
12 8 0.9942599443947666 4.779773430143179e-06 Penicillium-solitum
12 8 -0.5557526669657423 0.19520217733580378 Penicillium-cvjetkovicii
12 8 0.7801038339244211 0.038531998904213875 Penicillium-polonicum
12 8 0.7781724012275713 0.03933965107739938 Penicillium-commune
12 8 0.7835315084200462 0.03712149718681247 Penicillium-chrysogenum
12 8 0.919434895643825 0.003386997835897263 Penicillium-verrucosum
12 8 0.8331555149122915 0.019919075783725024 Penicillium-mb
8 10 0.9854749252393671 4.8457611924552134e-05 Penicillium-brevicompactum
8 10 0.7740555900365705 0.041092149634464524 Penicillium-solitum
8 10 -0.3124053064072339 0.4951414504297005 Penicillium-cvjetkovicii
8 10 0.7444602789582696 0.05494166591162042 Penicillium-polonicum
8 10 0.7609143824715295 0.046969805001858475 Penicillium-commune
8 10 0.6310376085141491 0.12858525404753363 Penicillium-chrysogenum
8 10 0.6521650670578206 0.11239942820135632 Penicillium-verrucosum
8 10 0.7245814510098751 0.06548705279392446 Penicillium-mb
8 12 0.9703057241383934 0.0002872049044118977 Penicillium-brevicompactum
8 12 0.7718364792022662 0.04205434903507656 Penicillium-solitum
8 12 0.15383563386821408 0.7419197380474373 Penicillium-cvjetkovicii
8 12 0.7610023292112275 0.046929029193522036 Penicillium-polonicum
8 12 0.727040205946687 0.06412833453347046 Penicillium-commune
8 12 0.657600815983911 0.1084164484126033 Penicillium-chrysogenum
8 12 0.8629113249394034 0.012396357496036993 Penicillium-verrucosum
8 12 0.6738038933636926 0.09698668572846879 Penicillium-mb
12 10 0.9090732295658872 0.004557153037448603 Penicillium-brevicompactum
12 10 0.6410833399678625 0.12074968870555712 Penicillium-solitum
12 10 -0.23206920799645564 0.6165497407028515 Penicillium-cvjetkovicii
12 10 0.639086004349875 0.12228748818026669 Penicillium-polonicum
12 10 0.9453468221131651 0.001302137663901938 Penicillium-commune
12 10 0.5561880858488203 0.1947776789816607 Penicillium-chrysogenum
12 10 0.5410312333939035 0.20981564352874996 Penicillium-verrucosum
12 10 0.6084045372496094 0.14715855478368545 Penicillium-mb
6 12 0.974836435010882 0.00019032879046970594 Penicillium-brevicompactum
6 12 0.9070379401184085 0.004811048152127667 Penicillium-solitum
6 12 -0.5094666062960893 0.24283079685431563 Penicillium-cvjetkovicii
6 12 0.9249413905725544 0.0028461959726612937 Penicillium-polonicum
6 12 0.915100715012156 0.0038518549944228132 Penicillium-commune
6 12 0.9435380599473684 0.0014111685703451396 Penicillium-chrysogenum
6 12 0.7294859609710282 0.06279204784065151 Penicillium-verrucosum
6 12 0.8817465264396673 0.008657774155974855 Penicillium-mb
4 10 0.9862148882543335 4.253679729045347e-05 Penicillium-brevicompactum
4 10 0.8380865516363507 0.018531563781584836 Penicillium-solitum
4 10 -0.5094666062960879 0.2428307968543172 Penicillium-cvjetkovicii
4 10 0.9050661023570508 0.005064711397916113 Penicillium-polonicum
4 10 0.8006694954073484 0.03050448936276083 Penicillium-commune
4 10 0.9244039831683353 0.0028965596079810435 Penicillium-chrysogenum
4 10 0.7280776876368389 0.06355962900522405 Penicillium-verrucosum
4 10 0.8239814665426549 0.022652644830093185 Penicillium-mb
12 12 0.9215959571227759 0.00316818413639629 Penicillium-brevicompactum
12 12 0.5775163199856564 0.17453440229869172 Penicillium-solitum
12 12 -0.18069359095967907 0.6982282120918859 Penicillium-cvjetkovicii
12 12 0.6722540480300764 0.09805121174065723 Penicillium-polonicum
12 12 0.64740482242632 0.11594854895539791 Penicillium-commune
12 12 0.4700750000098764 0.28714101150092836 Penicillium-chrysogenum
12 12 0.5670581599102199 0.18432537311741454 Penicillium-verrucosum
12 12 0.6220514297553777 0.13580760427076827 Penicillium-mb
8 12 0.9875686044694156 3.287419594133278e-05 Penicillium-brevicompactum
8 12 0.9161555383696087 0.0037354977297103876 Penicillium-solitum
8 12 -0.5094666062960901 0.2428307968543146 Penicillium-cvjetkovicii
8 12 0.9419438874601844 0.0015115795307796573 Penicillium-polonicum
8 12 0.8950060581952868 0.006478716179427864 Penicillium-commune
8 12 0.8658010289075299 0.011772480353522885 Penicillium-chrysogenum
8 12 0.8118337860751014 0.026580561602694525 Penicillium-verrucosum
8 12 0.8873298607859278 0.0076956577583474515 Penicillium-mb
