#SPECIES: Penicillium-brevicompactum Penicillium-cvjetkovicii Penicillium-commune Penicillium-solitum Penicillium-polonicum Penicillium-verrucosum Penicillium-mb Penicillium-chrysogenum 
#GENE_TREEs p: 0.8513855826929848 0.5057259219951766 0.386257907082078 0.07067566500616741 0.14647391757073874 0.4808504894902332 0.03748894579138422 0.24018534965847557 
#GENE_TREEs r: -0.08788006911462477 0.3051592827727828 -0.3906328917459543 0.7154363345238041 0.6092122759823185 -0.32227638673986264 0.782631707804786 0.5119185680273197 
8 8 -0.012944590424658479 0.9780264218555166 Penicillium-brevicompactum
8 8 -0.36355723095025516 0.4227726089448717 Penicillium-cvjetkovicii
8 8 -0.5221707390415344 0.2292704998352931 Penicillium-commune
8 8 0.5498755920017437 0.20097542108911157 Penicillium-solitum
8 8 0.5136387588955359 0.23833745212051138 Penicillium-polonicum
8 8 -0.33491023317936763 0.4627811407660585 Penicillium-verrucosum
8 8 0.6526756571633004 0.11202213103803635 Penicillium-mb
8 8 0.44734519246404714 0.31421279900666954 Penicillium-chrysogenum
8 6 -0.01294459042465853 0.9780264218555166 Penicillium-brevicompactum
8 6 -0.3424524811298258 0.4521157051991652 Penicillium-cvjetkovicii
8 6 -0.6586703968934199 0.10764149901524794 Penicillium-commune
8 6 0.650474646051937 0.11365323694418787 Penicillium-solitum
8 6 0.506719632141167 0.24581047703662987 Penicillium-polonicum
8 6 -0.24257541078683953 0.6001994871018416 Penicillium-verrucosum
8 6 0.6479946862691478 0.11550566784584276 Penicillium-mb
8 6 0.4564628955443565 0.3032247179709078 Penicillium-chrysogenum
12 12 -0.012944590424658479 0.9780264218555166 Penicillium-brevicompactum
12 12 0.2992339687406322 0.514439023771073 Penicillium-cvjetkovicii
12 12 0.22408165728099738 0.6290655486567527 Penicillium-commune
12 12 0.8732237743713962 0.01025408262370997 Penicillium-solitum
12 12 0.57842824060796 0.17369307229093559 Penicillium-polonicum
12 12 0.21262787874152464 0.6471358630401716 Penicillium-verrucosum
12 12 0.864055274003465 0.012147171854429342 Penicillium-mb
12 12 0.1216474609915092 0.7950094748023941 Penicillium-chrysogenum
10 12 -0.021493074437996234 0.9635206508046416 Penicillium-brevicompactum
10 12 0.011129491532885182 0.9811071584938444 Penicillium-cvjetkovicii
10 12 0.0032844439969409705 0.9944241847690377 Penicillium-commune
10 12 0.26800098186563887 0.5611889282920721 Penicillium-solitum
10 12 -0.04588007924682223 0.9221935093637087 Penicillium-polonicum
10 12 -0.4391596422730936 0.32422188133609414 Penicillium-verrucosum
10 12 0.03258163089537968 0.9447170595407812 Penicillium-mb
10 12 0.11551274817292473 0.8052051492387234 Penicillium-chrysogenum
10 10 -0.01294459042465855 0.9780264218555165 Penicillium-brevicompactum
10 10 -0.3965638640231348 0.37843586976369503 Penicillium-cvjetkovicii
10 10 -0.022381953538825484 0.9620127321190133 Penicillium-commune
10 10 0.8789750450782622 0.00915981315624885 Penicillium-solitum
10 10 0.7023169312572829 0.07849094951042451 Penicillium-polonicum
10 10 -0.08374121915368615 0.8583344335558121 Penicillium-verrucosum
10 10 0.8741583110739023 0.010071422453008884 Penicillium-mb
10 10 0.6286587139777134 0.13047766065913488 Penicillium-chrysogenum
12 10 0.49368543392388503 0.2601766436360286 Penicillium-brevicompactum
12 10 0.5456081848122358 0.20521809335621907 Penicillium-cvjetkovicii
12 10 0.48644894580550446 0.2683134196713333 Penicillium-commune
12 10 0.6142348886970241 0.14225282351898327 Penicillium-solitum
12 10 0.15819473639658269 0.7347880528287627 Penicillium-polonicum
12 10 -0.7324964855884448 0.061168058526963415 Penicillium-verrucosum
12 10 0.614159079472269 0.14231607258769557 Penicillium-mb
12 10 0.2620275844316385 0.5702803087610984 Penicillium-chrysogenum
8 8 0.019667456938876574 0.9666179452195245 Penicillium-brevicompactum
8 8 0.16085020115504597 0.73045097785759 Penicillium-cvjetkovicii
8 8 -0.6019205680908511 0.15271240685197499 Penicillium-commune
8 8 0.4127705175922932 0.3573967107376518 Penicillium-solitum
8 8 0.6184083942191946 0.13879269767832308 Penicillium-polonicum
8 8 -0.14273985163012723 0.7601383606442947 Penicillium-verrucosum
8 8 0.6799167568493237 0.09284741594141924 Penicillium-mb
8 8 0.7025569657292885 0.07834402389056697 Penicillium-chrysogenum
8 10 -0.011588307382931684 0.9803283992785857 Penicillium-brevicompactum
8 10 -0.4501702460385266 0.3107899908077482 Penicillium-cvjetkovicii
8 10 -0.36033001627433536 0.4272107738442197 Penicillium-commune
8 10 0.8411871357955133 0.01768813216019758 Penicillium-solitum
8 10 0.7348421153709537 0.05991869258546663 Penicillium-polonicum
8 10 -0.3094532117598102 0.4994441722024664 Penicillium-verrucosum
8 10 0.7508099989173128 0.0517843049640742 Penicillium-mb
8 10 0.6623688618158514 0.10498409195930898 Penicillium-chrysogenum
12 12 -0.14384760235850602 0.7583154075915861 Penicillium-brevicompactum
12 12 0.0419320340654535 0.9288765345786724 Penicillium-cvjetkovicii
12 12 -0.34679613034354134 0.4460155690671675 Penicillium-commune
12 12 0.5714307682000634 0.1801999277628749 Penicillium-solitum
12 12 -0.8916215016756748 0.007000338415530407 Penicillium-polonicum
12 12 -0.3518352509320558 0.43897791181441514 Penicillium-verrucosum
12 12 0.5513707891382813 0.1994989579451686 Penicillium-mb
12 12 0.3624201579895293 0.4243343039075167 Penicillium-chrysogenum
8 10 0.14416650957787316 0.7577907674308401 Penicillium-brevicompactum
8 10 -0.08476792869738518 0.8566099644092292 Penicillium-cvjetkovicii
8 10 -0.09456351814631822 0.8401807991057835 Penicillium-commune
8 10 0.23549584583470218 0.6112028362119961 Penicillium-solitum
8 10 0.3134968358298739 0.49355385971140975 Penicillium-polonicum
8 10 -0.04258649286993822 0.9277684657636709 Penicillium-verrucosum
8 10 0.5934450064978521 0.1601272744326975 Penicillium-mb
8 10 0.48349130133338697 0.27167172053708605 Penicillium-chrysogenum
6 6 -0.054392692885077545 0.9077966327960814 Penicillium-brevicompactum
6 6 0.29081452269285657 0.5269073076212853 Penicillium-cvjetkovicii
6 6 -0.42453309345522927 0.34244081821347366 Penicillium-commune
6 6 0.6715518455167879 0.09853553052746743 Penicillium-solitum
6 6 0.4588355667523765 0.30039341683389775 Penicillium-polonicum
6 6 -0.4887299236191413 0.26573637822794355 Penicillium-verrucosum
6 6 0.6589902492034307 0.10741031546475757 Penicillium-mb
6 6 0.6828073846148592 0.0909230884341856 Penicillium-chrysogenum
10 12 -0.12657478717261156 0.7868371384124133 Penicillium-brevicompactum
10 12 -0.5537268331009151 0.19718306544646905 Penicillium-cvjetkovicii
10 12 -0.1385083976956987 0.7671098580005362 Penicillium-commune
10 12 0.77530019523582 0.04055787373151862 Penicillium-solitum
10 12 0.36348350439164745 0.4228737999774826 Penicillium-polonicum
10 12 -0.5997391825040734 0.15460403572462272 Penicillium-verrucosum
10 12 0.773010448395687 0.041543787485135986 Penicillium-mb
10 12 0.30669508141928786 0.503475991997976 Penicillium-chrysogenum
8 10 0.23883658047779222 0.60600314936331 Penicillium-brevicompactum
8 10 0.3293236774153465 0.47074008545931173 Penicillium-cvjetkovicii
8 10 -0.43234908982226505 0.3326523427861877 Penicillium-commune
8 10 0.5259703122558501 0.22528571845024442 Penicillium-solitum
8 10 0.25547929991445645 0.5802994182236794 Penicillium-polonicum
8 10 -0.47322307914880507 0.2834767696425172 Penicillium-verrucosum
8 10 0.5494131978360499 0.20143308073959276 Penicillium-mb
8 10 -0.15687266569310976 0.7369494407171624 Penicillium-chrysogenum
12 12 -0.061527795783130244 0.8957447693781121 Penicillium-brevicompactum
12 12 -0.10420424785901955 0.8240562589527807 Penicillium-cvjetkovicii
12 12 -0.1396193120523722 0.7652783539390736 Penicillium-commune
12 12 0.3813612788723805 0.3986145001929257 Penicillium-solitum
12 12 0.40799294649831297 0.3635472930159982 Penicillium-polonicum
12 12 -0.2608245176687729 0.572116940889464 Penicillium-verrucosum
12 12 0.232680538123773 0.6155948302228131 Penicillium-mb
12 12 0.16557739963029047 0.7227443823909472 Penicillium-chrysogenum
8 12 -0.012944590424658559 0.9780264218555165 Penicillium-brevicompactum
8 12 -0.24115479547887633 0.6024027006971817 Penicillium-cvjetkovicii
8 12 -0.35392946954490034 0.43606561559762225 Penicillium-commune
8 12 0.4056464378842073 0.3665840390061872 Penicillium-solitum
8 12 0.4149496781938355 0.35460577758233125 Penicillium-polonicum
8 12 -0.49855648663658614 0.2547639925228615 Penicillium-verrucosum
8 12 0.7075377148128869 0.07532840381700986 Penicillium-mb
8 12 0.6758360305757151 0.09560012203084119 Penicillium-chrysogenum
6 10 -0.0030812406274645303 0.994769148279407 Penicillium-brevicompactum
6 10 -0.4501702460385281 0.3107899908077463 Penicillium-cvjetkovicii
6 10 -0.1819828579253656 0.6961465521994639 Penicillium-commune
6 10 0.8039837333972761 0.029308006613196765 Penicillium-solitum
6 10 0.7975799110966366 0.03164403494882249 Penicillium-polonicum
6 10 -0.33260230303056887 0.4660631186144139 Penicillium-verrucosum
6 10 0.8356907636647037 0.01919859954273703 Penicillium-mb
6 10 0.7817094147896358 0.03786766436092285 Penicillium-chrysogenum
10 8 -0.012944590424658613 0.9780264218555164 Penicillium-brevicompactum
10 8 -0.3430043641753859 0.45133892983563234 Penicillium-cvjetkovicii
10 8 -0.1212284934890281 0.7957050606094762 Penicillium-commune
10 8 0.6787112860736203 0.09365618280460385 Penicillium-solitum
10 8 0.5170839876264791 0.23465643605599715 Penicillium-polonicum
10 8 -0.13746760965290508 0.7688265310185054 Penicillium-verrucosum
10 8 0.6841480746933997 0.09003777980005388 Penicillium-mb
10 8 0.4747523613782087 0.2817043318429379 Penicillium-chrysogenum
8 10 -0.012944590424658673 0.9780264218555162 Penicillium-brevicompactum
8 10 -0.42042661569695716 0.3476316547401974 Penicillium-cvjetkovicii
8 10 -0.4314245442414303 0.3338039184412224 Penicillium-commune
8 10 0.33939298618431774 0.4564309776839057 Penicillium-solitum
8 10 0.1492999920541204 0.7493558594224095 Penicillium-polonicum
8 10 -0.23755247572628624 0.6080002441195134 Penicillium-verrucosum
8 10 0.5108865978532601 0.24129711451201577 Penicillium-mb
8 10 0.30591425813535217 0.5046194532524443 Penicillium-chrysogenum
8 10 0.17194403605636596 0.7123945288535618 Penicillium-brevicompactum
8 10 0.5623310599989664 0.188836428266235 Penicillium-cvjetkovicii
8 10 -0.6248426415373366 0.1335427634397992 Penicillium-commune
8 10 0.4228330462773954 0.34458579070525835 Penicillium-solitum
8 10 0.6335097439148485 0.1266336241182763 Penicillium-polonicum
8 10 0.007485568180822872 0.9872924608022189 Penicillium-verrucosum
8 10 0.7940668572581279 0.032968191779284776 Penicillium-mb
8 10 0.6529302697901873 0.11183423205480708 Penicillium-chrysogenum
8 12 0.202472770417371 0.6632736220168708 Penicillium-brevicompactum
8 12 -0.34936498118811327 0.442422611724229 Penicillium-cvjetkovicii
8 12 -0.4849213079942328 0.2700456391932347 Penicillium-commune
8 12 0.29849301573991377 0.515532196084147 Penicillium-solitum
8 12 -0.060228734933677974 0.8979378743709218 Penicillium-polonicum
8 12 -0.49341726204631925 0.2604761426872465 Penicillium-verrucosum
8 12 0.302992139782755 0.5089067000830813 Penicillium-mb
8 12 0.6682239160490425 0.10084783989132368 Penicillium-chrysogenum
10 8 -0.013123769032653922 0.9777223163174997 Penicillium-brevicompactum
10 8 -0.4554519614388394 0.3044346026966157 Penicillium-cvjetkovicii
10 8 -0.3033703094618694 0.5083511508658204 Penicillium-commune
10 8 0.8978550614161958 0.0060576972800687095 Penicillium-solitum
10 8 0.7042157809110775 0.07733266976110416 Penicillium-polonicum
10 8 -0.3056787009936408 0.5049645879208136 Penicillium-verrucosum
10 8 0.9022096174440271 0.005445711664355155 Penicillium-mb
10 8 0.6145456446159951 0.1419937022639705 Penicillium-chrysogenum
8 10 -0.0010525942855907776 0.9982130614312887 Penicillium-brevicompactum
8 10 -0.05651874025358732 0.9042039815795473 Penicillium-cvjetkovicii
8 10 -0.3968765995448762 0.37802522306052666 Penicillium-commune
8 10 0.48759618437546276 0.2670158632213983 Penicillium-solitum
8 10 0.45721035388706743 0.302331519821062 Penicillium-polonicum
8 10 -0.18589311417080842 0.6898423313188505 Penicillium-verrucosum
8 10 0.7033049963317237 0.07788709372284677 Penicillium-mb
8 10 0.4573829671993527 0.3021254146749403 Penicillium-chrysogenum
6 10 -0.009383437753386965 0.9840708826080453 Penicillium-brevicompactum
6 10 -0.4501702460385272 0.31078999080774733 Penicillium-cvjetkovicii
6 10 -0.32667848568771435 0.47452587215777253 Penicillium-commune
6 10 0.7880097295868734 0.035322571595223846 Penicillium-solitum
6 10 0.7494329157992152 0.05246039542391974 Penicillium-polonicum
6 10 -0.4050762706695774 0.36732349576985635 Penicillium-verrucosum
6 10 0.8034911313609734 0.029484147946855027 Penicillium-mb
6 10 0.6660591681081444 0.10236700229930643 Penicillium-chrysogenum
10 12 -0.11742319096635409 0.8020276493455293 Penicillium-brevicompactum
10 12 -0.013871903295172697 0.9764525913147954 Penicillium-cvjetkovicii
10 12 0.08331932686325623 0.8590431772290722 Penicillium-commune
10 12 0.4418357609211419 0.3209346859381907 Penicillium-solitum
10 12 0.4188851701109715 0.34958860565779065 Penicillium-polonicum
10 12 0.041237236270470344 0.930053001603899 Penicillium-verrucosum
10 12 0.6275611370030155 0.13135553281098036 Penicillium-mb
10 12 0.4471254644173651 0.3144797020334247 Penicillium-chrysogenum
12 12 -0.1098591030104049 0.8146208059340958 Penicillium-brevicompactum
12 12 -0.22454030007735287 0.6283449515675218 Penicillium-cvjetkovicii
12 12 -0.6256648223850005 0.1328793199721836 Penicillium-commune
12 12 0.6141580698544062 0.14231691502668234 Penicillium-solitum
12 12 0.8657186704325467 0.011790005611261084 Penicillium-polonicum
12 12 -0.38378717485918196 0.3953663916206264 Penicillium-verrucosum
12 12 0.5534849961972478 0.19742018118043592 Penicillium-mb
12 12 0.1454637098777352 0.7556574825176998 Penicillium-chrysogenum
12 10 0.7154971016235734 0.07064048544486369 Penicillium-brevicompactum
12 10 0.7045570539213558 0.07712546989410801 Penicillium-cvjetkovicii
12 10 0.549623567553625 0.20122480303305978 Penicillium-commune
12 10 0.864457364902758 0.01206027360390067 Penicillium-solitum
12 10 0.5492752252463878 0.20156973745299725 Penicillium-polonicum
12 10 0.43591562950429963 0.32822593517463794 Penicillium-verrucosum
12 10 -0.03584990361007943 0.9391784154090703 Penicillium-mb
12 10 0.5907079353881115 0.16255919098107752 Penicillium-chrysogenum
4 10 -0.10028509338994858 0.8306055516779043 Penicillium-brevicompactum
4 10 -0.15170292993335804 0.7454143206618353 Penicillium-cvjetkovicii
4 10 -0.3946186138861236 0.38099420580710974 Penicillium-commune
4 10 0.6645249923417951 0.10345082572695989 Penicillium-solitum
4 10 0.48449289967014086 0.2705323255362774 Penicillium-polonicum
4 10 -0.39150101964806383 0.3851089365376952 Penicillium-verrucosum
4 10 0.6464894240129858 0.1166375789129282 Penicillium-mb
4 10 0.785609258304585 0.03628068088503269 Penicillium-chrysogenum
6 8 -0.03337164725065917 0.9433780733371067 Penicillium-brevicompactum
6 8 0.27852811381627296 0.5452816662425406 Penicillium-cvjetkovicii
6 8 -0.20243309454864958 0.6633368795005758 Penicillium-commune
6 8 0.7788050060747079 0.03907409766605913 Penicillium-solitum
6 8 0.6219253301915747 0.13591038028521576 Penicillium-polonicum
6 8 -0.28006389379362046 0.5429734861583625 Penicillium-verrucosum
6 8 0.6876975145576117 0.08771600718343055 Penicillium-mb
6 8 0.5811873807993257 0.1711596903907691 Penicillium-chrysogenum
10 12 -0.012944590424658817 0.978026421855516 Penicillium-brevicompactum
10 12 -0.36769215330879507 0.41711240923121606 Penicillium-cvjetkovicii
10 12 -0.48215986407555583 0.27318967984507836 Penicillium-commune
10 12 0.44992542160986304 0.311085972242248 Penicillium-solitum
10 12 0.13469254983580245 0.7734073637692288 Penicillium-polonicum
10 12 -0.5058718039011124 0.2467335210338182 Penicillium-verrucosum
10 12 0.4137201435399207 0.356179368890237 Penicillium-mb
10 12 0.30912845606770206 0.4999183078860756 Penicillium-chrysogenum
10 12 -0.1259866463112084 0.7878118094110756 Penicillium-brevicompactum
10 12 0.04054236579658259 0.9312296930079911 Penicillium-cvjetkovicii
10 12 -0.3408655530725101 0.45435208482801526 Penicillium-commune
10 12 0.6479385103313625 0.11554780814381314 Penicillium-solitum
10 12 0.47137719007661855 0.2856227675148928 Penicillium-polonicum
10 12 -0.39680498728107777 0.3781192396654707 Penicillium-verrucosum
10 12 0.6105906349761611 0.14530933156499376 Penicillium-mb
10 12 0.6695611577954954 0.09991532717819357 Penicillium-chrysogenum
12 10 -0.2550833763401691 0.5809069376535543 Penicillium-brevicompactum
12 10 -0.15678354690005186 0.7370951863601493 Penicillium-cvjetkovicii
12 10 -0.16668186743762256 0.7209464642724255 Penicillium-commune
12 10 0.21476419792388815 0.6437547059763791 Penicillium-solitum
12 10 0.1312473768543571 0.7791016337281594 Penicillium-polonicum
12 10 -0.18522672882020919 0.690915698326261 Penicillium-verrucosum
12 10 0.15842657192315632 0.7344091793881735 Penicillium-mb
12 10 0.7915937777529037 0.03391854627778973 Penicillium-chrysogenum
10 12 0.1562555370768786 0.7379588265486106 Penicillium-brevicompactum
10 12 0.2382896894205142 0.6068534602394895 Penicillium-cvjetkovicii
10 12 0.14083836922674703 0.7632695609168503 Penicillium-commune
10 12 0.7522747159396433 0.05107044640586131 Penicillium-solitum
10 12 0.3276715199489185 0.4731033517609641 Penicillium-polonicum
10 12 -0.6506960434270207 0.11348861414833687 Penicillium-verrucosum
10 12 0.7427537055103259 0.05580764238214497 Penicillium-mb
10 12 0.7170724210296847 0.06973177502676588 Penicillium-chrysogenum
10 8 -0.05232424082143183 0.9112931583094888 Penicillium-brevicompactum
10 8 0.29021655767266735 0.5277966803416676 Penicillium-cvjetkovicii
10 8 -0.15441431546282686 0.7409721336467867 Penicillium-commune
10 8 0.6102552848423792 0.1455922409119179 Penicillium-solitum
10 8 0.6467430093727555 0.1164464917393549 Penicillium-polonicum
10 8 -0.3957546457419617 0.3794992793406894 Penicillium-verrucosum
10 8 0.8060555094799322 0.02857365934745014 Penicillium-mb
10 8 0.5817441503958568 0.1706506988927334 Penicillium-chrysogenum
10 12 -0.2119827221257353 0.6481579053585531 Penicillium-brevicompactum
10 12 -0.06703785386594643 0.886448560657487 Penicillium-cvjetkovicii
10 12 -0.08830418603867013 0.8506739442543875 Penicillium-commune
10 12 0.24788849998548526 0.5919810340440109 Penicillium-solitum
10 12 0.5369642019560558 0.21394171944398582 Penicillium-polonicum
10 12 -0.4399585947101728 0.3232389827352813 Penicillium-verrucosum
10 12 0.4582458133376581 0.30109607785789577 Penicillium-mb
10 12 0.4989377404920349 0.25434254746856355 Penicillium-chrysogenum
6 8 -0.012944590424658488 0.9780264218555166 Penicillium-brevicompactum
6 8 -0.33823642537908677 0.4580662223597261 Penicillium-cvjetkovicii
6 8 -0.4021189940419001 0.37116864613959977 Penicillium-commune
6 8 0.48029896429591123 0.2753176629513029 Penicillium-solitum
6 8 0.3791769884106331 0.4015481572789528 Penicillium-polonicum
6 8 -0.4299122865786225 0.3356911749505983 Penicillium-verrucosum
6 8 0.6270475603496787 0.13176733512760644 Penicillium-mb
6 8 0.3123202810752841 0.49526519242251354 Penicillium-chrysogenum
10 10 -0.15406803832162005 0.7415391392139074 Penicillium-brevicompactum
10 10 -0.0023354366203506 0.9960352504667457 Penicillium-cvjetkovicii
10 10 -0.3285018196689753 0.4719151417088311 Penicillium-commune
10 10 0.6067595473196109 0.14855780386836687 Penicillium-solitum
10 10 0.44242412721214025 0.3202139058364524 Penicillium-polonicum
10 10 -0.3783868884865499 0.4026114193748073 Penicillium-verrucosum
10 10 0.6143148710256441 0.14218610813091212 Penicillium-mb
10 10 0.7642594304579085 0.04543259010968133 Penicillium-chrysogenum
6 6 -0.014147217323163078 0.9759853413019535 Penicillium-brevicompactum
6 6 0.3156172489956629 0.4904749621578277 Penicillium-cvjetkovicii
6 6 -0.4643247062178596 0.293888119321373 Penicillium-commune
6 6 0.781102338276607 0.03811809897783718 Penicillium-solitum
6 6 0.5443994624401148 0.20642752494871888 Penicillium-polonicum
6 6 -0.3716728004648811 0.4116915189051664 Penicillium-verrucosum
6 6 0.8059379536439882 0.02861504807371675 Penicillium-mb
6 6 0.44961629715010115 0.3114598646537816 Penicillium-chrysogenum
12 12 0.3145353283805224 0.4920450860109924 Penicillium-brevicompactum
12 12 -0.3856263778874438 0.3929109010260998 Penicillium-cvjetkovicii
12 12 -0.6917811207548039 0.08508445353077651 Penicillium-commune
12 12 0.16756342184228346 0.7195121502061833 Penicillium-solitum
12 12 0.7772198941433494 0.03974137150445239 Penicillium-polonicum
12 12 -0.7070632080361108 0.07561297391786613 Penicillium-verrucosum
12 12 0.15548737523674108 0.7392156629190941 Penicillium-mb
12 12 0.773034195439494 0.041533495374711835 Penicillium-chrysogenum
8 8 -0.07971477328676145 0.8651015548401206 Penicillium-brevicompactum
8 8 0.3055339076355113 0.5051767777222393 Penicillium-cvjetkovicii
8 8 -0.13073052313876551 0.7799565862040647 Penicillium-commune
8 8 0.5600748090813803 0.1910082323394128 Penicillium-solitum
8 8 0.5109491022545779 0.24122970930423318 Penicillium-polonicum
8 8 -0.18504044334450923 0.6912158276533339 Penicillium-verrucosum
8 8 0.7674244120530448 0.044003985497898274 Penicillium-mb
8 8 0.46785710758608773 0.2897351320430253 Penicillium-chrysogenum
10 12 -0.033743862383871406 0.9427472483939466 Penicillium-brevicompactum
10 12 -0.4501702460385255 0.31078999080774944 Penicillium-cvjetkovicii
10 12 -0.13938408320027829 0.7656660906599176 Penicillium-commune
10 12 0.7394917585143737 0.05748339917599017 Penicillium-solitum
10 12 0.7560505521063369 0.04925518491637821 Penicillium-polonicum
10 12 -0.4324442854731164 0.3325338673527753 Penicillium-verrucosum
10 12 0.5016132893332593 0.2513939609932703 Penicillium-mb
10 12 0.6861592750527953 0.08871827384033913 Penicillium-chrysogenum
10 10 -0.19081776784728335 0.6819229437825697 Penicillium-brevicompactum
10 10 -0.2375601664153143 0.6079882774521871 Penicillium-cvjetkovicii
10 10 -0.21599552355342228 0.6418080960992865 Penicillium-commune
10 10 0.5995589206428042 0.1547608736420338 Penicillium-solitum
10 10 0.3602146288094369 0.4273697891723287 Penicillium-polonicum
10 10 -0.20635296325856703 0.6570949370070178 Penicillium-verrucosum
10 10 0.44246820933180164 0.32015993104748025 Penicillium-mb
10 10 0.33609890116561797 0.4610941394831849 Penicillium-chrysogenum
6 10 -0.012944590424658642 0.9780264218555164 Penicillium-brevicompactum
6 10 -0.33346948968256906 0.46482894045420814 Penicillium-cvjetkovicii
6 10 -0.24011960738038074 0.6040096761497469 Penicillium-commune
6 10 0.4976164131006026 0.25580453385060875 Penicillium-solitum
6 10 0.2530463014853307 0.5840358055305355 Penicillium-polonicum
6 10 -0.27655031495814164 0.5482589041804846 Penicillium-verrucosum
6 10 0.3488028361827196 0.4432079253809063 Penicillium-mb
6 10 0.07818343126063816 0.8676769733439982 Penicillium-chrysogenum
12 12 0.7955362529930211 0.03241065488548813 Penicillium-brevicompactum
12 12 0.9403379754697124 0.0016168689060214755 Penicillium-cvjetkovicii
12 12 0.6621608339804675 0.10513264619303611 Penicillium-commune
12 12 0.7880459898261984 0.03530820813351348 Penicillium-solitum
12 12 0.772753440401822 0.0416552663939197 Penicillium-polonicum
12 12 0.6584541191571489 0.10779796704917964 Penicillium-verrucosum
12 12 0.7658794110208966 0.04469822706934582 Penicillium-mb
12 12 0.8543481989652738 0.014354457473573907 Penicillium-chrysogenum
12 12 0.5499778967373599 0.2008742314234759 Penicillium-brevicompactum
12 12 -0.8253173730490857 0.022242199591503392 Penicillium-cvjetkovicii
12 12 0.5278635017862495 0.22331251425259208 Penicillium-commune
12 12 0.5152740236907005 0.23658694316371948 Penicillium-solitum
12 12 -0.3493795148979088 0.4424023151904463 Penicillium-polonicum
12 12 0.47631829366057715 0.2798945739124607 Penicillium-verrucosum
12 12 0.48909881871711475 0.26532066215188993 Penicillium-mb
12 12 0.6888020089158982 0.08700006561094226 Penicillium-chrysogenum
8 6 -0.023871313219113132 0.9594863454776432 Penicillium-brevicompactum
8 6 0.25410286442165225 0.5824123176055838 Penicillium-cvjetkovicii
8 6 -0.48201916201871337 0.27335031589246717 Penicillium-commune
8 6 0.667411084678178 0.10141687257568271 Penicillium-solitum
8 6 0.7072325218760157 0.07551136762289201 Penicillium-polonicum
8 6 -0.33854443662782663 0.4576305175753581 Penicillium-verrucosum
8 6 0.7695686857521125 0.04305037313425523 Penicillium-mb
8 6 0.6287594173757364 0.13039726552415598 Penicillium-chrysogenum
8 8 -0.01034996736488524 0.9824302907706834 Penicillium-brevicompactum
8 8 -0.4501702460385281 0.3107899908077463 Penicillium-cvjetkovicii
8 8 0.16168874366907882 0.7290825966756129 Penicillium-commune
8 8 0.9306999696907282 0.002338679170697776 Penicillium-solitum
8 8 0.7176805891993738 0.06938264820608105 Penicillium-polonicum
8 8 0.10811374059480701 0.8175311888756434 Penicillium-verrucosum
8 8 0.9264542793770391 0.002707186430615912 Penicillium-mb
8 8 0.36638817205936886 0.41889419814996676 Penicillium-chrysogenum
12 12 0.19477143001403446 0.6755817335842809 Penicillium-brevicompactum
12 12 -0.5778186720839288 0.17425523353939337 Penicillium-cvjetkovicii
12 12 -0.6939136944063058 0.08372704412298046 Penicillium-commune
12 12 0.6343659522366287 0.1259612456155119 Penicillium-solitum
12 12 0.17049521493025122 0.7147467611610447 Penicillium-polonicum
12 12 -0.0063386798502299115 0.9892393390496255 Penicillium-verrucosum
12 12 0.6278331222662922 0.13113771208565803 Penicillium-mb
12 12 0.8292615076816101 0.021055083840222512 Penicillium-chrysogenum
10 12 -0.3059067285868216 0.5046304841570148 Penicillium-brevicompactum
10 12 0.3568009220750657 0.43208449644115715 Penicillium-cvjetkovicii
10 12 -0.5108192004708916 0.24136980613803313 Penicillium-commune
10 12 0.7744175687712725 0.040936363220732436 Penicillium-solitum
10 12 0.274440713736815 0.5514403827703389 Penicillium-polonicum
10 12 0.22812781197168078 0.6227165521180504 Penicillium-verrucosum
10 12 0.7685427570005119 0.04350519276257639 Penicillium-mb
10 12 -0.013006776596844728 0.9779208779917989 Penicillium-chrysogenum
8 10 -0.01294459042465865 0.9780264218555164 Penicillium-brevicompactum
8 10 -0.348626193259979 0.44345480329641174 Penicillium-cvjetkovicii
8 10 -0.349491789550783 0.4422455338999893 Penicillium-commune
8 10 0.5864676011665544 0.1663626685825793 Penicillium-solitum
8 10 0.5055026279558846 0.24713594807214465 Penicillium-polonicum
8 10 -0.39676522649599394 0.37817144396623775 Penicillium-verrucosum
8 10 0.7366040164822677 0.05898942670233387 Penicillium-mb
8 10 0.44893796568623895 0.31228100543038867 Penicillium-chrysogenum
10 12 -0.2003719481819912 0.6666252607923298 Penicillium-brevicompactum
10 12 -0.25481347355070844 0.5813211991282305 Penicillium-cvjetkovicii
10 12 -0.43964754993431826 0.32362148806403507 Penicillium-commune
10 12 0.43716182626965505 0.32668527267970093 Penicillium-solitum
10 12 0.11890532660301045 0.7995640127842152 Penicillium-polonicum
10 12 -0.4947386998896556 0.25900185994928854 Penicillium-verrucosum
10 12 0.4328231222078094 0.33206256568272113 Penicillium-mb
10 12 0.7915937777529041 0.03391854627778959 Penicillium-chrysogenum
10 12 -0.09155617846767115 0.8452200351858543 Penicillium-brevicompactum
10 12 -0.45017024603852696 0.31078999080774755 Penicillium-cvjetkovicii
10 12 -0.1934343178118033 0.6777246174570313 Penicillium-commune
10 12 0.9425390352434184 0.0014736171022912748 Penicillium-solitum
10 12 0.8253289188792337 0.022238670713023857 Penicillium-polonicum
10 12 -0.18571754654286354 0.6901250833768866 Penicillium-verrucosum
10 12 0.9501370410996368 0.0010380019462000853 Penicillium-mb
10 12 0.7465135453805773 0.05390953599893003 Penicillium-chrysogenum
12 10 -0.2276645911911418 0.6234424790265284 Penicillium-brevicompactum
12 10 -0.003757630968283925 0.9936208925782652 Penicillium-cvjetkovicii
12 10 0.018492961237278695 0.9686107419805705 Penicillium-commune
12 10 0.4386054256076443 0.324904451204649 Penicillium-solitum
12 10 0.5796896506577721 0.17253260068716342 Penicillium-polonicum
12 10 -0.03886947484424481 0.9340629664332896 Penicillium-verrucosum
12 10 0.7668691953854737 0.044252781626204725 Penicillium-mb
12 10 0.5841279811090001 0.1684798826909856 Penicillium-chrysogenum
12 8 0.12792502090686889 0.7846003604313531 Penicillium-brevicompactum
12 8 -0.3673824791383235 0.4175352871142977 Penicillium-cvjetkovicii
12 8 -0.016022491269820267 0.9728028653544326 Penicillium-commune
12 8 0.2961107563315965 0.5190522746511514 Penicillium-solitum
12 8 0.44130656390791595 0.32158357747573424 Penicillium-polonicum
12 8 -0.045305421062091726 0.9231660390644173 Penicillium-verrucosum
12 8 0.13866739621969804 0.7668476727567565 Penicillium-mb
12 8 -0.25674448357289503 0.5783593979988122 Penicillium-chrysogenum
6 12 -0.0725804471888364 0.877107896472648 Penicillium-brevicompactum
6 12 -0.36870871510422515 0.4157254102087228 Penicillium-cvjetkovicii
6 12 -0.28195682451310367 0.540132976346579 Penicillium-commune
6 12 0.7292495854838092 0.06292053259603696 Penicillium-solitum
6 12 0.36159131595461963 0.4254740658531373 Penicillium-polonicum
6 12 -0.5553609807102482 0.19558442106117024 Penicillium-verrucosum
6 12 0.6441368821179181 0.11841801567852495 Penicillium-mb
6 12 0.7915937777529037 0.03391854627778973 Penicillium-chrysogenum
8 10 -0.2443803560640175 0.5974037118267186 Penicillium-brevicompactum
8 10 -0.09281537026397374 0.8431095568229008 Penicillium-cvjetkovicii
8 10 -0.4832227522904585 0.2719775834293706 Penicillium-commune
8 10 0.05797900737589115 0.9017371330513019 Penicillium-solitum
8 10 -0.23129284419083163 0.6177630564026693 Penicillium-polonicum
8 10 -0.21698135985219888 0.6402507551644738 Penicillium-verrucosum
8 10 0.08168097282980324 0.8617961848581638 Penicillium-mb
8 10 0.791593777752904 0.03391854627778964 Penicillium-chrysogenum
10 8 0.009771530624193264 0.9834121263504481 Penicillium-brevicompactum
10 8 -0.450170246038528 0.31078999080774633 Penicillium-cvjetkovicii
10 8 -0.07226455739288057 0.8776399540479192 Penicillium-commune
10 8 0.705397491057999 0.07661647293150334 Penicillium-solitum
10 8 0.7523091225059769 0.051053742803692265 Penicillium-polonicum
10 8 -0.1797504347277774 0.6997519925167945 Penicillium-verrucosum
10 8 0.8615197673529399 0.012703398280137957 Penicillium-mb
10 8 0.671351644932863 0.09867384056711857 Penicillium-chrysogenum
8 10 -0.10537729946905819 0.8220975370359338 Penicillium-brevicompactum
8 10 -0.03429832862737313 0.9418075910520216 Penicillium-cvjetkovicii
8 10 -0.16743167206028614 0.7197264693706473 Penicillium-commune
8 10 0.2385261058229193 0.6064858347009947 Penicillium-solitum
8 10 0.4943587643186073 0.25942534965722386 Penicillium-polonicum
8 10 -0.19507895790513397 0.6750891286120573 Penicillium-verrucosum
8 10 0.6833489899760844 0.09056489597349279 Penicillium-mb
8 10 0.36285545034959804 0.4237361953847868 Penicillium-chrysogenum
12 10 -0.24225785822463808 0.6006917657535369 Penicillium-brevicompactum
12 10 -0.3940210054599773 0.3817815673517866 Penicillium-cvjetkovicii
12 10 -0.10298479043543456 0.8260932375868247 Penicillium-commune
12 10 0.742497418471267 0.05593832858455739 Penicillium-solitum
12 10 0.5089751196614046 0.24336268326570573 Penicillium-polonicum
12 10 -0.09118909355087136 0.8458354298076766 Penicillium-verrucosum
12 10 0.458006120798402 0.3013818654994622 Penicillium-mb
12 10 0.791593777752904 0.03391854627778964 Penicillium-chrysogenum
8 10 -0.005465589037194875 0.9907214664588009 Penicillium-brevicompactum
8 10 -0.45017024603852906 0.3107899908077451 Penicillium-cvjetkovicii
8 10 0.044748208971726405 0.9241091163542556 Penicillium-commune
8 10 0.9390448330994533 0.0017047039988628094 Penicillium-solitum
8 10 0.775753639448318 0.04036418246909685 Penicillium-polonicum
8 10 -0.04672158799583795 0.920769511250207 Penicillium-verrucosum
8 10 0.9420833153239465 0.001502634824192951 Penicillium-mb
8 10 0.5315010302947054 0.2195442310735888 Penicillium-chrysogenum
12 12 -0.012944590424658581 0.9780264218555164 Penicillium-brevicompactum
12 12 -0.37934257580761843 0.40132546248286266 Penicillium-cvjetkovicii
12 12 -0.5307927150924073 0.22027563266074357 Penicillium-commune
12 12 0.4578791969157952 0.3015332462708908 Penicillium-solitum
12 12 0.770535338543031 0.042624242374893075 Penicillium-polonicum
12 12 -0.6577391274589884 0.10831607431186453 Penicillium-verrucosum
12 12 0.4957414338198831 0.25788569541878464 Penicillium-mb
12 12 0.36628173040579926 0.41903977283664456 Penicillium-chrysogenum
8 10 -0.01168039719178086 0.9801720945047516 Penicillium-brevicompactum
8 10 -0.4501702460385272 0.31078999080774733 Penicillium-cvjetkovicii
8 10 -0.1416867099080429 0.7618722660424255 Penicillium-commune
8 10 0.8754144638018365 0.009828874769365462 Penicillium-solitum
8 10 0.7305611623674023 0.06220940083850418 Penicillium-polonicum
8 10 -0.21010578948423766 0.651133791674838 Penicillium-verrucosum
8 10 0.8818832741852364 0.008633425304241837 Penicillium-mb
8 10 0.5964002493523216 0.15752197224261735 Penicillium-chrysogenum
4 10 -0.00027327678575322125 0.999536070936951 Penicillium-brevicompactum
4 10 -0.45017024603852956 0.3107899908077445 Penicillium-cvjetkovicii
4 10 -0.12929042169881774 0.7823396549293941 Penicillium-commune
4 10 0.8600220016549881 0.013038694038041471 Penicillium-solitum
4 10 0.8024382378983813 0.029862616990397852 Penicillium-polonicum
4 10 -0.21613831592078847 0.6415824600189787 Penicillium-verrucosum
4 10 0.7945840923207832 0.03277133089558333 Penicillium-mb
4 10 0.7686184273508337 0.043471556204499405 Penicillium-chrysogenum
12 12 0.6247159650259585 0.13364513202357348 Penicillium-brevicompactum
12 12 0.6633254652274516 0.10430238223505418 Penicillium-cvjetkovicii
12 12 0.5028394168035857 0.25004799117702137 Penicillium-commune
12 12 0.8644573649027577 0.012060273603900747 Penicillium-solitum
12 12 0.7052526982054315 0.07670403610297186 Penicillium-polonicum
12 12 0.38936459954752467 0.38793897707602065 Penicillium-verrucosum
12 12 0.16375610670370525 0.7257114035532883 Penicillium-mb
12 12 0.7296215047347947 0.0627184354415419 Penicillium-chrysogenum
12 12 0.1434399366551033 0.7589861733239576 Penicillium-brevicompactum
12 12 -0.48255965694556013 0.2727334787094287 Penicillium-cvjetkovicii
12 12 -0.0006646650294627529 0.9988716298498928 Penicillium-commune
12 12 0.48882642078872884 0.2656276048784733 Penicillium-solitum
12 12 0.6250278338621019 0.13339317937923825 Penicillium-polonicum
12 12 -0.050872916777605706 0.9137471687777982 Penicillium-verrucosum
12 12 0.33367973568189563 0.46452990004945627 Penicillium-mb
12 12 -0.044617067769394315 0.9243310821657664 Penicillium-chrysogenum
8 10 -0.003685378531135293 0.9937435495769242 Penicillium-brevicompactum
8 10 -0.4501702460385281 0.3107899908077463 Penicillium-cvjetkovicii
8 10 -0.14463504069095162 0.7570201123115098 Penicillium-commune
8 10 0.8681458511946167 0.011279787827644019 Penicillium-solitum
8 10 0.7713662287987039 0.042259827985608726 Penicillium-polonicum
8 10 -0.2243074095185027 0.6287108285365911 Penicillium-verrucosum
8 10 0.8101708460987757 0.02714587472278402 Penicillium-mb
8 10 0.7387535085922787 0.05786640218995764 Penicillium-chrysogenum
12 12 0.6365236662807969 0.12427492023951657 Penicillium-brevicompactum
12 12 0.5834616285245803 0.1690853107439456 Penicillium-cvjetkovicii
12 12 0.5444421567154601 0.20638474770613313 Penicillium-commune
12 12 0.48508006540482285 0.2698653860621363 Penicillium-solitum
12 12 0.5519978986760967 0.1988812642481711 Penicillium-polonicum
12 12 -0.9244512507712037 0.0028921091010262754 Penicillium-verrucosum
12 12 0.4447124646501495 0.3174172278914981 Penicillium-mb
12 12 0.6313661240739352 0.12832502879858274 Penicillium-chrysogenum
8 10 -0.012944590424658483 0.9780264218555166 Penicillium-brevicompactum
8 10 -0.36542490964794816 0.42021231771590317 Penicillium-cvjetkovicii
8 10 -0.1021629082950444 0.8274665456637124 Penicillium-commune
8 10 0.889398551490358 0.007355734188431968 Penicillium-solitum
8 10 0.50675455288472 0.2457724925514178 Penicillium-polonicum
8 10 -0.15423741108943242 0.7412617910519371 Penicillium-verrucosum
8 10 0.884118839884708 0.008240971834974412 Penicillium-mb
8 10 0.4805407785267166 0.2750407221997715 Penicillium-chrysogenum
12 12 -0.012944590424658441 0.9780264218555166 Penicillium-brevicompactum
12 12 -0.08583204098989684 0.8548231519225811 Penicillium-cvjetkovicii
12 12 -0.060254040485259036 0.8978951479745663 Penicillium-commune
12 12 0.8240729339247709 0.022624407060689144 Penicillium-solitum
12 12 0.21938706472382347 0.6364548356637649 Penicillium-polonicum
12 12 -0.07780765876239772 0.8683090923056401 Penicillium-verrucosum
12 12 0.8189575144999908 0.024234258423791677 Penicillium-mb
12 12 0.28083621155107996 0.5418139608675352 Penicillium-chrysogenum
4 8 -0.008432175120534362 0.9856856038186088 Penicillium-brevicompactum
4 8 -0.4501702460385281 0.3107899908077463 Penicillium-cvjetkovicii
4 8 -0.2634167041489832 0.5681619627129506 Penicillium-commune
4 8 0.6638155276853949 0.10395404234490327 Penicillium-solitum
4 8 0.6674550304503929 0.10138606502419971 Penicillium-polonicum
4 8 -0.3041847808046631 0.5071553691387647 Penicillium-verrucosum
4 8 0.849070198592487 0.01564376882841783 Penicillium-mb
4 8 0.6882483502743321 0.08735856354974936 Penicillium-chrysogenum
12 8 -0.21213082397990957 0.6479232469159102 Penicillium-brevicompactum
12 8 -0.1130589376478227 0.8092895171189234 Penicillium-cvjetkovicii
12 8 0.02686113031687875 0.9544155780826797 Penicillium-commune
12 8 0.2144812203824701 0.6442022960269949 Penicillium-solitum
12 8 0.4402402522461237 0.3228927841302649 Penicillium-polonicum
12 8 -0.5057107935483389 0.24690899609870579 Penicillium-verrucosum
12 8 0.09425777646077606 0.8406929181562813 Penicillium-mb
12 8 -0.041192834347754 0.930128188663405 Penicillium-chrysogenum
10 12 -0.22782078729763686 0.6231976724190156 Penicillium-brevicompactum
10 12 -0.2698435038682927 0.5583940736453805 Penicillium-cvjetkovicii
10 12 -0.35597031934176615 0.4332346492585896 Penicillium-commune
10 12 0.28140774913557876 0.5409564055116077 Penicillium-solitum
10 12 -0.017601367745452606 0.9701236185351289 Penicillium-polonicum
10 12 -0.38655401023447333 0.3916747578193917 Penicillium-verrucosum
10 12 0.27477609635084216 0.5509341930279197 Penicillium-mb
10 12 0.7915937777529037 0.03391854627778973 Penicillium-chrysogenum
12 12 -0.2347602578518503 0.612349495860518 Penicillium-brevicompactum
12 12 -0.611193770059489 0.1448012095008163 Penicillium-cvjetkovicii
12 12 0.06315239634046822 0.8930028247024898 Penicillium-commune
12 12 0.49760296530074327 0.25581943294722287 Penicillium-solitum
12 12 0.6650855401808835 0.10305413461202545 Penicillium-polonicum
12 12 -0.5450119692230222 0.20581423383997494 Penicillium-verrucosum
12 12 0.8045211986296243 0.02911649739709554 Penicillium-mb
12 12 0.2810443677725556 0.5415015838956396 Penicillium-chrysogenum
8 10 -0.011891689701939583 0.9798134679394757 Penicillium-brevicompactum
8 10 -0.4501702460385281 0.3107899908077463 Penicillium-cvjetkovicii
8 10 -0.2190955526704568 0.6369144728009379 Penicillium-commune
8 10 0.865959198896157 0.011738864950882019 Penicillium-solitum
8 10 0.7799035311330079 0.038615326783288814 Penicillium-polonicum
8 10 -0.2714262095632754 0.5559969107926616 Penicillium-verrucosum
8 10 0.4603929677712799 0.2985413265705916 Penicillium-mb
8 10 0.6945156576983573 0.08334598139069949 Penicillium-chrysogenum
8 10 -0.0053280406924838914 0.990954965579069 Penicillium-brevicompactum
8 10 -0.4501702460385266 0.3107899908077482 Penicillium-cvjetkovicii
8 10 -0.1511949872065574 0.7462471338243044 Penicillium-commune
8 10 0.8386591135377706 0.018374131671541657 Penicillium-solitum
8 10 0.6492576025595342 0.11456038708273907 Penicillium-polonicum
8 10 -0.23468251797443795 0.6124707162086251 Penicillium-verrucosum
8 10 0.5762747657180647 0.1756830591000814 Penicillium-mb
8 10 0.7947328048887919 0.032714852220422794 Penicillium-chrysogenum
10 10 0.01650302009671532 0.9719874179128207 Penicillium-brevicompactum
10 10 0.2727636760488823 0.55397378418824 Penicillium-cvjetkovicii
10 10 -0.393358946799804 0.3826546124739309 Penicillium-commune
10 10 0.6729782811440389 0.09755300739988713 Penicillium-solitum
10 10 0.39406904130509846 0.38171825476959576 Penicillium-polonicum
10 10 -0.4820192791475463 0.2733501821516748 Penicillium-verrucosum
10 10 0.5856733012576948 0.16707997827559776 Penicillium-mb
10 10 0.8116223318108045 0.026652074310960984 Penicillium-chrysogenum
12 12 -0.012944590424658283 0.9780264218555169 Penicillium-brevicompactum
12 12 -0.27223264805276093 0.5547767612623515 Penicillium-cvjetkovicii
12 12 -0.1683865611531503 0.7181734693663517 Penicillium-commune
12 12 0.38930523355344715 0.38801773634167724 Penicillium-solitum
12 12 0.4438135511116979 0.3185145651523549 Penicillium-polonicum
12 12 -0.3741683437190386 0.4083072444426774 Penicillium-verrucosum
12 12 0.6694349520785267 0.10000314199285039 Penicillium-mb
12 12 0.3846656145023286 0.39419283773799146 Penicillium-chrysogenum
8 8 -0.11295439068970176 0.8094636125758523 Penicillium-brevicompactum
8 8 -0.46613125955113155 0.2917609096627825 Penicillium-cvjetkovicii
8 8 -0.6856927674788509 0.08902342375787191 Penicillium-commune
8 8 0.6610008522854348 0.10596300268560085 Penicillium-solitum
8 8 0.3472067095598094 0.44544057118738556 Penicillium-polonicum
8 8 0.039256820146032156 0.9334068931897198 Penicillium-verrucosum
8 8 0.7440379806421736 0.05515526857462547 Penicillium-mb
8 8 0.5741420845401093 0.17766479367095342 Penicillium-chrysogenum
12 12 -0.2513864292809174 0.5865891320520632 Penicillium-brevicompactum
12 12 0.5782999910798172 0.17381127346121106 Penicillium-cvjetkovicii
12 12 0.4865675417670669 0.2681791524653073 Penicillium-commune
12 12 0.7906817610194443 0.03427281686636298 Penicillium-solitum
12 12 0.1063829654959503 0.8204188942786514 Penicillium-polonicum
12 12 0.49159388225537365 0.26251669009635087 Penicillium-verrucosum
12 12 0.7863339694579521 0.03598992217100509 Penicillium-mb
12 12 0.060350726658553185 0.8977319029246695 Penicillium-chrysogenum
12 12 -0.37234961844006453 0.41077258337759404 Penicillium-brevicompactum
12 12 -0.36454780243677776 0.4214139415849745 Penicillium-cvjetkovicii
12 12 -0.13850839769569828 0.7671098580005369 Penicillium-commune
12 12 0.4240939498512622 0.3429943503581693 Penicillium-solitum
12 12 0.18555728792990478 0.6903832052422887 Penicillium-polonicum
12 12 -0.6475306270635198 0.11585401905438245 Penicillium-verrucosum
12 12 0.4146513531718563 0.3549873150985889 Penicillium-mb
12 12 0.12208092610038758 0.794289933132259 Penicillium-chrysogenum
10 8 -0.015473091412253467 0.9737352085559474 Penicillium-brevicompactum
10 8 0.3149939529716836 0.49137929511419876 Penicillium-cvjetkovicii
10 8 -0.2447997778962522 0.5967546091329771 Penicillium-commune
10 8 0.7455739894066873 0.054380505238974856 Penicillium-solitum
10 8 0.5974613736145062 0.15659169240267595 Penicillium-polonicum
10 8 -0.31215027866994843 0.4955126389285488 Penicillium-verrucosum
10 8 0.6831681140076231 0.09068443599109338 Penicillium-mb
10 8 0.5255766473396859 0.22569704752513872 Penicillium-chrysogenum
8 8 -0.10151517656087318 0.8285491069743298 Penicillium-brevicompactum
8 8 0.06955231381421732 0.8822097144523047 Penicillium-cvjetkovicii
8 8 -0.27483670434403096 0.5508427341106271 Penicillium-commune
8 8 0.319314242723271 0.48512325288182445 Penicillium-solitum
8 8 0.33884997270416745 0.45719846617216914 Penicillium-polonicum
8 8 -0.1673156167410246 0.719915270227903 Penicillium-verrucosum
8 8 0.6007905261778911 0.1536908905635154 Penicillium-mb
8 8 0.3307093055776357 0.4687613981772677 Penicillium-chrysogenum
8 8 -0.026728429390696074 0.9546406156016386 Penicillium-brevicompactum
8 8 0.26556461333537484 0.5648914168098731 Penicillium-cvjetkovicii
8 8 -0.41383973428300486 0.3560261860365743 Penicillium-commune
8 8 0.7802123622967231 0.03848689172015249 Penicillium-solitum
8 8 0.5361616783804098 0.21476040720392975 Penicillium-polonicum
8 8 -0.4103560487497563 0.3604996289800448 Penicillium-verrucosum
8 8 0.7833618945791831 0.03719060824673612 Penicillium-mb
8 8 0.6209220650494752 0.1367294850592363 Penicillium-chrysogenum
10 10 -0.012944590424658441 0.9780264218555166 Penicillium-brevicompactum
10 10 -0.3377849891691944 0.45870509025792605 Penicillium-cvjetkovicii
10 10 -0.601633973396526 0.1529602684556057 Penicillium-commune
10 10 0.6279646326721104 0.13103245736610258 Penicillium-solitum
10 10 0.22431349902982822 0.6287012609909619 Penicillium-polonicum
10 10 -0.2913454342704169 0.5261180902812888 Penicillium-verrucosum
10 10 0.6128540109988303 0.14340713955529713 Penicillium-mb
10 10 0.29136805678542577 0.5260844700590739 Penicillium-chrysogenum
10 12 -0.01294459042465847 0.9780264218555166 Penicillium-brevicompactum
10 12 -0.07965984069811655 0.8651939244334845 Penicillium-cvjetkovicii
10 12 -0.34190777565384217 0.45288286753103396 Penicillium-commune
10 12 0.7175863343599269 0.06943669477091806 Penicillium-solitum
10 12 0.390732909043651 0.38612546341638193 Penicillium-polonicum
10 12 -0.4018017886466129 0.37158206278096884 Penicillium-verrucosum
10 12 0.6555985531170285 0.10987491757844633 Penicillium-mb
10 12 0.7728962928548085 0.04159328283643928 Penicillium-chrysogenum
6 6 -0.23739024792214883 0.6082526858320731 Penicillium-brevicompactum
6 6 0.30213796046199637 0.5101623037097232 Penicillium-cvjetkovicii
6 6 -0.4690177580655104 0.2883763024436427 Penicillium-commune
6 6 0.6724461651902626 0.09791892361510553 Penicillium-solitum
6 6 0.5661256025207004 0.1852111080175123 Penicillium-polonicum
6 6 -0.48114187245762796 0.2743528557281315 Penicillium-verrucosum
6 6 0.7029071101131366 0.07812996284619296 Penicillium-mb
6 6 0.610424047801905 0.14544983385199164 Penicillium-chrysogenum
10 10 -0.01294459042465853 0.9780264218555166 Penicillium-brevicompactum
10 10 -0.37749545415890984 0.40381238719188595 Penicillium-cvjetkovicii
10 10 -0.24917349162235078 0.5899985273249014 Penicillium-commune
10 10 0.7677169801982027 0.04387319463346101 Penicillium-solitum
10 10 0.5804407556957926 0.17184341727615726 Penicillium-polonicum
10 10 -0.27916516363907806 0.544323829747639 Penicillium-verrucosum
10 10 0.38879233621162357 0.3886984513678733 Penicillium-mb
10 10 0.4826787700841827 0.27259762596887743 Penicillium-chrysogenum
10 10 -0.1134574162949945 0.8086260131422867 Penicillium-brevicompactum
10 10 0.03422308962832653 0.9419350959168571 Penicillium-cvjetkovicii
10 10 -0.3178126599635029 0.4872943922025547 Penicillium-commune
10 10 0.49162019907007504 0.2624871873051329 Penicillium-solitum
10 10 -0.8617656810849237 0.012648825111655552 Penicillium-polonicum
10 10 -0.4894501647485353 0.2649249974095628 Penicillium-verrucosum
10 10 0.41617081986729426 0.3530458049164009 Penicillium-mb
10 10 0.4370752955690938 0.3267921494606236 Penicillium-chrysogenum
8 10 -0.012944590424658634 0.9780264218555164 Penicillium-brevicompactum
8 10 -0.3365352150928524 0.460475477865884 Penicillium-cvjetkovicii
8 10 -0.2759809659217394 0.5491169447665689 Penicillium-commune
8 10 0.6293192717992041 0.1299507741274092 Penicillium-solitum
8 10 0.3402493257817882 0.4552216124113369 Penicillium-polonicum
8 10 -0.3172269681453957 0.4881421831945773 Penicillium-verrucosum
8 10 0.6241126540351315 0.13413322082895995 Penicillium-mb
8 10 0.2612480031704948 0.5714702251261687 Penicillium-chrysogenum
12 10 -0.1738195044158305 0.70935230512271 Penicillium-brevicompactum
12 10 -0.0894479610853805 0.8487551727445438 Penicillium-cvjetkovicii
12 10 -0.35784661718894656 0.43063816637539376 Penicillium-commune
12 10 0.5462741648754362 0.20455317596528688 Penicillium-solitum
12 10 0.8657186704325469 0.011790005611261043 Penicillium-polonicum
12 10 -0.4270830077501255 0.33923416979669957 Penicillium-verrucosum
12 10 0.3912529921468109 0.3854370608852004 Penicillium-mb
12 10 0.20473442051835541 0.6596703823907336 Penicillium-chrysogenum
6 10 -0.007924488315644115 0.9865473932107296 Penicillium-brevicompactum
6 10 -0.45017024603852906 0.3107899908077451 Penicillium-cvjetkovicii
6 10 -0.19994223596546296 0.6673113660338965 Penicillium-commune
6 10 0.8297349676083938 0.020915053085153467 Penicillium-solitum
6 10 0.6784925286963196 0.093803345615138 Penicillium-polonicum
6 10 -0.27230336802745564 0.5546698025753953 Penicillium-verrucosum
6 10 0.7657093949795357 0.0447749888189493 Penicillium-mb
6 10 0.6119711636471459 0.14414760230101684 Penicillium-chrysogenum
12 12 -0.02353404255913288 0.9600584314747223 Penicillium-brevicompactum
12 12 -0.1209170072084973 0.7962222717386246 Penicillium-cvjetkovicii
12 12 -0.21590468192228932 0.6419516526327087 Penicillium-commune
12 12 0.19759416181270167 0.6710636910764793 Penicillium-solitum
12 12 0.12829361814350163 0.7839899516724815 Penicillium-polonicum
12 12 -0.5428185202450472 0.20801452267098544 Penicillium-verrucosum
12 12 0.2194115309571249 0.6364162631195781 Penicillium-mb
12 12 0.12786617635118205 0.7846978170218077 Penicillium-chrysogenum
6 10 -0.01294459042465855 0.9780264218555165 Penicillium-brevicompactum
6 10 -0.4040123229228304 0.36870498163289894 Penicillium-cvjetkovicii
6 10 -0.3408566812456006 0.4543645990256185 Penicillium-commune
6 10 0.7602165555614725 0.04729403637603922 Penicillium-solitum
6 10 0.5882470340410405 0.16476125462163974 Penicillium-polonicum
6 10 -0.4186476394729183 0.349890573638421 Penicillium-verrucosum
6 10 0.7548949384427824 0.049806936545308295 Penicillium-mb
6 10 0.6006311303420582 0.1538291600815704 Penicillium-chrysogenum
12 12 -0.03880907655816092 0.9341652698256521 Penicillium-brevicompactum
12 12 -0.1623746567664854 0.7279637095580893 Penicillium-cvjetkovicii
12 12 -0.42632690746460306 0.34018367371800773 Penicillium-commune
12 12 0.5338691378937729 0.21710729637820853 Penicillium-solitum
12 12 0.47967927780229125 0.27602793920532676 Penicillium-polonicum
12 12 -0.3241647450391452 0.478133723960228 Penicillium-verrucosum
12 12 0.4867842573277207 0.26793387882177555 Penicillium-mb
12 12 0.5556888138195565 0.19526446652495003 Penicillium-chrysogenum
12 12 0.07342017796880303 0.8756937055555101 Penicillium-brevicompactum
12 12 0.1253079613491779 0.788936804276275 Penicillium-cvjetkovicii
12 12 -0.1415643010239186 0.7620738530298958 Penicillium-commune
12 12 0.3083011618523236 0.5011268511758389 Penicillium-solitum
12 12 0.20672326246429093 0.6565060902298855 Penicillium-polonicum
12 12 -0.46548161262781784 0.29252507816594453 Penicillium-verrucosum
12 12 0.11254892245263487 0.8101388723125761 Penicillium-mb
12 12 0.310273823071877 0.4982468035969385 Penicillium-chrysogenum
6 10 -0.012944590424658417 0.9780264218555167 Penicillium-brevicompactum
6 10 -0.3849421058365817 0.3938237469751799 Penicillium-cvjetkovicii
6 10 -0.6771543934976519 0.09470618206563604 Penicillium-commune
6 10 0.39381497569379786 0.3820531685909032 Penicillium-solitum
6 10 0.2759371562569404 0.5491829865176963 Penicillium-polonicum
6 10 -0.5162676180665244 0.2355262624285192 Penicillium-verrucosum
6 10 0.46229513599742983 0.2962860827564423 Penicillium-mb
6 10 0.6984493788052272 0.08087851085573605 Penicillium-chrysogenum
12 12 0.8131700905585493 0.026131126030946982 Penicillium-brevicompactum
12 12 0.9123658173302213 0.004163304079737254 Penicillium-cvjetkovicii
12 12 0.7496750338757312 0.05234117839197641 Penicillium-commune
12 12 0.7887663851358604 0.03502351730849807 Penicillium-solitum
12 12 0.9556509463329825 0.0007767258184825949 Penicillium-polonicum
12 12 0.7219755348954938 0.06694387628207044 Penicillium-verrucosum
12 12 0.7666406013226981 0.044355440633081396 Penicillium-mb
12 12 0.49122880995701995 0.26292611465893007 Penicillium-chrysogenum
4 8 -0.010174381847716095 0.9827283269149842 Penicillium-brevicompactum
4 8 -0.4501702460385272 0.31078999080774733 Penicillium-cvjetkovicii
4 8 -0.4872876292443061 0.26736456670500947 Penicillium-commune
4 8 0.6479874771301664 0.11551107532730255 Penicillium-solitum
4 8 0.7121218237919348 0.07260875756494288 Penicillium-polonicum
4 8 -0.2726631180767197 0.5541258108175573 Penicillium-verrucosum
4 8 0.7203227023071715 0.06787683736606827 Penicillium-mb
4 8 0.6790580709915331 0.09342314204088785 Penicillium-chrysogenum
6 8 -0.01294459042465865 0.9780264218555164 Penicillium-brevicompactum
6 8 -0.42116508817086196 0.3466957575253385 Penicillium-cvjetkovicii
6 8 -0.42295607011090325 0.3444303803539509 Penicillium-commune
6 8 0.535455710383422 0.2154818219778724 Penicillium-solitum
6 8 0.6198309086505416 0.1376231801546164 Penicillium-polonicum
6 8 -0.35097746845109173 0.44017290094406397 Penicillium-verrucosum
6 8 0.8187996366672188 0.024284937689561283 Penicillium-mb
6 8 0.6588385644649016 0.10751991829631617 Penicillium-chrysogenum
12 12 -0.012944590424658347 0.9780264218555168 Penicillium-brevicompactum
12 12 -0.6315846046746101 0.12815211394411646 Penicillium-cvjetkovicii
12 12 0.12854761275760707 0.7835693797254104 Penicillium-commune
12 12 0.221028410836912 0.6338686010224623 Penicillium-solitum
12 12 0.6781036444727524 0.09406525634632426 Penicillium-polonicum
12 12 -0.9806267996971064 9.92967361687894e-05 Penicillium-verrucosum
12 12 0.20301963667321538 0.6624018842705863 Penicillium-mb
12 12 0.6669869082594553 0.10171448665588266 Penicillium-chrysogenum
10 8 -0.047025422302370945 0.9202554051161461 Penicillium-brevicompactum
10 8 0.3079533268824665 0.5016352873253636 Penicillium-cvjetkovicii
10 8 -0.2771808004395659 0.5473092395718004 Penicillium-commune
10 8 0.7736092075441022 0.04128471158814835 Penicillium-solitum
10 8 0.5550871123567219 0.19585190154233195 Penicillium-polonicum
10 8 -0.3412692468633225 0.45378278858763027 Penicillium-verrucosum
10 8 0.6702570505779473 0.0994318446920471 Penicillium-mb
10 8 0.5285262462864825 0.22262369217580982 Penicillium-chrysogenum
