#SPECIES: Penicillium-chrysogenum Penicillium-commune Penicillium-mb Penicillium-polonicum Penicillium-verrucosum Penicillium-solitum Penicillium-cvjetkovicii Penicillium-brevicompactum 
#GENE_TREEs p: 0.06061827971589217 0.05049719826224152 0.005890961019520106 0.011273954913356444 0.00655597949704442 0.006630539892910529 2.3248047862454307e-05 0.0014082699139957462 
#GENE_TREEs r: 0.7335254420903218 0.7534590491901889 0.8990150955376133 0.8681739601308869 0.8944950047044375 0.8940051322208433 0.9891811335267283 0.943585058870579 
7 12 0.19302062717423252 0.6783879572572181 Penicillium-chrysogenum
7 12 0.17515046171121848 0.7071951988112013 Penicillium-commune
7 12 -0.31509667443354633 0.49123021700184977 Penicillium-mb
7 12 -0.3890295239144451 0.3883835972421365 Penicillium-polonicum
7 12 -0.48118820914956223 0.27429986219113084 Penicillium-verrucosum
7 12 -0.31790710988665766 0.4871577248736119 Penicillium-solitum
7 12 -0.3643968951324468 0.4216208165322983 Penicillium-cvjetkovicii
7 12 -0.27161247322043613 0.5557150150781301 Penicillium-brevicompactum
9 12 0.04165306282383626 0.9293488906178557 Penicillium-chrysogenum
9 12 -0.2942078509410903 0.5218699249966571 Penicillium-commune
9 12 -0.07441951487723131 0.8740110648274425 Penicillium-mb
9 12 -0.1302967730789749 0.780674209058406 Penicillium-polonicum
9 12 -0.08667098690789533 0.853414776686783 Penicillium-verrucosum
9 12 -0.07598429850648311 0.8713771092660987 Penicillium-solitum
9 12 0.33033215649051006 0.4692996680551736 Penicillium-cvjetkovicii
9 12 -0.1034480336182737 0.8253193454589971 Penicillium-brevicompactum
5 10 0.3287903264752921 0.4715025256021988 Penicillium-chrysogenum
5 10 0.2506524416054995 0.5877192909309676 Penicillium-commune
5 10 -0.09798244738624354 0.8344571592543568 Penicillium-mb
5 10 -0.059984171097195595 0.8983508109062399 Penicillium-polonicum
5 10 -0.16250939990463298 0.727743956573517 Penicillium-verrucosum
5 10 -0.7450339633590585 0.05465221387136435 Penicillium-solitum
5 10 -0.10708987673513104 0.8192392543662916 Penicillium-cvjetkovicii
5 10 -0.27085388011088923 0.5568633760807395 Penicillium-brevicompactum
11 12 0.04165306282383647 0.9293488906178553 Penicillium-chrysogenum
11 12 0.23089499844572478 0.6183850849064485 Penicillium-commune
11 12 0.12390441688200406 0.7912642568299502 Penicillium-mb
11 12 -0.3544908434861841 0.4352862037498175 Penicillium-polonicum
11 12 -0.34835909850780844 0.4438281962032397 Penicillium-verrucosum
11 12 0.12689367028908344 0.7863087755748225 Penicillium-solitum
11 12 -0.10182543260553541 0.8280305455572536 Penicillium-cvjetkovicii
11 12 0.1351009778632611 0.7727328344609885 Penicillium-brevicompactum
11 10 -0.25412195978517216 0.5823829889905354 Penicillium-chrysogenum
11 10 0.07623791869933874 0.8709502861127247 Penicillium-commune
11 10 -0.21426635200032035 0.6445422138145585 Penicillium-mb
11 10 -0.7170931474634641 0.06971986125290124 Penicillium-polonicum
11 10 -0.18680305284709656 0.6883773330474483 Penicillium-verrucosum
11 10 -0.17143841912110727 0.7132152178530351 Penicillium-solitum
11 10 -0.32391946134922445 0.47848629747496935 Penicillium-cvjetkovicii
11 10 -0.41569106505801845 0.35365833523174967 Penicillium-brevicompactum
7 12 0.22425968966752607 0.6287858050873523 Penicillium-chrysogenum
7 12 -0.047988042035228266 0.9186267404615003 Penicillium-commune
7 12 -0.3977981059652989 0.37681626707067817 Penicillium-mb
7 12 -0.37384260690865884 0.40874836183971286 Penicillium-polonicum
7 12 -0.37326937994514287 0.40952508881580735 Penicillium-verrucosum
7 12 -0.5546349127477237 0.19629393978137258 Penicillium-solitum
7 12 -0.3568009993991687 0.43208438942335176 Penicillium-cvjetkovicii
7 12 -0.27211433828222015 0.5549557108831603 Penicillium-brevicompactum
9 12 -0.014645104002246126 0.9751403653992473 Penicillium-chrysogenum
9 12 0.12488330515077604 0.7896408669942735 Penicillium-commune
9 12 -0.2999691390526192 0.5133551720270159 Penicillium-mb
9 12 -0.3635240776628443 0.42281811127032554 Penicillium-polonicum
9 12 -0.5587548849575636 0.19228433328617708 Penicillium-verrucosum
9 12 -0.3020202158102217 0.5103354668316988 Penicillium-solitum
9 12 -0.3304025914762199 0.46919912558006577 Penicillium-cvjetkovicii
9 12 -0.26664886951475886 0.5632427400081161 Penicillium-brevicompactum
11 12 0.4761195516530541 0.2801239717842646 Penicillium-chrysogenum
11 12 0.45088139323618504 0.30993094274465227 Penicillium-commune
11 12 -0.6471735266678785 0.11612244891176689 Penicillium-mb
11 12 -0.6343093950174344 0.1260056034072764 Penicillium-polonicum
11 12 -0.5155614297816989 0.23627990338217555 Penicillium-verrucosum
11 12 0.146022008542014 0.7547397225867998 Penicillium-solitum
11 12 0.34250607782279824 0.45204024596370335 Penicillium-cvjetkovicii
11 12 0.31260261275091905 0.4948543418722805 Penicillium-brevicompactum
11 12 0.4670726254176761 0.2906551702588812 Penicillium-chrysogenum
11 12 0.44122349587718007 0.32168548525188956 Penicillium-commune
11 12 -0.5390876296981582 0.21178269262041235 Penicillium-mb
11 12 -0.5164023826221553 0.2353825698729917 Penicillium-polonicum
11 12 -0.49809076145596465 0.2552792478385565 Penicillium-verrucosum
11 12 0.3053440128457669 0.5054551092381638 Penicillium-solitum
11 12 0.3519266245197009 0.43885069064278187 Penicillium-cvjetkovicii
11 12 0.3128772948971188 0.4944547386479974 Penicillium-brevicompactum
7 8 0.3309966842366941 0.4683514010611105 Penicillium-chrysogenum
7 8 0.38761175054426344 0.390267142135673 Penicillium-commune
7 8 -0.4113042531795525 0.35927973059217755 Penicillium-mb
7 8 -0.3144437606949468 0.49217805425112526 Penicillium-polonicum
7 8 -0.34525043808500355 0.4481827443938091 Penicillium-verrucosum
7 8 -0.39730938057190374 0.3774572463487757 Penicillium-solitum
7 8 -0.2326659276182447 0.6156176471191219 Penicillium-cvjetkovicii
7 8 -0.270853880110889 0.5568633760807398 Penicillium-brevicompactum
7 12 0.24252408586725605 0.6002790442089299 Penicillium-chrysogenum
7 12 0.19450000723636166 0.6760165810385226 Penicillium-commune
7 12 -0.3074480379724606 0.5023741980821197 Penicillium-mb
7 12 -0.4324755528595455 0.3324949575560981 Penicillium-polonicum
7 12 -0.2970284432429542 0.5176953091720135 Penicillium-verrucosum
7 12 -0.3432724853243288 0.4509617296742659 Penicillium-solitum
7 12 -0.2727079834467218 0.5540579803044383 Penicillium-cvjetkovicii
7 12 -0.2708538801108891 0.5568633760807398 Penicillium-brevicompactum
9 8 -0.06710879574419472 0.8863289377926248 Penicillium-chrysogenum
9 8 0.24893961520880226 0.5903592050141048 Penicillium-commune
9 8 -0.24485090050102776 0.5966755056561053 Penicillium-mb
9 8 -0.22284624612655526 0.6310077287100051 Penicillium-polonicum
9 8 -0.3072226381320837 0.5027039349473806 Penicillium-verrucosum
9 8 -0.320360473010893 0.48361256108041967 Penicillium-solitum
9 8 -0.3885194440434581 0.38906082824871674 Penicillium-cvjetkovicii
9 8 -0.270853880110889 0.5568633760807398 Penicillium-brevicompactum
7 10 0.008945093216233579 0.9848149456450745 Penicillium-chrysogenum
7 10 -0.09312975591448794 0.8425827442979925 Penicillium-commune
7 10 -0.17523503738664387 0.7070581779510108 Penicillium-mb
7 10 -0.25422655018702317 0.5822223564365359 Penicillium-polonicum
7 10 -0.2844832634801627 0.5363495280541789 Penicillium-verrucosum
7 10 -0.20339542955679657 0.6618030232558484 Penicillium-solitum
7 10 -0.3304025914762177 0.469199125580069 Penicillium-cvjetkovicii
7 10 -0.2410193962798997 0.6026128153043105 Penicillium-brevicompactum
9 10 -0.36289452494281726 0.42368252133867174 Penicillium-chrysogenum
9 10 0.07306692310309869 0.8762885903352589 Penicillium-commune
9 10 -0.01852295960064431 0.9685598413420349 Penicillium-mb
9 10 -0.11995464824194975 0.7978206062600129 Penicillium-polonicum
9 10 -0.6034025147111334 0.15143395327506412 Penicillium-verrucosum
9 10 -0.03258380505829393 0.944713374443314 Penicillium-solitum
9 10 -0.3424540843298933 0.45211344797198877 Penicillium-cvjetkovicii
9 10 -0.05175604983674316 0.9122538334748499 Penicillium-brevicompactum
9 10 0.09360922802896642 0.841779388156868 Penicillium-chrysogenum
9 10 -0.4667646341342041 0.29101673541439677 Penicillium-commune
9 10 0.09413419812123171 0.8408999252590099 Penicillium-mb
9 10 -0.01687400457043618 0.9713578782083077 Penicillium-polonicum
9 10 0.06618292716344305 0.8878902804332458 Penicillium-verrucosum
9 10 0.09556781119938655 0.8384989187341527 Penicillium-solitum
9 10 -0.588115573828949 0.16487930092475875 Penicillium-cvjetkovicii
9 10 0.11863620976516916 0.8000112466998129 Penicillium-brevicompactum
7 8 -0.06911430310076375 0.8829479491889116 Penicillium-chrysogenum
7 8 -0.16504809362457848 0.7236063780509645 Penicillium-commune
7 8 -0.1043949776452545 0.8237377351455655 Penicillium-mb
7 8 -0.14936340755618846 0.7492517829073018 Penicillium-polonicum
7 8 -0.1184520648472444 0.8003172944109024 Penicillium-verrucosum
7 8 -0.11612441812817628 0.8041875695184719 Penicillium-solitum
7 8 -0.3304025914762174 0.4691991255800691 Penicillium-cvjetkovicii
7 8 -0.369065658241287 0.41523882391812145 Penicillium-brevicompactum
5 10 0.3663279058387643 0.41897661869470876 Penicillium-chrysogenum
5 10 0.23916659778226781 0.6054902065115432 Penicillium-commune
5 10 -0.3921139967540234 0.38429849174894787 Penicillium-mb
5 10 -0.32446287888724495 0.47770530955912927 Penicillium-polonicum
5 10 -0.4342921083995079 0.33023773405377665 Penicillium-verrucosum
5 10 -0.48244587999975747 0.2728632738526084 Penicillium-solitum
5 10 -0.2366623006184222 0.6093858205037803 Penicillium-cvjetkovicii
5 10 -0.27085388011088907 0.5568633760807398 Penicillium-brevicompactum
11 12 0.019253401670309093 0.9673204679941704 Penicillium-chrysogenum
11 12 -0.1117368896222665 0.8114914988542985 Penicillium-commune
11 12 -0.3528839138136518 0.43751868136645433 Penicillium-mb
11 12 -0.432327006481326 0.3326798291065918 Penicillium-polonicum
11 12 -0.1263625938631519 0.7871887611417738 Penicillium-verrucosum
11 12 -0.08429349962752858 0.8574067630525753 Penicillium-solitum
11 12 -0.3304025914762191 0.4691991255800673 Penicillium-cvjetkovicii
11 12 -0.06002879276912136 0.8982754675844701 Penicillium-brevicompactum
7 10 0.5110979261295695 0.2410692517164004 Penicillium-chrysogenum
7 10 -0.2748897167575279 0.5507627411586339 Penicillium-commune
7 10 0.053237538400308176 0.9097491707993067 Penicillium-mb
7 10 -0.030811280093308555 0.947717971175378 Penicillium-polonicum
7 10 -0.16016343560188756 0.7315721044081509 Penicillium-verrucosum
7 10 0.027053313012298706 0.9540896741778669 Penicillium-solitum
7 10 -0.6014690374028274 0.15310300459497184 Penicillium-cvjetkovicii
7 10 -0.051057345270556005 0.9134352923252226 Penicillium-brevicompactum
11 10 -0.39145117595389944 0.3851748674622462 Penicillium-chrysogenum
11 10 0.08554594580388214 0.8553035026750653 Penicillium-commune
11 10 -0.49612110182298297 0.2574636541266355 Penicillium-mb
11 10 -0.4872774876915281 0.26737603135168575 Penicillium-polonicum
11 10 -0.16473517872933052 0.7241160815643761 Penicillium-verrucosum
11 10 -0.17827397741101497 0.7021389909598282 Penicillium-solitum
11 10 -0.16694286837333766 0.7205217403984399 Penicillium-cvjetkovicii
11 10 -0.3158351563193436 0.490158942695301 Penicillium-brevicompactum
7 10 -0.10833261468314535 0.8171661254564546 Penicillium-chrysogenum
7 10 -0.11389562033057195 0.8078964679584035 Penicillium-commune
7 10 0.017223971267532532 0.9707640153194649 Penicillium-mb
7 10 -0.04821789195540464 0.9182378886782285 Penicillium-polonicum
7 10 -0.3209991486922639 0.4826911842129296 Penicillium-verrucosum
7 10 0.0028783043832067523 0.9951136589575262 Penicillium-solitum
7 10 -0.4931245595438216 0.26080321738459517 Penicillium-cvjetkovicii
7 10 -0.4411507489946882 0.3217747424828425 Penicillium-brevicompactum
9 12 0.13932418018095782 0.765764837315955 Penicillium-chrysogenum
9 12 0.14634082640414944 0.7542157362730799 Penicillium-commune
9 12 -0.5373655024989545 0.21353289320506502 Penicillium-mb
9 12 -0.37187892966258673 0.411411565968308 Penicillium-polonicum
9 12 -0.33005340505182607 0.46969764928020763 Penicillium-verrucosum
9 12 -0.3761674209639426 0.4056041773936704 Penicillium-solitum
9 12 -0.2511190119572234 0.5870008111598877 Penicillium-cvjetkovicii
9 12 -0.2708538801108893 0.5568633760807394 Penicillium-brevicompactum
9 8 0.018700104778885743 0.9682592665898087 Penicillium-chrysogenum
9 8 -0.1371992591599194 0.7692692696394174 Penicillium-commune
9 8 -0.1223159586312964 0.7938998332290582 Penicillium-mb
9 8 -0.20004014807305087 0.6671550172548915 Penicillium-polonicum
9 8 -0.11393823311641 0.807825529842721 Penicillium-verrucosum
9 8 -0.11243433980856432 0.8103297132356853 Penicillium-solitum
9 8 -0.3581248139925133 0.43025369782002787 Penicillium-cvjetkovicii
9 8 -0.29700275439367435 0.517733278231304 Penicillium-brevicompactum
11 10 0.0460699661702531 0.9218721688379465 Penicillium-chrysogenum
11 10 0.06303007730454181 0.89320924132271 Penicillium-commune
11 10 -0.6389272727837992 0.12241012815368148 Penicillium-mb
11 10 -0.49331943080625174 0.26058544146525103 Penicillium-polonicum
11 10 0.28437740478319107 0.5365078784348748 Penicillium-verrucosum
11 10 -0.32430466279412634 0.47793264670084334 Penicillium-solitum
11 10 0.2815288102478572 0.5407748187335468 Penicillium-cvjetkovicii
11 10 -0.46248771244160336 0.29605818148611224 Penicillium-brevicompactum
11 12 0.04955175111476942 0.9159815717391118 Penicillium-chrysogenum
11 12 -0.4470903554642424 0.314522357890866 Penicillium-commune
11 12 -0.31928416570144613 0.4851667072084424 Penicillium-mb
11 12 -0.07092547012002852 0.8798958022013386 Penicillium-polonicum
11 12 -0.15754038837550743 0.7358576408991694 Penicillium-verrucosum
11 12 -0.3178311837474641 0.48726758754316984 Penicillium-solitum
11 12 0.12324645958978066 0.792355751707273 Penicillium-cvjetkovicii
11 12 -0.12315207465523957 0.7925123503909051 Penicillium-brevicompactum
9 12 0.046054811275563226 0.9218978147481514 Penicillium-chrysogenum
9 12 -0.2906876699370494 0.5270959375169293 Penicillium-commune
9 12 -0.15327626991413434 0.7428359557836968 Penicillium-mb
9 12 -0.07208317987786172 0.8779454672824056 Penicillium-polonicum
9 12 -0.12258860611096997 0.7934473439630854 Penicillium-verrucosum
9 12 -0.7111789596806051 0.07316376603044542 Penicillium-solitum
9 12 0.2195841572192543 0.6361441255910515 Penicillium-cvjetkovicii
9 12 -0.15415234010681536 0.74140109213234 Penicillium-brevicompactum
11 12 -0.44695045964345415 0.31469235018508873 Penicillium-chrysogenum
11 12 0.07798319134058145 0.8680138070287273 Penicillium-commune
11 12 -0.23389931641855777 0.6136923593508383 Penicillium-mb
11 12 -0.4819120089001484 0.27347267851201307 Penicillium-polonicum
11 12 -0.6894961808059056 0.08655168579395074 Penicillium-verrucosum
11 12 -0.2335156397459265 0.6142910802516821 Penicillium-solitum
11 12 0.0954180139727611 0.8387497518924149 Penicillium-cvjetkovicii
11 12 -0.20897707078022637 0.6529251575613324 Penicillium-brevicompactum
7 8 0.3896455100663665 0.3875663879652631 Penicillium-chrysogenum
7 8 0.3613145101449581 0.42585497147484486 Penicillium-commune
7 8 -0.4013777232425516 0.3721350455393487 Penicillium-mb
7 8 -0.33575480786613576 0.4615822553912233 Penicillium-polonicum
7 8 -0.333429300472936 0.4648861110632659 Penicillium-verrucosum
7 8 -0.3763988786280324 0.40529166782255327 Penicillium-solitum
7 8 -0.23638552361851992 0.6098168190315736 Penicillium-cvjetkovicii
7 8 -0.2708538801108893 0.5568633760807394 Penicillium-brevicompactum
9 12 0.08621314954557611 0.8541833301326593 Penicillium-chrysogenum
9 12 0.05739477339330237 0.9027240126775062 Penicillium-commune
9 12 -0.48688007524022997 0.2678254667556519 Penicillium-mb
9 12 0.28266969011506016 0.5390645365124282 Penicillium-polonicum
9 12 -0.516109190111898 0.2356952383546584 Penicillium-verrucosum
9 12 -0.5898866969524827 0.1632924185714152 Penicillium-solitum
9 12 0.37026239392647065 0.4136090542347898 Penicillium-cvjetkovicii
9 12 0.2915444910920585 0.5258222889274975 Penicillium-brevicompactum
9 12 0.14077001106153458 0.7633821753718659 Penicillium-chrysogenum
9 12 0.14558219051197002 0.7554626988583459 Penicillium-commune
9 12 -0.3339009972922097 0.4642152682250961 Penicillium-mb
9 12 -0.5047279034048265 0.2479814349515704 Penicillium-polonicum
9 12 -0.3371520829311954 0.45960132821497457 Penicillium-verrucosum
9 12 -0.40459451552689596 0.36794876780850694 Penicillium-solitum
9 12 -0.3304025914762201 0.4691991255800657 Penicillium-cvjetkovicii
9 12 -0.26823010999308555 0.5608411285289859 Penicillium-brevicompactum
9 6 0.4576650177698483 0.301788771196928 Penicillium-chrysogenum
9 6 0.4573227027760288 0.30219736507830997 Penicillium-commune
9 6 -0.5954756943375252 0.1583347609340073 Penicillium-mb
9 6 -0.5942570545564083 0.15940926493796836 Penicillium-polonicum
9 6 0.11803950764228403 0.8010030356111973 Penicillium-verrucosum
9 6 0.13568573284869617 0.7717672947383345 Penicillium-solitum
9 6 -0.5091862668180784 0.24313411393667264 Penicillium-cvjetkovicii
9 6 -0.5670896147243034 0.18429553366415974 Penicillium-brevicompactum
11 12 -0.0826855907907104 0.8601079420212773 Penicillium-chrysogenum
11 12 -0.02324553860563884 0.9605478091232438 Penicillium-commune
11 12 -0.29931850679427263 0.5143143504263541 Penicillium-mb
11 12 -0.31813929141953673 0.4868218206152725 Penicillium-polonicum
11 12 -0.4808481112994982 0.2746889266446858 Penicillium-verrucosum
11 12 -0.21685341051042503 0.6404528196210646 Penicillium-solitum
11 12 -0.3304025914762198 0.4691991255800659 Penicillium-cvjetkovicii
11 12 -0.2948480462178696 0.5209214013435506 Penicillium-brevicompactum
5 12 0.3860266849650617 0.3923772688595966 Penicillium-chrysogenum
5 12 0.07772047423290127 0.8684557608198218 Penicillium-commune
5 12 -0.14007907821249097 0.7645206163318631 Penicillium-mb
5 12 -0.04644533833260326 0.9212369615378766 Penicillium-polonicum
5 12 -0.08108591715127611 0.8627963631326502 Penicillium-verrucosum
5 12 -0.38573166548768734 0.3927705184963687 Penicillium-solitum
5 12 -0.13693573196276682 0.7697040990429906 Penicillium-cvjetkovicii
5 12 -0.2708538801108893 0.5568633760807394 Penicillium-brevicompactum
9 12 0.28298625192335863 0.5385902999722627 Penicillium-chrysogenum
9 12 -0.6190879349994894 0.13823338944487557 Penicillium-commune
9 12 -0.2661226658261503 0.564042672582512 Penicillium-mb
9 12 -0.5526345361738194 0.1982551286615562 Penicillium-polonicum
9 12 -0.28015584198554216 0.542835396152733 Penicillium-verrucosum
9 12 -0.284155549709075 0.5368397942731069 Penicillium-solitum
9 12 0.16181527415985647 0.7288761665974217 Penicillium-cvjetkovicii
9 12 -0.17403008587260899 0.709010908852358 Penicillium-brevicompactum
11 12 0.30048740419970826 0.5125915739240687 Penicillium-chrysogenum
11 12 0.2841887339243121 0.5367901432539667 Penicillium-commune
11 12 0.12682870577948296 0.7864164110893274 Penicillium-mb
11 12 -0.4744644647174409 0.2820376240897775 Penicillium-polonicum
11 12 -0.4627795547349366 0.2957129533884739 Penicillium-verrucosum
11 12 -0.49182291173873444 0.26225998437358766 Penicillium-solitum
11 12 0.2220412566530316 0.6322741554522262 Penicillium-cvjetkovicii
11 12 -0.40221897189427364 0.3710383832051017 Penicillium-brevicompactum
7 12 0.3954433332496929 0.3799087041360091 Penicillium-chrysogenum
7 12 0.33459242074185885 0.46323257688792746 Penicillium-commune
7 12 -0.488681384844478 0.26579109965385667 Penicillium-mb
7 12 -0.18025315584057816 0.6989396871536117 Penicillium-polonicum
7 12 -0.25154824953792 0.5863400587650269 Penicillium-verrucosum
7 12 -0.5214678532448699 0.23001124069266568 Penicillium-solitum
7 12 -0.23406953322806917 0.6134267935068904 Penicillium-cvjetkovicii
7 12 -0.2708538801108893 0.5568633760807394 Penicillium-brevicompactum
5 10 0.3503973079505533 0.4409818292251465 Penicillium-chrysogenum
5 10 0.24087943922400656 0.6028300258208577 Penicillium-commune
5 10 -0.003688828388698248 0.9937376930362563 Penicillium-mb
5 10 0.057635843817372114 0.9023167878617171 Penicillium-polonicum
5 10 -0.027728398466909703 0.9529449031020747 Penicillium-verrucosum
5 10 -0.8620673576426271 0.012582060957443568 Penicillium-solitum
5 10 0.0264385142309618 0.955132269233639 Penicillium-cvjetkovicii
5 10 -0.2708538801108891 0.5568633760807398 Penicillium-brevicompactum
9 8 0.5160295911033862 0.2357801583128143 Penicillium-chrysogenum
9 8 0.505222243637348 0.2474417884532949 Penicillium-commune
9 8 -0.09267187422031285 0.8433500270130588 Penicillium-mb
9 8 -0.03263880330025485 0.9446201554331035 Penicillium-polonicum
9 8 -0.06565667757729714 0.8887778525514483 Penicillium-verrucosum
9 8 -0.09729226656780929 0.8356121318908188 Penicillium-solitum
9 8 -0.23463649837389025 0.6125424782103512 Penicillium-cvjetkovicii
9 8 -0.2708538801108893 0.5568633760807394 Penicillium-brevicompactum
9 12 0.33240173905883236 0.4663487319765609 Penicillium-chrysogenum
9 12 0.2949234979119679 0.5208096496133674 Penicillium-commune
9 12 -0.4872781375383632 0.26737529671742366 Penicillium-mb
9 12 -0.43768066984493165 0.3260447472696392 Penicillium-polonicum
9 12 -0.44473859141564437 0.31738535847703564 Penicillium-verrucosum
9 12 -0.4156149873831314 0.3537555086583475 Penicillium-solitum
9 12 0.21233148440761587 0.6476053495343376 Penicillium-cvjetkovicii
9 12 0.2164438884686837 0.6410996773777197 Penicillium-brevicompactum
9 12 0.14494967900546424 0.7565026748133016 Penicillium-chrysogenum
9 12 0.13864841537510486 0.7668789708438858 Penicillium-commune
9 12 -0.30302127294960035 0.5088638945976202 Penicillium-mb
9 12 -0.43498807479188495 0.32937467789604924 Penicillium-polonicum
9 12 -0.41391524990529666 0.35592947279706966 Penicillium-verrucosum
9 12 -0.38228298957813306 0.3973791450257931 Penicillium-solitum
9 12 -0.3304025914762196 0.46919912558006616 Penicillium-cvjetkovicii
9 12 -0.26232516119215527 0.5698263078033433 Penicillium-brevicompactum
11 12 0.4831091325177906 0.27210703701191247 Penicillium-chrysogenum
11 12 0.0018667768050673339 0.9968308667894512 Penicillium-commune
11 12 -0.37353062065901615 0.40917103370835156 Penicillium-mb
11 12 -0.4637081441842485 0.29461568425598306 Penicillium-polonicum
11 12 -0.32975772992424507 0.47011992767701505 Penicillium-verrucosum
11 12 -0.37636956782715136 0.4053312374270903 Penicillium-solitum
11 12 -0.25162044386647486 0.5862289479292655 Penicillium-cvjetkovicii
11 12 -0.2708538801108893 0.5568633760807394 Penicillium-brevicompactum
9 12 -0.0442972491271337 0.9248724143098335 Penicillium-chrysogenum
9 12 -0.18635099948268866 0.6891050409724393 Penicillium-commune
9 12 -0.32810926247093064 0.47247677962208956 Penicillium-mb
9 12 -0.43750872671256796 0.32625695563046725 Penicillium-polonicum
9 12 -0.43171460086115254 0.33344245340376166 Penicillium-verrucosum
9 12 -0.47932765830536733 0.2764313268005542 Penicillium-solitum
9 12 -0.2785403401095087 0.5452632781872887 Penicillium-cvjetkovicii
9 12 -0.2516258389236912 0.5862206449144833 Penicillium-brevicompactum
7 8 0.08390225007232045 0.8580639350407365 Penicillium-chrysogenum
7 8 -0.04855761061682588 0.9176631886800798 Penicillium-commune
7 8 -0.3894929248978903 0.38776875328691096 Penicillium-mb
7 8 -0.3941311653220629 0.38163637989620786 Penicillium-polonicum
7 8 -0.418071055258057 0.35062402805634324 Penicillium-verrucosum
7 8 -0.4104767045679535 0.3603443058069311 Penicillium-solitum
7 8 0.2015192082726969 0.664794379445756 Penicillium-cvjetkovicii
7 8 -0.315321160426528 0.49090447979941776 Penicillium-brevicompactum
5 10 0.19287855524774947 0.678615803176837 Penicillium-chrysogenum
5 10 0.14602324978474127 0.7547376824236169 Penicillium-commune
5 10 -0.3223767288264812 0.4807059885201951 Penicillium-mb
5 10 -0.3525971490121647 0.4379175354721602 Penicillium-polonicum
5 10 -0.3583240921759654 0.42997837597280986 Penicillium-verrucosum
5 10 -0.3468511797960682 0.44593845854662056 Penicillium-solitum
5 10 -0.33040259147621764 0.469199125580069 Penicillium-cvjetkovicii
5 10 -0.2667938469046026 0.5630224096584322 Penicillium-brevicompactum
11 10 -0.2685975000706325 0.5602836014530403 Penicillium-chrysogenum
11 10 -0.3249741332827014 0.47697096721211096 Penicillium-commune
11 10 -0.6198496364843769 0.1376078165241654 Penicillium-mb
11 10 0.096441582258076 0.8370360196986366 Penicillium-polonicum
11 10 0.12546320728181826 0.7886794413101857 Penicillium-verrucosum
11 10 0.10525450963098966 0.8223025330824422 Penicillium-solitum
11 10 0.23594051759397727 0.6105099724612753 Penicillium-cvjetkovicii
11 10 0.16618423826043904 0.721756408533743 Penicillium-brevicompactum
7 6 0.3666141054965264 0.4185852659930417 Penicillium-chrysogenum
7 6 0.3683444060890272 0.4162222670168928 Penicillium-commune
7 6 -0.17656053691064516 0.7049115621780593 Penicillium-mb
7 6 -0.20876440344246766 0.6532628261150848 Penicillium-polonicum
7 6 -0.41307520199949355 0.3570059422699724 Penicillium-verrucosum
7 6 -0.41478693889808155 0.35481388892235266 Penicillium-solitum
7 6 0.014098921872734283 0.9760673056758473 Penicillium-cvjetkovicii
7 6 -0.27386331991818097 0.5523121917703684 Penicillium-brevicompactum
11 12 -0.43605770092926643 0.32805013663659505 Penicillium-chrysogenum
11 12 0.027059772933304412 0.9540787195155247 Penicillium-commune
11 12 0.06760551963995248 0.8854914054493468 Penicillium-mb
11 12 -0.6842707092259881 0.0899570275603229 Penicillium-polonicum
11 12 0.0007819239113759429 0.9986725651458831 Penicillium-verrucosum
11 12 0.06682445745804956 0.8868084020227236 Penicillium-solitum
11 12 0.14204226100656686 0.7612867934956411 Penicillium-cvjetkovicii
11 12 -0.43122605946112286 0.3340513638758598 Penicillium-brevicompactum
7 10 0.3981660775965212 0.3763339532420465 Penicillium-chrysogenum
7 10 0.3918829382430888 0.38460390365910796 Penicillium-commune
7 10 -0.29234742819328463 0.5246296843375904 Penicillium-mb
7 10 -0.2879815190390974 0.5311253960081266 Penicillium-polonicum
7 10 -0.2557346482796636 0.5799077070538485 Penicillium-verrucosum
7 10 -0.5226723630066229 0.22874254522577542 Penicillium-solitum
7 10 -0.2421142734960197 0.6009143943587724 Penicillium-cvjetkovicii
7 10 -0.27085388011088923 0.5568633760807395 Penicillium-brevicompactum
11 12 -0.2772639815406575 0.5471839888203234 Penicillium-chrysogenum
11 12 -0.06896072175012738 0.8832068151968944 Penicillium-commune
11 12 -0.2211039188053247 0.6337496957013913 Penicillium-mb
11 12 -0.18215668895077236 0.6958659990162748 Penicillium-polonicum
11 12 -0.16999899919836103 0.7155528054365168 Penicillium-verrucosum
11 12 -0.6404558721833822 0.12123171562523542 Penicillium-solitum
11 12 -0.28746067006121334 0.531902123176085 Penicillium-cvjetkovicii
11 12 -0.18705228552784056 0.6879762041083755 Penicillium-brevicompactum
11 12 -0.3514825489396949 0.43946911678676837 Penicillium-chrysogenum
11 12 -0.24428673989227004 0.5975486224286863 Penicillium-commune
11 12 -0.2863377619219782 0.5335779772228955 Penicillium-mb
11 12 0.17770359287183507 0.7030616578377625 Penicillium-polonicum
11 12 -0.254920120333321 0.5811575009188605 Penicillium-verrucosum
11 12 0.16408366191831805 0.7251775896991257 Penicillium-solitum
11 12 0.32598339587596925 0.4755225103037155 Penicillium-cvjetkovicii
11 12 -0.5915536873667936 0.16180578813702468 Penicillium-brevicompactum
11 12 0.02601091607747191 0.9558574336622846 Penicillium-chrysogenum
11 12 -0.12473043473776187 0.7898943478024589 Penicillium-commune
11 12 -0.10276480429165655 0.8264607847576545 Penicillium-mb
11 12 -0.26854779794651307 0.5603590157374577 Penicillium-polonicum
11 12 -0.10266134384851448 0.8266336525095932 Penicillium-verrucosum
11 12 -0.4276714634367378 0.3384959704363156 Penicillium-solitum
11 12 0.11396079225087445 0.8077879757518337 Penicillium-cvjetkovicii
11 12 -0.14823899038246968 0.7510976060289648 Penicillium-brevicompactum
9 12 -0.4304030338657349 0.33507823956135524 Penicillium-chrysogenum
9 12 -0.13648045746530096 0.7704554314124106 Penicillium-commune
9 12 -0.13693736948305743 0.7697013969270772 Penicillium-mb
9 12 -0.12078304965723333 0.7964447214080395 Penicillium-polonicum
9 12 -0.10454440603705135 0.8234881992005382 Penicillium-verrucosum
9 12 -0.08439220864106324 0.8572409743500745 Penicillium-solitum
9 12 -0.2899390833504703 0.5282095487285307 Penicillium-cvjetkovicii
9 12 -0.44953253510021857 0.31156121024086875 Penicillium-brevicompactum
11 12 0.02843285329994663 0.9517503977420676 Penicillium-chrysogenum
11 12 -0.188393319359831 0.6858188694212294 Penicillium-commune
11 12 -0.45206737360544696 0.3085006144856263 Penicillium-mb
11 12 -0.0846684542746162 0.8567770226539428 Penicillium-polonicum
11 12 -0.07210673301118321 0.8779057935803097 Penicillium-verrucosum
11 12 -0.4465147330971018 0.3152220720403984 Penicillium-solitum
11 12 -0.33040259147622086 0.4691991255800645 Penicillium-cvjetkovicii
11 12 -0.20050391338362897 0.666414593982255 Penicillium-brevicompactum
11 12 0.060912826490094385 0.8967829098517537 Penicillium-chrysogenum
11 12 0.2774943535123055 0.5468371529937247 Penicillium-commune
11 12 -0.2983525795278414 0.5157394798841914 Penicillium-mb
11 12 -0.3391519557523263 0.4567715879605699 Penicillium-polonicum
11 12 -0.6680937156743618 0.10093887577412478 Penicillium-verrucosum
11 12 -0.30202584005620714 0.5103271949788132 Penicillium-solitum
11 12 -0.19707563623490554 0.6718930529328813 Penicillium-cvjetkovicii
11 12 -0.2708538801108893 0.5568633760807394 Penicillium-brevicompactum
9 12 0.3162190096221923 0.4896024368533718 Penicillium-chrysogenum
9 12 0.07802701638605018 0.8679400853473811 Penicillium-commune
9 12 -0.4303619640779037 0.335129516794409 Penicillium-mb
9 12 -0.15020649801733132 0.7478684041459321 Penicillium-polonicum
9 12 -0.20208214402071148 0.6638964889678618 Penicillium-verrucosum
9 12 -0.6226961840194352 0.13528272113485518 Penicillium-solitum
9 12 -0.23735504596003187 0.6083074674759681 Penicillium-cvjetkovicii
9 12 -0.27085388011088923 0.5568633760807395 Penicillium-brevicompactum
5 10 -0.16992092939599074 0.7156796398182808 Penicillium-chrysogenum
5 10 -0.20155231797596704 0.6647415601751057 Penicillium-commune
5 10 -0.08566216559951972 0.8551083665914999 Penicillium-mb
5 10 -0.12103860621429745 0.7960203541456342 Penicillium-polonicum
5 10 -0.1068899798163699 0.8195727997949533 Penicillium-verrucosum
5 10 -0.16325623518198001 0.726526209867014 Penicillium-solitum
5 10 -0.16573793846632756 0.7224829845962749 Penicillium-cvjetkovicii
5 10 -0.4744129679774117 0.2820972594337606 Penicillium-brevicompactum
9 12 -0.3934547147847312 0.38252827494440766 Penicillium-chrysogenum
9 12 -0.1614549793000035 0.7294640092969435 Penicillium-commune
9 12 0.04158120533348288 0.9294705628944488 Penicillium-mb
9 12 -0.1716590828975012 0.7128570217286718 Penicillium-polonicum
9 12 0.03971301700390377 0.9326342398162023 Penicillium-verrucosum
9 12 0.040007066447703764 0.9321362352048939 Penicillium-solitum
9 12 -0.336693090371348 0.4602516978143145 Penicillium-cvjetkovicii
9 12 -0.44102113690518435 0.32193379726751187 Penicillium-brevicompactum
9 12 0.23208576085311705 0.6165238791294669 Penicillium-chrysogenum
9 12 0.21285577800996797 0.6467749354474996 Penicillium-commune
9 12 -0.42564044730730155 0.3410466967002406 Penicillium-mb
9 12 -0.3895833293681537 0.387648849671261 Penicillium-polonicum
9 12 -0.41272638951175356 0.35745332129188967 Penicillium-verrucosum
9 12 -0.3753658700804762 0.4066871501669339 Penicillium-solitum
9 12 -0.33040259147622086 0.4691991255800645 Penicillium-cvjetkovicii
9 12 -0.2704004718108602 0.5575501121942976 Penicillium-brevicompactum
11 12 0.05687030008353479 0.9036100303124646 Penicillium-chrysogenum
11 12 0.08871262207538508 0.8499886934052915 Penicillium-commune
11 12 -0.26544478499859187 0.5650737171846323 Penicillium-mb
11 12 -0.26252710261744344 0.5695182788671285 Penicillium-polonicum
11 12 -0.2731777511518966 0.5533479151877774 Penicillium-verrucosum
11 12 -0.11702120883938993 0.8026960579471696 Penicillium-solitum
11 12 -0.028503640252951486 0.9516303721368622 Penicillium-cvjetkovicii
11 12 -0.07382489642297047 0.8750122127827147 Penicillium-brevicompactum
9 12 0.041653062823836275 0.9293488906178557 Penicillium-chrysogenum
9 12 -0.4716600659453902 0.28529343248730504 Penicillium-commune
9 12 0.1795937480774629 0.7000052160348815 Penicillium-mb
9 12 0.0021827819172339567 0.996294403155001 Penicillium-polonicum
9 12 0.13570656867471423 0.7717328952106945 Penicillium-verrucosum
9 12 0.17918669705811835 0.7006631601522713 Penicillium-solitum
9 12 0.5308595992161613 0.22020651939803365 Penicillium-cvjetkovicii
9 12 0.25011152471362386 0.5885525949346878 Penicillium-brevicompactum
11 12 -0.06644360498994414 0.8874506558762364 Penicillium-chrysogenum
11 12 -0.0911084252733623 0.8459706734286525 Penicillium-commune
11 12 -0.476516028657201 0.2796664219933332 Penicillium-mb
11 12 0.11383454131836789 0.8079981488907775 Penicillium-polonicum
11 12 -0.5377567614363894 0.2131346547435339 Penicillium-verrucosum
11 12 0.13108418744295788 0.7793715540565488 Penicillium-solitum
11 12 0.33832386706517065 0.4579425139630004 Penicillium-cvjetkovicii
11 12 -0.5281303593909353 0.22303503571787858 Penicillium-brevicompactum
9 10 -0.1302966823767 0.7806743591348037 Penicillium-chrysogenum
9 10 0.1806752347680839 0.698257861020731 Penicillium-commune
9 10 -0.0436306878581441 0.9260007246322691 Penicillium-mb
9 10 -0.0035118111591757443 0.9940382009743757 Penicillium-polonicum
9 10 -0.00367757451659473 0.993756797814145 Penicillium-verrucosum
9 10 -0.06522288154104677 0.8895095621008433 Penicillium-solitum
9 10 0.19104883126716743 0.6815519320039144 Penicillium-cvjetkovicii
9 10 -0.27085388011088923 0.5568633760807395 Penicillium-brevicompactum
11 12 0.36842663648126994 0.4161100982262197 Penicillium-chrysogenum
11 12 0.35942379111443407 0.42846025459440656 Penicillium-commune
11 12 -0.3296714140033265 0.47024322881145747 Penicillium-mb
11 12 -0.4116152810480169 0.358879956040946 Penicillium-polonicum
11 12 -0.6469532483458761 0.11628819036905255 Penicillium-verrucosum
11 12 -0.386363239914158 0.3919288467911986 Penicillium-solitum
11 12 0.08291993396256918 0.8597141931736367 Penicillium-cvjetkovicii
11 12 -0.3497992857366294 0.44181625123169194 Penicillium-brevicompactum
11 12 0.24560030127199006 0.595516299274433 Penicillium-chrysogenum
11 12 0.1842630875709644 0.6924685920799287 Penicillium-commune
11 12 -0.8809501571007438 0.008800360623298576 Penicillium-mb
11 12 0.02386560128306984 0.9594960340761005 Penicillium-polonicum
11 12 0.01547810938680494 0.9737266928378834 Penicillium-verrucosum
11 12 -0.16159441833770552 0.7292364936257143 Penicillium-solitum
11 12 -0.48420077562598973 0.2708644155154879 Penicillium-cvjetkovicii
11 12 -0.39889876822497283 0.37537433917784524 Penicillium-brevicompactum
3 10 0.12272224567331715 0.7932255708410536 Penicillium-chrysogenum
3 10 -0.045522693451336374 0.9227983265181539 Penicillium-commune
3 10 -0.24573377349181114 0.5953099099046224 Penicillium-mb
3 10 -0.30328827979164275 0.5084716384729587 Penicillium-polonicum
3 10 -0.2847238123498827 0.5359897571600902 Penicillium-verrucosum
3 10 -0.32943676837317615 0.4705784766268809 Penicillium-solitum
3 10 -0.33040259147622064 0.4691991255800649 Penicillium-cvjetkovicii
3 10 -0.2697245951823408 0.5585743066024282 Penicillium-brevicompactum
9 8 0.3894157379269592 0.3878711383259772 Penicillium-chrysogenum
9 8 0.3699280691382704 0.4140641008661957 Penicillium-commune
9 8 -0.6079016026850108 0.14758565134935453 Penicillium-mb
9 8 -0.6330884414659784 0.12696514385698868 Penicillium-polonicum
9 8 -0.029230719609006656 0.9503975865204636 Penicillium-verrucosum
9 8 0.00032401750495157866 0.9994499308282208 Penicillium-solitum
9 8 -0.46846291116139893 0.28902553427686495 Penicillium-cvjetkovicii
9 8 -0.12910944431542573 0.7826392309892786 Penicillium-brevicompactum
9 12 -0.07133958565159641 0.879198106882379 Penicillium-chrysogenum
9 12 -0.33745408059608617 0.45917359829558857 Penicillium-commune
9 12 -0.2248477722444228 0.6278619975864337 Penicillium-mb
9 12 -0.02059889381356858 0.9650376503746996 Penicillium-polonicum
9 12 -0.057700027367594726 0.902208369572042 Penicillium-verrucosum
9 12 -0.7065078986512024 0.07594673089399086 Penicillium-solitum
9 12 -0.37330058184505466 0.40948279507941865 Penicillium-cvjetkovicii
9 12 -0.17270391728936388 0.7111615473108421 Penicillium-brevicompactum
11 8 0.48666859075903696 0.26806477490679453 Penicillium-chrysogenum
11 8 0.5051060946173794 0.24756853376972324 Penicillium-commune
11 8 0.3023760874594439 0.5098121604577885 Penicillium-mb
11 8 0.3384422605508723 0.4577750361693575 Penicillium-polonicum
11 8 0.35247056971944685 0.4380936354619859 Penicillium-verrucosum
11 8 0.32881201486609385 0.47147151265969517 Penicillium-solitum
11 8 -0.7740568609728008 0.0410916020838703 Penicillium-cvjetkovicii
11 8 -0.9717397722228326 0.0002539721659139362 Penicillium-brevicompactum
9 10 0.018476718098819594 0.9686383030568357 Penicillium-chrysogenum
9 10 0.020195469111944822 0.9657220980415385 Penicillium-commune
9 10 -0.47827992469380615 0.27763488579281087 Penicillium-mb
9 10 -0.6143139975289077 0.1421868366524832 Penicillium-polonicum
9 10 0.2569708710595883 0.578012470745896 Penicillium-verrucosum
9 10 -0.4651167881979139 0.29295460319937106 Penicillium-solitum
9 10 0.27297485754360584 0.5536545575202239 Penicillium-cvjetkovicii
9 10 -0.38217670377530905 0.39752152040538113 Penicillium-brevicompactum
9 10 0.24674401831035028 0.5937484603113476 Penicillium-chrysogenum
9 10 0.23844914622497143 0.6066054989996706 Penicillium-commune
9 10 -0.40395953359067593 0.368773581602853 Penicillium-mb
9 10 -0.21530653528899932 0.6428971215608987 Penicillium-polonicum
9 10 -0.20347934655740998 0.6616693132416969 Penicillium-verrucosum
9 10 -0.23467474087835516 0.6124828434766886 Penicillium-solitum
9 10 -0.2759350657073495 0.5491861380230953 Penicillium-cvjetkovicii
9 10 -0.27085388011088923 0.5568633760807395 Penicillium-brevicompactum
9 12 0.2772754150549227 0.547166773428869 Penicillium-chrysogenum
9 12 0.26011006730474356 0.5732085177989616 Penicillium-commune
9 12 -0.38347382425299087 0.3957853503947122 Penicillium-mb
9 12 -0.4140087086191122 0.3558097949021389 Penicillium-polonicum
9 12 -0.4016111643579146 0.37183059583807265 Penicillium-verrucosum
9 12 -0.3859574107487947 0.3924695945528973 Penicillium-solitum
9 12 0.20511942748303016 0.6590575113979771 Penicillium-cvjetkovicii
9 12 -0.35536909753861873 0.4340679028987992 Penicillium-brevicompactum
7 12 0.2511478827407123 0.5869563613889406 Penicillium-chrysogenum
7 12 -0.06227410973416202 0.8944850626669681 Penicillium-commune
7 12 -0.4301551474259793 0.33538778616612536 Penicillium-mb
7 12 -0.246547681927753 0.5940518236247503 Penicillium-polonicum
7 12 -0.27683958831191785 0.5478231212274121 Penicillium-verrucosum
7 12 -0.49987343297004205 0.25330957288468603 Penicillium-solitum
7 12 0.18999145628840702 0.6832501444320629 Penicillium-cvjetkovicii
7 12 -0.2880324556589462 0.5310494561287662 Penicillium-brevicompactum
9 12 0.06948392050246886 0.8823249818768116 Penicillium-chrysogenum
9 12 -0.11140299173649673 0.8120477905482296 Penicillium-commune
9 12 -0.3342810358469609 0.463675040329899 Penicillium-mb
9 12 -0.26880550595524727 0.5599680242103201 Penicillium-polonicum
9 12 -0.2963280894447834 0.5187307987247759 Penicillium-verrucosum
9 12 -0.7420899561410637 0.056146444816652784 Penicillium-solitum
9 12 -0.37385398684847854 0.40873294780476 Penicillium-cvjetkovicii
9 12 -0.2708538801108894 0.5568633760807393 Penicillium-brevicompactum
9 6 0.3084423904999066 0.5009204664910427 Penicillium-chrysogenum
9 6 0.30721255204779013 0.5027186916236364 Penicillium-commune
9 6 -0.13177529146864522 0.7782285676384244 Penicillium-mb
9 6 0.042256229735044094 0.9283276250938375 Penicillium-polonicum
9 6 0.07103238440351496 0.8797156687705735 Penicillium-verrucosum
9 6 0.047834502860619535 0.9188864996737973 Penicillium-solitum
9 6 -0.3304025914762174 0.4691991255800691 Penicillium-cvjetkovicii
9 6 -0.27006913352297146 0.558052132410551 Penicillium-brevicompactum
7 12 0.2628903242602473 0.568964375526309 Penicillium-chrysogenum
7 12 0.23525816296766425 0.6115732754922788 Penicillium-commune
7 12 -0.3900029525556849 0.3870924982550223 Penicillium-mb
7 12 -0.4174034096526027 0.3514741221028212 Penicillium-polonicum
7 12 -0.3777644639419554 0.40344981974198885 Penicillium-verrucosum
7 12 -0.4334648605196759 0.3312648453272767 Penicillium-solitum
7 12 -0.2576284516087717 0.5770051299532271 Penicillium-cvjetkovicii
7 12 -0.2708538801108893 0.5568633760807394 Penicillium-brevicompactum
11 12 0.08264312491622061 0.860179296639759 Penicillium-chrysogenum
11 12 -0.033126849224277465 0.9437929664146721 Penicillium-commune
11 12 -0.44356216426701583 0.31882173541094827 Penicillium-mb
11 12 -0.33298187006027186 0.4655227716450726 Penicillium-polonicum
11 12 -0.4902319140864216 0.2640456013282297 Penicillium-verrucosum
11 12 -0.36013451752005693 0.4274802038469986 Penicillium-solitum
11 12 -0.2479435027349307 0.5918961334345864 Penicillium-cvjetkovicii
11 12 -0.27085388011088923 0.5568633760807395 Penicillium-brevicompactum
11 10 0.28354267369777597 0.5377570685984919 Penicillium-chrysogenum
11 10 0.17585059914967022 0.7060610972586384 Penicillium-commune
11 10 -0.9486794442030972 0.0011146444446980595 Penicillium-mb
11 10 0.16330346931747058 0.7264492079609536 Penicillium-polonicum
11 10 0.1739686473744284 0.7091105094193213 Penicillium-verrucosum
11 10 0.1393711768359544 0.7656873658404442 Penicillium-solitum
11 10 -0.7331617534526884 0.06081229395494044 Penicillium-cvjetkovicii
11 10 -0.4244958702837543 0.3424877226723603 Penicillium-brevicompactum
9 10 -0.0056293935205048665 0.9904433961688315 Penicillium-chrysogenum
9 10 -0.4010627286115942 0.3725460175837313 Penicillium-commune
9 10 -0.21706495359311395 0.6401187489870283 Penicillium-mb
9 10 -0.12889119312776057 0.7830005356461802 Penicillium-polonicum
9 10 -0.35591808286922466 0.43330702127391213 Penicillium-verrucosum
9 10 -0.23767937456017174 0.6078027991637422 Penicillium-solitum
9 10 -0.04946044344613057 0.916136010945342 Penicillium-cvjetkovicii
9 10 -0.17599365012861973 0.7058294325323222 Penicillium-brevicompactum
5 8 0.2728079934694438 0.5539067880415706 Penicillium-chrysogenum
5 8 0.24478252051130936 0.5967813126943656 Penicillium-commune
5 8 -0.37370120986181904 0.40893990204945674 Penicillium-mb
5 8 -0.3674181684193055 0.41748654283885733 Penicillium-polonicum
5 8 -0.3691490870215503 0.4151251255605417 Penicillium-verrucosum
5 8 -0.3860869426081719 0.3922969671447432 Penicillium-solitum
5 8 0.18999213062270265 0.683249061068609 Penicillium-cvjetkovicii
5 8 -0.2880330359572898 0.531048591000361 Penicillium-brevicompactum
7 10 0.19313133392972592 0.6782104262995036 Penicillium-chrysogenum
7 10 0.009170977209171685 0.984431520264848 Penicillium-commune
7 10 -0.26903131548568593 0.5596255006583937 Penicillium-mb
7 10 -0.30551486041368126 0.5052046930980649 Penicillium-polonicum
7 10 -0.22049601166989385 0.6347071681446174 Penicillium-verrucosum
7 10 -0.2301133411519074 0.6196077267295744 Penicillium-solitum
7 10 0.19823280654754324 0.6700425678083493 Penicillium-cvjetkovicii
7 10 -0.30110477068900926 0.5116824742653945 Penicillium-brevicompactum
11 12 0.03633597353380226 0.9383548494161624 Penicillium-chrysogenum
11 12 0.22247241720786873 0.6315957553835283 Penicillium-commune
11 12 -0.5253868087230397 0.22589553053610462 Penicillium-mb
11 12 -0.4246330952591428 0.3423148206072692 Penicillium-polonicum
11 12 -0.42176041546500753 0.3459420465398609 Penicillium-verrucosum
11 12 -0.40311507556874326 0.369871671141544 Penicillium-solitum
11 12 0.17187668721158955 0.7125038329963591 Penicillium-cvjetkovicii
11 12 -0.3804629817021898 0.39981994228726603 Penicillium-brevicompactum
11 8 -0.26568813756233745 0.5647035133052802 Penicillium-chrysogenum
11 8 0.028186333326146507 0.9521684000393296 Penicillium-commune
11 8 0.37728408922875095 0.4040973521381153 Penicillium-mb
11 8 0.3536179156733843 0.4364984064360141 Penicillium-polonicum
11 8 0.38678972861433014 0.39136089332872054 Penicillium-verrucosum
11 8 0.37372328617770856 0.4089099945579312 Penicillium-solitum
11 8 0.7354859847568851 0.05957818808342518 Penicillium-cvjetkovicii
11 8 -0.2685150345433074 0.5604087302539462 Penicillium-brevicompactum
9 12 0.2576076498697592 0.577036987530649 Penicillium-chrysogenum
9 12 0.21509573735797283 0.6432304136423638 Penicillium-commune
9 12 -0.4711729249074446 0.28586068626950384 Penicillium-mb
9 12 -0.39461233337637014 0.3810024770817837 Penicillium-polonicum
9 12 -0.5158144426543128 0.23600976015032266 Penicillium-verrucosum
9 12 -0.492001239398472 0.2620601865663587 Penicillium-solitum
9 12 -0.23870922839908668 0.6062011259336217 Penicillium-cvjetkovicii
9 12 -0.2708538801108893 0.5568633760807394 Penicillium-brevicompactum
11 12 -0.21596109094172164 0.641862508724541 Penicillium-chrysogenum
11 12 -0.014347805105798514 0.9756449165889409 Penicillium-commune
11 12 -0.6446500291868251 0.11802847400336364 Penicillium-mb
11 12 -0.27760192856703797 0.5466752183719576 Penicillium-polonicum
11 12 -0.26992473909483283 0.5582709540781083 Penicillium-verrucosum
11 12 -0.2233566817409572 0.630205071717739 Penicillium-solitum
11 12 -0.28308610096098397 0.5384407463435977 Penicillium-cvjetkovicii
11 12 -0.18328649723338147 0.6940432269432664 Penicillium-brevicompactum
9 8 0.4073933245905085 0.36432230508628427 Penicillium-chrysogenum
9 8 0.34983439790771487 0.4417672426226536 Penicillium-commune
9 8 -0.6086888371308086 0.14691739993649125 Penicillium-mb
9 8 -0.6286331380772309 0.13049808283884817 Penicillium-polonicum
9 8 0.190622564679025 0.6822364154951313 Penicillium-verrucosum
9 8 0.19716700830546452 0.6717468875740269 Penicillium-solitum
9 8 0.3787983634661597 0.40205754559119716 Penicillium-cvjetkovicii
9 8 -0.3013670321445675 0.5112964512048823 Penicillium-brevicompactum
3 8 0.06183310751958877 0.8952294111346915 Penicillium-chrysogenum
3 8 -0.01476836370715572 0.974931181109997 Penicillium-commune
3 8 -0.12443373025045186 0.7903863679099903 Penicillium-mb
3 8 -0.17147240209198764 0.7131600517036871 Penicillium-polonicum
3 8 -0.1292982234519871 0.7823267409870573 Penicillium-verrucosum
3 8 -0.18888146471309092 0.6850340051349663 Penicillium-solitum
3 8 -0.3304025914762174 0.4691991255800691 Penicillium-cvjetkovicii
3 8 -0.2649543014317194 0.5658201074554078 Penicillium-brevicompactum
9 12 -0.03769294952945642 0.9360559086180075 Penicillium-chrysogenum
9 12 0.01560866462027695 0.9735051357058395 Penicillium-commune
9 12 -0.322324130982682 0.4807817318490278 Penicillium-mb
9 12 -0.2979396808368041 0.5163490838377724 Penicillium-polonicum
9 12 -0.34382842147319975 0.4501799997230691 Penicillium-verrucosum
9 12 -0.19974879062722598 0.6676202930477564 Penicillium-solitum
9 12 -0.3304025914762182 0.46919912558006843 Penicillium-cvjetkovicii
9 12 -0.2631309685534556 0.5685974932284402 Penicillium-brevicompactum
11 12 0.11547343624180513 0.8052705564156422 Penicillium-chrysogenum
11 12 0.12977379242495213 0.7815396250754114 Penicillium-commune
11 12 -0.31282269833959947 0.4945341557628615 Penicillium-mb
11 12 -0.2834083280288055 0.5379582095339803 Penicillium-polonicum
11 12 -0.31119324415368055 0.4969064616529616 Penicillium-verrucosum
11 12 -0.33660624672456513 0.4603747892183239 Penicillium-solitum
11 12 -0.2759209326378076 0.5492074437930687 Penicillium-cvjetkovicii
11 12 -0.5727528698629895 0.17896154077448306 Penicillium-brevicompactum
11 12 0.19433587465355298 0.6762795732051874 Penicillium-chrysogenum
11 12 0.4346479940484537 0.3297962856348764 Penicillium-commune
11 12 -0.33904205647386615 0.45692692260696516 Penicillium-mb
11 12 -0.2669173061709601 0.5628348033184696 Penicillium-polonicum
11 12 -0.30064270415660704 0.5123628354073548 Penicillium-verrucosum
11 12 -0.34748279934994497 0.4450540769250958 Penicillium-solitum
11 12 -0.21240041707437265 0.647496152396642 Penicillium-cvjetkovicii
11 12 -0.2708538801108889 0.55686337608074 Penicillium-brevicompactum
9 12 -0.05419085975041005 0.9081377615242832 Penicillium-chrysogenum
9 12 0.08344292769919416 0.8588355303760935 Penicillium-commune
9 12 -0.2621951277186152 0.5700246806348124 Penicillium-mb
9 12 -0.4477668751305252 0.31370085787587676 Penicillium-polonicum
9 12 -0.26004052510516334 0.5733148031264292 Penicillium-verrucosum
9 12 -0.47138018703299633 0.28561927745427057 Penicillium-solitum
9 12 -0.3304025914762196 0.46919912558006616 Penicillium-cvjetkovicii
9 12 -0.2665843390363038 0.563340819479202 Penicillium-brevicompactum
9 12 0.17454195780016973 0.7081812196365472 Penicillium-chrysogenum
9 12 0.18788593478380192 0.6866349054606169 Penicillium-commune
9 12 -0.46228615799158185 0.2962967095117006 Penicillium-mb
9 12 -0.3732522229103072 0.4095483456668173 Penicillium-polonicum
9 12 -0.3770803493908992 0.40437211208490953 Penicillium-verrucosum
9 12 -0.370025404976834 0.41393159768751076 Penicillium-solitum
9 12 -0.2134305882376789 0.6458648441006675 Penicillium-cvjetkovicii
9 12 -0.2727691352400795 0.5539655312021177 Penicillium-brevicompactum
9 12 0.3787911713469995 0.4020672240861348 Penicillium-chrysogenum
9 12 0.38436590265530546 0.394593081915118 Penicillium-commune
9 12 -0.4389086913724492 0.3245308745094115 Penicillium-mb
9 12 -0.3580663702376756 0.43033445627687666 Penicillium-polonicum
9 12 -0.4398897871518034 0.3233235816256225 Penicillium-verrucosum
9 12 -0.4311662025255982 0.3341260011683391 Penicillium-solitum
9 12 -0.23556888505955906 0.6110890145677286 Penicillium-cvjetkovicii
9 12 -0.2708538801108894 0.5568633760807393 Penicillium-brevicompactum
11 12 0.041653062823835865 0.9293488906178564 Penicillium-chrysogenum
11 12 -0.548746241207966 0.20209408876667367 Penicillium-commune
11 12 0.4663659295278771 0.29148508928851163 Penicillium-mb
11 12 -0.01766692108205474 0.9700123836396757 Penicillium-polonicum
11 12 0.4341039166574142 0.3304712732566111 Penicillium-verrucosum
11 12 0.07148548351145169 0.8789523152548047 Penicillium-solitum
11 12 0.6039363081059432 0.15097477567167591 Penicillium-cvjetkovicii
11 12 0.47113289952656157 0.2859073163567453 Penicillium-brevicompactum
9 10 0.5780877949382297 0.1740069308119719 Penicillium-chrysogenum
9 10 0.1420637302952391 0.7612514437258461 Penicillium-commune
9 10 -0.306907671659242 0.5031648253171699 Penicillium-mb
9 10 -0.23953000156639764 0.6049255203862911 Penicillium-polonicum
9 10 -0.2948869141633613 0.5208638328927533 Penicillium-verrucosum
9 10 -0.16823367722502483 0.718422063010271 Penicillium-solitum
9 10 -0.581537347891101 0.1708396678564118 Penicillium-cvjetkovicii
9 10 -0.121328971993475 0.7955382325490072 Penicillium-brevicompactum
9 10 -0.20670520672720152 0.6565347990420216 Penicillium-chrysogenum
9 10 -0.002830962172273941 0.9951940286085634 Penicillium-commune
9 10 -0.20644297122613944 0.6569517940902287 Penicillium-mb
9 10 -0.2123958629254488 0.6475033665284884 Penicillium-polonicum
9 10 -0.38457694144186416 0.39431123748327146 Penicillium-verrucosum
9 10 -0.5835027718341795 0.16904789811676668 Penicillium-solitum
9 10 0.0034762965382528458 0.9940984913633082 Penicillium-cvjetkovicii
9 10 -0.24409768810522045 0.5978412922223879 Penicillium-brevicompactum
7 12 0.24829729765576355 0.5913501146082066 Penicillium-chrysogenum
7 12 0.21389093606787637 0.6451362329185555 Penicillium-commune
7 12 -0.389601627872094 0.38762458214905393 Penicillium-mb
7 12 -0.36508001545678964 0.42068465879632655 Penicillium-polonicum
7 12 -0.3656820779500824 0.41986025350334893 Penicillium-verrucosum
7 12 -0.4985364189025455 0.25478618463143954 Penicillium-solitum
7 12 0.216340826635103 0.6412624964358704 Penicillium-cvjetkovicii
7 12 0.2417085775174705 0.6015435605970256 Penicillium-brevicompactum
11 12 -0.12138246589353446 0.7954494172360442 Penicillium-chrysogenum
11 12 0.10119469349989467 0.8290848137919006 Penicillium-commune
11 12 -0.07916273388652562 0.8660298689574732 Penicillium-mb
11 12 -0.6649633340251351 0.103140550290457 Penicillium-polonicum
11 12 -0.11361863496253723 0.8083575949632675 Penicillium-verrucosum
11 12 -0.08309065831025 0.859427352702347 Penicillium-solitum
11 12 -0.3304025914762199 0.46919912558006577 Penicillium-cvjetkovicii
11 12 -0.3183852908467314 0.4864660159265215 Penicillium-brevicompactum
9 10 0.047251572915877144 0.919872758846467 Penicillium-chrysogenum
9 10 0.06457501495832184 0.8906024731766315 Penicillium-commune
9 10 -0.3371033664029267 0.4596703409611755 Penicillium-mb
9 10 -0.441363660749007 0.32151353919909853 Penicillium-polonicum
9 10 -0.305444480036422 0.5053078463821774 Penicillium-verrucosum
9 10 -0.3999418944050509 0.3740098696176231 Penicillium-solitum
9 10 -0.330402591476216 0.46919912558007126 Penicillium-cvjetkovicii
9 10 -0.2577852798304399 0.5767649673487004 Penicillium-brevicompactum
9 10 -0.002556443161558338 0.995660061478768 Penicillium-chrysogenum
9 10 -0.23429386731870835 0.6130768472182699 Penicillium-commune
9 10 -0.3632662941945718 0.4231719793800794 Penicillium-mb
9 10 -0.3760731290696255 0.4057315157131146 Penicillium-polonicum
9 10 -0.4100189508679667 0.36093373031632725 Penicillium-verrucosum
9 10 -0.38639715020969667 0.391883676488495 Penicillium-solitum
9 10 -0.13538701547588025 0.7722605037385969 Penicillium-cvjetkovicii
9 10 -0.2693454098582599 0.559149172441674 Penicillium-brevicompactum
9 12 0.08292409275098214 0.8597072056891475 Penicillium-chrysogenum
9 12 0.19002075124304196 0.6832030805130745 Penicillium-commune
9 12 -0.3087713283216922 0.5004398883091232 Penicillium-mb
9 12 -0.438298925828346 0.32528219929813973 Penicillium-polonicum
9 12 -0.28928485440264906 0.5291834403398151 Penicillium-verrucosum
9 12 -0.5309085002362234 0.22015599507302883 Penicillium-solitum
9 12 0.17440360275801436 0.7084054556561087 Penicillium-cvjetkovicii
9 12 -0.28085479180800316 0.5417860753317534 Penicillium-brevicompactum
