#SPECIES: Penicillium-polonicum Penicillium-commune Penicillium-chrysogenum Penicillium-solitum Penicillium-mb Penicillium-verrucosum Penicillium-brevicompactum Penicillium-cvjetkovicii 
#GENE_TREEs p: 0.8711386386462567 0.7775066148909175 0.5442057411096106 0.28095185212317736 0.8056246900058341 0.8420275725283097 0.9740106752918055 0.05174190796011878 
#GENE_TREEs r: -0.07612599697519057 -0.13221191745646244 -0.27924372901084665 -0.4754029119066835 0.11526059936295502 0.0934610956477757 0.015310770430250548 -0.7508966809434732 
9 8 0.09236132998491899 0.8438704691155083 Penicillium-polonicum
9 8 0.19711564540919488 0.6718290503587385 Penicillium-commune
9 8 -0.3642142115566692 0.4218713054139801 Penicillium-chrysogenum
9 8 -0.39585793493568594 0.3793634774651404 Penicillium-solitum
9 8 0.23016547328228973 0.6195261617072565 Penicillium-mb
9 8 0.21079964428987655 0.6500332502627066 Penicillium-verrucosum
9 8 0.017765958059686886 0.9698443323957804 Penicillium-brevicompactum
9 8 0.7507418879813365 0.05181763198548985 Penicillium-cvjetkovicii
11 10 -0.48697524440441264 0.26771780839213116 Penicillium-polonicum
11 10 -0.5272510351279476 0.22394997184562043 Penicillium-commune
11 10 0.16434461339670994 0.7247523826581506 Penicillium-chrysogenum
11 10 0.1519285152498382 0.7450445184447786 Penicillium-solitum
11 10 -0.543222975719513 0.20760796520723163 Penicillium-mb
11 10 0.41726360910895804 0.35165223520207456 Penicillium-verrucosum
11 10 0.22381720420234702 0.6294811507472804 Penicillium-brevicompactum
11 10 0.3723077331302029 0.4108294288954457 Penicillium-cvjetkovicii
7 10 0.09377508533214994 0.8415015194068616 Penicillium-polonicum
7 10 0.16512433256541187 0.7234822056002375 Penicillium-commune
7 10 -0.06001614577682525 0.8982968218640482 Penicillium-chrysogenum
7 10 -0.5185485600626716 0.2330997277550023 Penicillium-solitum
7 10 0.3692171397236387 0.41503239102607103 Penicillium-mb
7 10 0.36422665128252685 0.4218542466979355 Penicillium-verrucosum
7 10 -0.4645713494976467 0.2935972944673977 Penicillium-brevicompactum
7 10 0.2787664941784522 0.5449231845616549 Penicillium-cvjetkovicii
9 10 -0.2729025041315537 0.5537639218402244 Penicillium-polonicum
9 10 -0.2048657660577127 0.6594612837777885 Penicillium-commune
9 10 -0.0028292314862816068 0.9951969666770579 Penicillium-chrysogenum
9 10 -0.00023754154964417078 0.9995967369520111 Penicillium-solitum
9 10 0.10054222509142027 0.8301756167655587 Penicillium-mb
9 10 0.06629624733329106 0.8876991668908288 Penicillium-verrucosum
9 10 0.014417850968094278 0.9755260399367216 Penicillium-brevicompactum
9 10 0.6786620015325047 0.09368932697802837 Penicillium-cvjetkovicii
9 6 0.05217486306438834 0.9115457121109705 Penicillium-polonicum
9 6 0.07231790515890782 0.8775500970888751 Penicillium-commune
9 6 -0.2368752126580058 0.609054333854595 Penicillium-chrysogenum
9 6 -0.37825670829065555 0.40278671382697945 Penicillium-solitum
9 6 0.13167190545617638 0.7783995330255913 Penicillium-mb
9 6 0.11733425672614213 0.8021755193338886 Penicillium-verrucosum
9 6 0.017765958059687226 0.9698443323957797 Penicillium-brevicompactum
9 6 0.7417843708467318 0.05630280214300302 Penicillium-cvjetkovicii
7 12 -0.5606770936369871 0.1904273119750523 Penicillium-polonicum
7 12 -0.355151962794065 0.43436898764055515 Penicillium-commune
7 12 -0.23974202680990891 0.604596130690742 Penicillium-chrysogenum
7 12 -0.013354313205910904 0.9773310352694182 Penicillium-solitum
7 12 -0.08011972542434605 0.8644206622741744 Penicillium-mb
7 12 -0.410153278328031 0.3607607227729622 Penicillium-verrucosum
7 12 -0.0665312994617264 0.8873027671949689 Penicillium-brevicompactum
7 12 0.402450207411986 0.3707371741336405 Penicillium-cvjetkovicii
7 8 -0.11432710727585552 0.8071782138680796 Penicillium-polonicum
7 8 -0.08905861004049874 0.8494082731136335 Penicillium-commune
7 8 -0.21400916356896033 0.6449491458339578 Penicillium-chrysogenum
7 8 -0.18832013232847206 0.6859365625261789 Penicillium-solitum
7 8 0.11953203535522505 0.7985226809107488 Penicillium-mb
7 8 0.10188320337120711 0.8279339930791184 Penicillium-verrucosum
7 8 0.017533994929514587 0.9702379412353008 Penicillium-brevicompactum
7 8 0.6786620015325062 0.09368932697802726 Penicillium-cvjetkovicii
9 10 0.17890435074712085 0.7011196230072266 Penicillium-polonicum
9 10 0.17464231097094626 0.7080185848324574 Penicillium-commune
9 10 -0.27711076855683947 0.547414698036741 Penicillium-chrysogenum
9 10 -0.11315388492170074 0.8091314128290001 Penicillium-solitum
9 10 -0.1395843895189737 0.765335915626475 Penicillium-mb
9 10 0.09829736209085745 0.8339302485073616 Penicillium-verrucosum
9 10 0.01776595805968708 0.9698443323957799 Penicillium-brevicompactum
9 10 0.7437283450713361 0.05531217219926219 Penicillium-cvjetkovicii
7 8 0.016170964033166105 0.9725509081203084 Penicillium-polonicum
7 8 0.15936658514060734 0.7328734174924495 Penicillium-commune
7 8 0.2395826909993784 0.604843660271452 Penicillium-chrysogenum
7 8 0.21972089662173386 0.6359285851563223 Penicillium-solitum
7 8 0.4620840765251925 0.29653594637561914 Penicillium-mb
7 8 0.4410153697321828 0.3219408752991137 Penicillium-verrucosum
7 8 0.03798358517257642 0.9355635694751663 Penicillium-brevicompactum
7 8 -0.7438503686418645 0.05525030942840696 Penicillium-cvjetkovicii
9 12 0.16783253930785164 0.7190744185536777 Penicillium-polonicum
9 12 0.2302810539559673 0.6193453372575889 Penicillium-commune
9 12 -0.35700230260161536 0.4318058169595148 Penicillium-chrysogenum
9 12 -0.18811893391981527 0.6862601385405289 Penicillium-solitum
9 12 0.33778207558378864 0.4587092146062933 Penicillium-mb
9 12 0.20833508291277997 0.6539446351217206 Penicillium-verrucosum
9 12 0.01776595805968684 0.9698443323957804 Penicillium-brevicompactum
9 12 0.7374616348141315 0.0585399499072582 Penicillium-cvjetkovicii
11 12 -0.2201690797710254 0.6352222633956606 Penicillium-polonicum
11 12 -0.1481197569027399 0.7512933930562508 Penicillium-commune
11 12 -0.46184728150007365 0.2968163877987492 Penicillium-chrysogenum
11 12 -0.0855783227472658 0.8552491403488494 Penicillium-solitum
11 12 0.11922820690173995 0.7990274891163597 Penicillium-mb
11 12 0.05736968945842838 0.9027663863362816 Penicillium-verrucosum
11 12 -0.3434178037179479 0.45075734110796867 Penicillium-brevicompactum
11 12 0.2566464502141008 0.5785096492102038 Penicillium-cvjetkovicii
11 12 -0.3660621526573544 0.41934013997267694 Penicillium-polonicum
11 12 -0.3367207982749198 0.46021242744325397 Penicillium-commune
11 12 -0.1953835203855116 0.6746013645273328 Penicillium-chrysogenum
11 12 -0.06575876346785409 0.888605667325601 Penicillium-solitum
11 12 -0.14129850239936623 0.7625116157813884 Penicillium-mb
11 12 -0.187060778614391 0.6879625358862788 Penicillium-verrucosum
11 12 -0.011918051571456853 0.9797687241535413 Penicillium-brevicompactum
11 12 0.6786620015325081 0.093689326978026 Penicillium-cvjetkovicii
7 8 -0.2581021227919688 0.5762798575970944 Penicillium-polonicum
7 8 -0.08674332556789956 0.8532933530637592 Penicillium-commune
7 8 -0.46442375856375573 0.29377130827070935 Penicillium-chrysogenum
7 8 -0.10320852287809942 0.8257194570929285 Penicillium-solitum
7 8 0.09043788684885287 0.8470949742724878 Penicillium-mb
7 8 0.1022529782104978 0.8273160279709186 Penicillium-verrucosum
7 8 0.022338343127247015 0.9620867119361871 Penicillium-brevicompactum
7 8 -0.6354939453346821 0.12507823018240877 Penicillium-cvjetkovicii
7 10 0.08205996381237028 0.8611592477402015 Penicillium-polonicum
7 10 0.19568331708971703 0.6741213213555877 Penicillium-commune
7 10 0.41933235822223863 0.3490204009163238 Penicillium-chrysogenum
7 10 -0.5325119828236022 0.21850232106786985 Penicillium-solitum
7 10 0.3682406848127711 0.41636376790016844 Penicillium-mb
7 10 0.372722098599795 0.4102672000511992 Penicillium-verrucosum
7 10 0.44371521302744266 0.3186347094812613 Penicillium-brevicompactum
7 10 -0.8260391106436377 0.02202221511249549 Penicillium-cvjetkovicii
9 10 0.274666287603619 0.5510999096538433 Penicillium-polonicum
9 10 0.23370914992520753 0.6139890896249551 Penicillium-commune
9 10 -0.399068289228829 0.37515245781101225 Penicillium-chrysogenum
9 10 -0.32701259154910844 0.4740470926107858 Penicillium-solitum
9 10 0.3607012162986837 0.4266993781634198 Penicillium-mb
9 10 0.32698423074760213 0.47408772731418525 Penicillium-verrucosum
9 10 0.017765958059686886 0.9698443323957804 Penicillium-brevicompactum
9 10 0.7511287540693269 0.05162849220007474 Penicillium-cvjetkovicii
11 12 -0.4856302412365857 0.26924113792844273 Penicillium-polonicum
11 12 -0.04909915846806567 0.9167471144902124 Penicillium-commune
11 12 -0.1718339363568795 0.7125732177382991 Penicillium-chrysogenum
11 12 -0.25398053220907785 0.5826002187731631 Penicillium-solitum
11 12 -0.2945967149162112 0.5212937078012252 Penicillium-mb
11 12 -0.08732846764987917 0.8523112511645093 Penicillium-verrucosum
11 12 -0.1439811169041833 0.7580957513629102 Penicillium-brevicompactum
11 12 -0.302907061606646 0.5090317129520312 Penicillium-cvjetkovicii
9 12 -0.34564837860527886 0.4476244247632779 Penicillium-polonicum
9 12 -0.304615286263258 0.5065237096299179 Penicillium-commune
9 12 -0.045409510014948834 0.9229898771980534 Penicillium-chrysogenum
9 12 -0.1682248159916203 0.7184364722348984 Penicillium-solitum
9 12 -0.11532752204012298 0.8055133363039316 Penicillium-mb
9 12 -0.35587692929757486 0.43336404152849395 Penicillium-verrucosum
9 12 0.005708153473965745 0.9903096955641789 Penicillium-brevicompactum
9 12 0.678662001532507 0.09368932697802672 Penicillium-cvjetkovicii
7 8 -0.05952355538128165 0.8991285921119013 Penicillium-polonicum
7 8 0.056102843206124034 0.9049066747638254 Penicillium-commune
7 8 -0.0600161457768251 0.8982968218640486 Penicillium-chrysogenum
7 8 -0.6154911099760584 0.14120680026713275 Penicillium-solitum
7 8 0.3511474561991794 0.4399359906341461 Penicillium-mb
7 8 0.3272674567628114 0.47368198441768317 Penicillium-verrucosum
7 8 -0.4426727538612351 0.3199095351390948 Penicillium-brevicompactum
7 8 0.2594919485918926 0.5741534407279294 Penicillium-cvjetkovicii
11 12 0.2562882279184083 0.579058783220786 Penicillium-polonicum
11 12 0.12215813960524939 0.7941617727235528 Penicillium-commune
11 12 -0.6027021216509495 0.15203750170053348 Penicillium-chrysogenum
11 12 -0.29150416664380074 0.5258822071040359 Penicillium-solitum
11 12 0.23430770616657204 0.6130552614455391 Penicillium-mb
11 12 0.2065370305090924 0.6568022171260955 Penicillium-verrucosum
11 12 0.017765958059687347 0.9698443323957795 Penicillium-brevicompactum
11 12 0.6454603614454847 0.11741467820291211 Penicillium-cvjetkovicii
9 10 -0.460044339476021 0.2989554836866716 Penicillium-polonicum
9 10 -0.42030077553149175 0.3477912429666036 Penicillium-commune
9 10 -0.005850444206052753 0.990068147417708 Penicillium-chrysogenum
9 10 -0.3468251124049617 0.4459749718188587 Penicillium-solitum
9 10 -0.020896179275511365 0.9645332887421018 Penicillium-mb
9 10 -0.2629340117040549 0.5688977648146154 Penicillium-verrucosum
9 10 0.01776595805968699 0.9698443323957802 Penicillium-brevicompactum
9 10 0.5672028287845013 0.18418815318946952 Penicillium-cvjetkovicii
11 12 -0.2646017671780449 0.5663567676107164 Penicillium-polonicum
11 12 -0.058485171703018445 0.9008822088757258 Penicillium-commune
11 12 -0.06776888620220137 0.8852159695473043 Penicillium-chrysogenum
11 12 0.39688214029888796 0.37801794924377063 Penicillium-solitum
11 12 0.415562389134041 0.3538226985109143 Penicillium-mb
11 12 0.3734130335675214 0.40933038259846055 Penicillium-verrucosum
11 12 0.4527005158857869 0.3077382080233265 Penicillium-brevicompactum
11 12 -0.5999761440746865 0.1543979867072755 Penicillium-cvjetkovicii
9 8 -0.03324396102783221 0.9435944795760963 Penicillium-polonicum
9 8 -0.022298530652974352 0.9621542491984816 Penicillium-commune
9 8 -0.2479276689354838 0.5919205736375316 Penicillium-chrysogenum
9 8 -0.24622196900793294 0.5945551926834262 Penicillium-solitum
9 8 0.11983515160290908 0.7980191116262998 Penicillium-mb
9 8 0.10348522324559485 0.8252572214925255 Penicillium-verrucosum
9 8 0.29052420735107176 0.5273390397960495 Penicillium-brevicompactum
9 8 -0.7495361457232832 0.05240954770832156 Penicillium-cvjetkovicii
9 10 -0.36190964880562093 0.42503617854440195 Penicillium-polonicum
9 10 -0.35032400631131305 0.44108407507374975 Penicillium-commune
9 10 -0.10922160921041636 0.8156836286196234 Penicillium-chrysogenum
9 10 -0.10298906444691192 0.826086096928621 Penicillium-solitum
9 10 -0.28210910031432235 0.5399046871848574 Penicillium-mb
9 10 -0.2598790070884222 0.5735616842245701 Penicillium-verrucosum
9 10 0.0035801744060296996 0.9939221461109986 Penicillium-brevicompactum
9 10 0.6786620015325021 0.09368932697803004 Penicillium-cvjetkovicii
7 10 -0.4628747448557299 0.29560038891801804 Penicillium-polonicum
7 10 -0.33571226025837486 0.46164262484394003 Penicillium-commune
7 10 0.07630586138053827 0.870835948065042 Penicillium-chrysogenum
7 10 -0.2748948663886478 0.5507549708368926 Penicillium-solitum
7 10 0.11839695801149423 0.8004088855803198 Penicillium-mb
7 10 0.06448065193293656 0.8907616693221373 Penicillium-verrucosum
7 10 -0.17859378897673925 0.7016217836829369 Penicillium-brevicompactum
7 10 0.32341609580663166 0.4792101347399237 Penicillium-cvjetkovicii
9 12 -0.33037280726442353 0.4692416401149614 Penicillium-polonicum
9 12 -0.2640065761955893 0.5672631886455123 Penicillium-commune
9 12 -0.09421204058692714 0.8407695298481151 Penicillium-chrysogenum
9 12 -0.3706537007615581 0.41307669852760653 Penicillium-solitum
9 12 -0.10703047317552228 0.8193383721211047 Penicillium-mb
9 12 -0.39271338207040873 0.383506684756181 Penicillium-verrucosum
9 12 0.03035284781153594 0.9484951384086835 Penicillium-brevicompactum
9 12 0.23198363212315412 0.6166834463177613 Penicillium-cvjetkovicii
7 10 -0.22070753161326004 0.6343739717528574 Penicillium-polonicum
7 10 -0.18599280242014857 0.6896817959311796 Penicillium-commune
7 10 -0.1586662650752092 0.7340175097722919 Penicillium-chrysogenum
7 10 -0.3574801184292327 0.4311448694541265 Penicillium-solitum
7 10 0.002885345244307648 0.9951017061693846 Penicillium-mb
7 10 0.0026543108778845884 0.9954939177752145 Penicillium-verrucosum
7 10 0.01776595805968707 0.9698443323957799 Penicillium-brevicompactum
7 10 0.7117026506364491 0.07285522059235264 Penicillium-cvjetkovicii
11 10 -0.4732087169268609 0.28349343900819424 Penicillium-polonicum
11 10 -0.06476294287642612 0.8902854360933444 Penicillium-commune
11 10 -0.22618124680397506 0.6257686993451436 Penicillium-chrysogenum
11 10 -0.3111955515464053 0.49690309951130385 Penicillium-solitum
11 10 -0.4686087616294232 0.28885481031400156 Penicillium-mb
11 10 0.004084344765175793 0.9930662588084246 Penicillium-verrucosum
11 10 -0.204788798791632 0.6595838114863588 Penicillium-brevicompactum
11 10 -0.03951020211410147 0.9329777390100761 Penicillium-cvjetkovicii
7 10 -0.4273442518181223 0.3389063631320094 Penicillium-polonicum
7 10 -0.41787502045198655 0.3508735442033985 Penicillium-commune
7 10 -0.053910674565510845 0.908611335747689 Penicillium-chrysogenum
7 10 -0.086640439591836 0.8534660523917317 Penicillium-solitum
7 10 -0.2951818588630707 0.5204270523360468 Penicillium-mb
7 10 -0.3339592105926365 0.4641325025243274 Penicillium-verrucosum
7 10 0.00333645046009824 0.994335897306444 Penicillium-brevicompactum
7 10 0.6786620015325112 0.09368932697802386 Penicillium-cvjetkovicii
5 10 -0.30608846110497295 0.5043642667022902 Penicillium-polonicum
5 10 -0.29395687677026583 0.5222419325910728 Penicillium-commune
5 10 -0.21065787918256518 0.6502580666216966 Penicillium-chrysogenum
5 10 -0.1222788768522956 0.7939613781794648 Penicillium-solitum
5 10 -0.09860051947188961 0.8334230566175909 Penicillium-mb
5 10 -0.09646780302537823 0.8369921256955833 Penicillium-verrucosum
5 10 0.004719434040912731 0.9919881291589137 Penicillium-brevicompactum
5 10 0.6786620015325112 0.09368932697802386 Penicillium-cvjetkovicii
7 12 0.35579175152806136 0.4334820685413634 Penicillium-polonicum
7 12 0.3937185164985084 0.38218035399369615 Penicillium-commune
7 12 -0.388490865327936 0.3890987861337274 Penicillium-chrysogenum
7 12 -0.4102497875697682 0.3606364445625063 Penicillium-solitum
7 12 0.4821853840148723 0.2731605489262125 Penicillium-mb
7 12 0.4941006664301623 0.25971321496012567 Penicillium-verrucosum
7 12 0.017765958059687118 0.9698443323957799 Penicillium-brevicompactum
7 12 0.7108997791097657 0.07332853751874968 Penicillium-cvjetkovicii
9 12 -0.15128610097898718 0.7460977309558385 Penicillium-polonicum
9 12 -0.03998271936823666 0.9321774689567991 Penicillium-commune
9 12 0.4147378404186281 0.35487668615403994 Penicillium-chrysogenum
9 12 0.40722596253250715 0.36453874240660106 Penicillium-solitum
9 12 0.31005763699083994 0.49856214651581077 Penicillium-mb
9 12 0.27697306781743614 0.5476220759649676 Penicillium-verrucosum
9 12 -0.5129445173229961 0.23908243554323177 Penicillium-brevicompactum
9 12 -0.28715030418531 0.5323651438351414 Penicillium-cvjetkovicii
11 6 -0.1540839280960287 0.7415131187386541 Penicillium-polonicum
11 6 -0.21845741615992206 0.6379209674883319 Penicillium-commune
11 6 0.3364514965321222 0.4605941609240879 Penicillium-chrysogenum
11 6 -0.33382151634548635 0.46432828031694645 Penicillium-solitum
11 6 0.21088630625009724 0.6498958289024703 Penicillium-mb
11 6 0.13171458401241096 0.7783289563123489 Penicillium-verrucosum
11 6 0.4560531440425618 0.303714853508682 Penicillium-brevicompactum
11 6 -0.17099847800783982 0.7139294844882516 Penicillium-cvjetkovicii
9 12 -0.542317553050385 0.20851861998755564 Penicillium-polonicum
9 12 -0.3162380400264039 0.4895748526602359 Penicillium-commune
9 12 -0.10995516728116346 0.8144606681961543 Penicillium-chrysogenum
9 12 -0.1223027602994082 0.7939217385175961 Penicillium-solitum
9 12 -0.1873669112965146 0.6874699109162878 Penicillium-mb
9 12 -0.25158197984089775 0.5862881452656417 Penicillium-verrucosum
9 12 0.00737152790341949 0.9874860455646657 Penicillium-brevicompactum
9 12 0.6786620015325067 0.09368932697802694 Penicillium-cvjetkovicii
11 12 -0.16912956992944939 0.716965597497132 Penicillium-polonicum
11 12 -0.2703529018377743 0.55762217789059 Penicillium-commune
11 12 0.5053456128888072 0.24730719700996284 Penicillium-chrysogenum
11 12 0.4729809703699404 0.2837578292424559 Penicillium-solitum
11 12 0.21281881181550527 0.6468334756442728 Penicillium-mb
11 12 -0.5542339228912991 0.1966863210752397 Penicillium-verrucosum
11 12 0.5633124403554096 0.18789553975452025 Penicillium-brevicompactum
11 12 -0.3240021313816035 0.478367456153316 Penicillium-cvjetkovicii
5 10 -0.019607519199207973 0.9667196398333837 Penicillium-polonicum
5 10 0.09741808084099593 0.835401572344267 Penicillium-commune
5 10 -0.40014089735301633 0.3737497928208644 Penicillium-chrysogenum
5 10 -0.2777980061340203 0.5463800998006239 Penicillium-solitum
5 10 0.2593055383716039 0.5744385032500987 Penicillium-mb
5 10 0.24058545202100676 0.6032863639403934 Penicillium-verrucosum
5 10 0.017765958059687052 0.96984433239578 Penicillium-brevicompactum
5 10 0.7494911227421012 0.05243172125876774 Penicillium-cvjetkovicii
7 10 -0.41394147673260573 0.35589588652687504 Penicillium-polonicum
7 10 -0.34281436758104955 0.45160629365664073 Penicillium-commune
7 10 -0.08471913291697131 0.8566919119523333 Penicillium-chrysogenum
7 10 -0.16500463437682186 0.7236771634744181 Penicillium-solitum
7 10 -0.24604965395575273 0.594821547040016 Penicillium-mb
7 10 -0.2144804031784317 0.6442035887353121 Penicillium-verrucosum
7 10 0.004652739078271145 0.9921013503145041 Penicillium-brevicompactum
7 10 0.6786620015325072 0.09368932697802664 Penicillium-cvjetkovicii
5 12 -0.46928537941267523 0.2880633882115 Penicillium-polonicum
5 12 -0.43219410622973514 0.33284526559648964 Penicillium-commune
5 12 0.15467857010291006 0.7405394970852791 Penicillium-chrysogenum
5 12 0.14494831633822394 0.7565049156278372 Penicillium-solitum
5 12 -0.03684097136185873 0.937499259471775 Penicillium-mb
5 12 -0.13962459176444847 0.7652696516343698 Penicillium-verrucosum
5 12 0.013456311872392185 0.9771579236287622 Penicillium-brevicompactum
5 12 0.678662001532507 0.09368932697802672 Penicillium-cvjetkovicii
11 12 -0.14051472145138327 0.7638027733184685 Penicillium-polonicum
11 12 -0.07257322110559464 0.8771200670545751 Penicillium-commune
11 12 -0.07184898099977552 0.8783399709114491 Penicillium-chrysogenum
11 12 0.12988229118968406 0.7813600691265501 Penicillium-solitum
11 12 -0.4338796594850431 0.3307496604735154 Penicillium-mb
11 12 -0.09348766714975992 0.8419830532617426 Penicillium-verrucosum
11 12 -0.17072962493288715 0.7143660628283695 Penicillium-brevicompactum
11 12 0.7134750537101605 0.07181614667474837 Penicillium-cvjetkovicii
3 8 -0.0001128903615076104 0.9998083513712333 Penicillium-polonicum
3 8 0.07787543610520575 0.8681950741265398 Penicillium-commune
3 8 -0.26444211202143364 0.566599862562579 Penicillium-chrysogenum
3 8 -0.3570810389126083 0.43169687681831925 Penicillium-solitum
3 8 0.22166397864472223 0.6328679433815662 Penicillium-mb
3 8 0.20365727709820738 0.6613858294281133 Penicillium-verrucosum
3 8 0.0919444560711764 0.8445691804639878 Penicillium-brevicompactum
3 8 -0.7499775448107097 0.0521924325455805 Penicillium-cvjetkovicii
7 8 -0.08633648331343984 0.8539762855779592 Penicillium-polonicum
7 8 -0.0012904590919909488 0.9978092504283973 Penicillium-commune
7 8 -0.45177061373706445 0.30885824513261767 Penicillium-chrysogenum
7 8 -0.22874569124999267 0.6217486332276206 Penicillium-solitum
7 8 -0.05894790949203323 0.9001006998486013 Penicillium-mb
7 8 0.06340196507381249 0.8925816857456721 Penicillium-verrucosum
7 8 0.06921902599514611 0.8827714403338451 Penicillium-brevicompactum
7 8 -0.7501130856352922 0.05212586158214963 Penicillium-cvjetkovicii
9 12 -0.509279690961564 0.2430330129332042 Penicillium-polonicum
9 12 -0.37717816409806426 0.40424019168189707 Penicillium-commune
9 12 -0.3706700388203016 0.4130544771554035 Penicillium-chrysogenum
9 12 0.02523805996788686 0.9571681828002854 Penicillium-solitum
9 12 -0.23667929801007834 0.609359355003332 Penicillium-mb
9 12 -0.19299738601583344 0.6784252286172942 Penicillium-verrucosum
9 12 -0.13284015444788871 0.7764680603612097 Penicillium-brevicompactum
9 12 0.6786620015325067 0.09368932697802694 Penicillium-cvjetkovicii
7 12 -0.21368935209551412 0.6454552603210653 Penicillium-polonicum
7 12 -0.1520160565074716 0.7449010224593464 Penicillium-commune
7 12 -0.06001614577682532 0.8982968218640481 Penicillium-chrysogenum
7 12 -0.5439189144760697 0.2069092991046432 Penicillium-solitum
7 12 0.17039355228594663 0.7149118830664476 Penicillium-mb
7 12 0.12235181712272865 0.7938403193881968 Penicillium-verrucosum
7 12 -0.3004299956477257 0.5126761388619425 Penicillium-brevicompactum
7 12 0.4119457797834986 0.3584553574710854 Penicillium-cvjetkovicii
9 10 -0.06444990366508012 0.8908135441449823 Penicillium-polonicum
9 10 -0.01791241572088735 0.9695958168259494 Penicillium-commune
9 10 -0.27425524782194877 0.5517203696137893 Penicillium-chrysogenum
9 10 -0.178991824216771 0.7009781989940431 Penicillium-solitum
9 10 0.1467415135784884 0.753557301690791 Penicillium-mb
9 10 0.171938182184847 0.7124040292682251 Penicillium-verrucosum
9 10 0.015097668879992681 0.9743723222793064 Penicillium-brevicompactum
9 10 0.6786620015325067 0.09368932697802694 Penicillium-cvjetkovicii
9 12 0.037181632642694695 0.9369221228360438 Penicillium-polonicum
9 12 0.1212325617861346 0.7956983057498246 Penicillium-commune
9 12 0.3914791857900414 0.385137816790407 Penicillium-chrysogenum
9 12 -0.5716065223053347 0.18003506159938645 Penicillium-solitum
9 12 0.23157863759208497 0.6173163327415025 Penicillium-mb
9 12 0.29843225706651483 0.5156218723536092 Penicillium-verrucosum
9 12 0.46105587889525224 0.297754511438286 Penicillium-brevicompactum
9 12 -0.7844329136783548 0.03675540617645396 Penicillium-cvjetkovicii
7 12 -0.22377896975887926 0.6295412446412464 Penicillium-polonicum
7 12 -0.11745889872727602 0.8019682797634691 Penicillium-commune
7 12 -0.14728505090294117 0.7526643164419138 Penicillium-chrysogenum
7 12 -0.20286661166672373 0.6626457848716893 Penicillium-solitum
7 12 0.05846020751057989 0.9009243722388982 Penicillium-mb
7 12 -0.6847247939108904 0.08965835518999977 Penicillium-verrucosum
7 12 0.10074794668649407 0.8298316659430802 Penicillium-brevicompactum
7 12 -0.37292641531422027 0.40999008568241757 Penicillium-cvjetkovicii
9 12 -0.7262037921206506 0.06458881511226217 Penicillium-polonicum
9 12 -0.05359584489891106 0.909143492393991 Penicillium-commune
9 12 0.1332408249413569 0.775805839931441 Penicillium-chrysogenum
9 12 0.141568396051396 0.7620671090306417 Penicillium-solitum
9 12 -0.1604946436005115 0.7310313686270482 Penicillium-mb
9 12 -0.20850213871395382 0.6536793090754023 Penicillium-verrucosum
9 12 -0.3971406614354331 0.3776786300041007 Penicillium-brevicompactum
9 12 0.30848075970384725 0.5008644007484438 Penicillium-cvjetkovicii
9 6 0.130358104644713 0.7805727308095285 Penicillium-polonicum
9 6 0.0917017618054159 0.8449759912515459 Penicillium-commune
9 6 0.06209024267468632 0.8947953964260453 Penicillium-chrysogenum
9 6 0.10292408992472159 0.8261946519134873 Penicillium-solitum
9 6 0.2625104482128056 0.5695436804738437 Penicillium-mb
9 6 0.22148406773720694 0.6331511556167043 Penicillium-verrucosum
9 6 0.028816030065283965 0.9511006960004087 Penicillium-brevicompactum
9 6 -0.7505846661605649 0.05189460614954651 Penicillium-cvjetkovicii
5 10 -0.37218261261235414 0.41099925718929997 Penicillium-polonicum
5 10 -0.28499502410147415 0.5355842225651337 Penicillium-commune
5 10 -0.10895792389359726 0.816123307663767 Penicillium-chrysogenum
5 10 -0.2028599499743936 0.66265640322202 Penicillium-solitum
5 10 -0.17866173958315126 0.7015119040447406 Penicillium-mb
5 10 -0.1555968171792895 0.7390365700425812 Penicillium-verrucosum
5 10 0.004852689412821051 0.9917619155868257 Penicillium-brevicompactum
5 10 0.6786620015325052 0.09368932697802788 Penicillium-cvjetkovicii
5 10 0.42390796715330137 0.34322889172972926 Penicillium-polonicum
5 10 0.3948463398734186 0.3806943455741263 Penicillium-commune
5 10 -0.39764622056712295 0.37701542219177353 Penicillium-chrysogenum
5 10 -0.47260399756371435 0.28419569763725017 Penicillium-solitum
5 10 0.46558777507556165 0.29240014055055774 Penicillium-mb
5 10 0.5464624602867425 0.20436536840187042 Penicillium-verrucosum
5 10 0.017765958059687226 0.9698443323957797 Penicillium-brevicompactum
5 10 0.751319961194077 0.05153515013696915 Penicillium-cvjetkovicii
11 10 -0.22283401281093745 0.6310269690663082 Penicillium-polonicum
11 10 -0.6230312163699859 0.13501038443601138 Penicillium-commune
11 10 0.1367111208369418 0.7700747533975212 Penicillium-chrysogenum
11 10 -0.607373062317077 0.14803516268679506 Penicillium-solitum
11 10 0.06438912616364381 0.890916081632418 Penicillium-mb
11 10 0.11882383423370038 0.7996994369212996 Penicillium-verrucosum
11 10 0.18652233505362353 0.6888292053955085 Penicillium-brevicompactum
11 10 -0.12490497485559267 0.7896049367458242 Penicillium-cvjetkovicii
9 12 0.20429973074747876 0.6603625224719193 Penicillium-polonicum
9 12 0.2591443613215849 0.5746850143937303 Penicillium-commune
9 12 -0.2964048586410392 0.5186172591348691 Penicillium-chrysogenum
9 12 -0.41062142764803494 0.3601580368692292 Penicillium-solitum
9 12 0.32678747690241255 0.4743696665410494 Penicillium-mb
9 12 0.3512605458899925 0.43977840540790475 Penicillium-verrucosum
9 12 0.017765958059686927 0.9698443323957803 Penicillium-brevicompactum
9 12 0.6741045046910149 0.09678091316461142 Penicillium-cvjetkovicii
11 12 -0.24755265524984607 0.5924995142420328 Penicillium-polonicum
11 12 -0.30143256264779694 0.5112000124663113 Penicillium-commune
11 12 -0.20308222635128625 0.6623021318496941 Penicillium-chrysogenum
11 12 -0.08994847414677855 0.8479157094577401 Penicillium-solitum
11 12 -0.175546117936365 0.7065542511524379 Penicillium-mb
11 12 -0.41628506514813496 0.35290000683210343 Penicillium-verrucosum
11 12 -0.060599033835600176 0.897312673943863 Penicillium-brevicompactum
11 12 0.1188598428693049 0.7996395972263952 Penicillium-cvjetkovicii
7 8 -0.020746942693136903 0.9647864758939081 Penicillium-polonicum
7 8 -0.0012037293861128537 0.9979564870064114 Penicillium-commune
7 8 -0.22742005535368437 0.6238257960610853 Penicillium-chrysogenum
7 8 -0.2392011154879145 0.6054365633982235 Penicillium-solitum
7 8 0.0542253327461696 0.9080794961165399 Penicillium-mb
7 8 0.10637460758864686 0.8204328429348573 Penicillium-verrucosum
7 8 0.04143264252383655 0.9297221194679569 Penicillium-brevicompactum
7 8 -0.7503853130632457 0.05199229712510849 Penicillium-cvjetkovicii
9 12 -0.11294430353790001 0.8094804104042459 Penicillium-polonicum
9 12 -0.2507550930615247 0.5875611930754364 Penicillium-commune
9 12 -0.019284153523497872 0.9672682910990733 Penicillium-chrysogenum
9 12 0.08185897204540137 0.8614970296545806 Penicillium-solitum
9 12 -0.2770314597048688 0.547534134382674 Penicillium-mb
9 12 -0.1366794326039963 0.7701270482733065 Penicillium-verrucosum
9 12 0.06249000486204901 0.8941206850848458 Penicillium-brevicompactum
9 12 0.6554029136533379 0.11001796559377987 Penicillium-cvjetkovicii
7 12 -0.28231430611542097 0.5395970968737466 Penicillium-polonicum
7 12 -0.25877426135108234 0.5752511865685593 Penicillium-commune
7 12 -0.04300759763713803 0.9270555392977446 Penicillium-chrysogenum
7 12 -0.18477401749843914 0.6916451290391323 Penicillium-solitum
7 12 -0.13209806410982255 0.7776948569821641 Penicillium-mb
7 12 -0.14672464804243257 0.7535850138189739 Penicillium-verrucosum
7 12 0.005439071210194471 0.9907664825126761 Penicillium-brevicompactum
7 12 0.6786620015325052 0.09368932697802788 Penicillium-cvjetkovicii
7 10 0.23393026427111016 0.6136440731823147 Penicillium-polonicum
7 10 0.2987058276883547 0.5152181402627816 Penicillium-commune
7 10 -0.3396540318836949 0.4560621895402354 Penicillium-chrysogenum
7 10 -0.5624483233025589 0.18872388323068565 Penicillium-solitum
7 10 0.38506935290746025 0.39365393019266937 Penicillium-mb
7 10 0.44216935305779087 0.32052593194018136 Penicillium-verrucosum
7 10 0.017765958059687073 0.9698443323957799 Penicillium-brevicompactum
7 10 0.7508457554060212 0.051766813825622045 Penicillium-cvjetkovicii
9 8 -0.030476302212740145 0.9482858464516147 Penicillium-polonicum
9 8 0.11631832620983729 0.8038650280892987 Penicillium-commune
9 8 -0.29755087271719355 0.516923346211308 Penicillium-chrysogenum
9 8 -0.3015486349952505 0.5110292086544316 Penicillium-solitum
9 8 0.10279879030597278 0.8264040001553474 Penicillium-mb
9 8 0.21269973707082737 0.6470220539587355 Penicillium-verrucosum
9 8 0.008174086031435998 0.9861237041515408 Penicillium-brevicompactum
9 8 -0.7511167143322006 0.05163437275864434 Penicillium-cvjetkovicii
9 8 -0.1140720766240813 0.8076027254456791 Penicillium-polonicum
9 8 -0.2796799457172258 0.5435502336685969 Penicillium-commune
9 8 -0.29676892481189004 0.5180789307250204 Penicillium-chrysogenum
9 8 -0.18991532959004928 0.6833724498759111 Penicillium-solitum
9 8 -0.048935584203138024 0.9170238065694603 Penicillium-mb
9 8 0.025765625317051632 0.9562734336303267 Penicillium-verrucosum
9 8 0.01996970529255166 0.9661051347617298 Penicillium-brevicompactum
9 8 0.06249197266883558 0.894117363981665 Penicillium-cvjetkovicii
11 12 -0.3788442317496021 0.4019958224310948 Penicillium-polonicum
11 12 -0.3581469659660361 0.43022308941095944 Penicillium-commune
11 12 0.08495470703034157 0.8562962986921335 Penicillium-chrysogenum
11 12 0.24014924193157866 0.6039636552071994 Penicillium-solitum
11 12 0.08443742410499303 0.8571650332044212 Penicillium-mb
11 12 -0.5325154636841235 0.2184987376674961 Penicillium-verrucosum
11 12 0.3115581633610853 0.49637483128243676 Penicillium-brevicompactum
11 12 0.05871021908509668 0.9005021226599459 Penicillium-cvjetkovicii
11 12 -0.20311492848189963 0.6622500143434579 Penicillium-polonicum
11 12 -0.26871920437428104 0.5600989501938209 Penicillium-commune
11 12 -0.599515295168084 0.154798842183987 Penicillium-chrysogenum
11 12 0.10778793963154196 0.8180746458080079 Penicillium-solitum
11 12 0.24444664957910403 0.5973011009834095 Penicillium-mb
11 12 0.192630303363224 0.6790139804508318 Penicillium-verrucosum
11 12 -0.3567329609523322 0.4321785596552972 Penicillium-brevicompactum
11 12 0.013829666617297122 0.9765242738933425 Penicillium-cvjetkovicii
7 8 0.008000393676317562 0.986418544522905 Penicillium-polonicum
7 8 -0.014848196046266362 0.9747956980983037 Penicillium-commune
7 8 -0.26536301211948143 0.5651981327807591 Penicillium-chrysogenum
7 8 -0.29698140428824465 0.5177648351936954 Penicillium-solitum
7 8 0.16601222851579076 0.7220364207324199 Penicillium-mb
7 8 0.15058412282741665 0.7472489554076012 Penicillium-verrucosum
7 8 0.11220234525080347 0.8107161301843849 Penicillium-brevicompactum
7 8 -0.7486704296348901 0.05283680551768083 Penicillium-cvjetkovicii
11 12 0.26519007312408843 0.5654612842680247 Penicillium-polonicum
11 12 0.2482103247725789 0.591484327404769 Penicillium-commune
11 12 -0.6046995814539874 0.15031940934056 Penicillium-chrysogenum
11 12 -0.04314072241558562 0.9268301683372677 Penicillium-solitum
11 12 -0.6490053593966097 0.11474886817332747 Penicillium-mb
11 12 0.11339530790985769 0.8087294233861346 Penicillium-verrucosum
11 12 -0.20889173661227517 0.653060643637213 Penicillium-brevicompactum
11 12 -0.5705782684491273 0.18100066184506444 Penicillium-cvjetkovicii
11 10 0.28084167370609175 0.5418057631319787 Penicillium-polonicum
11 10 0.29538499022992665 0.5201263098498288 Penicillium-commune
11 10 -0.2697407269134012 0.5585498542255518 Penicillium-chrysogenum
11 10 -0.29887311524413784 0.5149713129181579 Penicillium-solitum
11 10 -0.536343024320799 0.21457527877587826 Penicillium-mb
11 10 0.20560657270301128 0.6582822694816929 Penicillium-verrucosum
11 10 -0.09909702536393787 0.832592485819981 Penicillium-brevicompactum
11 10 0.3396832031572347 0.45602098517507056 Penicillium-cvjetkovicii
7 12 -0.4974588115839682 0.2559791688116456 Penicillium-polonicum
7 12 -0.46618207347085683 0.2917011754895638 Penicillium-commune
7 12 -0.3414092934936732 0.4535853545015097 Penicillium-chrysogenum
7 12 0.03917187942501243 0.933550760545844 Penicillium-solitum
7 12 -0.13473073715357592 0.7733442916291792 Penicillium-mb
7 12 -0.19441546653628913 0.6761520386372925 Penicillium-verrucosum
7 12 0.06812635926330668 0.884613302320159 Penicillium-brevicompactum
7 12 0.6786620015325061 0.09368932697802738 Penicillium-cvjetkovicii
9 12 -0.16921768534615814 0.7168223837590394 Penicillium-polonicum
9 12 -0.40863903534708107 0.36271298581332767 Penicillium-commune
9 12 -0.09560719527480654 0.8384329725082021 Penicillium-chrysogenum
9 12 -0.054980253528908 0.9068036301467416 Penicillium-solitum
9 12 -0.31250947256208317 0.49498986664908073 Penicillium-mb
9 12 -0.01345220158416019 0.9771648995762086 Penicillium-verrucosum
9 12 0.017765958059687052 0.96984433239578 Penicillium-brevicompactum
9 12 0.7213708472419023 0.06728439312335828 Penicillium-cvjetkovicii
9 12 -0.07849664844157107 0.8671501268376927 Penicillium-polonicum
9 12 -0.1791686409642217 0.7006923488872647 Penicillium-commune
9 12 -0.21166691674853594 0.6486583571719318 Penicillium-chrysogenum
9 12 -0.3640342858903828 0.42211806910763106 Penicillium-solitum
9 12 0.00010746113321869449 0.9998175683152719 Penicillium-mb
9 12 -0.030599851194230275 0.9480763965200534 Penicillium-verrucosum
9 12 0.017765958059687025 0.96984433239578 Penicillium-brevicompactum
9 12 0.7303149272385657 0.06234257526836109 Penicillium-cvjetkovicii
7 6 -0.3027060640415277 0.5093270986688572 Penicillium-polonicum
7 6 -0.2798587296763915 0.5432816482911204 Penicillium-commune
7 6 -0.13307583249224883 0.7760785231973637 Penicillium-chrysogenum
7 6 -0.4428999437867378 0.31963151671325385 Penicillium-solitum
7 6 0.08061685054557251 0.8635848799121837 Penicillium-mb
7 6 0.006141758411602391 0.9895736237384736 Penicillium-verrucosum
7 6 0.02056833732131514 0.9650894917229964 Penicillium-brevicompactum
7 6 -0.26677049117335333 0.5630579028263653 Penicillium-cvjetkovicii
9 8 -0.20361698102785739 0.6614500274166335 Penicillium-polonicum
9 8 -0.08313780657949064 0.8593481392664891 Penicillium-commune
9 8 -0.12377915143651147 0.7914720406425404 Penicillium-chrysogenum
9 8 -0.4452383922096613 0.3167759684406227 Penicillium-solitum
9 8 0.10993959246126418 0.8144866308449529 Penicillium-mb
9 8 0.11443949850180866 0.8069911448565308 Penicillium-verrucosum
9 8 0.030019630318249595 0.9490600529734832 Penicillium-brevicompactum
9 8 -0.7368881862343611 0.058840286948558126 Penicillium-cvjetkovicii
7 8 -0.05074090405338332 0.9139704133350341 Penicillium-polonicum
7 8 -0.01826077651247882 0.9690047113540122 Penicillium-commune
7 8 -0.25930948354333355 0.5744324697493743 Penicillium-chrysogenum
7 8 -0.2948252060115102 0.5209552316523769 Penicillium-solitum
7 8 0.09120753298766587 0.8458045157706413 Penicillium-mb
7 8 0.06924531363316556 0.8827271335227985 Penicillium-verrucosum
7 8 0.07901048302723045 0.8662859168722647 Penicillium-brevicompactum
7 8 -0.748143017771023 0.053098028273790704 Penicillium-cvjetkovicii
5 6 -0.10445448342332603 0.8236383628514197 Penicillium-polonicum
5 6 -0.01805492452619398 0.9693540037201847 Penicillium-commune
5 6 -0.20984675960110752 0.6515447750023697 Penicillium-chrysogenum
5 6 -0.2071232766144028 0.6558701497019834 Penicillium-solitum
5 6 0.19366636452239122 0.677352610317949 Penicillium-mb
5 6 0.15424205210983016 0.7412541916873483 Penicillium-verrucosum
5 6 0.05700869733096317 0.9033762215236494 Penicillium-brevicompactum
5 6 -0.7502127995130016 0.05207691667923773 Penicillium-cvjetkovicii
9 10 -0.6067948970751692 0.14852766501190204 Penicillium-polonicum
9 10 -0.22338851938734544 0.6301550167717682 Penicillium-commune
9 10 -0.23227897728742974 0.616222028196574 Penicillium-chrysogenum
9 10 0.07049807845828497 0.8806159297245433 Penicillium-solitum
9 10 -0.06289708632871796 0.893433672563431 Penicillium-mb
9 10 -0.11937766561289709 0.7987791578666844 Penicillium-verrucosum
9 10 -0.15453566723273723 0.7407734503078234 Penicillium-brevicompactum
9 10 0.34500887332941843 0.44852179273986814 Penicillium-cvjetkovicii
11 12 0.5653102623483506 0.18598720465466775 Penicillium-polonicum
11 12 0.5508216488254754 0.20004060972259077 Penicillium-commune
11 12 0.34010734069711124 0.4554220482263236 Penicillium-chrysogenum
11 12 0.3431809451402715 0.4510904976402682 Penicillium-solitum
11 12 -0.6398675148963895 0.12168459346503072 Penicillium-mb
11 12 0.33503894577186366 0.4625983573662841 Penicillium-verrucosum
11 12 -0.4634924854388675 0.2948703569837585 Penicillium-brevicompactum
11 12 0.7973754798050587 0.03172026053774306 Penicillium-cvjetkovicii
9 8 0.07294754525060426 0.8764896343317643 Penicillium-polonicum
9 8 0.06604422493335062 0.8881242064908972 Penicillium-commune
9 8 -0.3324534256671739 0.4662751214561392 Penicillium-chrysogenum
9 8 -0.29829917350406315 0.5158183146642867 Penicillium-solitum
9 8 0.18550449777494504 0.6904682373666592 Penicillium-mb
9 8 0.1842171741121741 0.6925426023573078 Penicillium-verrucosum
9 8 0.007247106613850128 0.9876972527786028 Penicillium-brevicompactum
9 8 -0.7511476518383873 0.05161926271703544 Penicillium-cvjetkovicii
3 10 -0.15752399992931793 0.7358844335832606 Penicillium-polonicum
3 10 -0.0628600179700454 0.8934962289267803 Penicillium-commune
3 10 -0.20288632091155792 0.6626143697440436 Penicillium-chrysogenum
3 10 -0.27448009901830517 0.5513809311074189 Penicillium-solitum
3 10 0.07258257167371365 0.8771043182975944 Penicillium-mb
3 10 0.04832346202176432 0.9180592933966223 Penicillium-verrucosum
3 10 0.012292996676198518 0.9791323374987695 Penicillium-brevicompactum
3 10 0.6786620015325052 0.09368932697802788 Penicillium-cvjetkovicii
9 10 -0.083156111063319 0.8593173863000937 Penicillium-polonicum
9 10 -0.011449591395672816 0.9805638439838061 Penicillium-commune
9 10 -0.06347728627104893 0.8924545876638518 Penicillium-chrysogenum
9 10 -0.5730597086815934 0.17867472819790414 Penicillium-solitum
9 10 0.20373592224573267 0.6612605400677015 Penicillium-mb
9 10 0.1950054864570461 0.6752068084280678 Penicillium-verrucosum
9 10 -0.13939973561809016 0.7656402889718135 Penicillium-brevicompactum
9 10 -0.2220649333321687 0.6322368965810689 Penicillium-cvjetkovicii
3 12 -0.2407794514164519 0.6029852191570912 Penicillium-polonicum
3 12 -0.19629242499243826 0.6731462708027763 Penicillium-commune
3 12 -0.06758063146521831 0.8855333676986834 Penicillium-chrysogenum
3 12 -0.3221450655664196 0.48103962656187294 Penicillium-solitum
3 12 0.1886150063469357 0.6854624022342951 Penicillium-mb
3 12 0.16030581728606882 0.7313396388279783 Penicillium-verrucosum
3 12 -0.1841971067641781 0.6925749505632957 Penicillium-brevicompactum
3 12 0.04489969327892918 0.9238527232654257 Penicillium-cvjetkovicii
9 12 -0.24625976183201684 0.5944967796088931 Penicillium-polonicum
9 12 -0.20113552679721897 0.6654065394335361 Penicillium-commune
9 12 -0.2961933295115823 0.5189301256079082 Penicillium-chrysogenum
9 12 -0.22510648727351334 0.6274557093406035 Penicillium-solitum
9 12 -0.07994505604280658 0.8647143458178149 Penicillium-mb
9 12 -0.43740743487401446 0.3263819954757258 Penicillium-verrucosum
9 12 -0.043379053108588646 0.9264267008290887 Penicillium-brevicompactum
9 12 0.6786620015325057 0.09368932697802766 Penicillium-cvjetkovicii
9 8 0.20407116931390087 0.6607265294251364 Penicillium-polonicum
9 8 0.238089511269344 0.6071647871059542 Penicillium-commune
9 8 -0.3086673183415031 0.500591829409205 Penicillium-chrysogenum
9 8 -0.3774568764085409 0.40386439228389426 Penicillium-solitum
9 8 -0.10024923528964734 0.8306655105862025 Penicillium-mb
9 8 0.27323588321169223 0.5532600677159865 Penicillium-verrucosum
9 8 0.021901889104882097 0.9628271155282622 Penicillium-brevicompactum
9 8 -0.7507285725107798 0.05182414868104626 Penicillium-cvjetkovicii
11 12 -0.15914575496500474 0.7332341389089403 Penicillium-polonicum
11 12 0.011996901812992847 0.9796348925343801 Penicillium-commune
11 12 -0.4253828065745965 0.34137084323898464 Penicillium-chrysogenum
11 12 -0.0855783227472656 0.8552491403488497 Penicillium-solitum
11 12 0.3068382214495154 0.5032664716566704 Penicillium-mb
11 12 0.31329602518727634 0.4938457962213467 Penicillium-verrucosum
11 12 -0.4186704741861431 0.3498615395740208 Penicillium-brevicompactum
11 12 0.2640748874141753 0.567159133596293 Penicillium-cvjetkovicii
7 12 -0.16526907004724503 0.7232464809657653 Penicillium-polonicum
7 12 -0.24386975710278372 0.5981942079546563 Penicillium-commune
7 12 -0.06001614577682532 0.8982968218640481 Penicillium-chrysogenum
7 12 -0.6286292455408914 0.13050119114500827 Penicillium-solitum
7 12 0.32176386877465396 0.48158880201625265 Penicillium-mb
7 12 0.29311698150836746 0.5234875262640973 Penicillium-verrucosum
7 12 -0.29108155545899134 0.5265103047544949 Penicillium-brevicompactum
7 12 0.45744019740572994 0.3020570938234497 Penicillium-cvjetkovicii
11 12 0.5357207149544243 0.21521088441313047 Penicillium-polonicum
11 12 0.5272002680683698 0.22400284881271174 Penicillium-commune
11 12 0.26775160543013593 0.5615675419633703 Penicillium-chrysogenum
11 12 -0.10501570735801692 0.822701233395605 Penicillium-solitum
11 12 0.03782243659890872 0.9358365544605165 Penicillium-mb
11 12 0.34581519945298844 0.44739044910691445 Penicillium-verrucosum
11 12 0.3456878515113836 0.44756905763160243 Penicillium-brevicompactum
11 12 0.8149073196574154 0.025553282727107756 Penicillium-cvjetkovicii
7 10 -0.0057834192352221045 0.9901819267669858 Penicillium-polonicum
7 10 -0.11042197055127541 0.8136825871589977 Penicillium-commune
7 10 -0.293101506657818 0.5235104854559331 Penicillium-chrysogenum
7 10 -0.40765966146344423 0.36397798019593963 Penicillium-solitum
7 10 0.0664098409397722 0.8875075965417405 Penicillium-mb
7 10 0.027530938295174428 0.9532797381142659 Penicillium-verrucosum
7 10 0.01776595805968707 0.9698443323957799 Penicillium-brevicompactum
7 10 0.7495580074082161 0.05239878280599335 Penicillium-cvjetkovicii
11 10 -0.6848264415952905 0.08959156861822459 Penicillium-polonicum
11 10 -0.2652380007790267 0.5653883515642556 Penicillium-commune
11 10 -0.38599996091454614 0.39241288449261913 Penicillium-chrysogenum
11 10 -0.39145105860917867 0.3851750226857727 Penicillium-solitum
11 10 -0.02560945861174029 0.9565382880999037 Penicillium-mb
11 10 -0.06144100582905863 0.8958912738836727 Penicillium-verrucosum
11 10 0.1336179907361688 0.7751825662591124 Penicillium-brevicompactum
11 10 -0.19232300781826092 0.6795069414623296 Penicillium-cvjetkovicii
11 12 0.1095431044368841 0.8151476071290356 Penicillium-polonicum
11 12 0.1998079803150779 0.6675257647424705 Penicillium-commune
11 12 -0.06694063463357545 0.8866124954291738 Penicillium-chrysogenum
11 12 -0.06423771420230717 0.8911715334208554 Penicillium-solitum
11 12 0.3865110601851245 0.3917319576736034 Penicillium-mb
11 12 -0.35768734835733396 0.43085833552083175 Penicillium-verrucosum
11 12 0.017765958059687323 0.9698443323957795 Penicillium-brevicompactum
11 12 0.7914134059119563 0.033988448661816675 Penicillium-cvjetkovicii
11 12 0.07596940817062076 0.8714021693209747 Penicillium-polonicum
11 12 0.04368802352057045 0.925903666760105 Penicillium-commune
11 12 -0.7938445492295032 0.03305300478945156 Penicillium-chrysogenum
11 12 0.10139476379028402 0.8287503780156755 Penicillium-solitum
11 12 -0.22319217396901378 0.6304637276987722 Penicillium-mb
11 12 -0.12203308776881573 0.7943693379290214 Penicillium-verrucosum
11 12 0.17434847764381398 0.7084948031883995 Penicillium-brevicompactum
11 12 -0.1827609602452164 0.6948909548415302 Penicillium-cvjetkovicii
11 12 -0.584374001908882 0.16825662650886242 Penicillium-polonicum
11 12 0.1676638244351165 0.719348833745733 Penicillium-commune
11 12 -0.07117689433772179 0.8794721992510242 Penicillium-chrysogenum
11 12 -0.14497710800217178 0.7564575699633003 Penicillium-solitum
11 12 -0.46948483661417134 0.28783027269732536 Penicillium-mb
11 12 0.2505616176360769 0.587859183631515 Penicillium-verrucosum
11 12 0.09848511057534622 0.8336161339464625 Penicillium-brevicompactum
11 12 0.69533648824773 0.08282785448947862 Penicillium-cvjetkovicii
7 8 -0.20470495668201602 0.6597172904545162 Penicillium-polonicum
7 8 -0.17615197686515474 0.7055730504444555 Penicillium-commune
7 8 -0.14001024168848358 0.7646340558649776 Penicillium-chrysogenum
7 8 -0.276209384299002 0.5487726529492314 Penicillium-solitum
7 8 -0.08420263716434433 0.8575593766084496 Penicillium-mb
7 8 -0.0711034435655496 0.879595947753761 Penicillium-verrucosum
7 8 0.009595998573606185 0.9837100768980201 Penicillium-brevicompactum
7 8 0.6786620015325067 0.09368932697802694 Penicillium-cvjetkovicii
11 12 -0.6458230333661639 0.11714050208202177 Penicillium-polonicum
11 12 0.5213230829670987 0.2301639468853254 Penicillium-commune
11 12 -0.1775200371999825 0.7033586432975325 Penicillium-chrysogenum
11 12 -0.23316974057554388 0.6148309959273168 Penicillium-solitum
11 12 -0.36281306173081357 0.42379442465013145 Penicillium-mb
11 12 -0.3820467137085026 0.3976956765046808 Penicillium-verrucosum
11 12 -0.047946621501079464 0.9186968155966256 Penicillium-brevicompactum
11 12 0.4650013548157318 0.29309056650653087 Penicillium-cvjetkovicii
11 12 0.18532010837024074 0.6907652642312344 Penicillium-polonicum
11 12 0.17955713799309647 0.7000643852959438 Penicillium-commune
11 12 -0.3942394428666028 0.3814936950963363 Penicillium-chrysogenum
11 12 -0.44421784266014097 0.31802082871775167 Penicillium-solitum
11 12 0.3374851759400178 0.45912956524228965 Penicillium-mb
11 12 0.1869946550773668 0.6880689525967769 Penicillium-verrucosum
11 12 0.017765958059687174 0.9698443323957798 Penicillium-brevicompactum
11 12 0.7310790763414886 0.061929793680310756 Penicillium-cvjetkovicii
9 10 -0.49986017991309184 0.25332419036370984 Penicillium-polonicum
9 10 -0.4580856506921053 0.3012870280597634 Penicillium-commune
9 10 -0.06856626653019482 0.8838717192189358 Penicillium-chrysogenum
9 10 -0.1378636641602275 0.7681731909307842 Penicillium-solitum
9 10 -0.2625354974717394 0.5695054750153687 Penicillium-mb
9 10 -0.37943763637024625 0.4011976397974151 Penicillium-verrucosum
9 10 0.0014581477769937132 0.9975245740826395 Penicillium-brevicompactum
9 10 0.6786620015325073 0.09368932697802655 Penicillium-cvjetkovicii
3 12 0.34516749423396337 0.44829914942895943 Penicillium-polonicum
3 12 0.4857618159504544 0.26909194575213274 Penicillium-commune
3 12 0.25635281069393573 0.5789597696009242 Penicillium-chrysogenum
3 12 -0.5796399999355728 0.17257820600095364 Penicillium-solitum
3 12 0.7048885043419663 0.07692451758862329 Penicillium-mb
3 12 0.7034953587848479 0.07777103934967468 Penicillium-verrucosum
3 12 0.33516906740086994 0.46241360008255655 Penicillium-brevicompactum
3 12 0.8182187276531491 0.024471925054668355 Penicillium-cvjetkovicii
11 10 0.3190499566807645 0.48550513265194356 Penicillium-polonicum
11 10 0.4197181349609576 0.3485305379930104 Penicillium-commune
11 10 -0.3244935777818042 0.4776612035407583 Penicillium-chrysogenum
11 10 -0.3745181200274212 0.4078337811968361 Penicillium-solitum
11 10 0.6491120763568499 0.11466910761811894 Penicillium-mb
11 10 0.6470801631638798 0.11619268244171184 Penicillium-verrucosum
11 10 0.01776595805968684 0.9698443323957804 Penicillium-brevicompactum
11 10 0.8698564413078618 0.010927974927393738 Penicillium-cvjetkovicii
9 8 0.09616340705816087 0.8375017103166208 Penicillium-polonicum
9 8 0.09213548877052885 0.8442489855252913 Penicillium-commune
9 8 -0.31822071652428596 0.48670403998863804 Penicillium-chrysogenum
9 8 -0.34817462605468275 0.44408615412689806 Penicillium-solitum
9 8 0.19453633709460752 0.6759583726842786 Penicillium-mb
9 8 0.22548758951259928 0.6268573594061186 Penicillium-verrucosum
9 8 0.004547340722675432 0.9922802744406811 Penicillium-brevicompactum
9 8 -0.7512383696371538 0.05157496959978063 Penicillium-cvjetkovicii
9 10 -0.12842636351991832 0.7837701426522508 Penicillium-polonicum
9 10 -0.15587661517863882 0.7385787459161206 Penicillium-commune
9 10 -0.06001614577682542 0.8982968218640479 Penicillium-chrysogenum
9 10 0.04698859801610085 0.9203177128758699 Penicillium-solitum
9 10 0.17551610016223476 0.7066028739497707 Penicillium-mb
9 10 0.10717727034707937 0.819093437314074 Penicillium-verrucosum
9 10 -0.010728009164193553 0.9817886140125567 Penicillium-brevicompactum
9 10 0.7573344110468766 0.048646148664814357 Penicillium-cvjetkovicii
9 10 0.015849433271936227 0.9730965458273374 Penicillium-polonicum
9 10 0.1328669977537337 0.7764236908973561 Penicillium-commune
9 10 -0.20668457672383925 0.656567601375659 Penicillium-chrysogenum
9 10 -0.0855783227472655 0.8552491403488498 Penicillium-solitum
9 10 0.46504436723526205 0.29303990102593214 Penicillium-mb
9 10 0.44170150476987396 0.32109925483599383 Penicillium-verrucosum
9 10 -0.0008980672608528065 0.9984753942810166 Penicillium-brevicompactum
9 10 0.1367203479359116 0.770059526108898 Penicillium-cvjetkovicii
3 10 -0.20974087542724024 0.6517127936880529 Penicillium-polonicum
3 10 -0.15414546338601587 0.7414123527934224 Penicillium-commune
3 10 -0.16300867953304043 0.7269298092947256 Penicillium-chrysogenum
3 10 -0.24783703014592207 0.5920604847100721 Penicillium-solitum
3 10 -0.009583492980973057 0.9837313041229249 Penicillium-mb
3 10 -0.024121186617621714 0.9590625135647568 Penicillium-verrucosum
3 10 0.009568256781033804 0.9837571663416353 Penicillium-brevicompactum
3 10 0.6786620015325081 0.093689326978026 Penicillium-cvjetkovicii
7 8 -0.30315714294162616 0.5086642767304697 Penicillium-polonicum
7 8 -0.3948437939589158 0.3806976974003418 Penicillium-commune
7 8 0.21260237520860958 0.6471762567995447 Penicillium-chrysogenum
7 8 0.20078814107686593 0.6659609173294077 Penicillium-solitum
7 8 0.282508123710278 0.5393066300884743 Penicillium-mb
7 8 0.24017354284775685 0.6039259179051502 Penicillium-verrucosum
7 8 0.1568999500246185 0.7369048209388834 Penicillium-brevicompactum
7 8 -0.2415730631578974 0.6017537643988236 Penicillium-cvjetkovicii
7 10 -0.14088268142148008 0.7631965619931544 Penicillium-polonicum
7 10 -0.10106910445669187 0.829294757843862 Penicillium-commune
7 10 -0.17180048831282427 0.7126275050944246 Penicillium-chrysogenum
7 10 -0.26643805261313475 0.5635631794759469 Penicillium-solitum
7 10 0.036975596178328976 0.9372711801222708 Penicillium-mb
7 10 0.034833841749125585 0.9409001046225334 Penicillium-verrucosum
7 10 0.012897895724144359 0.9781056733894057 Penicillium-brevicompactum
7 10 0.6786620015325048 0.09368932697802823 Penicillium-cvjetkovicii
11 12 -0.43351214025195123 0.33120610609326195 Penicillium-polonicum
11 12 -0.32312830198884174 0.4796241583628627 Penicillium-commune
11 12 0.2779785785478895 0.5461083644292584 Penicillium-chrysogenum
11 12 0.14919984915892245 0.7495202185088916 Penicillium-solitum
11 12 0.1372667179601596 0.7691579679033724 Penicillium-mb
11 12 -0.553022456171439 0.19787407386233696 Penicillium-verrucosum
11 12 0.32799487642455855 0.47264047936199366 Penicillium-brevicompactum
11 12 0.5514695679692185 0.19940160110026683 Penicillium-cvjetkovicii
11 12 -0.23072596401669546 0.6186494236614473 Penicillium-polonicum
11 12 -0.29090932123325597 0.5267663571931103 Penicillium-commune
11 12 0.3866521853424549 0.39154402312407555 Penicillium-chrysogenum
11 12 0.38357775305635555 0.3956463749603325 Penicillium-solitum
11 12 0.0988025059110132 0.8330851523996811 Penicillium-mb
11 12 -0.0628390691676192 0.8935315822076166 Penicillium-verrucosum
11 12 -0.4390112284113345 0.3244046064587191 Penicillium-brevicompactum
11 12 0.10510168837036311 0.8225576774258769 Penicillium-cvjetkovicii
