#SPECIES: Penicillium-chrysogenum Penicillium-commune Penicillium-cvjetkovicii Penicillium-verrucosum Penicillium-mb Penicillium-solitum Penicillium-polonicum Penicillium-brevicompactum 
#GENE_TREEs p: 0.662121194573615 0.5460623737526011 0.014442551269595866 0.19035769757833887 0.23914706031134986 0.21665534021359514 0.4928998801275648 0.09427534506579825 
#GENE_TREEs r: 0.2031957618381085 0.2780091429888852 0.853979156991373 0.5607493279147493 0.5128843416856189 0.5343097106124938 0.313946833169817 -0.6777921165800483 
7 8 -0.392446129422608 0.3838596523850404 Penicillium-chrysogenum
7 8 -0.35826286734683466 0.43006295672417394 Penicillium-commune
7 8 -0.039000805791238276 0.933840518881196 Penicillium-cvjetkovicii
7 8 0.2567433765820517 0.5783610945648745 Penicillium-verrucosum
7 8 0.17093317565180463 0.7140355203294135 Penicillium-mb
7 8 0.11884413689918681 0.7996656975491105 Penicillium-solitum
7 8 -0.055754532395534115 0.9054952132765332 Penicillium-polonicum
7 8 -0.19278580699622092 0.6787645574207299 Penicillium-brevicompactum
7 12 -0.061781410702367985 0.8953166719565006 Penicillium-chrysogenum
7 12 -0.7033605687288165 0.0778532045022827 Penicillium-commune
7 12 -0.06304042723693835 0.8931917753512759 Penicillium-cvjetkovicii
7 12 0.05101261402312217 0.9135109339634824 Penicillium-verrucosum
7 12 0.03773803502139577 0.935979532363024 Penicillium-mb
7 12 0.06181304458545369 0.8952632759461113 Penicillium-solitum
7 12 -0.19596003824240416 0.6736783053825757 Penicillium-polonicum
7 12 0.12542850762174806 0.7887369642452955 Penicillium-brevicompactum
7 12 0.4941455780941229 0.2596631129875183 Penicillium-chrysogenum
7 12 -0.5830536607600134 0.16945650696893272 Penicillium-commune
7 12 -0.17355618002636133 0.7097792630292272 Penicillium-cvjetkovicii
7 12 -0.010857224607300582 0.981569289389911 Penicillium-verrucosum
7 12 -0.0914689199120015 0.8453663129702746 Penicillium-mb
7 12 -0.207320265724099 0.6555570380485096 Penicillium-solitum
7 12 -0.3880580709991627 0.3896738000061665 Penicillium-polonicum
7 12 0.479937083653897 0.2757323455994133 Penicillium-brevicompactum
9 8 -0.38887003475863646 0.3885952993517358 Penicillium-chrysogenum
9 8 -0.34224176718337995 0.45241241676423066 Penicillium-commune
9 8 0.02960157611927458 0.9497688179685395 Penicillium-cvjetkovicii
9 8 -0.08139038222144956 0.862284595521086 Penicillium-verrucosum
9 8 -0.06580063764272906 0.8885350404111172 Penicillium-mb
9 8 -0.03840417505410713 0.9348511157413215 Penicillium-solitum
9 8 -0.34844827835460274 0.44370351143556985 Penicillium-polonicum
9 8 0.24564903480094433 0.5954409396484054 Penicillium-brevicompactum
11 12 -0.3418862600162843 0.45291318009307124 Penicillium-chrysogenum
11 12 -0.02353404505837692 0.9600584272353981 Penicillium-commune
11 12 0.24076696747964252 0.6030045965932713 Penicillium-cvjetkovicii
11 12 -0.35742027412109767 0.4312276289345331 Penicillium-verrucosum
11 12 -0.391593676135036 0.3849863869514069 Penicillium-mb
11 12 -0.23214848642410077 0.6164258818672388 Penicillium-solitum
11 12 -0.795608789589337 0.03238326946818872 Penicillium-polonicum
11 12 -0.07197857166844243 0.8781216753762754 Penicillium-brevicompactum
7 12 -0.39981498448198777 0.37417576670725844 Penicillium-chrysogenum
7 12 -0.5221226711866408 0.22932112077953024 Penicillium-commune
7 12 -0.0454808922436478 0.9228690701794525 Penicillium-cvjetkovicii
7 12 -0.24007434776705272 0.604079964026715 Penicillium-verrucosum
7 12 -0.12559946565261576 0.7884535680557565 Penicillium-mb
7 12 -0.3129079809246407 0.49441010419182096 Penicillium-solitum
7 12 -0.2883110542534085 0.5306341663371918 Penicillium-polonicum
7 12 -0.19278580699622072 0.6787645574207303 Penicillium-brevicompactum
11 12 -0.020049287724233464 0.9659701125606014 Penicillium-chrysogenum
11 12 -0.08285744759783209 0.8598191819599241 Penicillium-commune
11 12 -0.016473922923648052 0.9720367946650924 Penicillium-cvjetkovicii
11 12 -0.06522796205819563 0.8895009921289039 Penicillium-verrucosum
11 12 -0.32136093306300034 0.4821695410007512 Penicillium-mb
11 12 -0.3163492542612028 0.48941366090163435 Penicillium-solitum
11 12 -0.35787335586665975 0.4306012077451471 Penicillium-polonicum
11 12 -0.5922905275627495 0.16115082106584225 Penicillium-brevicompactum
9 12 -0.1875820923128038 0.6871236968215723 Penicillium-chrysogenum
9 12 -0.7546712474348948 0.04991412750549196 Penicillium-commune
9 12 0.22643921767068356 0.6253639647551325 Penicillium-cvjetkovicii
9 12 0.2832565495949096 0.5381854806791773 Penicillium-verrucosum
9 12 0.24911570189738014 0.5900876427778435 Penicillium-mb
9 12 0.23831651232986267 0.6068117475243983 Penicillium-solitum
9 12 0.010346711883281847 0.9824358165601644 Penicillium-polonicum
9 12 -0.5659333343214885 0.18539397974506233 Penicillium-brevicompactum
11 12 -0.2503860847075051 0.5881295791922098 Penicillium-chrysogenum
11 12 -0.20096654822003363 0.6656761899475229 Penicillium-commune
11 12 -0.007180902545620766 0.9878096355219823 Penicillium-cvjetkovicii
11 12 -0.31658966435258457 0.48906527977908865 Penicillium-verrucosum
11 12 -0.39721162090407336 0.3775855145855024 Penicillium-mb
11 12 -0.3124401273349142 0.4950907767922046 Penicillium-solitum
11 12 -0.5694990917935814 0.18201679578614866 Penicillium-polonicum
11 12 -0.23614552525767823 0.6101906182235725 Penicillium-brevicompactum
11 12 -0.45276447462537367 0.307661237095644 Penicillium-chrysogenum
11 12 -0.33880964151267046 0.45725548888386813 Penicillium-commune
11 12 -0.06402354228083215 0.891532882250468 Penicillium-cvjetkovicii
11 12 -0.3388364380669929 0.4572176019777467 Penicillium-verrucosum
11 12 -0.4134182545360721 0.3565661781963168 Penicillium-mb
11 12 -0.35430083507534604 0.43554995199352126 Penicillium-solitum
11 12 -0.4177526527461976 0.35102933338900183 Penicillium-polonicum
11 12 -0.14656704565448553 0.7538439838809268 Penicillium-brevicompactum
9 12 -0.3873947762181435 0.39055572058109544 Penicillium-chrysogenum
9 12 -0.45434858095096864 0.3057575357867889 Penicillium-commune
9 12 0.12302277251229818 0.7927268909316283 Penicillium-cvjetkovicii
9 12 -0.4791609079801206 0.27662271998233184 Penicillium-verrucosum
9 12 0.17457729905487696 0.7081239437286218 Penicillium-mb
9 12 -0.5227655623602686 0.2286445166575926 Penicillium-solitum
9 12 0.16196129786533822 0.7286379502042006 Penicillium-polonicum
9 12 0.31440956077463944 0.4922277202722327 Penicillium-brevicompactum
9 12 -0.26204423939196303 0.5702548959405624 Penicillium-chrysogenum
9 12 -0.22490276712887053 0.6277756269065451 Penicillium-commune
9 12 -0.0640235422808322 0.8915328822504678 Penicillium-cvjetkovicii
9 12 -0.03280869757952597 0.9443321971052644 Penicillium-verrucosum
9 12 -0.4400992910002671 0.32306602630924086 Penicillium-mb
9 12 -0.1301256905416041 0.7809572926242988 Penicillium-solitum
9 12 -0.3295710755178208 0.4703865758347441 Penicillium-polonicum
9 12 -0.20371371150337275 0.6612959233015008 Penicillium-brevicompactum
11 12 0.45312650925320574 0.3072257063237145 Penicillium-chrysogenum
11 12 0.13947550689789975 0.765515388855236 Penicillium-commune
11 12 0.16161176902276514 0.7292081844892031 Penicillium-cvjetkovicii
11 12 0.5081848978089901 0.2442189904998009 Penicillium-verrucosum
11 12 -0.5744781766610171 0.17735176610122189 Penicillium-mb
11 12 0.4676951042511419 0.28992502291176353 Penicillium-solitum
11 12 -0.551655573457178 0.1992183353392881 Penicillium-polonicum
11 12 0.429035030667237 0.33678803926023304 Penicillium-brevicompactum
7 12 -0.4664429721870851 0.2913945620917817 Penicillium-chrysogenum
7 12 -0.5079877024330438 0.24443289417634292 Penicillium-commune
7 12 -0.03868448372404109 0.9343763090424481 Penicillium-cvjetkovicii
7 12 -0.20156602391621298 0.6647196956756979 Penicillium-verrucosum
7 12 -0.1084628507384996 0.8169489152255051 Penicillium-mb
7 12 -0.271157318516583 0.5564039381125079 Penicillium-solitum
7 12 -0.29057242340153294 0.5272673287385574 Penicillium-polonicum
7 12 -0.19278580699622075 0.6787645574207303 Penicillium-brevicompactum
7 12 -0.18758209231280365 0.6871236968215726 Penicillium-chrysogenum
7 12 -0.7097721289670171 0.07399609284272883 Penicillium-commune
7 12 0.21186927528888722 0.6483376706733504 Penicillium-cvjetkovicii
7 12 0.15133721943725573 0.7460139127597342 Penicillium-verrucosum
7 12 0.0612916117012424 0.8961434619522692 Penicillium-mb
7 12 0.03933794128538054 0.933269496551111 Penicillium-solitum
7 12 -0.18950075283421605 0.6840386070107489 Penicillium-polonicum
7 12 -0.44356694813060343 0.31881588880079137 Penicillium-brevicompactum
7 10 -0.4520807056094531 0.30848455209258724 Penicillium-chrysogenum
7 10 -0.5217245963100127 0.22974054047547152 Penicillium-commune
7 10 0.028118864614082844 0.9522828023398253 Penicillium-cvjetkovicii
7 10 -0.03152940508277576 0.9465006207136628 Penicillium-verrucosum
7 10 -0.08266497700533271 0.8601425788866623 Penicillium-mb
7 10 -0.052329195102426417 0.9112847821808063 Penicillium-solitum
7 10 -0.34717199879177146 0.44548917125619 Penicillium-polonicum
7 10 0.2919959313522503 0.5251516506862175 Penicillium-brevicompactum
7 12 -0.3644330625785214 0.4215712319229467 Penicillium-chrysogenum
7 12 -0.2950354493396569 0.5206438530745041 Penicillium-commune
7 12 0.011744905717527105 0.9800626039649567 Penicillium-cvjetkovicii
7 12 -0.13088312852808806 0.779704135946667 Penicillium-verrucosum
7 12 -0.09386898118866194 0.8413442169408465 Penicillium-mb
7 12 -0.13675638807176838 0.7700000503884741 Penicillium-solitum
7 12 -0.216425704170486 0.6411284044498273 Penicillium-polonicum
7 12 -0.17577762160332439 0.7061792881141548 Penicillium-brevicompactum
9 12 -0.4905906696324208 0.263642479453639 Penicillium-chrysogenum
9 12 -0.4902979642213694 0.2639713619116677 Penicillium-commune
9 12 -0.15872366245455632 0.7339237266190259 Penicillium-cvjetkovicii
9 12 -0.20602948481281996 0.6576094451915838 Penicillium-verrucosum
9 12 -0.3152282082213152 0.4910393474590863 Penicillium-mb
9 12 -0.35113611420562546 0.43995179635654563 Penicillium-solitum
9 12 -0.4482296696359984 0.3131394225186705 Penicillium-polonicum
9 12 -0.22485169341902472 0.627855839183431 Penicillium-brevicompactum
7 8 -0.31391913998495086 0.4929401176648157 Penicillium-chrysogenum
7 8 -0.26798253840311637 0.561216927124055 Penicillium-commune
7 8 -0.03592059518295027 0.9390586374071068 Penicillium-cvjetkovicii
7 8 0.09183956979630073 0.8447449903502342 Penicillium-verrucosum
7 8 0.05475781596135513 0.9071795478633119 Penicillium-mb
7 8 0.030187611033108543 0.9487752676156178 Penicillium-solitum
7 8 -0.11739187481022001 0.8020797178401456 Penicillium-polonicum
7 8 -0.19278580699622097 0.6787645574207299 Penicillium-brevicompactum
7 12 -0.47955449598086347 0.2761710620258881 Penicillium-chrysogenum
7 12 -0.6376952642535341 0.12336415286019792 Penicillium-commune
7 12 -0.03645320633262706 0.9381562241288892 Penicillium-cvjetkovicii
7 12 -0.021552446103897647 0.9634199283611161 Penicillium-verrucosum
7 12 -0.10691411634299514 0.8195325247480515 Penicillium-mb
7 12 -0.03421233366269939 0.9419533237511718 Penicillium-solitum
7 12 -0.29621949728224134 0.5188914181378591 Penicillium-polonicum
7 12 -0.19278580699622092 0.6787645574207299 Penicillium-brevicompactum
11 10 -0.1002620432805107 0.8306440940629481 Penicillium-chrysogenum
11 10 -0.6369243258142582 0.12396307251923007 Penicillium-commune
11 10 0.6668273019720792 0.10182658882095175 Penicillium-cvjetkovicii
11 10 -0.7081036839065252 0.07498973192909533 Penicillium-verrucosum
11 10 0.16655882384103368 0.7211467115089065 Penicillium-mb
11 10 0.15443241244598746 0.7409425036120312 Penicillium-solitum
11 10 0.09789823540461642 0.8345980698813138 Penicillium-polonicum
11 10 0.038918574328746694 0.9339798016277936 Penicillium-brevicompactum
7 12 -0.2494180194648768 0.5896214951859902 Penicillium-chrysogenum
7 12 -0.5211445639478277 0.23035231721478402 Penicillium-commune
7 12 -0.2345121034289248 0.612736469394737 Penicillium-cvjetkovicii
7 12 0.10572879444058517 0.8215107652447098 Penicillium-verrucosum
7 12 -0.09795722288351282 0.8344993666614702 Penicillium-mb
7 12 0.04770772810977897 0.9191009828732232 Penicillium-solitum
7 12 -0.28345414696341426 0.5378896070947364 Penicillium-polonicum
7 12 -0.41922355375500203 0.3491586140251146 Penicillium-brevicompactum
11 12 -0.4487802970180476 0.31247200281533755 Penicillium-chrysogenum
11 12 -0.7328307739881249 0.060989150995685935 Penicillium-commune
11 12 -0.15271544529429235 0.7437548083460745 Penicillium-cvjetkovicii
11 12 -0.47266996179254533 0.2841190558882483 Penicillium-verrucosum
11 12 0.04730934748688393 0.9197750063867565 Penicillium-mb
11 12 0.11201654390678933 0.8110256284022498 Penicillium-solitum
11 12 0.0137949991360374 0.9765831103961029 Penicillium-polonicum
11 12 -0.19278580699622086 0.6787645574207299 Penicillium-brevicompactum
11 12 0.27961689673121154 0.5436449619651635 Penicillium-chrysogenum
11 12 -0.7314809224975731 0.06171331774142556 Penicillium-commune
11 12 0.4378519493947777 0.3258334167991796 Penicillium-cvjetkovicii
11 12 -0.21919352826161853 0.636759980969631 Penicillium-verrucosum
11 12 -0.043057032920960324 0.9269718483585039 Penicillium-mb
11 12 -0.2955731839826215 0.5198477359016712 Penicillium-solitum
11 12 0.14859293621468717 0.7505164727450858 Penicillium-polonicum
11 12 0.46537534447774914 0.2926501638603192 Penicillium-brevicompactum
11 12 0.10681323256649497 0.8197008650175787 Penicillium-chrysogenum
11 12 0.07825031857596197 0.8675644623564287 Penicillium-commune
11 12 0.14838964399341958 0.7508502408363111 Penicillium-cvjetkovicii
11 12 0.20862188132705495 0.653489145938332 Penicillium-verrucosum
11 12 -0.6260326000706552 0.13258309252811415 Penicillium-mb
11 12 0.14525198904067946 0.756005579863801 Penicillium-solitum
11 12 -0.5868791583554893 0.16599160322630785 Penicillium-polonicum
11 12 -0.6672204970475035 0.10155053786475006 Penicillium-brevicompactum
7 12 -0.17344106060019487 0.7099659382699168 Penicillium-chrysogenum
7 12 -0.4409019143299558 0.3220801323570916 Penicillium-commune
7 12 -0.06402354228083132 0.8915328822504693 Penicillium-cvjetkovicii
7 12 -0.09488975434105572 0.8396344010652053 Penicillium-verrucosum
7 12 -0.1491160333947675 0.749657786556035 Penicillium-mb
7 12 -0.14554955137626166 0.7555163569824827 Penicillium-solitum
7 12 -0.34421871180907504 0.44963149632003124 Penicillium-polonicum
7 12 -0.21873398694171625 0.6374846945196206 Penicillium-brevicompactum
11 10 -0.23177723856142055 0.61700595475147 Penicillium-chrysogenum
11 10 -0.07714541818368341 0.869423239275449 Penicillium-commune
11 10 0.7240646301840226 0.06577460553787805 Penicillium-cvjetkovicii
11 10 -0.7955577159136547 0.032402550443526745 Penicillium-verrucosum
11 10 0.5019578946335075 0.2510153378759304 Penicillium-mb
11 10 0.49976990744978717 0.25342376681500883 Penicillium-solitum
11 10 0.46714572970441615 0.29056937906509184 Penicillium-polonicum
11 10 -0.1364247989828396 0.7705472935341791 Penicillium-brevicompactum
9 12 -0.2489153531987469 0.5903966250563077 Penicillium-chrysogenum
9 12 -0.2832906312108915 0.538134444514513 Penicillium-commune
9 12 -0.20922777856010238 0.6525271496844538 Penicillium-cvjetkovicii
9 12 -0.36022740745252035 0.42735217781738677 Penicillium-verrucosum
9 12 -0.29553529516152993 0.5199038167645222 Penicillium-mb
9 12 -0.3335201862866745 0.46475682638395827 Penicillium-solitum
9 12 -0.4430643205173223 0.3194304295664372 Penicillium-polonicum
9 12 -0.30521092777623965 0.5056502057604055 Penicillium-brevicompactum
9 12 -0.043237854071437355 0.9266657336757513 Penicillium-chrysogenum
9 12 -0.4342667291316417 0.33026922469927306 Penicillium-commune
9 12 -0.16032783072486623 0.7313036990982116 Penicillium-cvjetkovicii
9 12 -0.17611720894849414 0.7056293490270059 Penicillium-verrucosum
9 12 -0.22793124332162557 0.6230245710112268 Penicillium-mb
9 12 -0.3066570004187095 0.5035317379594804 Penicillium-solitum
9 12 -0.2856930917001076 0.5345408944416701 Penicillium-polonicum
9 12 -0.043190293827071784 0.9267462483900638 Penicillium-brevicompactum
9 12 -0.20306833643762942 0.6623242685840562 Penicillium-chrysogenum
9 12 -0.09520486851322867 0.8391066794019517 Penicillium-commune
9 12 -0.06402354228083112 0.8915328822504697 Penicillium-cvjetkovicii
9 12 -0.22600611557357297 0.6260435080736664 Penicillium-verrucosum
9 12 -0.30813907996413364 0.501363746488199 Penicillium-mb
9 12 -0.3003981831931043 0.5127230018650879 Penicillium-solitum
9 12 -0.5835532422788022 0.16900200967496706 Penicillium-polonicum
9 12 -0.19611564913799026 0.6734292134582992 Penicillium-brevicompactum
9 12 -0.41975500005660044 0.3484837414602277 Penicillium-chrysogenum
9 12 -0.5050765828596114 0.24760074266275683 Penicillium-commune
9 12 -0.05072093268499624 0.9140041869812148 Penicillium-cvjetkovicii
9 12 -0.14330913235621165 0.759201421815104 Penicillium-verrucosum
9 12 -0.19506952921242285 0.6751042303317016 Penicillium-mb
9 12 -0.17598761957773973 0.7058391983780062 Penicillium-solitum
9 12 -0.45230442850779146 0.30821506530028825 Penicillium-polonicum
9 12 -0.18711536964333123 0.6878746822401467 Penicillium-brevicompactum
5 12 -0.030419727414416377 0.9483817572817115 Penicillium-chrysogenum
5 12 -0.07915246283238245 0.8660471420121012 Penicillium-commune
5 12 -0.47187557969727156 0.2850426367936175 Penicillium-cvjetkovicii
5 12 0.22986517225426134 0.6199960499471756 Penicillium-verrucosum
5 12 0.20208356458447455 0.6638942235522585 Penicillium-mb
5 12 -0.8011772289509337 0.03031945259386964 Penicillium-solitum
5 12 0.02279129495481417 0.9613183442705437 Penicillium-polonicum
5 12 -0.13164048889312882 0.778451486769557 Penicillium-brevicompactum
9 12 -0.3909971211145407 0.38577567993441925 Penicillium-chrysogenum
9 12 -0.5652718223105531 0.18602383349719914 Penicillium-commune
9 12 0.02343620313280515 0.960224391445566 Penicillium-cvjetkovicii
9 12 -0.10890504657757757 0.8162114819549443 Penicillium-verrucosum
9 12 -0.3127372257034168 0.4946584948239682 Penicillium-mb
9 12 -0.16142199727466658 0.7295178267182889 Penicillium-solitum
9 12 -0.4462370045237832 0.31555991407457074 Penicillium-polonicum
9 12 -0.12404226949556951 0.791035605433527 Penicillium-brevicompactum
11 12 -0.23389876262922835 0.6136932234068342 Penicillium-chrysogenum
11 12 -0.36004944224285684 0.4275974722409214 Penicillium-commune
11 12 -0.06402354228083139 0.8915328822504692 Penicillium-cvjetkovicii
11 12 -0.26807686455293156 0.5610737362663994 Penicillium-verrucosum
11 12 -0.45144903029210126 0.30924599520001644 Penicillium-mb
11 12 -0.3365063712564808 0.4605163668605962 Penicillium-solitum
11 12 -0.4436645962619218 0.3186965580331958 Penicillium-polonicum
11 12 -0.25128044537837974 0.5867522797655368 Penicillium-brevicompactum
9 12 -0.23446472257711234 0.6128103635177627 Penicillium-chrysogenum
9 12 -0.4466562659259243 0.3150499652506933 Penicillium-commune
9 12 -0.15829742793885382 0.734620225566351 Penicillium-cvjetkovicii
9 12 -0.24867634687420637 0.5907652904591447 Penicillium-verrucosum
9 12 -0.3233200762607407 0.47934825525997293 Penicillium-mb
9 12 -0.3152238027252185 0.4910457398767888 Penicillium-solitum
9 12 -0.36710449776555304 0.41791502880234993 Penicillium-polonicum
9 12 -0.1553651481845816 0.739415688667185 Penicillium-brevicompactum
9 12 -0.18758209231280354 0.6871236968215726 Penicillium-chrysogenum
9 12 -0.6907725540688839 0.08573044880149275 Penicillium-commune
9 12 0.04185798469771045 0.9290019138668517 Penicillium-cvjetkovicii
9 12 -0.36173272108047677 0.42527953252303136 Penicillium-verrucosum
9 12 0.06577707769368284 0.88857477763559 Penicillium-mb
9 12 0.09711889524246994 0.8359022944902672 Penicillium-solitum
9 12 -0.10220230893710756 0.8274007019215165 Penicillium-polonicum
9 12 -0.201165053047686 0.6653594253439683 Penicillium-brevicompactum
5 12 -0.3719213852391331 0.4113539144985202 Penicillium-chrysogenum
5 12 -0.409463094252842 0.36165001312144973 Penicillium-commune
5 12 -0.06402354228083298 0.8915328822504665 Penicillium-cvjetkovicii
5 12 -0.16693755016892028 0.7205303940827497 Penicillium-verrucosum
5 12 -0.16070397276767634 0.7306896599211632 Penicillium-mb
5 12 -0.1921751782411029 0.6797441208105809 Penicillium-solitum
5 12 -0.34307809989072063 0.45123518465252643 Penicillium-polonicum
5 12 -0.19982426972209022 0.6674997505191157 Penicillium-brevicompactum
7 8 -0.14712726053232963 0.7529235299552045 Penicillium-chrysogenum
7 8 -0.09228039966539084 0.8440061079291645 Penicillium-commune
7 8 -0.014493030635562962 0.9753984509712595 Penicillium-cvjetkovicii
7 8 0.24636673942455722 0.594331443080905 Penicillium-verrucosum
7 8 0.2083262141221847 0.653958721770642 Penicillium-mb
7 8 0.20823426441471363 0.6541047739168271 Penicillium-solitum
7 8 0.0056184136816859204 0.9904620352378188 Penicillium-polonicum
7 8 -0.18440253226038442 0.6922438258998538 Penicillium-brevicompactum
7 12 -0.5339642550807077 0.21700968378898758 Penicillium-chrysogenum
7 12 -0.5821815521196605 0.1702513558942175 Penicillium-commune
7 12 -0.03420193969960754 0.9419709381290489 Penicillium-cvjetkovicii
7 12 0.04311462758081252 0.9268743447654829 Penicillium-verrucosum
7 12 -0.03820382453053025 0.9351904930802093 Penicillium-mb
7 12 -0.0029038247460890414 0.9950703347870835 Penicillium-solitum
7 12 -0.264460886468063 0.5665712744004853 Penicillium-polonicum
7 12 -0.192785806996221 0.6787645574207298 Penicillium-brevicompactum
11 10 -0.5735881122807417 0.17818133940062778 Penicillium-chrysogenum
11 10 -0.31167833863437805 0.49619979859103647 Penicillium-commune
11 10 0.1681894730115278 0.7184939440067818 Penicillium-cvjetkovicii
11 10 -0.39538448110153324 0.37998612410171945 Penicillium-verrucosum
11 10 -0.19601630662428676 0.6735882318356339 Penicillium-mb
11 10 -0.18654340408186407 0.6887952879579053 Penicillium-solitum
11 10 -0.29976143326923765 0.513661310123604 Penicillium-polonicum
11 10 -0.13624387547941627 0.7708459153402898 Penicillium-brevicompactum
9 10 -0.22677833818864127 0.624832026926504 Penicillium-chrysogenum
9 10 -0.1785207608181369 0.701739878592017 Penicillium-commune
9 10 -0.03808053315623976 0.9353993424281533 Penicillium-cvjetkovicii
9 10 0.22991137989084687 0.6199237410553193 Penicillium-verrucosum
9 10 -0.3688266414067923 0.4155646279997143 Penicillium-mb
9 10 0.18820944200389936 0.6861145747950905 Penicillium-solitum
9 10 -0.08547876924880612 0.85541629654652 Penicillium-polonicum
9 10 -0.1927858069962207 0.6787645574207303 Penicillium-brevicompactum
9 12 -0.2534693986336178 0.5833855177507091 Penicillium-chrysogenum
9 12 -0.7699182685955296 0.04289599621620315 Penicillium-commune
9 12 0.2445133589862487 0.597197851766871 Penicillium-cvjetkovicii
9 12 -0.20100261164508723 0.6656186387037428 Penicillium-verrucosum
9 12 0.0031162995787132946 0.9947096312125152 Penicillium-mb
9 12 -0.29120917044165096 0.5263206127582227 Penicillium-solitum
9 12 -0.02265348549719032 0.9615521157077699 Penicillium-polonicum
9 12 -0.19278580699622075 0.6787645574207303 Penicillium-brevicompactum
7 12 -0.40664682618806003 0.36528810716460997 Penicillium-chrysogenum
7 12 -0.6198758859358299 0.13758628389587044 Penicillium-commune
7 12 -0.04207747941224513 0.9286302720883868 Penicillium-cvjetkovicii
7 12 -0.08106816021306021 0.8628262114984887 Penicillium-verrucosum
7 12 -0.11375393951659593 0.8081323335628097 Penicillium-mb
7 12 -0.045348655023115865 0.9230928688897562 Penicillium-solitum
7 12 -0.3059623098067879 0.5045490587945551 Penicillium-polonicum
7 12 -0.19278580699622075 0.6787645574207303 Penicillium-brevicompactum
11 10 0.4899677516578448 0.2643426110609331 Penicillium-chrysogenum
11 10 0.3285262775057597 0.47188015754315604 Penicillium-commune
11 10 -0.4098554488078524 0.36114435976476994 Penicillium-cvjetkovicii
11 10 0.3561459195115057 0.4329913945545152 Penicillium-verrucosum
11 10 0.2605921812231309 0.5724718456616882 Penicillium-mb
11 10 0.31105552170089834 0.4971071539314338 Penicillium-solitum
11 10 -0.879773414014491 0.009013517003484928 Penicillium-polonicum
11 10 -0.8119486666223783 0.02654175486686466 Penicillium-brevicompactum
11 12 -0.1882487602054556 0.6860513419105124 Penicillium-chrysogenum
11 12 -0.20323926664533104 0.6620518660439081 Penicillium-commune
11 12 -0.30833138479966626 0.5010826823227961 Penicillium-cvjetkovicii
11 12 -0.2805033256388929 0.5423136414477944 Penicillium-verrucosum
11 12 -0.3041521591738131 0.507203244407466 Penicillium-mb
11 12 -0.31454266745173304 0.49203442927280616 Penicillium-solitum
11 12 -0.5204530994610411 0.2310826203589727 Penicillium-polonicum
11 12 0.05074782838749272 0.9139587035950808 Penicillium-brevicompactum
7 10 0.6754575156019446 0.09585759578401536 Penicillium-chrysogenum
7 10 0.7910789824522902 0.03411826523044399 Penicillium-commune
7 10 -0.8125681282005078 0.026333049196015028 Penicillium-cvjetkovicii
7 10 0.5480740164914365 0.20276136953145468 Penicillium-verrucosum
7 10 0.4863142082691221 0.26846599833849516 Penicillium-mb
7 10 0.5064816541227419 0.24606940609252817 Penicillium-solitum
7 10 0.2710500012829438 0.5565664138181925 Penicillium-polonicum
7 10 0.5980468364641931 0.1560795974105921 Penicillium-brevicompactum
9 8 -0.2054648047173903 0.6585078537030825 Penicillium-chrysogenum
9 8 -0.157352328680108 0.7361651034535484 Penicillium-commune
9 8 -0.23453164133694882 0.6127059992667696 Penicillium-cvjetkovicii
9 8 0.44161882165474786 0.3212006244879166 Penicillium-verrucosum
9 8 0.38840562087945246 0.38921201556614526 Penicillium-mb
9 8 0.40308879502258277 0.3699058665135992 Penicillium-solitum
9 8 0.21233227308227567 0.6476041001561093 Penicillium-polonicum
9 8 -0.5065796286900687 0.24596279081319153 Penicillium-brevicompactum
9 12 0.05421341798510033 0.908099634114976 Penicillium-chrysogenum
9 12 0.02439455365670599 0.9585988408394857 Penicillium-commune
9 12 -0.20222959760552817 0.6636613511722098 Penicillium-cvjetkovicii
9 12 0.11675132155721384 0.8031448753161301 Penicillium-verrucosum
9 12 0.02330623995409003 0.9604448430457415 Penicillium-mb
9 12 -0.6088301087657407 0.1467976414621943 Penicillium-solitum
9 12 -0.6127664182625413 0.14348051955126895 Penicillium-polonicum
9 12 -0.2755428962569038 0.5497774382046812 Penicillium-brevicompactum
9 8 -0.3161904987929991 0.4896437637697688 Penicillium-chrysogenum
9 8 -0.2712065535783909 0.5563294025378747 Penicillium-commune
9 8 -0.06402354228083204 0.8915328822504681 Penicillium-cvjetkovicii
9 8 0.09574258980709216 0.8382062683800845 Penicillium-verrucosum
9 8 0.0769020811451597 0.8698326703296367 Penicillium-mb
9 8 0.10291157872234538 0.8262155550269371 Penicillium-solitum
9 8 -0.12420795055907917 0.7907608117063429 Penicillium-polonicum
9 8 -0.2021000594420151 0.6638679188575715 Penicillium-brevicompactum
9 12 -0.6325507121413007 0.12738892257496046 Penicillium-chrysogenum
9 12 -0.209694643303179 0.6517861592283678 Penicillium-commune
9 12 0.19712270632106624 0.6718177551995589 Penicillium-cvjetkovicii
9 12 -0.41117844558318517 0.3594414877883653 Penicillium-verrucosum
9 12 -0.17917954963258084 0.7006747143499366 Penicillium-mb
9 12 -0.1724143782213715 0.711631293861819 Penicillium-solitum
9 12 -0.23193453365703687 0.6167601626341745 Penicillium-polonicum
9 12 -0.03783243409178411 0.9358196186052581 Penicillium-brevicompactum
9 12 -0.38185210818434556 0.39795645890122416 Penicillium-chrysogenum
9 12 -0.3809142794640936 0.39921415629532075 Penicillium-commune
9 12 -0.09341118534011066 0.8421111957395594 Penicillium-cvjetkovicii
9 12 0.20868139798235186 0.6533946331337863 Penicillium-verrucosum
9 12 0.11213426873629903 0.8108295262288172 Penicillium-mb
9 12 -0.26542896944623157 0.56509777951204 Penicillium-solitum
9 12 -0.35248721000609856 0.43807048358006867 Penicillium-polonicum
9 12 -0.1927858069962211 0.6787645574207296 Penicillium-brevicompactum
9 12 -0.3774311391540551 0.4038990891004221 Penicillium-chrysogenum
9 12 -0.2394112828174876 0.605109977966706 Penicillium-commune
9 12 0.020598710492805403 0.9650379613916362 Penicillium-cvjetkovicii
9 12 -0.24655716385467524 0.5940371718295074 Penicillium-verrucosum
9 12 -0.2664364692302012 0.5635655864212972 Penicillium-mb
9 12 -0.32332866966868745 0.4793358933791455 Penicillium-solitum
9 12 -0.6808463936273006 0.09222622985933143 Penicillium-polonicum
9 12 -0.15582096235490409 0.7386698038862989 Penicillium-brevicompactum
3 12 0.2866756865715962 0.5330734650623342 Penicillium-chrysogenum
3 12 -0.8223235321866611 0.023167932299430836 Penicillium-commune
3 12 0.1393637722043513 0.7656995718771182 Penicillium-cvjetkovicii
3 12 0.27967759087838706 0.5435537716114685 Penicillium-verrucosum
3 12 0.20983526667441457 0.6515630115939506 Penicillium-mb
3 12 0.07879678742608151 0.8666453151753815 Penicillium-solitum
3 12 -0.030710144123234785 0.9478894212976776 Penicillium-polonicum
3 12 0.2652603472103635 0.5653543474669133 Penicillium-brevicompactum
11 12 -0.31522239015051473 0.49104778954268935 Penicillium-chrysogenum
11 12 -0.3207821727774214 0.4830041308145201 Penicillium-commune
11 12 0.30579031523997297 0.5048010422029154 Penicillium-cvjetkovicii
11 12 -0.302138405051 0.5101616499060767 Penicillium-verrucosum
11 12 -0.2700297054028764 0.5581118807780793 Penicillium-mb
11 12 -0.3421873447543789 0.45248906216180185 Penicillium-solitum
11 12 -0.5807261774746821 0.17158188190547705 Penicillium-polonicum
11 12 -0.21267625093099504 0.6470592506599036 Penicillium-brevicompactum
9 12 -0.4730052696001792 0.28372961509861194 Penicillium-chrysogenum
9 12 -0.4524607472648992 0.3080268316039021 Penicillium-commune
9 12 0.46962506800401943 0.2876664276050377 Penicillium-cvjetkovicii
9 12 -0.4414150496183863 0.3214505082720857 Penicillium-verrucosum
9 12 0.33937794430453055 0.45645223123622786 Penicillium-mb
9 12 -0.45544901785121555 0.30443812866193315 Penicillium-solitum
9 12 0.3250576398602267 0.4768510610521959 Penicillium-polonicum
9 12 -0.19278580699622072 0.6787645574207303 Penicillium-brevicompactum
9 10 -0.1725212675148575 0.7114578688252917 Penicillium-chrysogenum
9 10 -0.16500503994125565 0.7236765028931571 Penicillium-commune
9 10 -0.04586590828404022 0.922217490840237 Penicillium-cvjetkovicii
9 10 0.26619962101082834 0.5639256630436722 Penicillium-verrucosum
9 10 0.16390834007254465 0.7254632991802803 Penicillium-mb
9 10 0.188877677894468 0.6850400929039789 Penicillium-solitum
9 10 -0.5634842013566557 0.1877311003174855 Penicillium-polonicum
9 10 -0.19278580699622092 0.6787645574207299 Penicillium-brevicompactum
5 12 -0.5456192974395496 0.20520698998540246 Penicillium-chrysogenum
5 12 -0.7221258407773827 0.0668593791180681 Penicillium-commune
5 12 -0.03350441761026669 0.9431530532958274 Penicillium-cvjetkovicii
5 12 0.11178010225237697 0.8114195089105736 Penicillium-verrucosum
5 12 0.06334864022169538 0.8926716679808319 Penicillium-mb
5 12 0.022350880041865213 0.9620654445464792 Penicillium-solitum
5 12 -0.17992147231488256 0.6994756014862048 Penicillium-polonicum
5 12 -0.19278580699622078 0.6787645574207302 Penicillium-brevicompactum
11 10 -0.20157869307839568 0.6646994852719195 Penicillium-chrysogenum
11 10 -0.12823301063920237 0.7840903135878989 Penicillium-commune
11 10 0.8168723990507 0.024908400515021807 Penicillium-cvjetkovicii
11 10 -0.8492140563331505 0.01560778648000728 Penicillium-verrucosum
11 10 0.6267026699508357 0.1320442476540442 Penicillium-mb
11 10 0.6010290171885074 0.15348412519885538 Penicillium-solitum
11 10 0.7191621764654801 0.06853606408538232 Penicillium-polonicum
11 10 -0.13613606420182908 0.7710238730622073 Penicillium-brevicompactum
9 10 -0.47176043364826425 0.28517662125970517 Penicillium-chrysogenum
9 10 -0.47057753665443897 0.28655467111889427 Penicillium-commune
9 10 0.028839980270354174 0.9510600875438394 Penicillium-cvjetkovicii
9 10 -0.029581872438211643 0.9498022240492727 Penicillium-verrucosum
9 10 -0.19942666404026146 0.6681348033203586 Penicillium-mb
9 10 -0.17001910625678412 0.7155201397897554 Penicillium-solitum
9 10 -0.3300104210713884 0.46975902968549904 Penicillium-polonicum
9 10 0.2627966792200532 0.5691071654243137 Penicillium-brevicompactum
7 12 -0.20307228211943693 0.6623179802234396 Penicillium-chrysogenum
7 12 -0.18696642857053275 0.6881143805112796 Penicillium-commune
7 12 -0.0640235422808322 0.8915328822504678 Penicillium-cvjetkovicii
7 12 -0.12734115540093835 0.7855674398676741 Penicillium-verrucosum
7 12 -0.20425342557339424 0.660436263798911 Penicillium-mb
7 12 -0.37415448637989857 0.40832600642959604 Penicillium-solitum
7 12 -0.5205774906042631 0.2309511624739627 Penicillium-polonicum
7 12 -0.21211494099856318 0.6479484114322092 Penicillium-brevicompactum
7 12 -0.4184438294518813 0.35014976035585266 Penicillium-chrysogenum
7 12 -0.5075004370277703 0.24496181699201783 Penicillium-commune
7 12 -0.06402354228083112 0.8915328822504697 Penicillium-cvjetkovicii
7 12 -0.05569941305778456 0.9055883512209932 Penicillium-verrucosum
7 12 -0.2242501014504521 0.6288008702232033 Penicillium-mb
7 12 -0.11666154115816448 0.8032941879356259 Penicillium-solitum
7 12 -0.3830419256014415 0.39636310157298127 Penicillium-polonicum
7 12 -0.19463174251371226 0.6758055185084939 Penicillium-brevicompactum
11 12 -0.29733520401818864 0.5172419791975154 Penicillium-chrysogenum
11 12 -0.42062155973009435 0.3473844909846422 Penicillium-commune
11 12 -0.06402354228083458 0.8915328822504638 Penicillium-cvjetkovicii
11 12 -0.6573235021380704 0.10861784340795153 Penicillium-verrucosum
11 12 0.0024340725138090485 0.9958678024019467 Penicillium-mb
11 12 0.022008860979852253 0.9626456457255921 Penicillium-solitum
11 12 -0.03157901106396798 0.9464165327265428 Penicillium-polonicum
11 12 -0.27596142647943944 0.5491463995674386 Penicillium-brevicompactum
9 8 -0.37732530368163913 0.4040417800363769 Penicillium-chrysogenum
9 8 -0.3177648802518236 0.4873635337952388 Penicillium-commune
9 8 0.027262342527339115 0.95373520717001 Penicillium-cvjetkovicii
9 8 0.027476239470274208 0.9533724923782625 Penicillium-verrucosum
9 8 -0.05325530740121247 0.9097191334029048 Penicillium-mb
9 8 -0.020752338476607447 0.9647773216425833 Penicillium-solitum
9 8 -0.5176388909816735 0.23406605449906115 Penicillium-polonicum
9 8 0.3787834721134157 0.40207758511154607 Penicillium-brevicompactum
9 10 0.5119358778177341 0.24016672175956968 Penicillium-chrysogenum
9 10 -0.6784548648023281 0.09382869518792619 Penicillium-commune
9 10 -0.1369700806350331 0.769647419770751 Penicillium-cvjetkovicii
9 10 0.1196327565548986 0.7983553458626461 Penicillium-verrucosum
9 10 0.06299339669467698 0.893271141760241 Penicillium-mb
9 10 0.09324699304765993 0.8423863032826728 Penicillium-solitum
9 10 -0.2339183632905554 0.613662641471955 Penicillium-polonicum
9 10 0.5977920219028955 0.1563023768170748 Penicillium-brevicompactum
7 12 -0.5268746470180423 0.22434214265587019 Penicillium-chrysogenum
7 12 -0.6194371150017532 0.13794643526828537 Penicillium-commune
7 12 -0.03445335228993644 0.9415448810641753 Penicillium-cvjetkovicii
7 12 0.045099220882626016 0.9235150230289264 Penicillium-verrucosum
7 12 -0.050903203558076635 0.9136959519346015 Penicillium-mb
7 12 -0.09210788086219558 0.8442952588143321 Penicillium-solitum
7 12 -0.272662100079177 0.5541273499265775 Penicillium-polonicum
7 12 -0.19278580699622097 0.6787645574207299 Penicillium-brevicompactum
11 8 -0.4176677442994651 0.3511374493273538 Penicillium-chrysogenum
11 8 -0.06292946311035888 0.893379034039723 Penicillium-commune
11 8 -0.0640235422808325 0.8915328822504673 Penicillium-cvjetkovicii
11 8 0.04584965957215064 0.9222449885428285 Penicillium-verrucosum
11 8 0.004077125322335866 0.993078514609105 Penicillium-mb
11 8 0.03218584834507189 0.9453879041893332 Penicillium-solitum
11 8 -0.7969652623523887 0.03187352588605003 Penicillium-polonicum
11 8 -0.2980336064713912 0.5162103902475079 Penicillium-brevicompactum
5 8 -0.3237081584338628 0.4787901019369939 Penicillium-chrysogenum
5 8 -0.27770302803554703 0.5465230458913002 Penicillium-commune
5 8 0.020115686946140285 0.965857457926427 Penicillium-cvjetkovicii
5 8 0.117292711049695 0.8022445984843789 Penicillium-verrucosum
5 8 0.06417912158857048 0.8912703888356812 Penicillium-mb
5 8 -0.03459051861726143 0.9413124364237995 Penicillium-solitum
5 8 -0.14745122129848923 0.7523913564336193 Penicillium-polonicum
5 8 -0.15836161019552186 0.7345153377200565 Penicillium-brevicompactum
5 8 -0.4453318220106533 0.3166621089310798 Penicillium-chrysogenum
5 8 -0.4039157390255086 0.3688304968137816 Penicillium-commune
5 8 0.029214247641994602 0.9504255143882911 Penicillium-cvjetkovicii
5 8 0.04784617048355324 0.9188667600633115 Penicillium-verrucosum
5 8 -0.02470953343479965 0.9580645979960065 Penicillium-mb
5 8 -0.011516222818453799 0.9804507493395211 Penicillium-solitum
5 8 -0.2401838509813661 0.6039099104426416 Penicillium-polonicum
5 8 0.2532598120887897 0.583707618141178 Penicillium-brevicompactum
7 10 -0.45075960787163666 0.31007798290099714 Penicillium-chrysogenum
7 10 -0.4346025861613515 0.32985259653112947 Penicillium-commune
7 10 0.02878271538457663 0.9511571824109302 Penicillium-cvjetkovicii
7 10 0.05856612074641706 0.9007454909709905 Penicillium-verrucosum
7 10 -0.03758786131080346 0.9362339329102582 Penicillium-mb
7 10 0.018659282903521826 0.9683285316888738 Penicillium-solitum
7 10 -0.2303099567496773 0.6193001215982253 Penicillium-polonicum
7 10 0.26450630072851006 0.5665021232441911 Penicillium-brevicompactum
9 12 -0.3716075335294512 0.41178017630524893 Penicillium-chrysogenum
9 12 -0.2862499133033861 0.5337091589199582 Penicillium-commune
9 12 -0.06402354228083215 0.891532882250468 Penicillium-cvjetkovicii
9 12 -0.2274448668448734 0.6237869002517038 Penicillium-verrucosum
9 12 -0.2538916915257375 0.5827366889922221 Penicillium-mb
9 12 -0.20387244374987845 0.661043062970149 Penicillium-solitum
9 12 -0.4037457901989366 0.3690513956862042 Penicillium-polonicum
9 12 -0.20040551791649974 0.6665716690366563 Penicillium-brevicompactum
7 12 -0.2087909159888544 0.6532207275061546 Penicillium-chrysogenum
7 12 -0.4353637753203105 0.3289091795264175 Penicillium-commune
7 12 -0.23474480229845235 0.6123735952563958 Penicillium-cvjetkovicii
7 12 -0.08000946334356558 0.8646060519879193 Penicillium-verrucosum
7 12 -0.09513349872558412 0.8392261981834122 Penicillium-mb
7 12 -0.10606089401462594 0.8209564321383845 Penicillium-solitum
7 12 -0.2462072823922013 0.5945778929738131 Penicillium-polonicum
7 12 -0.2966105471278593 0.5183130932459049 Penicillium-brevicompactum
11 12 -0.14337147674388304 0.7590988278085306 Penicillium-chrysogenum
11 12 -0.4751858213593665 0.281202856551154 Penicillium-commune
11 12 -0.06402354228083319 0.8915328822504662 Penicillium-cvjetkovicii
11 12 -0.3152701749701813 0.490978454780717 Penicillium-verrucosum
11 12 -0.34607704529815764 0.4470232882799952 Penicillium-mb
11 12 -0.2694721478103978 0.5589570095789185 Penicillium-solitum
11 12 -0.48025132089624745 0.2753722419421512 Penicillium-polonicum
11 12 -0.17104343735194052 0.7138564830947713 Penicillium-brevicompactum
11 10 -0.41644521161812326 0.3526956727058547 Penicillium-chrysogenum
11 10 -0.3818824469875532 0.39791579871143035 Penicillium-commune
11 10 -0.022511259976597246 0.9617933805777931 Penicillium-cvjetkovicii
11 10 -0.17675895941600145 0.7045903550683343 Penicillium-verrucosum
11 10 -0.12451711269790754 0.790248090588689 Penicillium-mb
11 10 -0.11265972604685151 0.8099543326253681 Penicillium-solitum
11 10 -0.5007951895558844 0.25229387062724673 Penicillium-polonicum
11 10 -0.19278580699622097 0.6787645574207299 Penicillium-brevicompactum
7 12 -0.4418182166609682 0.3209561893261631 Penicillium-chrysogenum
7 12 -0.5327353555043421 0.21827242461316965 Penicillium-commune
7 12 0.029158393155785427 0.950520214775519 Penicillium-cvjetkovicii
7 12 -0.12814669256445016 0.7842332545706061 Penicillium-verrucosum
7 12 -0.0818840916828899 0.8614548132792035 Penicillium-mb
7 12 -0.18738335616403975 0.687443450521456 Penicillium-solitum
7 12 -0.24183567320764798 0.601346435392071 Penicillium-polonicum
7 12 0.2545260926331084 0.5817623874711204 Penicillium-brevicompactum
7 12 -0.4374880044486386 0.32628253458432016 Penicillium-chrysogenum
7 12 -0.5154136822994897 0.2364377207909925 Penicillium-commune
7 12 -0.036551344961866336 0.9379899516880685 Penicillium-cvjetkovicii
7 12 -0.05001506051386624 0.9151979555038126 Penicillium-verrucosum
7 12 -0.20279067639378603 0.6627668239432425 Penicillium-mb
7 12 -0.2670901146885742 0.5625722403384701 Penicillium-solitum
7 12 -0.36305253867104037 0.4234654957097556 Penicillium-polonicum
7 12 -0.19278580699622092 0.6787645574207299 Penicillium-brevicompactum
9 12 -0.5937970026652094 0.15981584386901374 Penicillium-chrysogenum
9 12 -0.325387927706319 0.476376911441401 Penicillium-commune
9 12 -0.0640235422808325 0.8915328822504673 Penicillium-cvjetkovicii
9 12 -0.09985149173254115 0.8313306277606526 Penicillium-verrucosum
9 12 -0.3027002966133519 0.5093355753488216 Penicillium-mb
9 12 -0.15634814573481182 0.7378073351681649 Penicillium-solitum
9 12 -0.45909713073231173 0.30008200786360006 Penicillium-polonicum
9 12 -0.19519762757536904 0.6748990655460905 Penicillium-brevicompactum
9 12 -0.19274940179908112 0.6788229481458988 Penicillium-chrysogenum
9 12 -0.16509010456660725 0.7235379530830108 Penicillium-commune
9 12 -0.0640235422808322 0.8915328822504678 Penicillium-cvjetkovicii
9 12 -0.09949833249199545 0.8319212569776209 Penicillium-verrucosum
9 12 -0.28179226171563443 0.5403797218705347 Penicillium-mb
9 12 -0.1554134986416159 0.73933656128203 Penicillium-solitum
9 12 -0.5100124526184863 0.2422407145571643 Penicillium-polonicum
9 12 -0.20923604254019715 0.6525140314248861 Penicillium-brevicompactum
9 12 0.22155730547026334 0.6330358619099932 Penicillium-chrysogenum
9 12 0.1305313298906533 0.7802861284047936 Penicillium-commune
9 12 -0.22623469841765895 0.6256848321236025 Penicillium-cvjetkovicii
9 12 0.17957471644493314 0.7000359748310823 Penicillium-verrucosum
9 12 0.08528268390419029 0.8557455479769023 Penicillium-mb
9 12 -0.6174201430745058 0.13960813509564812 Penicillium-solitum
9 12 -0.6264607135426757 0.13223869105669073 Penicillium-polonicum
9 12 0.26598245586637537 0.5642558802221234 Penicillium-brevicompactum
9 12 -0.30487980541141907 0.5061357294896334 Penicillium-chrysogenum
9 12 -0.6136836229931589 0.14271307838163025 Penicillium-commune
9 12 0.0028135057703685107 0.9952236631627861 Penicillium-cvjetkovicii
9 12 -0.005325143728000331 0.9909598834094179 Penicillium-verrucosum
9 12 -0.2024002958596261 0.6633891735073483 Penicillium-mb
9 12 -0.20451134687953393 0.6600255500437259 Penicillium-solitum
9 12 -0.343165123178889 0.4511127555093291 Penicillium-polonicum
9 12 -0.19278580699622097 0.6787645574207299 Penicillium-brevicompactum
9 12 -0.28106877891489146 0.5414649543528347 Penicillium-chrysogenum
9 12 -0.18798075668869857 0.6864823832270015 Penicillium-commune
9 12 -0.0640235422808322 0.8915328822504678 Penicillium-cvjetkovicii
9 12 0.02542835411229538 0.9568454403684012 Penicillium-verrucosum
9 12 -0.06611427629870827 0.8880060616580835 Penicillium-mb
9 12 -0.4383962329211135 0.3251622519709942 Penicillium-solitum
9 12 -0.5377688901985953 0.21312231526866232 Penicillium-polonicum
9 12 -0.15213157167387814 0.7447116811430203 Penicillium-brevicompactum
7 12 -0.3581950624165346 0.43015663519200675 Penicillium-chrysogenum
7 12 -0.3435025556047859 0.4506381546163172 Penicillium-commune
7 12 0.43952367492937894 0.32377387674160474 Penicillium-cvjetkovicii
7 12 0.23114998081273835 0.6179864012444842 Penicillium-verrucosum
7 12 0.24092420497878456 0.602760547738463 Penicillium-mb
7 12 -0.7353632705945206 0.05964300319921544 Penicillium-solitum
7 12 0.19493356314409357 0.6753220136766065 Penicillium-polonicum
7 12 -0.10656246266788977 0.8201193374282668 Penicillium-brevicompactum
11 12 -0.0646786496622953 0.8904276385144734 Penicillium-chrysogenum
11 12 -0.09712592593314974 0.8358905272997186 Penicillium-commune
11 12 -0.27547753897351385 0.5498760019408355 Penicillium-cvjetkovicii
11 12 -0.5340327566602289 0.21693939795387793 Penicillium-verrucosum
11 12 -0.5175031738643927 0.23421038465762936 Penicillium-mb
11 12 -0.28820962613764567 0.5307853463638021 Penicillium-solitum
11 12 -0.5816637722202592 0.17072413344149456 Penicillium-polonicum
11 12 0.10812362082705752 0.8175147089205266 Penicillium-brevicompactum
9 12 -0.1865807191735672 0.6887352182262685 Penicillium-chrysogenum
9 12 -0.34073072695898643 0.454542278299068 Penicillium-commune
9 12 -0.24118109810377852 0.602361886404472 Penicillium-cvjetkovicii
9 12 0.03611677915496039 0.9387262330694366 Penicillium-verrucosum
9 12 -0.2895214856112096 0.5288311190614682 Penicillium-mb
9 12 -0.7237683356012787 0.06593976658171016 Penicillium-solitum
9 12 -0.219148579672786 0.6368308564047349 Penicillium-polonicum
9 12 -0.20097558645492053 0.6656617663015469 Penicillium-brevicompactum
5 12 -0.1875820923128034 0.6871236968215729 Penicillium-chrysogenum
5 12 -0.7150147359347132 0.07091999760916244 Penicillium-commune
5 12 0.22571300632282473 0.6265035199937705 Penicillium-cvjetkovicii
5 12 0.2777681575933213 0.5464250218070331 Penicillium-verrucosum
5 12 0.19671871556790047 0.6724640876822053 Penicillium-mb
5 12 0.09990482914881381 0.8312414308843032 Penicillium-solitum
5 12 -0.007830730225955958 0.9867065470711268 Penicillium-polonicum
5 12 -0.565912725551057 0.18541358654291 Penicillium-brevicompactum
9 8 0.3031343828498329 0.5086977135742751 Penicillium-chrysogenum
9 8 0.3783628421757964 0.4026437967156864 Penicillium-commune
9 8 0.5502239194456254 0.2006309904804608 Penicillium-cvjetkovicii
9 8 0.4835758285506585 0.2715754807519143 Penicillium-verrucosum
9 8 0.44909273946222544 0.3120935642720775 Penicillium-mb
9 8 0.4700412124558444 0.2871804526664547 Penicillium-solitum
9 8 0.2511674938127466 0.5869261685586062 Penicillium-polonicum
9 8 0.07384161800394047 0.8749840571533382 Penicillium-brevicompactum
7 12 -0.565130787825431 0.18615825285667192 Penicillium-chrysogenum
7 12 -0.11156181971758698 0.8117831668064689 Penicillium-commune
7 12 0.36352141047793 0.4228217720188395 Penicillium-cvjetkovicii
7 12 0.20207332902269826 0.6639105465548258 Penicillium-verrucosum
7 12 0.16927753876885326 0.7167251079211381 Penicillium-mb
7 12 -0.7849104943419589 0.03656226059753336 Penicillium-solitum
7 12 0.05209765049980398 0.9116762581441278 Penicillium-polonicum
7 12 -0.07431080169574254 0.8741940932235258 Penicillium-brevicompactum
9 12 -0.28023347549163663 0.5427188133024503 Penicillium-chrysogenum
9 12 -0.2506874685617986 0.5876653429680305 Penicillium-commune
9 12 -0.06402354228083108 0.8915328822504698 Penicillium-cvjetkovicii
9 12 -0.3061980376304575 0.5042037732488114 Penicillium-verrucosum
9 12 -0.38973147894887833 0.3874523909015395 Penicillium-mb
9 12 -0.15075956713950786 0.7469611965780905 Penicillium-solitum
9 12 -0.3070214850977564 0.5029982651018764 Penicillium-polonicum
9 12 -0.20836536639034436 0.6538965352984634 Penicillium-brevicompactum
11 12 -0.28338909576755184 0.5379870059195835 Penicillium-chrysogenum
11 12 -0.2796351012662893 0.5436176099029402 Penicillium-commune
11 12 -0.011600585133118011 0.9803075601253637 Penicillium-cvjetkovicii
11 12 0.2563045324943872 0.5790337857327172 Penicillium-verrucosum
11 12 -0.609332651260898 0.14637202522544884 Penicillium-mb
11 12 0.204920490799753 0.659374168639631 Penicillium-solitum
11 12 -0.08985495092576487 0.84807255845942 Penicillium-polonicum
11 12 -0.19278580699622092 0.6787645574207299 Penicillium-brevicompactum
5 12 -0.32696289803936884 0.47411829316154497 Penicillium-chrysogenum
5 12 -0.5272152256642775 0.2239872689596712 Penicillium-commune
5 12 -0.05946644056028064 0.899225038885882 Penicillium-cvjetkovicii
5 12 -0.21522594426912184 0.6430245382048736 Penicillium-verrucosum
5 12 -0.14488179293715017 0.7566143105312851 Penicillium-mb
5 12 -0.29882374684019747 0.5150441501644591 Penicillium-solitum
5 12 -0.2690407432942733 0.5596112013676449 Penicillium-polonicum
5 12 -0.19278580699622075 0.6787645574207303 Penicillium-brevicompactum
11 12 -0.2506267642143408 0.5877588398050189 Penicillium-chrysogenum
11 12 -0.23086841007595055 0.6184266620600114 Penicillium-commune
11 12 -0.07080962095022622 0.8800909941324734 Penicillium-cvjetkovicii
11 12 -0.1628125535949303 0.7272495965422692 Penicillium-verrucosum
11 12 -0.22212578447141437 0.6321411408548105 Penicillium-mb
11 12 -0.3174909803835935 0.48775995942638345 Penicillium-solitum
11 12 -0.4008709941336299 0.3727962635783364 Penicillium-polonicum
11 12 -0.25915231747437145 0.574672845132796 Penicillium-brevicompactum
11 12 -0.527958166734883 0.22321406302753508 Penicillium-chrysogenum
11 12 -0.005176842130532171 0.9912116376072252 Penicillium-commune
11 12 -0.0640235422808322 0.8915328822504678 Penicillium-cvjetkovicii
11 12 0.09229997220600758 0.8439733041671785 Penicillium-verrucosum
11 12 0.013017224034912652 0.9779031463743009 Penicillium-mb
11 12 0.10164758341356792 0.8283277963247854 Penicillium-solitum
11 12 -0.0701967724208878 0.8811236504032245 Penicillium-polonicum
11 12 -0.10186568439821184 0.8279632724166122 Penicillium-brevicompactum
11 12 -0.23837744575894687 0.6067169921719879 Penicillium-chrysogenum
11 12 -0.19105341619440425 0.6815445706360344 Penicillium-commune
11 12 -0.2897488396923355 0.5284926849813933 Penicillium-cvjetkovicii
11 12 -0.09745868932034195 0.8353336127009431 Penicillium-verrucosum
11 12 -0.30415215917381305 0.5072032444074661 Penicillium-mb
11 12 -0.15140676478531323 0.7458998834559762 Penicillium-solitum
11 12 -0.3818328918534223 0.39798221356337193 Penicillium-polonicum
11 12 -0.11372771523833379 0.8081759921547316 Penicillium-brevicompactum
11 12 -0.03963656280910216 0.9327637261511628 Penicillium-chrysogenum
11 12 -0.6241108919174003 0.1341346477361743 Penicillium-commune
11 12 -0.20957555474958453 0.6519751505722587 Penicillium-cvjetkovicii
11 12 -0.11690083324098643 0.8028962349359001 Penicillium-verrucosum
11 12 -0.28681351341179323 0.5328677392490118 Penicillium-mb
11 12 -0.20310665953547644 0.6622631924915725 Penicillium-solitum
11 12 -0.4634862528522387 0.2948777185298347 Penicillium-polonicum
11 12 -0.42404194458241096 0.34305992699538795 Penicillium-brevicompactum
9 12 -0.23586212321514297 0.6106321056360158 Penicillium-chrysogenum
9 12 -0.2739204320860393 0.5522259379586981 Penicillium-commune
9 12 -0.2227803033507388 0.6311114443753362 Penicillium-cvjetkovicii
9 12 -0.33873163949500157 0.45736578041196474 Penicillium-verrucosum
9 12 -0.2544435621115722 0.5818891078007169 Penicillium-mb
9 12 -0.32282908492698126 0.4800547523731449 Penicillium-solitum
9 12 -0.38031362303384164 0.4000205098073802 Penicillium-polonicum
9 12 -0.3375753497878444 0.459001881986579 Penicillium-brevicompactum
9 12 -0.480015743747837 0.27564218431915655 Penicillium-chrysogenum
9 12 -0.5399691020371293 0.21088950360268605 Penicillium-commune
9 12 -0.03775808152351621 0.9359455730772348 Penicillium-cvjetkovicii
9 12 -0.20167116639538496 0.6645519726655063 Penicillium-verrucosum
9 12 -0.19047841322677408 0.6824679278914936 Penicillium-mb
9 12 -0.06787902013806435 0.885030288998484 Penicillium-solitum
9 12 -0.2889789604550942 0.5296390042405572 Penicillium-polonicum
9 12 -0.19278580699622097 0.6787645574207299 Penicillium-brevicompactum
9 12 0.3782984861238381 0.40273045449288464 Penicillium-chrysogenum
9 12 -0.8676044062968532 0.011392482108861386 Penicillium-commune
9 12 0.1479214997185087 0.7516189642291101 Penicillium-cvjetkovicii
9 12 0.39831983387644565 0.3761324938814194 Penicillium-verrucosum
9 12 0.20092120518024142 0.6657485517674588 Penicillium-mb
9 12 0.3453945642936775 0.4479805018368649 Penicillium-solitum
9 12 0.07631809420520558 0.870815362118799 Penicillium-polonicum
9 12 0.357418980105584 0.4312294185128509 Penicillium-brevicompactum
11 12 -0.2477930689242737 0.5921283473728648 Penicillium-chrysogenum
11 12 -0.4745047709286518 0.2819909517740366 Penicillium-commune
11 12 0.0753085982479629 0.8725143814270685 Penicillium-cvjetkovicii
11 12 -0.05885685642447825 0.9002544725824425 Penicillium-verrucosum
11 12 -0.40550164269436034 0.3667717675154868 Penicillium-mb
11 12 -0.10662247787058197 0.8200191839328491 Penicillium-solitum
11 12 -0.36432797224250757 0.4217153142452961 Penicillium-polonicum
11 12 -0.3295260180770248 0.47045095164081685 Penicillium-brevicompactum
7 12 0.008509482590135493 0.9855543767077315 Penicillium-chrysogenum
7 12 -0.004185429223150496 0.9928946569039605 Penicillium-commune
7 12 0.0017894096399883493 0.9969622087096714 Penicillium-cvjetkovicii
7 12 -0.2321615485656594 0.6164054752230503 Penicillium-verrucosum
7 12 -0.08531377961438374 0.8556933333407107 Penicillium-mb
7 12 -0.6796632804255336 0.09301717041102728 Penicillium-solitum
7 12 -0.1195562459892573 0.7984824575612868 Penicillium-polonicum
7 12 -0.171643652204586 0.7128820684929633 Penicillium-brevicompactum
9 12 -0.18368384986474007 0.6934024375932776 Penicillium-chrysogenum
9 12 -0.20456996809932182 0.6599322111000318 Penicillium-commune
9 12 -0.06402354228083125 0.8915328822504696 Penicillium-cvjetkovicii
9 12 -0.22954221377585207 0.6205015055086704 Penicillium-verrucosum
9 12 -0.2743014442928104 0.551650625231584 Penicillium-mb
9 12 -0.48540947504842186 0.26949154813643994 Penicillium-solitum
9 12 -0.4046587481019529 0.3678653747999716 Penicillium-polonicum
9 12 -0.20938272848216416 0.6522811936935975 Penicillium-brevicompactum
9 10 0.3764245115199853 0.4052570646486272 Penicillium-chrysogenum
9 10 -0.6818465526464154 0.09156037155937638 Penicillium-commune
9 10 -0.18078054682397462 0.6980877650859343 Penicillium-cvjetkovicii
9 10 0.019780999044480187 0.966425302629405 Penicillium-verrucosum
9 10 0.03389653005749859 0.9424885162468248 Penicillium-mb
9 10 0.06535232504085929 0.8892912155104193 Penicillium-solitum
9 10 -0.32305138972843905 0.47973482710609333 Penicillium-polonicum
9 10 0.3613456435265485 0.4258121230357124 Penicillium-brevicompactum
