#SPECIES: Penicillium-verrucosum Penicillium-cvjetkovicii Penicillium-brevicompactum Penicillium-chrysogenum Penicillium-solitum Penicillium-polonicum Penicillium-commune Penicillium-mb 
#GENE_TREEs p: 0.06585559025171821 0.6833727800502369 0.986284518800684 0.9753449122184921 0.8885451716107575 0.8959009433721161 0.6742948858288603 0.7313576516482141 
#GENE_TREEs r: -0.7239192956747721 -0.18991512408395375 -0.008079348998768172 0.014524577524798852 -0.06579463090809318 0.0614352776279445 0.19557491622574047 0.16029478434607902 
10 10 -0.1799700973913258 0.6993970297988541 Penicillium-verrucosum
10 10 0.8956982781492427 0.006374909907306676 Penicillium-cvjetkovicii
10 10 -0.11341369967262457 0.8086988009347806 Penicillium-brevicompactum
10 10 -0.5537457068354165 0.19716456594439585 Penicillium-chrysogenum
10 10 0.03812808826778313 0.9353187861265653 Penicillium-solitum
10 10 -0.1165694528107155 0.8034473438156535 Penicillium-polonicum
10 10 0.134614814652426 0.7735357582624967 Penicillium-commune
10 10 0.11051080477819604 0.8135345295085532 Penicillium-mb
8 12 0.13081043105910126 0.779824395146446 Penicillium-verrucosum
8 12 0.20215689569625042 0.6637772829937502 Penicillium-cvjetkovicii
8 12 -0.11812918079678872 0.8008539747141971 Penicillium-brevicompactum
8 12 -0.3621127738610125 0.4247568579587547 Penicillium-chrysogenum
8 12 -0.15798948601485138 0.7351235156150016 Penicillium-solitum
8 12 -0.19850241984106512 0.6696116066495676 Penicillium-polonicum
8 12 -0.1291921481804526 0.7825023267119084 Penicillium-commune
8 12 -0.3624204188792943 0.42433394533724217 Penicillium-mb
10 10 0.2621876979894983 0.5700360157314039 Penicillium-verrucosum
10 10 -0.05537819930038581 0.9061311395130318 Penicillium-cvjetkovicii
10 10 -0.11812918079678864 0.8008539747141972 Penicillium-brevicompactum
10 10 -0.42836789421508836 0.33762320064507906 Penicillium-chrysogenum
10 10 -0.0620641842636803 0.8948393790922377 Penicillium-solitum
10 10 -0.13285910783604277 0.776436732140257 Penicillium-polonicum
10 10 0.011329642424095962 0.9807674360596547 Penicillium-commune
10 10 -0.3326480850831356 0.46599793163528436 Penicillium-mb
8 12 0.2878227593316811 0.531362109472914 Penicillium-verrucosum
8 12 0.17988771689710295 0.6995301470266592 Penicillium-cvjetkovicii
8 12 0.14396246559908996 0.7581264354473387 Penicillium-brevicompactum
8 12 -0.2684460049721077 0.5605134789384273 Penicillium-chrysogenum
8 12 -0.3157066844043999 0.49034524995124473 Penicillium-solitum
8 12 -0.3004211396886733 0.5126891844481044 Penicillium-polonicum
8 12 -0.1976826964697657 0.6709221097657599 Penicillium-commune
8 12 -0.2786265941912674 0.5451335598796602 Penicillium-mb
8 10 0.32052310199981987 0.48337788668726117 Penicillium-verrucosum
8 10 0.13832035789581612 0.767419954494732 Penicillium-cvjetkovicii
8 10 0.24628258477341478 0.5944615050182087 Penicillium-brevicompactum
8 10 -0.2828409205321448 0.5388080015783341 Penicillium-chrysogenum
8 10 -0.28077650182750696 0.5419035773487624 Penicillium-solitum
8 10 -0.3358941190226427 0.461384611610186 Penicillium-polonicum
8 10 -0.1773552543017399 0.7036252807252287 Penicillium-commune
8 10 -0.20705866295552683 0.6559728610045552 Penicillium-mb
12 12 -0.10492059883557026 0.8228600334563263 Penicillium-verrucosum
12 12 -0.25862958488667914 0.5754725573992984 Penicillium-cvjetkovicii
12 12 -0.29165704796855696 0.5256550526657845 Penicillium-brevicompactum
12 12 -0.35928290278952624 0.42865463399718734 Penicillium-chrysogenum
12 12 -0.39281469763500665 0.38337290895373377 Penicillium-solitum
12 12 0.049895522117090786 0.9154001310180265 Penicillium-polonicum
12 12 0.005644003198050246 0.9904185951919424 Penicillium-commune
12 12 -0.5106615229228046 0.24153990936212558 Penicillium-mb
12 12 0.158441785231586 0.7343843187826287 Penicillium-verrucosum
12 12 0.30356728510904807 0.508061867665806 Penicillium-cvjetkovicii
12 12 0.19901762801980158 0.6687882767617552 Penicillium-brevicompactum
12 12 -0.3710310335585894 0.4125636081328388 Penicillium-chrysogenum
12 12 0.1295397626199289 0.7819269501552598 Penicillium-solitum
12 12 -0.3702791498707287 0.4135862530124217 Penicillium-polonicum
12 12 -0.441956794700384 0.3207863559854801 Penicillium-commune
12 12 -0.4031624336861366 0.36981005361143415 Penicillium-mb
8 12 -0.5765401986863586 0.17543717589371255 Penicillium-verrucosum
8 12 -0.7311944999463325 0.0618675725865188 Penicillium-cvjetkovicii
8 12 -0.8564953195992516 0.01384802064016832 Penicillium-brevicompactum
8 12 -0.21644373936595415 0.6410999129248112 Penicillium-chrysogenum
8 12 0.2684549985261675 0.5604998313452902 Penicillium-solitum
8 12 0.18153931118506036 0.6968625356093243 Penicillium-polonicum
8 12 0.3538231187300814 0.4362133330011164 Penicillium-commune
8 12 0.32731766621937697 0.47361006871775113 Penicillium-mb
8 12 0.38124875620517046 0.3987654171874007 Penicillium-verrucosum
8 12 0.9204355046186518 0.0032846197200991005 Penicillium-cvjetkovicii
8 12 -0.11307855035045036 0.8092568580183633 Penicillium-brevicompactum
8 12 -0.15906680247309982 0.7333631156053626 Penicillium-chrysogenum
8 12 -0.2711847238692177 0.5563624495226722 Penicillium-solitum
8 12 -0.41447292425908056 0.3552155953467188 Penicillium-polonicum
8 12 -0.2200253192049892 0.635448801359856 Penicillium-commune
8 12 -0.19313387602321885 0.6782063499004275 Penicillium-mb
12 10 -0.3042099671855911 0.5071184068632388 Penicillium-verrucosum
12 10 0.40203669691026145 0.37127588661046695 Penicillium-cvjetkovicii
12 10 -0.339718273395673 0.45597145036679765 Penicillium-brevicompactum
12 10 -0.3615328616831475 0.4255544923745208 Penicillium-chrysogenum
12 10 -0.7883432407559698 0.03519058310149673 Penicillium-solitum
12 10 0.17248382991640085 0.7115186092084824 Penicillium-polonicum
12 10 0.3725569273818502 0.41049127520993045 Penicillium-commune
12 10 0.3438037782255467 0.45021464108135956 Penicillium-mb
4 12 -0.07774551668851246 0.8684136321696952 Penicillium-verrucosum
4 12 0.4187798638949337 0.3497224658741032 Penicillium-cvjetkovicii
4 12 -0.11846213462549579 0.800300557976628 Penicillium-brevicompactum
4 12 -0.3062542056295418 0.5041215125734715 Penicillium-chrysogenum
4 12 -0.06823987013764904 0.8844219425017033 Penicillium-solitum
4 12 -0.4790531391179707 0.276746446931274 Penicillium-polonicum
4 12 -0.02757216466879237 0.9532098297242373 Penicillium-commune
4 12 -0.4349207115229842 0.3294581717312023 Penicillium-mb
10 12 0.09854491095539944 0.833516087989616 Penicillium-verrucosum
10 12 0.41877986389493366 0.34972246587410327 Penicillium-cvjetkovicii
10 12 -0.23361017586736152 0.6141435424323953 Penicillium-brevicompactum
10 12 -0.01807543548898025 0.9693192002724417 Penicillium-chrysogenum
10 12 -0.4479371471212288 0.3134942430080129 Penicillium-solitum
10 12 -0.46039899973905324 0.2985341630490224 Penicillium-polonicum
10 12 -0.422085691674055 0.34553052386667615 Penicillium-commune
10 12 -0.12600534669106606 0.7877808156210745 Penicillium-mb
10 12 0.5157125467501058 0.23611853764130816 Penicillium-verrucosum
10 12 -0.10067175035852367 0.8299590578773404 Penicillium-cvjetkovicii
10 12 -0.29293011017089193 0.5237647999286297 Penicillium-brevicompactum
10 12 -0.14429089827363506 0.7575861533113515 Penicillium-chrysogenum
10 12 -0.4265619114252577 0.3398884375315662 Penicillium-solitum
10 12 -0.2172066154030857 0.6398950624478597 Penicillium-polonicum
10 12 -0.06344882808160573 0.8925026082108861 Penicillium-commune
10 12 -0.34047832398640426 0.45489841217161675 Penicillium-mb
8 12 0.37119078684914203 0.41234645373110973 Penicillium-verrucosum
8 12 0.13120139286019425 0.7791776908904539 Penicillium-cvjetkovicii
8 12 0.21939045354386447 0.6364494929384783 Penicillium-brevicompactum
8 12 -0.12205235942646983 0.7943373495604173 Penicillium-chrysogenum
8 12 -0.4111096482030536 0.35952995684210487 Penicillium-solitum
8 12 -0.10587750509444693 0.8212625334685313 Penicillium-polonicum
8 12 -0.413903486120168 0.3559445380166505 Penicillium-commune
8 12 -0.12379834072670243 0.7914402098080763 Penicillium-mb
12 10 -0.5539666115579553 0.19694810356573111 Penicillium-verrucosum
12 10 -0.7130036216223656 0.07209174362924861 Penicillium-cvjetkovicii
12 10 -0.9902012340139358 1.815928422639919e-05 Penicillium-brevicompactum
12 10 0.3224045427759727 0.48066593688393755 Penicillium-chrysogenum
12 10 0.3733399210016706 0.40942947385330514 Penicillium-solitum
12 10 0.3307899317834718 0.46864635720475767 Penicillium-polonicum
12 10 0.41710493597477954 0.3518544386861283 Penicillium-commune
12 10 0.4095711767903256 0.3615106907444388 Penicillium-mb
12 8 -0.6557034886229709 0.10979823040736675 Penicillium-verrucosum
12 8 -0.2760548949614824 0.5490055048440636 Penicillium-cvjetkovicii
12 8 -0.20766994160843646 0.655001331481259 Penicillium-brevicompactum
12 8 -0.3098169146622117 0.49891336214308857 Penicillium-chrysogenum
12 8 -0.5530483342299785 0.19784866634234974 Penicillium-solitum
12 8 -0.3480645574075579 0.4442400960851136 Penicillium-polonicum
12 8 0.2339982716303877 0.613537969077802 Penicillium-commune
12 8 0.19362402128608958 0.6774204892580502 Penicillium-mb
12 10 -0.5524886690024278 0.19839850568286682 Penicillium-verrucosum
12 10 -0.7123891779456898 0.07245179387798606 Penicillium-cvjetkovicii
12 10 -0.990438254961007 1.7083170944563367e-05 Penicillium-brevicompactum
12 10 0.30888085768751095 0.500279901805925 Penicillium-chrysogenum
12 10 0.3645515268083678 0.42140883643740007 Penicillium-solitum
12 10 0.3210629993544871 0.4825991056232129 Penicillium-polonicum
12 10 0.38526746999617184 0.39338959260780904 Penicillium-commune
12 10 0.38561865336895207 0.3929212011063193 Penicillium-mb
6 12 0.10554365730632505 0.8218198176158874 Penicillium-verrucosum
6 12 0.4187798638949292 0.34972246587410893 Penicillium-cvjetkovicii
6 12 -0.14483063266200596 0.7566984436255407 Penicillium-brevicompactum
6 12 -0.19043148845990593 0.682543295018232 Penicillium-chrysogenum
6 12 -0.2170018200485056 0.640218444963671 Penicillium-solitum
6 12 -0.3286356523930827 0.471723720720575 Penicillium-polonicum
6 12 -0.3207981058638294 0.48298114788067326 Penicillium-commune
6 12 -0.4528299966514093 0.3075823935576796 Penicillium-mb
8 12 0.3299326693948936 0.469870065226033 Penicillium-verrucosum
8 12 -0.05432689293028456 0.9079078435022809 Penicillium-cvjetkovicii
8 12 -0.11812918079678864 0.8008539747141972 Penicillium-brevicompactum
8 12 -0.23838002688222984 0.6067129784579814 Penicillium-chrysogenum
8 12 -0.4071910610559503 0.36458388466419367 Penicillium-solitum
8 12 -0.2093240827303843 0.6523742806579387 Penicillium-polonicum
8 12 -0.14265669402867798 0.7602752433917535 Penicillium-commune
8 12 -0.12834135940219876 0.7839108970628039 Penicillium-mb
4 12 0.36132616606700224 0.4258389293970221 Penicillium-verrucosum
4 12 0.299295122293813 0.5143488359136537 Penicillium-cvjetkovicii
4 12 -0.08538763084481946 0.8555693270733109 Penicillium-brevicompactum
4 12 -0.16514550569853753 0.7234477211937549 Penicillium-chrysogenum
4 12 -0.223329189838779 0.6302482952164759 Penicillium-solitum
4 12 -0.28931172739793526 0.5291434250394329 Penicillium-polonicum
4 12 -0.11858244482185053 0.800100601600658 Penicillium-commune
4 12 -0.14474218258547814 0.756843904319896 Penicillium-mb
6 12 0.1432138331019228 0.7593582518191637 Penicillium-verrucosum
6 12 0.4187798638949312 0.34972246587410627 Penicillium-cvjetkovicii
6 12 -0.19773941182504923 0.6708314167566842 Penicillium-brevicompactum
6 12 -0.05152983971330719 0.91263632443661 Penicillium-chrysogenum
6 12 -0.11035865790868074 0.8137881113538538 Penicillium-solitum
6 12 -0.4302096925566396 0.3353196628531475 Penicillium-polonicum
6 12 -0.3870286847717284 0.39104282068657625 Penicillium-commune
6 12 -0.39786545273559387 0.37672797438221556 Penicillium-mb
10 10 -0.10271451526221773 0.8265448099099328 Penicillium-verrucosum
10 10 0.4187798638949353 0.349722465874101 Penicillium-cvjetkovicii
10 10 -0.2449631634750981 0.5965018090163867 Penicillium-brevicompactum
10 10 -0.3514963918217795 0.4394498339945161 Penicillium-chrysogenum
10 10 -0.09867940759421616 0.8332910818179331 Penicillium-solitum
10 10 -0.05837630935871635 0.9010660736830229 Penicillium-polonicum
10 10 -0.38334015151261525 0.3959641285909298 Penicillium-commune
10 10 -0.4911891619516111 0.26297059694675434 Penicillium-mb
8 8 0.5537456616570717 0.19716461022593584 Penicillium-verrucosum
8 8 -0.025375729591730258 0.9569346920731168 Penicillium-cvjetkovicii
8 8 -0.11812918079678848 0.8008539747141975 Penicillium-brevicompactum
8 8 -0.27076944002808034 0.5569912490839308 Penicillium-chrysogenum
8 8 -0.15589582508954097 0.73854731563103 Penicillium-solitum
8 8 -0.19696508203028382 0.6720699144009749 Penicillium-polonicum
8 8 -0.31406691323332087 0.4927254201287029 Penicillium-commune
8 8 -0.36349753784269545 0.42285453809019363 Penicillium-mb
8 12 0.39349245427582313 0.3824784934894753 Penicillium-verrucosum
8 12 0.4187798638949334 0.34972246587410377 Penicillium-cvjetkovicii
8 12 -0.07581632066507313 0.8716598166394981 Penicillium-brevicompactum
8 12 -0.10261988509761497 0.8267029257750645 Penicillium-chrysogenum
8 12 -0.36217159848288927 0.42467598050229804 Penicillium-solitum
8 12 -0.431068808916572 0.3342474591640212 Penicillium-polonicum
8 12 -0.1896674429258051 0.683770743661175 Penicillium-commune
8 12 -0.2908132755019542 0.5269091620816786 Penicillium-mb
4 12 -0.12155086465928462 0.7951698381514162 Penicillium-verrucosum
4 12 0.41877986389493366 0.34972246587410327 Penicillium-cvjetkovicii
4 12 -0.32407709149612024 0.47825970735535756 Penicillium-brevicompactum
4 12 0.02337372994885948 0.960330362082026 Penicillium-chrysogenum
4 12 0.09125478080182838 0.8457253047049549 Penicillium-solitum
4 12 -0.464705649144336 0.29343899112007127 Penicillium-polonicum
4 12 0.09157739563990154 0.8451844678502864 Penicillium-commune
4 12 -0.537621470850085 0.21327231875504044 Penicillium-mb
4 12 0.026771181268342638 0.9545681156459154 Penicillium-verrucosum
4 12 0.4187798638949311 0.34972246587410644 Penicillium-cvjetkovicii
4 12 -0.11845096267674962 0.80031912627261 Penicillium-brevicompactum
4 12 -0.14048293720848068 0.7638551421279195 Penicillium-chrysogenum
4 12 -0.06765917888399034 0.8854009349917326 Penicillium-solitum
4 12 -0.11026852389488292 0.813938343020177 Penicillium-polonicum
4 12 -0.051648947264142195 0.9124349278767223 Penicillium-commune
4 12 -0.11700349842622038 0.8027255087035985 Penicillium-mb
4 12 -0.0470619696454954 0.9201935662730083 Penicillium-verrucosum
4 12 0.41877986389493216 0.3497224658741052 Penicillium-cvjetkovicii
4 12 -0.15229188846963101 0.7444489222513904 Penicillium-brevicompactum
4 12 -0.1346742974853343 0.7734375106410885 Penicillium-chrysogenum
4 12 -0.1489343255142258 0.7499560444863558 Penicillium-solitum
4 12 -0.3653918507228737 0.420257583800255 Penicillium-polonicum
4 12 -0.20160459193067515 0.6646581707878426 Penicillium-commune
4 12 -0.4079887267176933 0.3635527447055203 Penicillium-mb
8 12 -0.0212366274047003 0.9639557107570944 Penicillium-verrucosum
8 12 -0.38015380320438547 0.40023516944217474 Penicillium-cvjetkovicii
8 12 -0.34600740131767754 0.4471209321599213 Penicillium-brevicompactum
8 12 0.07625581928649132 0.8709201617499988 Penicillium-chrysogenum
8 12 0.12091869296117168 0.7962194724506224 Penicillium-solitum
8 12 -0.6512025172722831 0.11311248302127352 Penicillium-polonicum
8 12 0.10183185539267926 0.8280198110460578 Penicillium-commune
8 12 -0.6727570451157622 0.09770505595625113 Penicillium-mb
10 12 0.3173815672626415 0.48791834932953215 Penicillium-verrucosum
10 12 -0.11045854625065309 0.8136216268763287 Penicillium-cvjetkovicii
10 12 -0.3172179274119396 0.48815527380977686 Penicillium-brevicompactum
10 12 -0.1442908982736353 0.7575861533113509 Penicillium-chrysogenum
10 12 0.10623063292200291 0.820673130653544 Penicillium-solitum
10 12 -0.004894158891113064 0.991691517322 Penicillium-polonicum
10 12 0.2263605736492318 0.6254873426922953 Penicillium-commune
10 12 0.16164132378019203 0.7291599639209194 Penicillium-mb
10 12 0.25599366612394037 0.5795104506834378 Penicillium-verrucosum
10 12 -0.017816448487943684 0.969758657876162 Penicillium-cvjetkovicii
10 12 -0.11812918079678869 0.8008539747141971 Penicillium-brevicompactum
10 12 -0.3433187383651589 0.45089667156813834 Penicillium-chrysogenum
10 12 -0.13770776117751732 0.7684303588640037 Penicillium-solitum
10 12 -0.26946710355401543 0.5589646573854934 Penicillium-polonicum
10 12 -0.04384956255725327 0.9256302172346793 Penicillium-commune
10 12 -0.0591451409218599 0.8997676189242211 Penicillium-mb
12 10 -0.5837590842855803 0.1688149188828326 Penicillium-verrucosum
12 10 0.5180006132661615 0.2336815791160591 Penicillium-cvjetkovicii
12 10 -0.5416764725070393 0.2091645555529932 Penicillium-brevicompactum
12 10 0.29742731737604483 0.5171058809625948 Penicillium-chrysogenum
12 10 0.4260326408341194 0.34055351471811807 Penicillium-solitum
12 10 -0.75808323025164 0.048292841326289325 Penicillium-polonicum
12 10 0.5494961682028675 0.20135092310945982 Penicillium-commune
12 10 0.5134699848452615 0.23851846231035384 Penicillium-mb
10 12 0.3161638935916852 0.4896823295672865 Penicillium-verrucosum
10 12 -0.452985138006979 0.3073957450697277 Penicillium-cvjetkovicii
10 12 -0.6521106385658747 0.11243968649275245 Penicillium-brevicompactum
10 12 0.23354949745473663 0.6142382390226913 Penicillium-chrysogenum
10 12 0.20476017403764876 0.659629382083423 Penicillium-solitum
10 12 0.2286324547501239 0.6219259878497848 Penicillium-polonicum
10 12 -0.9510505823301751 0.0009916035218073625 Penicillium-commune
10 12 0.14671894116300782 0.7535943909639755 Penicillium-mb
12 10 0.5842424299486019 0.16837600576621933 Penicillium-verrucosum
12 10 -0.9824187776729768 7.797830290377366e-05 Penicillium-cvjetkovicii
12 10 0.3297616482776556 0.4701143306420357 Penicillium-brevicompactum
12 10 0.3689411111931063 0.4154085816721802 Penicillium-chrysogenum
12 10 0.372173480979438 0.41101165279482776 Penicillium-solitum
12 10 0.3750031051868332 0.40717765495624314 Penicillium-polonicum
12 10 0.3058040848952983 0.5047808671322003 Penicillium-commune
12 10 0.3136629936341331 0.4933123473738529 Penicillium-mb
8 12 -0.12540766099256156 0.7887715228556207 Penicillium-verrucosum
8 12 0.4187798638949337 0.3497224658741032 Penicillium-cvjetkovicii
8 12 -0.12122405601855415 0.7957124284433705 Penicillium-brevicompactum
8 12 -0.06795981433060638 0.8848940765136302 Penicillium-chrysogenum
8 12 -0.01874803686302546 0.9681779373451963 Penicillium-solitum
8 12 -0.4832141994107855 0.27198732725212055 Penicillium-polonicum
8 12 -0.04308643648863712 0.926922070154471 Penicillium-commune
8 12 -0.004871413516789593 0.9917301296878167 Penicillium-mb
10 10 0.42605655975022216 0.3405234465318114 Penicillium-verrucosum
10 10 -0.08320568944469298 0.8592340914468115 Penicillium-cvjetkovicii
10 10 -0.11812918079678861 0.8008539747141972 Penicillium-brevicompactum
10 10 -0.2959574079852096 0.5192791461995291 Penicillium-chrysogenum
10 10 -0.267223634900949 0.562369398297331 Penicillium-solitum
10 10 -0.3523027654444346 0.43832713007589325 Penicillium-polonicum
10 10 -0.04147799989881405 0.9296453168059368 Penicillium-commune
10 10 -0.17742517507196556 0.7035121380355491 Penicillium-mb
8 12 0.3541074789506733 0.43581840969535474 Penicillium-verrucosum
8 12 -0.060645508193106594 0.897234211152863 Penicillium-cvjetkovicii
8 12 -0.11812918079678864 0.8008539747141972 Penicillium-brevicompactum
8 12 -0.2608526736883988 0.5720739359560876 Penicillium-chrysogenum
8 12 -0.351189916282088 0.4398768219715461 Penicillium-solitum
8 12 -0.44080825880547003 0.322195106261226 Penicillium-polonicum
8 12 -0.2505495725801878 0.5878777369377357 Penicillium-commune
8 12 -0.13537576040110633 0.7722790880624921 Penicillium-mb
10 12 0.022764240385930036 0.96136423779381 Penicillium-verrucosum
10 12 0.3365245595943606 0.4604905829339081 Penicillium-cvjetkovicii
10 12 -0.09156461317715262 0.8452058956638464 Penicillium-brevicompactum
10 12 -0.3124930965187195 0.4950136961681346 Penicillium-chrysogenum
10 12 -0.3574038211784771 0.431250382992272 Penicillium-solitum
10 12 -0.3561812884706316 0.432942405106392 Penicillium-polonicum
10 12 -0.37251338636426523 0.41055035197987266 Penicillium-commune
10 12 -0.22563043535173688 0.6266331260144701 Penicillium-mb
8 10 -0.08258739232571902 0.8602729442219759 Penicillium-verrucosum
8 10 0.4187798638949328 0.34972246587410427 Penicillium-cvjetkovicii
8 10 -0.1572448578590589 0.7363408222166545 Penicillium-brevicompactum
8 10 -0.19111047137417525 0.6814529668994825 Penicillium-chrysogenum
8 10 -0.3134580076113611 0.4936103030215421 Penicillium-solitum
8 10 -0.29108051536250534 0.5265118508902692 Penicillium-polonicum
8 10 -0.27685603639107276 0.5477983460197036 Penicillium-commune
8 10 -0.2782293074762838 0.5457311271856349 Penicillium-mb
6 12 0.6426805100784683 0.11952717931502943 Penicillium-verrucosum
6 12 -0.14976800939931575 0.748587828055008 Penicillium-cvjetkovicii
6 12 0.1597566021880635 0.7322364283837577 Penicillium-brevicompactum
6 12 0.14828023536506527 0.7510298822824075 Penicillium-chrysogenum
6 12 -0.2400704975797743 0.6040859434540422 Penicillium-solitum
6 12 -0.47653891486378114 0.279640020663131 Penicillium-polonicum
6 12 -0.02659601295541507 0.9548651730624577 Penicillium-commune
6 12 -0.256453552764365 0.5788053296864719 Penicillium-mb
6 12 0.028868299237943113 0.9510120717978596 Penicillium-verrucosum
6 12 0.4187798638949337 0.3497224658741032 Penicillium-cvjetkovicii
6 12 -0.12862600548920378 0.7834395831296637 Penicillium-brevicompactum
6 12 -0.3079164389459467 0.5016892176258851 Penicillium-chrysogenum
6 12 -0.3889461093738947 0.38849431392777883 Penicillium-solitum
6 12 -0.2563439362685561 0.5789733749133217 Penicillium-polonicum
6 12 -0.40126209870514 0.3722858787667682 Penicillium-commune
6 12 -0.23010619231321164 0.6196189119196467 Penicillium-mb
10 10 -0.31933628865422764 0.48509140250586213 Penicillium-verrucosum
10 10 0.7690469619171018 0.04328133694962812 Penicillium-cvjetkovicii
10 10 -0.10851287953807928 0.8168654786942645 Penicillium-brevicompactum
10 10 -0.43048673115462605 0.3349737505606885 Penicillium-chrysogenum
10 10 0.008174551851932109 0.9861229134293656 Penicillium-solitum
10 10 -0.5990693571351517 0.15518722198159737 Penicillium-polonicum
10 10 0.12266502443484385 0.79332052738933 Penicillium-commune
10 10 0.09480744852704015 0.8397722464758381 Penicillium-mb
12 12 -0.03503099827219589 0.9405660137729215 Penicillium-verrucosum
12 12 -0.3661971331743429 0.41915548607565034 Penicillium-cvjetkovicii
12 12 -0.40683261799485293 0.36504763548093405 Penicillium-brevicompactum
12 12 0.11680964275395023 0.8030478846389483 Penicillium-chrysogenum
12 12 0.14461327341638794 0.757055912288133 Penicillium-solitum
12 12 -0.6763833727611599 0.09522845131720076 Penicillium-polonicum
12 12 -0.6930717562436214 0.08426156568400568 Penicillium-commune
12 12 0.12252035520853734 0.7935606097210359 Penicillium-mb
10 12 0.15100383897971545 0.746560587687312 Penicillium-verrucosum
10 12 0.21692576730769758 0.6403385477205792 Penicillium-cvjetkovicii
10 12 -0.04026262044113271 0.9317034411050782 Penicillium-brevicompactum
10 12 -0.26503387069481216 0.5656990021459236 Penicillium-chrysogenum
10 12 -0.23703969676898212 0.6087982819092643 Penicillium-solitum
10 12 -0.45122663909968797 0.30951426805512133 Penicillium-polonicum
10 12 -0.4072957591028604 0.3644484730682566 Penicillium-commune
10 12 -0.23973009769420575 0.6046146616347521 Penicillium-mb
12 10 -0.3499053960295254 0.4416681516715115 Penicillium-verrucosum
12 10 0.4329805844135034 0.33186675463410126 Penicillium-cvjetkovicii
12 10 -0.3118752948514574 0.4959129832206888 Penicillium-brevicompactum
12 10 -0.4404109996158748 0.32268298820886243 Penicillium-chrysogenum
12 10 -0.6244770139546785 0.13383833935197562 Penicillium-solitum
12 10 0.09943303931075446 0.8320304612431655 Penicillium-polonicum
12 10 0.22344455689253118 0.6300669176916103 Penicillium-commune
12 10 0.2140365535888061 0.6449058050890211 Penicillium-mb
10 12 -0.6070013069245905 0.14835174328137893 Penicillium-verrucosum
10 12 -0.28727045034059867 0.532185887264681 Penicillium-cvjetkovicii
10 12 -0.2581074370773077 0.5762717221241994 Penicillium-brevicompactum
10 12 -0.7101638894010954 0.0737638083264034 Penicillium-chrysogenum
10 12 -0.4089785828596062 0.3622748392378913 Penicillium-solitum
10 12 0.11171606632055776 0.8115261897446262 Penicillium-polonicum
10 12 0.23071838289115457 0.6186612799129543 Penicillium-commune
10 12 0.2170273256323822 0.6401781678526921 Penicillium-mb
8 12 0.23103929329347175 0.6181594601699708 Penicillium-verrucosum
8 12 0.26968245955479925 0.5586381771464336 Penicillium-cvjetkovicii
8 12 -0.07735844028422566 0.8690648341966829 Penicillium-brevicompactum
8 12 -0.27609945321332985 0.5489383417314121 Penicillium-chrysogenum
8 12 -0.35660608403818295 0.43235418765476136 Penicillium-solitum
8 12 -0.2713793493109821 0.556067837447538 Penicillium-polonicum
8 12 -0.29928414231118516 0.5143650285395658 Penicillium-commune
8 12 -0.22034380452399965 0.6349469624866104 Penicillium-mb
6 12 -0.039302472213182345 0.9333295711284495 Penicillium-verrucosum
6 12 0.41877986389493044 0.34972246587410727 Penicillium-cvjetkovicii
6 12 -0.14877143639936505 0.7502234340754599 Penicillium-brevicompactum
6 12 -0.15273866240600595 0.7437167647305248 Penicillium-chrysogenum
6 12 -0.10138245526690305 0.8287709522442379 Penicillium-solitum
6 12 -0.5645842086602522 0.18667964125690006 Penicillium-polonicum
6 12 -0.029612048118025553 0.9497510635212608 Penicillium-commune
6 12 -0.06698669565315502 0.8865348251829143 Penicillium-mb
12 10 0.1177511789747802 0.8014823479050899 Penicillium-verrucosum
12 10 0.6154231333100998 0.14126330294446804 Penicillium-cvjetkovicii
12 10 0.4820375616154802 0.27332930710906783 Penicillium-brevicompactum
12 10 0.3680519621721341 0.41662127929712495 Penicillium-chrysogenum
12 10 -0.9230280238425546 0.0030278761434972316 Penicillium-solitum
12 10 0.33639293764487394 0.46067718326153684 Penicillium-polonicum
12 10 0.3507713553017153 0.44046022375661004 Penicillium-commune
12 10 0.36660473941713273 0.41859807102609625 Penicillium-mb
10 12 0.1874935510610652 0.6872661494336305 Penicillium-verrucosum
10 12 -0.5392525399256708 0.21161545369760718 Penicillium-cvjetkovicii
10 12 0.2832919141376081 0.5381325234028658 Penicillium-brevicompactum
10 12 0.2962438774572695 0.5188553557742246 Penicillium-chrysogenum
10 12 -0.9848045456095404 5.4224247165008886e-05 Penicillium-solitum
10 12 0.28704676121884176 0.532519644877418 Penicillium-polonicum
10 12 0.1653635828019795 0.7230925635010566 Penicillium-commune
10 12 0.20770609552754 0.6549438827146881 Penicillium-mb
12 8 -0.4805591906683795 0.2750196406070286 Penicillium-verrucosum
12 8 0.31747515325069264 0.48778287015038185 Penicillium-cvjetkovicii
12 8 -0.21206040729246262 0.6480348150172246 Penicillium-brevicompactum
12 8 -0.36606125334840495 0.41934137033699653 Penicillium-chrysogenum
12 8 -0.5180207093973012 0.23366022755209126 Penicillium-solitum
12 8 -0.42142175972956786 0.3463707152526306 Penicillium-polonicum
12 8 0.3978915869684017 0.3766937142575635 Penicillium-commune
12 8 0.3395067014857124 0.45627031458311024 Penicillium-mb
4 12 -0.1632538778570398 0.726530052866927 Penicillium-verrucosum
4 12 0.41877986389493055 0.3497224658741072 Penicillium-cvjetkovicii
4 12 -0.2776039590883997 0.5466721619435676 Penicillium-brevicompactum
4 12 0.049954763142189794 0.9152999361075558 Penicillium-chrysogenum
4 12 0.08272335933298525 0.8600444808785463 Penicillium-solitum
4 12 -0.2925964981679977 0.524259926484804 Penicillium-polonicum
4 12 0.049113987285158534 0.9167220313131573 Penicillium-commune
4 12 -0.37266525648865717 0.41034430797359595 Penicillium-mb
8 12 0.15829010634031107 0.7346321908682548 Penicillium-verrucosum
8 12 0.12795030743014782 0.7845584823362095 Penicillium-cvjetkovicii
8 12 -0.11812918079678866 0.8008539747141972 Penicillium-brevicompactum
8 12 -0.06085986010198883 0.8968723288367799 Penicillium-chrysogenum
8 12 -0.6217609510311111 0.13604441486547228 Penicillium-solitum
8 12 -0.04356369576957068 0.9261141298376316 Penicillium-polonicum
8 12 -0.05244059338601353 0.9110964444970248 Penicillium-commune
8 12 -0.031941353337585986 0.9458023318861587 Penicillium-mb
10 12 -0.4521023134505116 0.30845851974966604 Penicillium-verrucosum
10 12 0.39802693344510376 0.3765163049490762 Penicillium-cvjetkovicii
10 12 -0.37287096646200873 0.4100652835825412 Penicillium-brevicompactum
10 12 -0.5023879007083759 0.25054325187163695 Penicillium-chrysogenum
10 12 -0.6104621821224571 0.14541766472476533 Penicillium-solitum
10 12 0.19133659866949623 0.681089943603129 Penicillium-polonicum
10 12 0.37914439486874674 0.40159199737810675 Penicillium-commune
10 12 0.35545640579754156 0.43394686145429306 Penicillium-mb
10 12 0.36946974446832676 0.4146882406019441 Penicillium-verrucosum
10 12 0.0113994324715613 0.980648979747514 Penicillium-cvjetkovicii
10 12 -0.23751208972335638 0.6080630856456702 Penicillium-brevicompactum
10 12 -0.14429089827363464 0.757586153311352 Penicillium-chrysogenum
10 12 0.021545930640473564 0.9634309816517059 Penicillium-solitum
10 12 -0.06065653993880973 0.8972155863227407 Penicillium-polonicum
10 12 0.12476788323588202 0.7898322515228653 Penicillium-commune
10 12 0.10923624439651143 0.8156592264724298 Penicillium-mb
10 12 0.4833978644471877 0.27177812248602357 Penicillium-verrucosum
10 12 0.25845198466733765 0.5757443415914536 Penicillium-cvjetkovicii
10 12 0.264400656115747 0.56666298978107 Penicillium-brevicompactum
10 12 -0.37944464595219446 0.4011882150394928 Penicillium-chrysogenum
10 12 -0.34979804585544366 0.44181798186158683 Penicillium-solitum
10 12 0.24447292799078707 0.597260428036072 Penicillium-polonicum
10 12 -0.22304502074953883 0.6306951224824934 Penicillium-commune
10 12 -0.39721639340054554 0.3775792522894476 Penicillium-mb
10 12 0.21422258010524803 0.6446114661743103 Penicillium-verrucosum
10 12 0.00226919090304244 0.9961477117950959 Penicillium-cvjetkovicii
10 12 -0.11812918079678873 0.8008539747141971 Penicillium-brevicompactum
10 12 -0.21430846940054313 0.6444755809909475 Penicillium-chrysogenum
10 12 -0.2769910784762989 0.5475949503711273 Penicillium-solitum
10 12 -0.46890872043035287 0.288503837197688 Penicillium-polonicum
10 12 -0.3927390593278552 0.38347277904070076 Penicillium-commune
10 12 -0.17583612993433426 0.7060845305171539 Penicillium-mb
10 12 0.40240010076829424 0.37080243490003933 Penicillium-verrucosum
10 12 0.09163280301115971 0.8450915868751795 Penicillium-cvjetkovicii
10 12 -0.047761471257225345 0.919010057333302 Penicillium-brevicompactum
10 12 0.15649763689367188 0.7375628083133903 Penicillium-chrysogenum
10 12 -0.125172224205294 0.7891618385471025 Penicillium-solitum
10 12 0.1570639496197451 0.7366366344988928 Penicillium-polonicum
10 12 -0.9018055420917922 0.0055009090446835425 Penicillium-commune
10 12 0.014802655873344584 0.9748729840096158 Penicillium-mb
8 12 0.6679674242241428 0.10102721954911573 Penicillium-verrucosum
8 12 -0.1553902014262863 0.7393746878440584 Penicillium-cvjetkovicii
8 12 0.1351421279128348 0.7726648804048719 Penicillium-brevicompactum
8 12 0.12172817013793531 0.7948754907916572 Penicillium-chrysogenum
8 12 -0.2673800644353367 0.562131782476964 Penicillium-solitum
8 12 -0.4756929605884324 0.28061664871191316 Penicillium-polonicum
8 12 -0.1527808563977377 0.7436476266142834 Penicillium-commune
8 12 -0.2147856139949171 0.6437208353188955 Penicillium-mb
10 12 0.32694047039235646 0.47415042862703155 Penicillium-verrucosum
10 12 -0.13457548120539878 0.7736007265223901 Penicillium-cvjetkovicii
10 12 -0.271657607356076 0.5556467149872681 Penicillium-brevicompactum
10 12 0.047097746262675 0.9201330318234919 Penicillium-chrysogenum
10 12 -0.01074138877094848 0.9817659040126763 Penicillium-solitum
10 12 -0.46561043377493794 0.2923734776504861 Penicillium-polonicum
10 12 -0.47297916900368886 0.28375992088150925 Penicillium-commune
10 12 -0.37894212030021307 0.4018641101905481 Penicillium-mb
10 10 0.3939603436784487 0.3818615273506429 Penicillium-verrucosum
10 10 -0.09664797042970927 0.8366905315437716 Penicillium-cvjetkovicii
10 10 -0.2960469183192197 0.5191467158244185 Penicillium-brevicompactum
10 10 -0.14429089827363548 0.7575861533113507 Penicillium-chrysogenum
10 10 -0.2584682354743218 0.5757194710783275 Penicillium-solitum
10 10 -0.4396218036648589 0.32365315809531886 Penicillium-polonicum
10 10 -0.07205741803699309 0.877988861639512 Penicillium-commune
10 10 -0.11970660772980557 0.798232655731604 Penicillium-mb
8 12 0.3648432622330348 0.42100901735641816 Penicillium-verrucosum
8 12 0.21895296900906414 0.6371393230922447 Penicillium-cvjetkovicii
8 12 -0.04303825637815776 0.9270036358443968 Penicillium-brevicompactum
8 12 -0.25965407806864926 0.5739055449017295 Penicillium-chrysogenum
8 12 -0.2775359056346063 0.5467746019905191 Penicillium-solitum
8 12 -0.3278511197780795 0.47284624112738843 Penicillium-polonicum
8 12 -0.15139067065563683 0.7459262716998578 Penicillium-commune
8 12 -0.18673005768833928 0.6884948265111699 Penicillium-mb
10 12 0.7141349433693144 0.07143132869601052 Penicillium-verrucosum
10 12 -0.14665389188718844 0.7537012770837612 Penicillium-cvjetkovicii
10 12 0.15594917253983634 0.7384600327477074 Penicillium-brevicompactum
10 12 0.14419466178107657 0.7577444572681359 Penicillium-chrysogenum
10 12 -0.28532244579191013 0.5350947753334363 Penicillium-solitum
10 12 -0.41440103688602636 0.35530758465108636 Penicillium-polonicum
10 12 -0.18169354819135045 0.6966135423584341 Penicillium-commune
10 12 -0.19235017127221152 0.67946336241152 Penicillium-mb
10 10 0.35491096738200145 0.43470325155048 Penicillium-verrucosum
10 10 -0.031728579821253614 0.9461629984443447 Penicillium-cvjetkovicii
10 10 -0.26000438146012966 0.5733700459722372 Penicillium-brevicompactum
10 10 -0.14429089827363512 0.7575861533113513 Penicillium-chrysogenum
10 10 -0.3300467413749455 0.4697071647073538 Penicillium-solitum
10 10 -0.3920162572156944 0.3844276713841756 Penicillium-polonicum
10 10 -0.28976411849732675 0.5284699439194376 Penicillium-commune
10 10 -0.22825028578051684 0.6225246603632619 Penicillium-mb
10 12 0.06169974531007534 0.8954545194686656 Penicillium-verrucosum
10 12 -0.23691748971192714 0.6089885182570283 Penicillium-cvjetkovicii
10 12 0.04683139398446506 0.9205837102965667 Penicillium-brevicompactum
10 12 -0.5456404206195669 0.2051858851932322 Penicillium-chrysogenum
10 12 -0.5599320243195555 0.1911460779673932 Penicillium-solitum
10 12 0.07987470375923852 0.8648326374097366 Penicillium-polonicum
10 12 -0.44654691589797113 0.3151829335212101 Penicillium-commune
10 12 -0.025246018192184874 0.9571546854093984 Penicillium-mb
8 12 0.3861788867062436 0.3921744515005884 Penicillium-verrucosum
8 12 0.412395259593627 0.35787823658883283 Penicillium-cvjetkovicii
8 12 -0.1311445299741343 0.7792717435907596 Penicillium-brevicompactum
8 12 -0.14429089827363525 0.757586153311351 Penicillium-chrysogenum
8 12 -0.4807616114983166 0.2747879201351254 Penicillium-solitum
8 12 -0.31980951464935115 0.4844079002992813 Penicillium-polonicum
8 12 -0.13613054247106635 0.7710329876727229 Penicillium-commune
8 12 -0.1686799165889243 0.717696520374861 Penicillium-mb
6 12 0.42152477580994363 0.34624029438998677 Penicillium-verrucosum
6 12 -0.007708262666742426 0.9869144356312876 Penicillium-cvjetkovicii
6 12 -0.23752656073397843 0.6080405682083082 Penicillium-brevicompactum
6 12 -0.14429089827363517 0.7575861533113513 Penicillium-chrysogenum
6 12 -0.39415536937827034 0.38160448266221936 Penicillium-solitum
6 12 -0.2094230554675395 0.6522171857390326 Penicillium-polonicum
6 12 -0.27643171133066546 0.5484376102750512 Penicillium-commune
6 12 -0.15278301147412762 0.7436440953918166 Penicillium-mb
8 12 0.06127062552294093 0.8961788886930988 Penicillium-verrucosum
8 12 0.41877986389493366 0.34972246587410327 Penicillium-cvjetkovicii
8 12 -0.12007243089821244 0.797624956601952 Penicillium-brevicompactum
8 12 -0.2418974452440381 0.6012506340368177 Penicillium-chrysogenum
8 12 -0.22014616109064045 0.6352583771481592 Penicillium-solitum
8 12 -0.5417361781618019 0.20910435747897674 Penicillium-polonicum
8 12 -0.47418412909714797 0.28236233249143766 Penicillium-commune
8 12 -0.25497121416135776 0.5810790791562552 Penicillium-mb
6 12 -0.00718816473299855 0.9877973078043325 Penicillium-verrucosum
6 12 0.4187798638949302 0.3497224658741075 Penicillium-cvjetkovicii
6 12 -0.15471506354547082 0.7404797544468481 Penicillium-brevicompactum
6 12 -0.17701674499675119 0.7041731028925375 Penicillium-chrysogenum
6 12 -0.26140651865069103 0.5712282112234424 Penicillium-solitum
6 12 -0.27087672705212706 0.5568287791277181 Penicillium-polonicum
6 12 -0.2782041314431706 0.5457690022277091 Penicillium-commune
6 12 -0.2419853113760062 0.601114371586029 Penicillium-mb
8 10 0.10723393540809799 0.8189988933489948 Penicillium-verrucosum
8 10 0.41877986389493366 0.34972246587410327 Penicillium-cvjetkovicii
8 10 -0.13731296139350788 0.7690816716812254 Penicillium-brevicompactum
8 10 -0.1732944822351511 0.710203643348507 Penicillium-chrysogenum
8 10 -0.18989183059823667 0.6834102045574446 Penicillium-solitum
8 10 -0.22326073252298223 0.6303559292673933 Penicillium-polonicum
8 10 -0.2984075543741913 0.5156583336225782 Penicillium-commune
8 10 -0.31692344061017597 0.4885817472060564 Penicillium-mb
2 12 0.06983398183702988 0.8817350195733211 Penicillium-verrucosum
2 12 0.41877986389493044 0.34972246587410727 Penicillium-cvjetkovicii
2 12 -0.13465195387880613 0.7734744152288058 Penicillium-brevicompactum
2 12 -0.300376415623255 0.5127550685753794 Penicillium-chrysogenum
2 12 -0.19290969428722718 0.6785658627005712 Penicillium-solitum
2 12 -0.35014267908684354 0.4413370405431159 Penicillium-polonicum
2 12 -0.15883155603237728 0.7337474434588627 Penicillium-commune
2 12 -0.33979495672311805 0.45586314630176855 Penicillium-mb
4 12 0.16348852191557414 0.7261475496495216 Penicillium-verrucosum
4 12 0.41877986389493055 0.3497224658741072 Penicillium-cvjetkovicii
4 12 -0.09835199482289024 0.8338388428319606 Penicillium-brevicompactum
4 12 -0.11582920094854628 0.8046786681445399 Penicillium-chrysogenum
4 12 -0.2686353091518526 0.5602262349619769 Penicillium-solitum
4 12 -0.26959171598192616 0.558775737156049 Penicillium-polonicum
4 12 -0.22656385336037096 0.6251684486199298 Penicillium-commune
4 12 -0.23447283333039157 0.6127977139823999 Penicillium-mb
8 10 0.10997604540182572 0.8144258653529151 Penicillium-verrucosum
8 10 0.4187798638949337 0.3497224658741032 Penicillium-cvjetkovicii
8 10 -0.1329817199739996 0.7762340712875854 Penicillium-brevicompactum
8 10 -0.3056068822424256 0.5050698320041989 Penicillium-chrysogenum
8 10 -0.2056266971947234 0.6582502486332831 Penicillium-solitum
8 10 -0.2301312010088792 0.6195797831596429 Penicillium-polonicum
8 10 -0.1923350858151844 0.679487564323423 Penicillium-commune
8 10 -0.22791484355504235 0.6230502710709336 Penicillium-mb
12 12 -0.007553276283387217 0.9871775257060024 Penicillium-verrucosum
12 12 -0.003821352345880265 0.9935127181380787 Penicillium-cvjetkovicii
12 12 -0.12238353757488661 0.7937876740565819 Penicillium-brevicompactum
12 12 -0.25388701673385144 0.5827438703210732 Penicillium-chrysogenum
12 12 -0.6386635406287935 0.12261403365374715 Penicillium-solitum
12 12 -0.19381605814823533 0.6771126556873384 Penicillium-polonicum
12 12 -0.28682094191248636 0.5328566519288407 Penicillium-commune
12 12 -0.2185164318740803 0.6378278669472986 Penicillium-mb
10 12 0.24282484429843879 0.5998128932057907 Penicillium-verrucosum
10 12 0.756552547101504 0.049016554372246675 Penicillium-cvjetkovicii
10 12 -0.11475650447963769 0.8064635452796908 Penicillium-brevicompactum
10 12 -0.10238241145859642 0.8270997367613007 Penicillium-chrysogenum
10 12 -0.54044115007788 0.21041192036096043 Penicillium-solitum
10 12 -0.07025392044588528 0.881027349694424 Penicillium-polonicum
10 12 -0.15578854026611397 0.7387228533398165 Penicillium-commune
10 12 -0.4133061092197644 0.3567099141052338 Penicillium-mb
10 8 0.8205727716839363 0.02371918139520556 Penicillium-verrucosum
10 8 -0.15714882416333018 0.736497848585667 Penicillium-cvjetkovicii
10 8 0.16474191985620273 0.7241051001649685 Penicillium-brevicompactum
10 8 0.15361606664452124 0.7422793523126756 Penicillium-chrysogenum
10 8 -0.21033761611894275 0.6507660292270125 Penicillium-solitum
10 8 -0.3510039712256757 0.44013596109582737 Penicillium-polonicum
10 8 -0.11484655388686014 0.806313684830761 Penicillium-commune
10 8 -0.19957303316178382 0.6679010053459403 Penicillium-mb
12 12 -0.15408172430108769 0.741516727575662 Penicillium-verrucosum
12 12 -0.08647070277047338 0.8537509744218005 Penicillium-cvjetkovicii
12 12 0.07767504663102309 0.8685321838109336 Penicillium-brevicompactum
12 12 -0.44913993273070524 0.31203641987816144 Penicillium-chrysogenum
12 12 0.12847830274498565 0.7836841411839703 Penicillium-solitum
12 12 -0.4931612706407343 0.2607621850180652 Penicillium-polonicum
12 12 -0.6323529052111369 0.12754499362278723 Penicillium-commune
12 12 0.12529239708191225 0.7889626071854321 Penicillium-mb
8 12 0.14865339378232315 0.7504172186062683 Penicillium-verrucosum
8 12 0.36736499771883824 0.4175591639750172 Penicillium-cvjetkovicii
8 12 -0.11812918079678866 0.8008539747141972 Penicillium-brevicompactum
8 12 -0.30399656128265784 0.5074316203490441 Penicillium-chrysogenum
8 12 -0.22095953672814717 0.6339770652065738 Penicillium-solitum
8 12 -0.31071596594966616 0.4976020842426302 Penicillium-polonicum
8 12 -0.4045190566654633 0.368046745811126 Penicillium-commune
8 12 -0.2941747889460618 0.5219189261303528 Penicillium-mb
8 12 0.0028726448055715155 0.9951232668357652 Penicillium-verrucosum
8 12 0.23811395993077908 0.6071267608193927 Penicillium-cvjetkovicii
8 12 -0.06162715087464086 0.8955770573694954 Penicillium-brevicompactum
8 12 -0.326204736114931 0.4752050644599069 Penicillium-chrysogenum
8 12 -0.27440188447859004 0.5514989971630092 Penicillium-solitum
8 12 -0.3907182754277699 0.3861448402174471 Penicillium-polonicum
8 12 -0.26856181251188427 0.5603377507550502 Penicillium-commune
8 12 -0.22380017136413788 0.6295079214234361 Penicillium-mb
2 12 -0.0076833393571183505 0.9869567429970352 Penicillium-verrucosum
2 12 0.41877986389493727 0.3497224658740986 Penicillium-cvjetkovicii
2 12 -0.1437190334198589 0.7585269395927284 Penicillium-brevicompactum
2 12 -0.21932192074774748 0.6365575423904843 Penicillium-chrysogenum
2 12 -0.2168164760755159 0.6405111517431019 Penicillium-solitum
2 12 -0.3709092690400879 0.412729154056179 Penicillium-polonicum
2 12 -0.21779435622406157 0.6389672407567737 Penicillium-commune
2 12 -0.2789004304518515 0.5447218022121052 Penicillium-mb
10 12 -0.03857236209679055 0.9345662267540797 Penicillium-verrucosum
10 12 0.4238398519314536 0.3433148082429417 Penicillium-cvjetkovicii
10 12 -0.07493750025973053 0.8731390514155375 Penicillium-brevicompactum
10 12 -0.2796188823544065 0.5436419785717534 Penicillium-chrysogenum
10 12 -0.24480168110387604 0.5967516641884545 Penicillium-solitum
10 12 -0.24913355533955328 0.5900601111897708 Penicillium-polonicum
10 12 -0.24556280468220032 0.5955742844968337 Penicillium-commune
10 12 -0.2586972670101053 0.5753689930240359 Penicillium-mb
10 12 -0.22671946021899686 0.624924372485849 Penicillium-verrucosum
10 12 -0.4277234638044221 0.33843077036699065 Penicillium-cvjetkovicii
10 12 0.15866700668514777 0.734016298018698 Penicillium-brevicompactum
10 12 -0.717136917983254 0.06969470508708066 Penicillium-chrysogenum
10 12 -0.6517843890307691 0.11268115485227675 Penicillium-solitum
10 12 0.1728089103751993 0.7109912250579451 Penicillium-polonicum
10 12 0.19030413289640113 0.6827478547697565 Penicillium-commune
10 12 0.20293118369738367 0.6625428631353737 Penicillium-mb
12 12 0.031968393333592186 0.9457564976558933 Penicillium-verrucosum
12 12 -0.30093411591823815 0.5119337153218346 Penicillium-cvjetkovicii
12 12 -0.3521399575149132 0.43855371761839396 Penicillium-brevicompactum
12 12 0.1291037647734775 0.7826486328125621 Penicillium-chrysogenum
12 12 -0.8967558967384694 0.006218184138033314 Penicillium-solitum
12 12 0.15055115016998108 0.7473030388394809 Penicillium-polonicum
12 12 0.1410861360631857 0.7628614132539131 Penicillium-commune
12 12 0.1588218102903894 0.7337633662693648 Penicillium-mb
8 10 -0.07193796017471428 0.8781900847942182 Penicillium-verrucosum
8 10 0.41877986389493266 0.34972246587410455 Penicillium-cvjetkovicii
8 10 -0.1493037075882965 0.7493497614633139 Penicillium-brevicompactum
8 10 -0.20376352213394283 0.6612165722537471 Penicillium-chrysogenum
8 10 -0.24995594859608417 0.5887923329886188 Penicillium-solitum
8 10 -0.2301432328893058 0.619560958259228 Penicillium-polonicum
8 10 -0.2790324589743542 0.5445233122460278 Penicillium-commune
8 10 -0.4674292196884487 0.2902367970591959 Penicillium-mb
10 12 -0.011982366500264574 0.9796595631270588 Penicillium-verrucosum
10 12 0.20959488240639296 0.6519444769300696 Penicillium-cvjetkovicii
10 12 -0.02810043995266107 0.9523140439514529 Penicillium-brevicompactum
10 12 -0.30526293226125006 0.5055739664827121 Penicillium-chrysogenum
10 12 -0.5191784816160437 0.232431667152086 Penicillium-solitum
10 12 -0.44780504878146027 0.3136545312938377 Penicillium-polonicum
10 12 -0.38068941485152547 0.39951595090923275 Penicillium-commune
10 12 -0.22416407683477427 0.6289360378351755 Penicillium-mb
4 12 -0.030026088425145068 0.9490491041708198 Penicillium-verrucosum
4 12 0.4187798638949328 0.34972246587410427 Penicillium-cvjetkovicii
4 12 -0.15698844167757406 0.7367601090328253 Penicillium-brevicompactum
4 12 -0.21078944626341017 0.6500494219669839 Penicillium-chrysogenum
4 12 -0.26421447695846545 0.5669465226767231 Penicillium-solitum
4 12 -0.20931812330048852 0.6523837401156364 Penicillium-polonicum
4 12 -0.2927189906933602 0.5240781121271783 Penicillium-commune
4 12 -0.2568468374155195 0.5782025379411082 Penicillium-mb
6 12 0.1804212136806802 0.6986681872904065 Penicillium-verrucosum
6 12 0.41877986389493366 0.34972246587410327 Penicillium-cvjetkovicii
6 12 -0.1369104691307517 0.7697457861507284 Penicillium-brevicompactum
6 12 -0.11730835228714774 0.8022185912441028 Penicillium-chrysogenum
6 12 -0.46032605010703204 0.2986208025879758 Penicillium-solitum
6 12 -0.05309795668573467 0.9099851280208813 Penicillium-polonicum
6 12 -0.3975033739448414 0.37720276460878416 Penicillium-commune
6 12 -0.12211332910126216 0.7942361495817543 Penicillium-mb
10 12 0.2948682312424443 0.520891504442747 Penicillium-verrucosum
10 12 0.12004867888232833 0.7976644105768682 Penicillium-cvjetkovicii
10 12 0.19375041442422242 0.6772178780420165 Penicillium-brevicompactum
10 12 -0.26375144971453457 0.5676518634992351 Penicillium-chrysogenum
10 12 -0.33973989314384967 0.45594091464316194 Penicillium-solitum
10 12 -0.35297640024565125 0.4373900737510435 Penicillium-polonicum
10 12 -0.27974394673679615 0.5434540805439936 Penicillium-commune
10 12 -0.19254889037808154 0.6791445736527563 Penicillium-mb
8 12 -0.2554440988787068 0.5803534239815771 Penicillium-verrucosum
8 12 0.41877986389493255 0.3497224658741046 Penicillium-cvjetkovicii
8 12 -0.341187430380685 0.45389814615901247 Penicillium-brevicompactum
8 12 0.10914610560876228 0.8158095223063468 Penicillium-chrysogenum
8 12 0.13392771241458984 0.7746708170022902 Penicillium-solitum
8 12 0.13983770093623432 0.76491841005746 Penicillium-polonicum
8 12 0.0026554764003210276 0.9954919391437923 Penicillium-commune
8 12 0.1114352420802312 0.8119940570091961 Penicillium-mb
10 12 -0.5099408610094978 0.24231807010776923 Penicillium-verrucosum
10 12 -0.7064019956618529 0.07601047080648839 Penicillium-cvjetkovicii
10 12 -0.9603404624635188 0.0005888882260997276 Penicillium-brevicompactum
10 12 0.2877230424181956 0.5315108072053049 Penicillium-chrysogenum
10 12 0.36268835348739187 0.42396575436163286 Penicillium-solitum
10 12 0.3070564925203722 0.5029470373842563 Penicillium-polonicum
10 12 0.39258546151819956 0.3836756164196544 Penicillium-commune
10 12 0.3877571420157324 0.3900738176765101 Penicillium-mb
8 12 0.23695007004654975 0.6089377996387939 Penicillium-verrucosum
8 12 0.700921662720029 0.07934790122556248 Penicillium-cvjetkovicii
8 12 -0.10745332690169546 0.8186328616332941 Penicillium-brevicompactum
8 12 -0.19459391684756047 0.6758661199929992 Penicillium-chrysogenum
8 12 -0.30518916555027803 0.5056821106658935 Penicillium-solitum
8 12 -0.19051529126152522 0.6824086985622599 Penicillium-polonicum
8 12 -0.18126810235882018 0.6973004153223106 Penicillium-commune
8 12 -0.4832030255644954 0.27200005723463305 Penicillium-mb
8 12 -0.09786229060752018 0.8346582168348463 Penicillium-verrucosum
8 12 0.8404711561527076 0.01788091359417527 Penicillium-cvjetkovicii
8 12 -0.11400232040317015 0.8077188447886164 Penicillium-brevicompactum
8 12 -0.5141575096435046 0.23778149219122993 Penicillium-chrysogenum
8 12 -0.07671564168519479 0.8701463830015642 Penicillium-solitum
8 12 -0.18786354809589542 0.6866709159645275 Penicillium-polonicum
8 12 -0.04849468516122934 0.9177696371462893 Penicillium-commune
8 12 -0.4007770328556754 0.3729189240798645 Penicillium-mb
6 12 0.28440055684647514 0.536473244730823 Penicillium-verrucosum
6 12 -0.0645189998717115 0.8906969736719899 Penicillium-cvjetkovicii
6 12 -0.11812918079678864 0.8008539747141972 Penicillium-brevicompactum
6 12 -0.3210662583613479 0.4825944060017393 Penicillium-chrysogenum
6 12 -0.23834051150824712 0.6067744267552213 Penicillium-solitum
6 12 -0.3866103012962491 0.3915997957936942 Penicillium-polonicum
6 12 -0.10670479097164084 0.8198818228211127 Penicillium-commune
6 12 -0.2829564757880247 0.53863490125817 Penicillium-mb
10 10 -0.1193176857871701 0.7988788149760164 Penicillium-verrucosum
10 10 0.41877986389493366 0.34972246587410327 Penicillium-cvjetkovicii
10 10 -0.09520388038812687 0.8391083341401039 Penicillium-brevicompactum
10 10 -0.10430068159956657 0.8238952096435938 Penicillium-chrysogenum
10 10 -0.5218619905996104 0.22959573848566647 Penicillium-solitum
10 10 -0.32719861689946295 0.4737805911608564 Penicillium-polonicum
10 10 -0.10493383020285033 0.8228379411215948 Penicillium-commune
10 10 -0.09235880955159889 0.8438746933029686 Penicillium-mb
6 12 0.5022753556999149 0.2506667709009172 Penicillium-verrucosum
6 12 0.41877986389493066 0.34972246587410694 Penicillium-cvjetkovicii
6 12 0.1500177204858324 0.7481781117599299 Penicillium-brevicompactum
6 12 0.13831223012708035 0.7674333585571916 Penicillium-chrysogenum
6 12 -0.27134549288020554 0.5561190836197242 Penicillium-solitum
6 12 -0.3747627565139459 0.4075027656071313 Penicillium-polonicum
6 12 -0.13219292851337655 0.7775380101027555 Penicillium-commune
6 12 -0.27406463975116896 0.5520081674060566 Penicillium-mb
12 12 0.07293820358550743 0.8765053668336749 Penicillium-verrucosum
12 12 -0.19760870679752163 0.6710404307500981 Penicillium-cvjetkovicii
12 12 0.007133657712311964 0.9878898346791338 Penicillium-brevicompactum
12 12 -0.28643340582645493 0.53343516732102 Penicillium-chrysogenum
12 12 -0.4431944321496074 0.3192712987309107 Penicillium-solitum
12 12 -0.28553167814794234 0.5347820819413689 Penicillium-polonicum
12 12 -0.1855636992946775 0.6903728782662757 Penicillium-commune
12 12 -0.39989111257339593 0.374076248195113 Penicillium-mb
6 12 0.06841044213628164 0.8841343958411638 Penicillium-verrucosum
6 12 0.41877986389493316 0.3497224658741039 Penicillium-cvjetkovicii
6 12 -0.1470462104243406 0.7530566839321864 Penicillium-brevicompactum
6 12 -0.23703551441545123 0.6088047921739829 Penicillium-chrysogenum
6 12 -0.2135308964776095 0.6457060629888652 Penicillium-solitum
6 12 -0.25672310001954723 0.5783921705500898 Penicillium-polonicum
6 12 -0.3625593702293735 0.42414298544108475 Penicillium-commune
6 12 -0.21511591388966128 0.6431985105205507 Penicillium-mb
12 12 -0.2906397644214659 0.527167178891113 Penicillium-verrucosum
12 12 0.22705718432355057 0.6243947312295578 Penicillium-cvjetkovicii
12 12 -0.1285253887085197 0.7836061773056231 Penicillium-brevicompactum
12 12 -0.573825822277625 0.17795959919159274 Penicillium-chrysogenum
12 12 -0.032216470058560764 0.945335999989054 Penicillium-solitum
12 12 -0.04235569920204136 0.9281592136287649 Penicillium-polonicum
12 12 0.019892827713001836 0.9662355684323187 Penicillium-commune
12 12 -0.0527092131229487 0.9106423109190714 Penicillium-mb
8 12 -0.10984407778205413 0.8146458532348004 Penicillium-verrucosum
8 12 0.4187798638949301 0.34972246587410766 Penicillium-cvjetkovicii
8 12 -0.16081715797208349 0.7305049112574342 Penicillium-brevicompactum
8 12 -0.11838852005145327 0.8004229101829683 Penicillium-chrysogenum
8 12 -0.1370661358165979 0.7694889219671509 Penicillium-solitum
8 12 -0.1192397249220329 0.799008351014844 Penicillium-polonicum
8 12 -0.3739423956095745 0.40861320665475553 Penicillium-commune
8 12 -0.18124274577399205 0.6973413581649708 Penicillium-mb
12 12 -0.4756018562515363 0.2807219168481069 Penicillium-verrucosum
12 12 0.3082426387521268 0.5012123827227866 Penicillium-cvjetkovicii
12 12 -0.16957482294620263 0.7162419965939082 Penicillium-brevicompactum
12 12 -0.36853932035778064 0.4159564076196486 Penicillium-chrysogenum
12 12 -0.2591314563010237 0.5747047533218212 Penicillium-solitum
12 12 -0.44971105236452175 0.31134523548905557 Penicillium-polonicum
12 12 -0.231676162018698 0.6171639137520383 Penicillium-commune
12 12 -0.32833621309754085 0.47215204802030797 Penicillium-mb
6 12 -0.14619205783227468 0.754460232377802 Penicillium-verrucosum
6 12 0.41877986389493366 0.34972246587410327 Penicillium-cvjetkovicii
6 12 0.2236674478893637 0.6297165352276897 Penicillium-brevicompactum
6 12 0.22537282609034115 0.6270375267397673 Penicillium-chrysogenum
6 12 0.2347845579854539 0.6123116059287981 Penicillium-solitum
6 12 0.24300046729666439 0.5995407420797503 Penicillium-polonicum
6 12 0.18165493115486592 0.6966758819257708 Penicillium-commune
6 12 0.17548265749849984 0.706657045317882 Penicillium-mb
