#SPECIES: Penicillium-verrucosum Penicillium-solitum Penicillium-brevicompactum Penicillium-cvjetkovicii Penicillium-polonicum Penicillium-mb Penicillium-commune Penicillium-chrysogenum 
#GENE_TREEs p: 0.0647585971563334 0.05872242653371477 0.35972322515804545 0.1625148844471053 0.24407486312811877 0.0006539685267488373 0.001416256892607063 0.32233897909747505 
#GENE_TREEs r: 0.7258962136792829 0.7371130332047368 0.4109593787918401 0.590757618939367 0.5083178122803887 0.958626815682437 0.9434556952158714 0.4406910830439706 
9 10 0.567249239327726 0.18414414285653424 Penicillium-verrucosum
9 10 0.37679090610300214 0.4047625771352111 Penicillium-solitum
9 10 0.8126834104963961 0.026294311080211068 Penicillium-brevicompactum
9 10 0.40287641082964665 0.3701822613670007 Penicillium-cvjetkovicii
9 10 -0.11064621728247427 0.8133088495725107 Penicillium-polonicum
9 10 0.6319725926126075 0.12784533717875546 Penicillium-mb
9 10 0.5835409246053825 0.1690132085106814 Penicillium-commune
9 10 -0.24446441837436397 0.5972735988770776 Penicillium-chrysogenum
11 12 0.6491661271293669 0.11462872084537512 Penicillium-verrucosum
11 12 0.6336471413180373 0.12652560294398643 Penicillium-solitum
11 12 0.8148049558981402 0.025587129897621994 Penicillium-brevicompactum
11 12 0.4715626106512244 0.28540687457600733 Penicillium-cvjetkovicii
11 12 -0.15013800560713772 0.7479807693885602 Penicillium-polonicum
11 12 0.5973799868707383 0.1566629463083128 Penicillium-mb
11 12 0.5078222195813089 0.24461246521122856 Penicillium-commune
11 12 -0.4618129121748818 0.29685710184997854 Penicillium-chrysogenum
11 8 0.6652956378916144 0.10290565645046808 Penicillium-verrucosum
11 8 0.6635127222943357 0.10416920689709581 Penicillium-solitum
11 8 0.8010656602073343 0.030360058371306432 Penicillium-brevicompactum
11 8 -0.5104496253380894 0.24176859295222633 Penicillium-cvjetkovicii
11 8 -0.26396162266537154 0.5673316674025748 Penicillium-polonicum
11 8 0.727813586424212 0.06370413900712647 Penicillium-mb
11 8 0.6873354685855761 0.08795136317867168 Penicillium-commune
11 8 -0.7902240214096182 0.03445139744596878 Penicillium-chrysogenum
3 10 0.5456752766748925 0.20515106175229733 Penicillium-verrucosum
3 10 0.5210959905431801 0.23040358356574228 Penicillium-solitum
3 10 0.7991945367499024 0.031045591817439485 Penicillium-brevicompactum
3 10 -0.3153690078124745 0.4908350614590923 Penicillium-cvjetkovicii
3 10 -0.042482676671675206 0.9279442315436844 Penicillium-polonicum
3 10 0.5324924251880327 0.21852245535315468 Penicillium-mb
3 10 0.34937796242824964 0.4424044832197497 Penicillium-commune
3 10 -0.0961212728645602 0.8375722500860754 Penicillium-chrysogenum
11 10 0.5124469503342077 0.2396170344867037 Penicillium-verrucosum
11 10 0.5077944463717678 0.24464260883910066 Penicillium-solitum
11 10 0.39862194447702803 0.3757367812303884 Penicillium-brevicompactum
11 10 -0.08904720274273639 0.8494274088347354 Penicillium-cvjetkovicii
11 10 -0.049636898716295036 0.9158375536593455 Penicillium-polonicum
11 10 -0.07620683547168167 0.8710025954415858 Penicillium-mb
11 10 0.41625796709103674 0.3529345866831868 Penicillium-commune
11 10 -0.5009014541192566 0.2521768960926169 Penicillium-chrysogenum
9 6 0.4334127895556571 0.33132954222155253 Penicillium-verrucosum
9 6 0.48190133066763813 0.2734848737845251 Penicillium-solitum
9 6 0.6992178475304848 0.0804010793597019 Penicillium-brevicompactum
9 6 -0.3359590348997014 0.46129252471759113 Penicillium-cvjetkovicii
9 6 0.14017884600518735 0.7643562093838049 Penicillium-polonicum
9 6 0.6993765945814248 0.08030264092381018 Penicillium-mb
9 6 0.664540914448189 0.10343954693019894 Penicillium-commune
9 6 -0.08757027649519811 0.8519054436750826 Penicillium-chrysogenum
9 12 0.1893514778719086 0.684278507392979 Penicillium-verrucosum
9 12 -0.04747290370724811 0.9194982796071842 Penicillium-solitum
9 12 0.36784053464502864 0.4169098451595107 Penicillium-brevicompactum
9 12 -0.20295493248679491 0.6625050108626949 Penicillium-cvjetkovicii
9 12 -0.06400179317510035 0.8915695779705317 Penicillium-polonicum
9 12 0.37177625016235544 0.411551010082314 Penicillium-mb
9 12 -0.579127757219829 0.1730490586937636 Penicillium-commune
9 12 -0.06180358113743272 0.8952792496198141 Penicillium-chrysogenum
9 12 0.6921764579690208 0.0848319427885832 Penicillium-verrucosum
9 12 0.6658267059716946 0.10253084317070733 Penicillium-solitum
9 12 0.08557049199413888 0.8552622884894855 Penicillium-brevicompactum
9 12 0.47556363062796847 0.2807660905958359 Penicillium-cvjetkovicii
9 12 0.23497849782816235 0.6120092302443894 Penicillium-polonicum
9 12 0.0886723342000048 0.8500562827889435 Penicillium-mb
9 12 -0.01342255714892955 0.9772152119025868 Penicillium-commune
9 12 0.22899073806381645 0.621364882876569 Penicillium-chrysogenum
9 10 0.5062771549188652 0.24629200956574204 Penicillium-verrucosum
9 10 0.36431281866751886 0.4217360918716134 Penicillium-solitum
9 10 0.8030731224344736 0.029634080411773227 Penicillium-brevicompactum
9 10 -0.30478893061522055 0.5062690072925777 Penicillium-cvjetkovicii
9 10 -0.18023763191317352 0.6989647675691716 Penicillium-polonicum
9 10 0.5340124933035383 0.2169601879849197 Penicillium-mb
9 10 0.32209242779497316 0.48111544633483533 Penicillium-commune
9 10 -0.17122858626142168 0.7135558713655478 Penicillium-chrysogenum
9 10 0.49313808284393673 0.26078810191189744 Penicillium-verrucosum
9 10 0.4915936584615543 0.26251694098966005 Penicillium-solitum
9 10 0.644169379284848 0.11839332673671436 Penicillium-brevicompactum
9 10 0.032485711444295746 0.9448796389954657 Penicillium-cvjetkovicii
9 10 -0.3177535052570939 0.4873799949644791 Penicillium-polonicum
9 10 0.31170410180515035 0.49616227792415557 Penicillium-mb
9 10 0.2641292367864576 0.5670763502502671 Penicillium-commune
9 10 -0.35195624511743123 0.43880945233138546 Penicillium-chrysogenum
11 12 0.2898458019278492 0.5283483714215511 Penicillium-verrucosum
11 12 0.2022165388985036 0.6636821744374231 Penicillium-solitum
11 12 0.8121545609150691 0.026472283328289024 Penicillium-brevicompactum
11 12 0.1515998538507815 0.7455833063178801 Penicillium-cvjetkovicii
11 12 -0.22451067072526737 0.6283914966759978 Penicillium-polonicum
11 12 0.11928791174063355 0.798928285672746 Penicillium-mb
11 12 0.45093071060454576 0.30987140701602645 Penicillium-commune
11 12 -0.21912037407324086 0.636875332431506 Penicillium-chrysogenum
9 12 0.29309138746025876 0.5235254989423155 Penicillium-verrucosum
9 12 0.5469534611139356 0.2038760284357248 Penicillium-solitum
9 12 0.5849965957054528 0.16769229522121243 Penicillium-brevicompactum
9 12 0.006218572465651586 0.9894432276212616 Penicillium-cvjetkovicii
9 12 -0.17192505429063182 0.7124253350087871 Penicillium-polonicum
9 12 0.2584430587120941 0.5757580021689962 Penicillium-mb
9 12 0.1718331887075263 0.7125744311890512 Penicillium-commune
9 12 -0.27624920457020935 0.5487126396318336 Penicillium-chrysogenum
7 12 0.7168663329461692 0.06985029613431452 Penicillium-verrucosum
7 12 0.6814121993879614 0.09184923118732002 Penicillium-solitum
7 12 0.8178099897980443 0.024603977179377182 Penicillium-brevicompactum
7 12 0.4715626106512283 0.2854068745760027 Penicillium-cvjetkovicii
7 12 -0.27580977999630946 0.5493750171223801 Penicillium-polonicum
7 12 0.5400713213819761 0.21078604188069083 Penicillium-mb
7 12 0.3651507593672659 0.42058775647909163 Penicillium-commune
7 12 -0.21597601748012438 0.6418389206931961 Penicillium-chrysogenum
5 10 0.4460975103650615 0.3157296604870652 Penicillium-verrucosum
5 10 0.41941268961149514 0.34891837157131494 Penicillium-solitum
5 10 -0.780410518755184 0.03840460832070986 Penicillium-brevicompactum
5 10 -0.34176450548892273 0.4530847296783146 Penicillium-cvjetkovicii
5 10 0.01722862589339848 0.970756116898208 Penicillium-polonicum
5 10 0.5375596819494363 0.21333520568598927 Penicillium-mb
5 10 0.37618270395743153 0.40558353966460603 Penicillium-commune
5 10 -0.013439326181971318 0.9771867516106 Penicillium-chrysogenum
3 12 0.48799960275516757 0.26656026452001225 Penicillium-verrucosum
3 12 0.544320035212015 0.20650711780612777 Penicillium-solitum
3 12 0.10960750716600585 0.815040236846936 Penicillium-brevicompactum
3 12 0.21522299649212345 0.6430291988541132 Penicillium-cvjetkovicii
3 12 -0.26166996113040997 0.5708260711962938 Penicillium-polonicum
3 12 0.28625719286671053 0.5336982881575558 Penicillium-mb
3 12 0.24243698542491068 0.6004140630267091 Penicillium-commune
3 12 -0.39660995297844887 0.3783753398908239 Penicillium-chrysogenum
11 12 -0.0474041503848631 0.9196146050940783 Penicillium-verrucosum
11 12 0.0203575223297733 0.9654471575995531 Penicillium-solitum
11 12 0.8424278656440054 0.01735687011144759 Penicillium-brevicompactum
11 12 -0.0828638943263251 0.8598083501736472 Penicillium-cvjetkovicii
11 12 -0.10725506369384294 0.8189636418802706 Penicillium-polonicum
11 12 -0.2633465006730191 0.5682689600909847 Penicillium-mb
11 12 0.013584716832960255 0.9769399963685517 Penicillium-commune
11 12 -0.09532270380864637 0.8389093529517498 Penicillium-chrysogenum
9 12 0.522336817413976 0.2290956406636131 Penicillium-verrucosum
9 12 0.6207237908007309 0.136891659208111 Penicillium-solitum
9 12 0.8180647313480852 0.024521630085420347 Penicillium-brevicompactum
9 12 0.47156261065122973 0.285406874576001 Penicillium-cvjetkovicii
9 12 -0.06787847508798568 0.8850312079165548 Penicillium-polonicum
9 12 0.5993310192011413 0.15495927432566212 Penicillium-mb
9 12 0.5241642057086771 0.22717577036020237 Penicillium-commune
9 12 -0.07878951982923903 0.8666575383126967 Penicillium-chrysogenum
11 12 0.5588148433381911 0.19222627641542794 Penicillium-verrucosum
11 12 0.2735698003357974 0.5527555495537504 Penicillium-solitum
11 12 0.8126834104963963 0.026294311080211016 Penicillium-brevicompactum
11 12 0.35845888017329336 0.42979219183472805 Penicillium-cvjetkovicii
11 12 -0.155723691081579 0.7388289629110232 Penicillium-polonicum
11 12 0.31509883574102193 0.4912270805014297 Penicillium-mb
11 12 0.415354968419189 0.35408771298761127 Penicillium-commune
11 12 -0.05831688228309149 0.9011664454827589 Penicillium-chrysogenum
11 12 -0.2759850324202919 0.5491108147738955 Penicillium-verrucosum
11 12 -0.28901636426919536 0.5295832921465105 Penicillium-solitum
11 12 0.41490668026354804 0.3546607584731772 Penicillium-brevicompactum
11 12 0.11529435615848463 0.8055685212128858 Penicillium-cvjetkovicii
11 12 -0.22836109258782783 0.6223510630741008 Penicillium-polonicum
11 12 0.08136324741587167 0.862330204174903 Penicillium-mb
11 12 -0.21462640948126124 0.6439726374554058 Penicillium-commune
11 12 -0.05679890128578868 0.9037306538551045 Penicillium-chrysogenum
11 12 0.7180423019932064 0.06917544876446043 Penicillium-verrucosum
11 12 0.7385636972151235 0.05796509940076187 Penicillium-solitum
11 12 0.8423108024479843 0.017387972614813594 Penicillium-brevicompactum
11 12 0.47407968226997005 0.2824833543612044 Penicillium-cvjetkovicii
11 12 -0.6330797999433327 0.12697194844323084 Penicillium-polonicum
11 12 0.33443893580818934 0.46345065238338556 Penicillium-mb
11 12 -0.05231838293454558 0.9113030621595475 Penicillium-commune
11 12 0.36933587637793214 0.41487060950722565 Penicillium-chrysogenum
11 12 0.6123912300111927 0.14379504409563215 Penicillium-verrucosum
11 12 0.29789426712163247 0.5164161477624221 Penicillium-solitum
11 12 0.5918025524141503 0.16158442790269065 Penicillium-brevicompactum
11 12 -0.6454388137825858 0.11743097840136338 Penicillium-cvjetkovicii
11 12 0.017706471328869336 0.9699452725581301 Penicillium-polonicum
11 12 0.4740495689522093 0.2825182507769258 Penicillium-mb
11 12 0.45093090398809643 0.3098711735739952 Penicillium-commune
11 12 -0.061358770085816645 0.8960300928913276 Penicillium-chrysogenum
7 8 0.36438420076489525 0.42163822070953927 Penicillium-verrucosum
7 8 0.3396144272331893 0.45611813324520345 Penicillium-solitum
7 8 0.8126834104963964 0.026294311080210967 Penicillium-brevicompactum
7 8 0.381723963763972 0.3981282168345561 Penicillium-cvjetkovicii
7 8 0.027165721798535554 0.9538990534271623 Penicillium-polonicum
7 8 0.5248914489171971 0.2264138331282489 Penicillium-mb
7 8 0.4915396916664363 0.2625774458834509 Penicillium-commune
7 8 0.012994714476031226 0.977941350092713 Penicillium-chrysogenum
9 12 0.5551612369348775 0.19577948848088042 Penicillium-verrucosum
9 12 0.6000771198666558 0.15431022530524288 Penicillium-solitum
9 12 0.813038263133395 0.026175271705620902 Penicillium-brevicompactum
9 12 0.47156261065122596 0.2854068745760056 Penicillium-cvjetkovicii
9 12 -0.12405971759106176 0.7910066657257169 Penicillium-polonicum
9 12 0.5393736173015053 0.21149270663221342 Penicillium-mb
9 12 0.4455602367282435 0.3163838228495067 Penicillium-commune
9 12 -0.1763530807340919 0.7052474302917457 Penicillium-chrysogenum
9 10 0.47227471574682367 0.2845784177701211 Penicillium-verrucosum
9 10 0.44806716653673473 0.31333651204746527 Penicillium-solitum
9 10 0.8126834104963963 0.026294311080211016 Penicillium-brevicompactum
9 10 0.427594669133887 0.3385922678357325 Penicillium-cvjetkovicii
9 10 -0.12467592630013605 0.7899847340797495 Penicillium-polonicum
9 10 0.41864303665145564 0.3498964261930582 Penicillium-mb
9 10 0.476614763798072 0.2795525299775714 Penicillium-commune
9 10 -0.1424997962264521 0.7605335207810566 Penicillium-chrysogenum
9 10 0.7668429876670825 0.04426454456792194 Penicillium-verrucosum
9 10 -0.21115683832077436 0.6494668922872664 Penicillium-solitum
9 10 -0.1625623980693304 0.727657525771314 Penicillium-brevicompactum
9 10 0.4967670129063176 0.256746382107849 Penicillium-cvjetkovicii
9 10 0.39081514160998426 0.3860165841533501 Penicillium-polonicum
9 10 0.49786988519822506 0.2555237812242953 Penicillium-mb
9 10 0.4968864938799918 0.2566138011275597 Penicillium-commune
9 10 0.41278543582360433 0.35737757344188675 Penicillium-chrysogenum
11 12 0.6192928845138936 0.13806492647704877 Penicillium-verrucosum
11 12 0.4611217377641474 0.2976763929468439 Penicillium-solitum
11 12 0.8223608541159456 0.023156260594980233 Penicillium-brevicompactum
11 12 -0.057449706172915144 0.9026312167593326 Penicillium-cvjetkovicii
11 12 0.08845699620514633 0.850417559244253 Penicillium-polonicum
11 12 0.12075168114593965 0.7964968134854832 Penicillium-mb
11 12 0.5499806665411937 0.2008714921495113 Penicillium-commune
11 12 -0.5757823021497088 0.17613969916213199 Penicillium-chrysogenum
5 12 0.22166930936713586 0.6328595524058948 Penicillium-verrucosum
5 12 0.17188662714460692 0.7124877006865243 Penicillium-solitum
5 12 0.8126834104963964 0.026294311080210967 Penicillium-brevicompactum
5 12 0.3787148851041273 0.40216988880621385 Penicillium-cvjetkovicii
5 12 0.012532482540224835 0.9787258676307431 Penicillium-polonicum
5 12 0.41010946409845644 0.36081714969298495 Penicillium-mb
5 12 0.43703843220238164 0.3268376851141696 Penicillium-commune
5 12 -0.10905693517851343 0.8159582079353906 Penicillium-chrysogenum
7 12 0.11565471704074087 0.8049689490091461 Penicillium-verrucosum
7 12 0.0674780016513404 0.8857064070552862 Penicillium-solitum
7 12 0.8126834104963963 0.026294311080211016 Penicillium-brevicompactum
7 12 0.369804703759951 0.41423206185922506 Penicillium-cvjetkovicii
7 12 -0.008483822637103325 0.9855979336797547 Penicillium-polonicum
7 12 0.2709166980416183 0.5567682530231657 Penicillium-mb
7 12 0.31538559237188396 0.4908110009257399 Penicillium-commune
7 12 0.17130400766546683 0.7134334240017091 Penicillium-chrysogenum
11 12 0.39318033725413337 0.3828902800685997 Penicillium-verrucosum
11 12 0.3959661203398914 0.37922125936134515 Penicillium-solitum
11 12 0.7271904107786795 0.06404582891587293 Penicillium-brevicompactum
11 12 -0.11758099183354795 0.8017652871336791 Penicillium-cvjetkovicii
11 12 -0.19986622010649263 0.6674327568694807 Penicillium-polonicum
11 12 -0.17951895729378203 0.7001260942711671 Penicillium-mb
11 12 0.2770322762255455 0.547532904687762 Penicillium-commune
11 12 -0.22690726960743884 0.6246298215497428 Penicillium-chrysogenum
9 10 0.3739627425385937 0.40858565065371216 Penicillium-verrucosum
9 10 0.339035536852955 0.4569361382340414 Penicillium-solitum
9 10 -0.8294723969333067 0.020992645798161163 Penicillium-brevicompactum
9 10 -0.3498538685501908 0.4417400669188006 Penicillium-cvjetkovicii
9 10 -0.14547106442150992 0.7556453912552279 Penicillium-polonicum
9 10 0.30533585285274 0.5054670706537574 Penicillium-mb
9 10 0.46813882949487456 0.2894050456732581 Penicillium-commune
9 10 -0.13753072053817103 0.7687224146424818 Penicillium-chrysogenum
9 10 -0.32486936112102727 0.4771214238242843 Penicillium-verrucosum
9 10 0.4067892592879816 0.36510374912616167 Penicillium-solitum
9 10 0.7253262396312111 0.06507385644040799 Penicillium-brevicompactum
9 10 0.028254046188928978 0.9520535844051066 Penicillium-cvjetkovicii
9 10 0.011254039330324418 0.9808957593109964 Penicillium-polonicum
9 10 0.5389936899565397 0.2118779869996759 Penicillium-mb
9 10 0.4933225370722474 0.26058197076883655 Penicillium-commune
9 10 -0.40784138010150506 0.3637431283906017 Penicillium-chrysogenum
9 12 0.182299937495189 0.6956348248973037 Penicillium-verrucosum
9 12 0.31270692107784115 0.494702582332164 Penicillium-solitum
9 12 -0.10693148114694465 0.8195035494279512 Penicillium-brevicompactum
9 12 -0.05763210328431216 0.9023231063745709 Penicillium-cvjetkovicii
9 12 -0.12672579254011052 0.7865869269458567 Penicillium-polonicum
9 12 0.19947253397845915 0.6680615321658544 Penicillium-mb
9 12 -0.26651247550027235 0.5634500508317759 Penicillium-commune
9 12 -0.11906648014227564 0.7992962193584395 Penicillium-chrysogenum
11 12 0.2502193480309698 0.5883864600024751 Penicillium-verrucosum
11 12 0.18770975003387122 0.6869183232943784 Penicillium-solitum
11 12 0.3774612907816022 0.40385844131335813 Penicillium-brevicompactum
11 12 0.14522407289622588 0.7560514801845948 Penicillium-cvjetkovicii
11 12 -0.578067345357803 0.17402579224552583 Penicillium-polonicum
11 12 0.44219136949741916 0.32049896286773016 Penicillium-mb
11 12 0.4398490700798124 0.3233736477502753 Penicillium-commune
11 12 0.020414513972973284 0.9653504658885887 Penicillium-chrysogenum
7 10 0.06770565821640073 0.8853225707952526 Penicillium-verrucosum
7 10 0.11520560743915662 0.8057161938930731 Penicillium-solitum
7 10 0.1353251465478806 0.7723626624764963 Penicillium-brevicompactum
7 10 0.03004572624366095 0.9490158110788695 Penicillium-cvjetkovicii
7 10 0.03669537918909577 0.9377459233766131 Penicillium-polonicum
7 10 0.2569550476841658 0.5780367171535881 Penicillium-mb
7 10 0.0443491252242332 0.9247846061038181 Penicillium-commune
7 10 -0.49728832928598865 0.2561681381626334 Penicillium-chrysogenum
11 12 0.03581024385884295 0.9392456142816139 Penicillium-verrucosum
11 12 -0.03184392152849082 0.9459674849657685 Penicillium-solitum
11 12 0.07489387739120545 0.873212485325273 Penicillium-brevicompactum
11 12 -0.37506362625303447 0.40709580649328747 Penicillium-cvjetkovicii
11 12 0.028187272649025607 0.9521668072953127 Penicillium-polonicum
11 12 0.25127650798454176 0.5867583411125866 Penicillium-mb
11 12 -0.5502983871955802 0.20055739265438044 Penicillium-commune
11 12 0.054253466293875965 0.9080319457304873 Penicillium-chrysogenum
7 12 0.08530379050996766 0.8557101065879152 Penicillium-verrucosum
7 12 0.10104633425012693 0.8293328230920549 Penicillium-solitum
7 12 0.5755126406008005 0.17638999098071148 Penicillium-brevicompactum
7 12 -0.3654176944288184 0.42022219702618346 Penicillium-cvjetkovicii
7 12 -0.48814997484612327 0.26639053280152686 Penicillium-polonicum
7 12 -0.44773214295066777 0.3137430105568816 Penicillium-mb
7 12 0.45192098893923843 0.3086770026780215 Penicillium-commune
7 12 0.23088283229857007 0.6184041094312328 Penicillium-chrysogenum
11 10 0.8461464627656984 0.016385328749220066 Penicillium-verrucosum
11 10 0.8291202727822853 0.021096957987160967 Penicillium-solitum
11 10 0.8333637857411146 0.019859320771171723 Penicillium-brevicompactum
11 10 0.4715626106512274 0.2854068745760037 Penicillium-cvjetkovicii
11 10 -0.26759298146161226 0.5618084139865888 Penicillium-polonicum
11 10 0.424278424870969 0.34276177714618705 Penicillium-mb
11 10 0.31645700508468855 0.4892575069746606 Penicillium-commune
11 10 -0.31145843076710766 0.4965201061872724 Penicillium-chrysogenum
11 12 0.4983869989857589 0.2549514500403598 Penicillium-verrucosum
11 12 -0.11519218179126951 0.8057385337860516 Penicillium-solitum
11 12 0.8536375392864626 0.014524373323263758 Penicillium-brevicompactum
11 12 0.42849887655133945 0.33745915985395253 Penicillium-cvjetkovicii
11 12 -0.10069625848860513 0.8299180826386836 Penicillium-polonicum
11 12 -0.003832437140264729 0.9934939004200608 Penicillium-mb
11 12 0.28958042462332634 0.5287433767905154 Penicillium-commune
11 12 0.1331092394292849 0.77602331002574 Penicillium-chrysogenum
11 10 0.34736271839687255 0.4452221610447614 Penicillium-verrucosum
11 10 0.3374962857931572 0.4591138333384566 Penicillium-solitum
11 10 -0.12115392775846644 0.7958288687630504 Penicillium-brevicompactum
11 10 -0.06714562137563257 0.8862668427417812 Penicillium-cvjetkovicii
11 10 -0.11940705376135002 0.7987303299425139 Penicillium-polonicum
11 10 -0.2710142586910648 0.5566205306384943 Penicillium-mb
11 10 0.18756771850215084 0.6871468221168731 Penicillium-commune
11 10 -0.3661595589573944 0.41920688458200744 Penicillium-chrysogenum
5 12 0.08174708267748665 0.8616850755024594 Penicillium-verrucosum
5 12 0.552499318435963 0.19838803636083813 Penicillium-solitum
5 12 0.8126834104963964 0.026294311080210967 Penicillium-brevicompactum
5 12 0.5324948638086454 0.21851994478279185 Penicillium-cvjetkovicii
5 12 0.15154280836089545 0.7456768316886143 Penicillium-polonicum
5 12 0.446001816639563 0.31584613029955955 Penicillium-mb
5 12 0.16101852705670688 0.7301762484147004 Penicillium-commune
5 12 0.1213364410645197 0.7955258316299836 Penicillium-chrysogenum
11 6 0.821704384596193 0.02336204304527012 Penicillium-verrucosum
11 6 0.8370741790592563 0.018811795174878486 Penicillium-solitum
11 6 0.9411852750474162 0.0015607962520210626 Penicillium-brevicompactum
11 6 0.9586996138703638 0.0006511213517647901 Penicillium-cvjetkovicii
11 6 0.7165266518751721 0.07004588242445803 Penicillium-polonicum
11 6 0.9422337430393882 0.0014930195251201559 Penicillium-mb
11 6 0.94889404622091 0.0011031575431336138 Penicillium-commune
11 6 0.697087324421399 0.08172841677437459 Penicillium-chrysogenum
7 10 0.682295272566867 0.09126246089576358 Penicillium-verrucosum
7 10 0.6593393368661065 0.1071582958680186 Penicillium-solitum
7 10 0.7662312541239455 0.04453960117293926 Penicillium-brevicompactum
7 10 -0.33195101130911264 0.46699082566423233 Penicillium-cvjetkovicii
7 10 -0.08520727488861017 0.8558721734284339 Penicillium-polonicum
7 10 0.0031708797877732274 0.9946169743453277 Penicillium-mb
7 10 0.4643254177655443 0.2938872801298267 Penicillium-commune
7 10 -0.20966639484002478 0.6518309876802703 Penicillium-chrysogenum
11 10 0.5349757967603985 0.21597289169079584 Penicillium-verrucosum
11 10 0.5186036373537127 0.23304128001289098 Penicillium-solitum
11 10 0.7923750130466767 0.03361670684264978 Penicillium-brevicompactum
11 10 0.47156261065122473 0.2854068745760069 Penicillium-cvjetkovicii
11 10 -0.26319370696596456 0.5685018555870689 Penicillium-polonicum
11 10 0.4472616936512028 0.31431421318758457 Penicillium-mb
11 10 0.21853432368523584 0.6377996423764382 Penicillium-commune
11 10 -0.27459988226622817 0.5512001323859471 Penicillium-chrysogenum
9 12 0.6551979690476945 0.11016792084655962 Penicillium-verrucosum
9 12 0.6432084824799637 0.11912446413111238 Penicillium-solitum
9 12 0.5887271362637401 0.16433049667351154 Penicillium-brevicompactum
9 12 -0.24154878059340223 0.6017914327413323 Penicillium-cvjetkovicii
9 12 0.08677172136469899 0.8532456900990435 Penicillium-polonicum
9 12 0.06268979124785118 0.8937835082638057 Penicillium-mb
9 12 0.004093530917333741 0.9930506643032742 Penicillium-commune
9 12 0.07232927466888532 0.8775309468514794 Penicillium-chrysogenum
7 12 0.5652321067760485 0.1860616814240401 Penicillium-verrucosum
7 12 0.49797196210546973 0.255410757952983 Penicillium-solitum
7 12 0.8138517060408335 0.025903538317089116 Penicillium-brevicompactum
7 12 0.47156261065122584 0.2854068745760055 Penicillium-cvjetkovicii
7 12 -0.12068635690512297 0.7966052960287993 Penicillium-polonicum
7 12 0.4662780222266851 0.2915883979647623 Penicillium-mb
7 12 0.47941996846841645 0.2763254003850636 Penicillium-commune
7 12 -0.15487367585273404 0.7402201056614688 Penicillium-chrysogenum
11 8 0.3285322592690092 0.47187160145213136 Penicillium-verrucosum
11 8 0.34325122159656235 0.4509916397591528 Penicillium-solitum
11 8 0.40405670598152355 0.36864730971117204 Penicillium-brevicompactum
11 8 -0.7448279140354497 0.05475608003479521 Penicillium-cvjetkovicii
11 8 0.5254838598772636 0.22579404985785068 Penicillium-polonicum
11 8 0.9539959338501185 0.0008504647550733092 Penicillium-mb
11 8 0.9365170547125474 0.0018843626391390005 Penicillium-commune
11 8 0.49346403600407623 0.26042389339268257 Penicillium-chrysogenum
7 12 0.6788638334239933 0.09355363280283807 Penicillium-verrucosum
7 12 0.6519616894684982 0.112549895533 Penicillium-solitum
7 12 0.8813612146742739 0.00872659460649772 Penicillium-brevicompactum
7 12 -0.28902535484319636 0.5295699011936277 Penicillium-cvjetkovicii
7 12 -0.3622136244981693 0.4246182029461065 Penicillium-polonicum
7 12 0.2822407241473762 0.5397073848386278 Penicillium-mb
7 12 0.21352545279142204 0.6457146796990487 Penicillium-commune
7 12 -0.24987175257032251 0.5889220889402993 Penicillium-chrysogenum
11 12 0.5769586320670704 0.17504990439222493 Penicillium-verrucosum
11 12 0.5692248691124552 0.18227544160953574 Penicillium-solitum
11 12 0.8462580692232387 0.016356661765015316 Penicillium-brevicompactum
11 12 0.5716195729684074 0.1800228223657927 Penicillium-cvjetkovicii
11 12 -0.5426516031098761 0.20818241801566179 Penicillium-polonicum
11 12 0.3922196333206841 0.3841588945646504 Penicillium-mb
11 12 -0.10893134200263209 0.8161676334612726 Penicillium-commune
11 12 0.3222961597705634 0.48082201343980324 Penicillium-chrysogenum
9 8 0.6009076976808169 0.15358928859925786 Penicillium-verrucosum
9 8 0.6274754135604235 0.1314242230019736 Penicillium-solitum
9 8 0.7799091323679432 0.038612995260368176 Penicillium-brevicompactum
9 8 0.6461025308233365 0.1169294303326714 Penicillium-cvjetkovicii
9 8 -0.33774874192828525 0.4587564012984604 Penicillium-polonicum
9 8 0.38822527012527874 0.3894516175010554 Penicillium-mb
9 8 0.3292341607610306 0.47086802058723787 Penicillium-commune
9 8 -0.27188670477004 0.5553000707950412 Penicillium-chrysogenum
9 12 0.33751505166477397 0.4590872607236004 Penicillium-verrucosum
9 12 0.4044017559843849 0.3681990737617393 Penicillium-solitum
9 12 0.8126834104963961 0.026294311080211068 Penicillium-brevicompactum
9 12 0.423144071966434 0.34419294332605793 Penicillium-cvjetkovicii
9 12 -0.13137832673444663 0.7788850513415213 Penicillium-polonicum
9 12 0.18009728360450808 0.699191523794968 Penicillium-mb
9 12 0.2935874101311864 0.5227897401716757 Penicillium-commune
9 12 -0.007859684468272286 0.9866573973606207 Penicillium-chrysogenum
9 12 0.2566711865687026 0.5784717357939981 Penicillium-verrucosum
9 12 0.15723388886266335 0.7363587574448731 Penicillium-solitum
9 12 0.8126834104963963 0.026294311080211016 Penicillium-brevicompactum
9 12 0.2999690778090303 0.5133552622848367 Penicillium-cvjetkovicii
9 12 -0.036239617018389195 0.9385181063194283 Penicillium-polonicum
9 12 0.23475246739831462 0.6123616432539303 Penicillium-mb
9 12 -0.02501490534220645 0.9575466631487857 Penicillium-commune
9 12 -0.11243523551012535 0.8103282213881657 Penicillium-chrysogenum
9 12 0.44391993048641065 0.3183846184509681 Penicillium-verrucosum
9 12 0.48207474725889343 0.2732868505141909 Penicillium-solitum
9 12 0.3794078462886245 0.4012376951358558 Penicillium-brevicompactum
9 12 0.26845415765755415 0.5605011073471957 Penicillium-cvjetkovicii
9 12 -0.546140558334109 0.20468648646317802 Penicillium-polonicum
9 12 -0.46065342930435527 0.29823207330481655 Penicillium-mb
9 12 -0.16176079315678135 0.7289650488562915 Penicillium-commune
9 12 -0.48035053995090204 0.27525858476468207 Penicillium-chrysogenum
11 10 0.4395943418108658 0.32368693990606995 Penicillium-verrucosum
11 10 0.5221242008537638 0.22931950978451904 Penicillium-solitum
11 10 0.01615341548026342 0.9725806877967654 Penicillium-brevicompactum
11 10 0.24720850692145804 0.5930309565322117 Penicillium-cvjetkovicii
11 10 -0.5667375367337303 0.18462966495414285 Penicillium-polonicum
11 10 0.03670696134905589 0.9377263006051406 Penicillium-mb
11 10 0.30059463734309866 0.5124336283907498 Penicillium-commune
11 10 0.020578683923415185 0.9650719379366024 Penicillium-chrysogenum
7 12 0.204931115142122 0.6593572563324339 Penicillium-verrucosum
7 12 0.5096974543148508 0.24258115945872052 Penicillium-solitum
7 12 0.7264421835610638 0.06445738948029904 Penicillium-brevicompactum
7 12 0.22911357467228027 0.6211725428648589 Penicillium-cvjetkovicii
7 12 -0.14501740352841036 0.7563913081038995 Penicillium-polonicum
7 12 0.2464171990767936 0.5942534612642838 Penicillium-mb
7 12 -0.057084000481322575 0.9032490064522866 Penicillium-commune
7 12 -0.37624045759945735 0.40550555449779724 Penicillium-chrysogenum
11 12 0.17827882798558004 0.7021311458062707 Penicillium-verrucosum
11 12 -0.19691968151680628 0.6721425483315909 Penicillium-solitum
11 12 0.1594750905301851 0.7326961905491822 Penicillium-brevicompactum
11 12 -0.21716011411047648 0.6399684864345812 Penicillium-cvjetkovicii
11 12 -0.15537467292805054 0.7394001009131042 Penicillium-polonicum
11 12 -0.01006481283004625 0.9829143084841018 Penicillium-mb
11 12 -0.0308657620180258 0.947625611696967 Penicillium-commune
11 12 -0.1527817486325087 0.7436461646334378 Penicillium-chrysogenum
9 12 0.7177431614393949 0.06934678121474197 Penicillium-verrucosum
9 12 0.6994269791478476 0.08027141106083507 Penicillium-solitum
9 12 0.8194971843886588 0.02406147318181092 Penicillium-brevicompactum
9 12 0.4715626106512301 0.28540687457600056 Penicillium-cvjetkovicii
9 12 -0.2493557264108572 0.5897175365057311 Penicillium-polonicum
9 12 0.5186603312922066 0.2329811238478047 Penicillium-mb
9 12 0.40966018340532423 0.36139597462582185 Penicillium-commune
9 12 -0.2701870466556674 0.5578734621428607 Penicillium-chrysogenum
9 12 0.4269525379149988 0.33939793241290517 Penicillium-verrucosum
9 12 0.35679614347915634 0.4320911101146367 Penicillium-solitum
9 12 0.7596237366899564 0.04757044011491921 Penicillium-brevicompactum
9 12 0.16871648662107344 0.7176370684608503 Penicillium-cvjetkovicii
9 12 -0.20136395121637934 0.6650420727283299 Penicillium-polonicum
9 12 0.22047872739418403 0.6347343973338015 Penicillium-mb
9 12 0.34336921085425925 0.4508256825243985 Penicillium-commune
9 12 -0.2383996464350998 0.6066824697984853 Penicillium-chrysogenum
5 8 0.3012957535074775 0.5114013563881272 Penicillium-verrucosum
5 8 0.27972918047937456 0.5434762644088679 Penicillium-solitum
5 8 0.8126834104963963 0.026294311080211016 Penicillium-brevicompactum
5 8 0.3756317854512163 0.4063277464891593 Penicillium-cvjetkovicii
5 8 0.19546232503310434 0.6744751717385877 Penicillium-polonicum
5 8 0.5593742425782093 0.19168502679837832 Penicillium-mb
5 8 0.5223762023571695 0.2290541825606129 Penicillium-commune
5 8 0.07317339137606003 0.8761092917969208 Penicillium-chrysogenum
11 8 0.8700975658372386 0.010878898275150558 Penicillium-verrucosum
11 8 0.29511848202981894 0.5205208958970411 Penicillium-solitum
11 8 0.8757629731059728 0.009762184977798974 Penicillium-brevicompactum
11 8 -0.6426241033236226 0.11957024535275089 Penicillium-cvjetkovicii
11 8 0.30713776008470284 0.5028281224412332 Penicillium-polonicum
11 8 0.7818249685930544 0.03782009913105695 Penicillium-mb
11 8 0.7583157173398655 0.048183436677334386 Penicillium-commune
11 8 0.16153859281815358 0.7293275794260397 Penicillium-chrysogenum
11 12 0.3591971130905686 0.4287730120803416 Penicillium-verrucosum
11 12 0.23538136931870698 0.6113812447183993 Penicillium-solitum
11 12 0.6945316891525819 0.08333584555470848 Penicillium-brevicompactum
11 12 -0.015141321829559306 0.9742982401404112 Penicillium-cvjetkovicii
11 12 -0.18400031184120544 0.6928922001281064 Penicillium-polonicum
11 12 0.05593877911982013 0.9051838884854049 Penicillium-mb
11 12 0.20721034799672108 0.655731745920292 Penicillium-commune
11 12 -0.30932220441466296 0.49963542083804013 Penicillium-chrysogenum
11 12 0.3682955978646201 0.4162888508916983 Penicillium-verrucosum
11 12 0.3669518496812062 0.41812361375743257 Penicillium-solitum
11 12 0.8124423361185583 0.026375355471741493 Penicillium-brevicompactum
11 12 0.299152336721602 0.5145594212747273 Penicillium-cvjetkovicii
11 12 -0.3493065531318805 0.4425042108946481 Penicillium-polonicum
11 12 0.09691801890541285 0.8362385093045563 Penicillium-mb
11 12 0.1438701291856874 0.7582783458697628 Penicillium-commune
11 12 -0.2531232054973543 0.5839175897353499 Penicillium-chrysogenum
11 12 0.4520403373652964 0.3085331888575182 Penicillium-verrucosum
11 12 0.45420265312279146 0.30593268859100736 Penicillium-solitum
11 12 0.812683410496396 0.02629431108021109 Penicillium-brevicompactum
11 12 -0.3103936486517505 0.49807204854024456 Penicillium-cvjetkovicii
11 12 0.4152437438669382 0.35422985496162546 Penicillium-polonicum
11 12 0.6564747033851496 0.10923547634265157 Penicillium-mb
11 12 -0.4950895597957394 0.2586110597368173 Penicillium-commune
11 12 0.39801884725337155 0.3765269032019986 Penicillium-chrysogenum
7 12 0.14053022060802636 0.763777236635664 Penicillium-verrucosum
7 12 -0.019434895834005653 0.9670125268600654 Penicillium-solitum
7 12 0.8126834104963961 0.026294311080211068 Penicillium-brevicompactum
7 12 0.37151132334795206 0.41191088008774374 Penicillium-cvjetkovicii
7 12 -0.054636699417935655 0.9073842396534715 Penicillium-polonicum
7 12 0.39243931668383925 0.3838686518655743 Penicillium-mb
7 12 0.33352939316417696 0.46474373037809463 Penicillium-commune
7 12 0.14575154438237842 0.7551842968367646 Penicillium-chrysogenum
9 10 0.5746817111496269 0.17716233081535318 Penicillium-verrucosum
9 10 0.3672240029703991 0.4177517599939817 Penicillium-solitum
9 10 0.8664232830532321 0.011640552906710674 Penicillium-brevicompactum
9 10 -0.39548808501889443 0.3798498374986465 Penicillium-cvjetkovicii
9 10 -0.13655351811653085 0.7703348509380128 Penicillium-polonicum
9 10 0.04178815962067828 0.9291201417187342 Penicillium-mb
9 10 0.24345133961180906 0.598842225246546 Penicillium-commune
9 10 -0.12729371036473225 0.7856460345970266 Penicillium-chrysogenum
9 10 0.829722242129506 0.020918809863293773 Penicillium-verrucosum
9 10 0.8158865703322772 0.02523076126951601 Penicillium-solitum
9 10 0.8185353102730073 0.024369920857649396 Penicillium-brevicompactum
9 10 0.4715626106512285 0.28540687457600256 Penicillium-cvjetkovicii
9 10 -0.09467122577682532 0.8400003988841767 Penicillium-polonicum
9 10 0.5522357467914586 0.19864722844473906 Penicillium-mb
9 10 0.2053821381851758 0.6586394039410604 Penicillium-commune
9 10 -0.11863072465905043 0.8000203626183429 Penicillium-chrysogenum
7 12 0.25566934410873254 0.580007877575071 Penicillium-verrucosum
7 12 0.2628816782273876 0.5689775585171242 Penicillium-solitum
7 12 0.6713612562608235 0.09866719818978018 Penicillium-brevicompactum
7 12 -0.058800807425958605 0.9003491307889924 Penicillium-cvjetkovicii
7 12 -0.26537718748583583 0.5651765646553546 Penicillium-polonicum
7 12 0.034353022850126605 0.941714903311561 Penicillium-mb
7 12 0.4612941623365877 0.29747191436730713 Penicillium-commune
7 12 -0.3582251730984771 0.43011503367304194 Penicillium-chrysogenum
9 12 0.2164568510497155 0.6410791996531835 Penicillium-verrucosum
9 12 0.0446708750709445 0.9242400090082459 Penicillium-solitum
9 12 0.24260429163182742 0.600154721221018 Penicillium-brevicompactum
9 12 -0.38160154398686946 0.39829232932098013 Penicillium-cvjetkovicii
9 12 0.10115048940567692 0.8291587077451532 Penicillium-polonicum
9 12 0.36504461322989235 0.42073315467238115 Penicillium-mb
9 12 -0.45281554652741357 0.3075997808281328 Penicillium-commune
9 12 -0.05966034774762872 0.8988976021012394 Penicillium-chrysogenum
9 8 -0.13356728507698823 0.7752663527523629 Penicillium-verrucosum
9 8 -0.17793654019891472 0.7026848019394194 Penicillium-solitum
9 8 0.8126834104963961 0.026294311080211068 Penicillium-brevicompactum
9 8 0.3667557877357094 0.4183915807205539 Penicillium-cvjetkovicii
9 8 0.30244554903266735 0.5097100394556167 Penicillium-polonicum
9 8 0.4291655062665107 0.3366248047562116 Penicillium-mb
9 8 0.43089286525744536 0.3344669232896248 Penicillium-commune
9 8 0.18661072814731058 0.6886869108061959 Penicillium-chrysogenum
9 12 -0.19420915005742762 0.6764826438720717 Penicillium-verrucosum
9 12 0.2265389851430824 0.6252074580241885 Penicillium-solitum
9 12 0.31315602799001035 0.49404935890138946 Penicillium-brevicompactum
9 12 -0.136546839847081 0.7703458727086894 Penicillium-cvjetkovicii
9 12 -0.12256693189102226 0.7934833130934807 Penicillium-polonicum
9 12 0.2159235782614071 0.6419217901212906 Penicillium-mb
9 12 -0.4675683297708191 0.2900736591093874 Penicillium-commune
9 12 -0.14257392358042936 0.7604114937983396 Penicillium-chrysogenum
3 12 0.6117050885578587 0.14437114192673856 Penicillium-verrucosum
3 12 0.6066549901530285 0.14864696625362459 Penicillium-solitum
3 12 0.8157270138740296 0.0252831548548555 Penicillium-brevicompactum
3 12 0.47156261065122473 0.2854068745760069 Penicillium-cvjetkovicii
3 12 -0.12694667756939085 0.7862209532281701 Penicillium-polonicum
3 12 0.5349528460013175 0.21599638924978415 Penicillium-mb
3 12 0.446985866681793 0.31464932208996627 Penicillium-commune
3 12 -0.18802088074949963 0.6864178457130508 Penicillium-chrysogenum
11 12 0.340788293906107 0.45446106742348547 Penicillium-verrucosum
11 12 0.331556747021871 0.4675527487985535 Penicillium-solitum
11 12 0.8139624647535383 0.025866662294755576 Penicillium-brevicompactum
11 12 0.1032799231897499 0.8256001770655705 Penicillium-cvjetkovicii
11 12 -0.4628402253804662 0.29564120679008143 Penicillium-polonicum
11 12 0.5257610553031561 0.22550432103493975 Penicillium-mb
11 12 -0.08145347180847358 0.8621785546204181 Penicillium-commune
11 12 -0.21933762561643014 0.6365327814944286 Penicillium-chrysogenum
11 12 0.7917849901966265 0.03384453017806381 Penicillium-verrucosum
11 12 0.7635305850713239 0.0457651356620354 Penicillium-solitum
11 12 0.8750448178397687 0.009899895268515523 Penicillium-brevicompactum
11 12 0.4821787538030624 0.27316811715440475 Penicillium-cvjetkovicii
11 12 0.016693620933020487 0.9716639775947156 Penicillium-polonicum
11 12 0.1906802464465443 0.6821437820569495 Penicillium-mb
11 12 0.16709220707511543 0.7202787488960354 Penicillium-commune
11 12 -0.43779896216236547 0.32589878794669064 Penicillium-chrysogenum
9 12 -0.027276777314159145 0.9537107292439535 Penicillium-verrucosum
9 12 0.2534413523256351 0.5834286171809298 Penicillium-solitum
9 12 0.029270434667536836 0.9503302506540774 Penicillium-brevicompactum
9 12 -0.2451758277876518 0.5961728102116698 Penicillium-cvjetkovicii
9 12 0.011137414551359592 0.98109371046072 Penicillium-polonicum
9 12 0.4608505664760604 0.2979981007456464 Penicillium-mb
9 12 0.4187066620115816 0.3498155292553458 Penicillium-commune
9 12 -0.5957540370334369 0.1580898469599575 Penicillium-chrysogenum
11 12 0.802924178388586 0.029687606919501196 Penicillium-verrucosum
11 12 0.7810806579663904 0.03812705958909452 Penicillium-solitum
11 12 0.8732102890511904 0.010256732243984863 Penicillium-brevicompactum
11 12 0.47156261065122684 0.28540687457600433 Penicillium-cvjetkovicii
11 12 -0.24983938417014737 0.5889719747664339 Penicillium-polonicum
11 12 0.2354216497001213 0.6113184671087482 Penicillium-mb
11 12 0.23714182795273628 0.6086393105540551 Penicillium-commune
11 12 -0.46866531175193676 0.28878862813834894 Penicillium-chrysogenum
11 10 0.5723308305599633 0.17935640288798213 Penicillium-verrucosum
11 10 0.5572152412194713 0.19377805380127086 Penicillium-solitum
11 10 0.24477516232427585 0.5967926986424077 Penicillium-brevicompactum
11 10 0.33904334342882914 0.4569251034760731 Penicillium-cvjetkovicii
11 10 -0.39386511104848 0.381987069845366 Penicillium-polonicum
11 10 0.2643827296046441 0.5666902881700586 Penicillium-mb
11 10 0.2492467844254066 0.589885511037641 Penicillium-commune
11 10 -0.2767881482193587 0.5479006061345866 Penicillium-chrysogenum
9 10 0.6773040502087664 0.09460498335104917 Penicillium-verrucosum
9 10 0.6695029443512693 0.09995582748463507 Penicillium-solitum
9 10 0.7811986976992009 0.03807828713676058 Penicillium-brevicompactum
9 10 0.5535658001167487 0.19734093944888492 Penicillium-cvjetkovicii
9 10 0.3398719213356175 0.45575445458595554 Penicillium-polonicum
9 10 0.4152476011495796 0.3542249250601696 Penicillium-mb
9 10 -0.11445603190608389 0.8069636265317489 Penicillium-commune
9 10 -0.6287064352634851 0.13043955989706987 Penicillium-chrysogenum
11 10 0.059559055575008006 0.8990686453119137 Penicillium-verrucosum
11 10 0.42813340702983727 0.3379169541995376 Penicillium-solitum
11 10 0.12426241477076867 0.790670482732488 Penicillium-brevicompactum
11 10 0.2577973676283548 0.5767464577084374 Penicillium-cvjetkovicii
11 10 -0.012975248199790988 0.977974388711931 Penicillium-polonicum
11 10 -0.17239072593907181 0.711669670396463 Penicillium-mb
11 10 0.22262662764881896 0.6313531662041048 Penicillium-commune
11 10 0.03642842213503099 0.9381982153082445 Penicillium-chrysogenum
11 10 0.7141728371315998 0.07140926441786555 Penicillium-verrucosum
11 10 0.7041857601074829 0.07735091072828855 Penicillium-solitum
11 10 0.8542832356980538 0.014369942476244476 Penicillium-brevicompactum
11 10 0.6029496519946315 0.15182406051642314 Penicillium-cvjetkovicii
11 10 -0.5210166976628019 0.2304872839861452 Penicillium-polonicum
11 10 -0.009603482268560039 0.9836973739390433 Penicillium-mb
11 10 0.515352581812517 0.23650300001594102 Penicillium-commune
11 10 0.1389518406395014 0.7663786739746858 Penicillium-chrysogenum
9 8 0.37778442131588214 0.4034229266210781 Penicillium-verrucosum
9 8 0.37443133172078374 0.40795123916932935 Penicillium-solitum
9 8 -0.8327772432581866 0.020027866109709483 Penicillium-brevicompactum
9 8 -0.34687995348596967 0.44589815579854986 Penicillium-cvjetkovicii
9 8 -0.008780677436328037 0.985094033654055 Penicillium-polonicum
9 8 0.5326750779813778 0.2183344513029767 Penicillium-mb
9 8 0.496253478848731 0.2573165773530575 Penicillium-commune
9 8 -0.026853107729424647 0.9544291829170108 Penicillium-chrysogenum
11 12 0.30940585620164385 0.4995133003651675 Penicillium-verrucosum
11 12 0.3126591131596416 0.4947721366507427 Penicillium-solitum
11 12 0.41211399591307313 0.3582393269069655 Penicillium-brevicompactum
11 12 -0.1986383212242742 0.6693944034945809 Penicillium-cvjetkovicii
11 12 -0.4003900367265776 0.37342429703330277 Penicillium-polonicum
11 12 0.5311142455570359 0.21994347991495836 Penicillium-mb
11 12 -0.14381709490827352 0.758365599828451 Penicillium-commune
11 12 -0.38098627361949544 0.39911755088287076 Penicillium-chrysogenum
7 12 0.7778126585100488 0.03949110731201899 Penicillium-verrucosum
7 12 0.6391808366706863 0.12221424845835133 Penicillium-solitum
7 12 0.8814880187968976 0.008703911408842399 Penicillium-brevicompactum
7 12 0.5825389424105629 0.1699254048393535 Penicillium-cvjetkovicii
7 12 -0.33696114183141235 0.4598718408980613 Penicillium-polonicum
7 12 0.3212668738330255 0.4823051419437361 Penicillium-mb
7 12 0.26184646922879445 0.5705566848155652 Penicillium-commune
7 12 -0.22525295390549668 0.6272257300568272 Penicillium-chrysogenum
7 6 0.4303179665591682 0.33518445311619344 Penicillium-verrucosum
7 6 0.410728944639717 0.3600196806801268 Penicillium-solitum
7 6 -0.8268247677756193 0.02178415206368415 Penicillium-brevicompactum
7 6 -0.35255732124464606 0.43797294186517 Penicillium-cvjetkovicii
7 6 0.037375146358494045 0.9365942883161849 Penicillium-polonicum
7 6 0.5262232403981725 0.22502162744273096 Penicillium-mb
7 6 0.46106129936208307 0.2977480816107176 Penicillium-commune
7 6 -0.05285737430201705 0.9103918351145117 Penicillium-chrysogenum
9 10 0.3988113540014288 0.37548877416612997 Penicillium-verrucosum
9 10 0.3911146777564542 0.3856200908801867 Penicillium-solitum
9 10 -0.8286428330234179 0.02123886083104071 Penicillium-brevicompactum
9 10 -0.35063878490837563 0.44064506514064194 Penicillium-cvjetkovicii
9 10 -0.02999795092274498 0.9490968073549217 Penicillium-polonicum
9 10 0.5053871444741348 0.2472618951397031 Penicillium-mb
9 10 0.43314281669189997 0.33166506334095675 Penicillium-commune
9 10 -0.02887869921154104 0.9509944383283082 Penicillium-chrysogenum
11 12 0.31113057090158014 0.4969977869942821 Penicillium-verrucosum
11 12 -0.8736351630789416 0.010173441562741168 Penicillium-solitum
11 12 0.6029119125440122 0.15185659290214826 Penicillium-brevicompactum
11 12 -0.4897989437199543 0.2645324889387202 Penicillium-cvjetkovicii
11 12 0.1719468504308227 0.7123899613356939 Penicillium-polonicum
11 12 0.7874356284554793 0.03555041838258982 Penicillium-mb
11 12 0.7496942114290608 0.05233174184705198 Penicillium-commune
11 12 0.19032918527424447 0.6827076141758452 Penicillium-chrysogenum
7 10 0.563302619794036 0.1879049438137096 Penicillium-verrucosum
7 10 0.5484707722305885 0.2023674041428952 Penicillium-solitum
7 10 0.6854818406164912 0.08916157593586561 Penicillium-brevicompactum
7 10 -0.36566244318045915 0.4198871295231877 Penicillium-cvjetkovicii
7 10 -0.20883447166283825 0.6531515681283193 Penicillium-polonicum
7 10 0.25428365911134726 0.58213465290428 Penicillium-mb
7 10 0.19346898255119277 0.6776690411546105 Penicillium-commune
7 10 -0.24987175257032276 0.5889220889402988 Penicillium-chrysogenum
11 12 0.7170862750356545 0.06972381147608617 Penicillium-verrucosum
11 12 0.26903048864279466 0.5596267547483067 Penicillium-solitum
11 12 0.8482014252216941 0.015862075663199207 Penicillium-brevicompactum
11 12 0.47156261065122684 0.28540687457600433 Penicillium-cvjetkovicii
11 12 -0.22905810068516536 0.6212594030187026 Penicillium-polonicum
11 12 0.4443115819241634 0.31790639801741705 Penicillium-mb
11 12 0.18986964749802737 0.6834458455413648 Penicillium-commune
11 12 -0.08143941226687663 0.862202185738267 Penicillium-chrysogenum
9 2 0.4772357557849388 0.2788366862370447 Penicillium-verrucosum
9 2 0.461156415407358 0.29763526369599597 Penicillium-solitum
9 2 -0.8254064433304485 0.0222149842604111 Penicillium-brevicompactum
9 2 -0.35432338102723715 0.43551865306020615 Penicillium-cvjetkovicii
9 2 0.15393021325405265 0.7417648443831742 Penicillium-polonicum
9 2 0.6556319654358113 0.10985049674664212 Penicillium-mb
9 2 0.6260259355097978 0.1325884575235022 Penicillium-commune
9 2 0.07848873567234362 0.8671634360189779 Penicillium-chrysogenum
9 12 0.7576078799630726 0.048516957070901055 Penicillium-verrucosum
9 12 0.7072479888248336 0.07550208944901898 Penicillium-solitum
9 12 0.8038298204685885 0.029362978288519727 Penicillium-brevicompactum
9 12 0.4715626106512288 0.2854068745760023 Penicillium-cvjetkovicii
9 12 -0.1842948309286421 0.692417424457791 Penicillium-polonicum
9 12 0.34099807179358427 0.4541651752076705 Penicillium-mb
9 12 0.46063591149072586 0.29825286826466835 Penicillium-commune
9 12 -0.28714671268287334 0.5323705026234513 Penicillium-chrysogenum
7 12 0.5044215267185508 0.2483161632699339 Penicillium-verrucosum
7 12 0.4668099661205138 0.2909635055888582 Penicillium-solitum
7 12 0.812683410496396 0.02629431108021109 Penicillium-brevicompactum
7 12 0.4193691374224971 0.3489736858962662 Penicillium-cvjetkovicii
7 12 0.055480243080844566 0.9059587023676111 Penicillium-polonicum
7 12 0.5649277199395113 0.1863518789420209 Penicillium-mb
7 12 0.26368817696261154 0.5677482700269916 Penicillium-commune
7 12 0.035572014269185256 0.939649272856357 Penicillium-chrysogenum
9 8 0.05140785082753092 0.9128425968418579 Penicillium-verrucosum
9 8 0.03375829435701815 0.9427227897675038 Penicillium-solitum
9 8 0.8126834104963964 0.026294311080210967 Penicillium-brevicompactum
9 8 0.3307286547949328 0.4687337889311908 Penicillium-cvjetkovicii
9 8 -0.03172557174447386 0.9461680974054147 Penicillium-polonicum
9 8 0.25135460504426976 0.586638119647023 Penicillium-mb
9 8 0.24332372074575656 0.5990399148085135 Penicillium-commune
9 8 0.22236098409428953 0.6317710676960424 Penicillium-chrysogenum
9 8 0.47875946734664093 0.27708373095751515 Penicillium-verrucosum
9 8 0.48773250768139687 0.2668618676379005 Penicillium-solitum
9 8 -0.28489298259790496 0.5357367900850342 Penicillium-brevicompactum
9 8 -0.33991090734191975 0.4556994010671789 Penicillium-cvjetkovicii
9 8 -0.2388738756755246 0.6059451753308774 Penicillium-polonicum
9 8 0.6880386289362739 0.08749456318212809 Penicillium-mb
9 8 0.6519319332539483 0.11257191917058894 Penicillium-commune
9 8 0.08338381912252922 0.8589348307581625 Penicillium-chrysogenum
7 10 0.6368574403454154 0.12401510397241453 Penicillium-verrucosum
7 10 0.5600573482433873 0.19102508659608683 Penicillium-solitum
7 10 0.8093929199670236 0.027412624750790593 Penicillium-brevicompactum
7 10 -0.19677060072636274 0.6723810692203585 Penicillium-cvjetkovicii
7 10 -0.21791299082926888 0.6387800066667364 Penicillium-polonicum
7 10 0.38947291227451164 0.38779529808492386 Penicillium-mb
7 10 0.37068933628814127 0.413028231297644 Penicillium-commune
7 10 -0.20837084558980035 0.6538878326834654 Penicillium-chrysogenum
9 12 0.6822136122179162 0.09131663813162569 Penicillium-verrucosum
9 12 0.6170113114969817 0.1399461815189283 Penicillium-solitum
9 12 0.8850632943429042 0.008078336358996796 Penicillium-brevicompactum
9 12 0.49697436615665647 0.256516314458592 Penicillium-cvjetkovicii
9 12 -0.3726434050444062 0.41037395158661055 Penicillium-polonicum
9 12 0.28320960397097406 0.5382557829287951 Penicillium-mb
9 12 0.21895555333563083 0.6371352474874621 Penicillium-commune
9 12 0.45885796325417333 0.30036674677664027 Penicillium-chrysogenum
9 10 0.8137794856437284 0.02592759930055592 Penicillium-verrucosum
9 10 0.7989951499103046 0.031119146963728722 Penicillium-solitum
9 10 0.818522843774835 0.02437393307340825 Penicillium-brevicompactum
9 10 0.4715626106512269 0.2854068745760044 Penicillium-cvjetkovicii
9 10 -0.01880579948472685 0.9680799283288286 Penicillium-polonicum
9 10 0.2857725642267132 0.5344221582788725 Penicillium-mb
9 10 0.5774568029670188 0.1745893816125629 Penicillium-commune
9 10 -0.07070536907691712 0.8802666501398446 Penicillium-chrysogenum
9 10 -0.7916738611550075 0.03388753596873702 Penicillium-verrucosum
9 10 0.29171787948391276 0.5255646770957287 Penicillium-solitum
9 10 0.538307039684455 0.2125751584897748 Penicillium-brevicompactum
9 10 -0.41567321369889376 0.353681135634249 Penicillium-cvjetkovicii
9 10 0.2195757685305386 0.6361573492296653 Penicillium-polonicum
9 10 0.7330068935667668 0.06089500784643165 Penicillium-mb
9 10 0.7028151109977924 0.07818617634162775 Penicillium-commune
9 10 0.08914413090244216 0.8492648138973292 Penicillium-chrysogenum
9 8 0.4444061210950293 0.31779100888572887 Penicillium-verrucosum
9 8 0.42401028606886226 0.34309984974955493 Penicillium-solitum
9 8 -0.826262834595376 0.021954275234394912 Penicillium-brevicompactum
9 8 -0.353223282534161 0.4370468404338279 Penicillium-cvjetkovicii
9 8 -0.02628015613738396 0.955400826142928 Penicillium-polonicum
9 8 0.3493740359079904 0.44240996663694476 Penicillium-mb
9 8 0.4561337018521747 0.3036184646517552 Penicillium-commune
9 8 -0.045187840058447906 0.9233650381044307 Penicillium-chrysogenum
9 10 0.4438352934339761 0.3184880041640018 Penicillium-verrucosum
9 10 0.38480899330403595 0.3940014228273838 Penicillium-solitum
9 10 -0.8336348959731185 0.019781688935864336 Penicillium-brevicompactum
9 10 -0.3453511413374418 0.448041430724501 Penicillium-cvjetkovicii
9 10 -0.09968718983869519 0.8316054010641531 Penicillium-polonicum
9 10 0.48233156831819873 0.27299370707241183 Penicillium-mb
9 10 0.45360076111766656 0.3066555852368475 Penicillium-commune
9 10 -0.062220811931955375 0.894575018448592 Penicillium-chrysogenum
9 12 0.6357655086090378 0.12486611986722689 Penicillium-verrucosum
9 12 0.6730004316964815 0.09753779085621112 Penicillium-solitum
9 12 0.6814145636763976 0.09184765755829334 Penicillium-brevicompactum
9 12 0.5372543523227907 0.21364609059932876 Penicillium-cvjetkovicii
9 12 0.44019015013212476 0.3229543553338105 Penicillium-polonicum
9 12 0.21208031580077566 0.6480032714737163 Penicillium-mb
9 12 -0.19857966087857296 0.6694881546153412 Penicillium-commune
9 12 -0.6459351306644247 0.1170558245365065 Penicillium-chrysogenum
7 12 -0.15959068360362133 0.7325073973445801 Penicillium-verrucosum
7 12 0.35212992234619794 0.4385676854961241 Penicillium-solitum
7 12 0.49084782170522256 0.26335369848702106 Penicillium-brevicompactum
7 12 0.17955763257463953 0.7000635859446418 Penicillium-cvjetkovicii
7 12 -0.014716534372383804 0.9750191406379938 Penicillium-polonicum
7 12 -0.06135614100469199 0.896034530977263 Penicillium-mb
7 12 -0.036016067103690694 0.9388968736648646 Penicillium-commune
7 12 -0.40342839730208807 0.3694640873075618 Penicillium-chrysogenum
11 10 0.015367179481111107 0.9739149461081404 Penicillium-verrucosum
11 10 -0.03333470518189346 0.9434406835208069 Penicillium-solitum
11 10 0.00319702170794011 0.9945725951181421 Penicillium-brevicompactum
11 10 0.11197901025761772 0.8110881523805245 Penicillium-cvjetkovicii
11 10 -0.6023468454505244 0.1523441125721783 Penicillium-polonicum
11 10 0.2739573949992738 0.5521701169480286 Penicillium-mb
11 10 0.26326719062667603 0.5683898444979235 Penicillium-commune
11 10 0.08000935774355798 0.8646062295414005 Penicillium-chrysogenum
