#SPECIES: Penicillium-verrucosum Penicillium-mb Penicillium-polonicum Penicillium-solitum Penicillium-commune Penicillium-chrysogenum Penicillium-cvjetkovicii Penicillium-brevicompactum 
#GENE_TREEs p: 0.0051819265833559155 0.00703505023619572 0.8414049185761817 0.007249177004529329 0.009312690120697248 0.005167835065143805 0.5577406874458546 0.11198936471157896 
#GENE_TREEs r: 0.904174364472769 0.8914015437607912 0.09383274730847578 0.8900583925905978 0.8781485853954215 0.9042809431749581 -0.27027467896052837 -0.6527200412713444 
11 12 0.3472588938944581 0.44536750937143654 Penicillium-verrucosum
11 12 0.41400847578350236 0.35581009303730265 Penicillium-mb
11 12 -0.7294151207062697 0.06283053902336949 Penicillium-polonicum
11 12 0.4334428843784219 0.331292149485349 Penicillium-solitum
11 12 0.4094228651470799 0.36170187559843686 Penicillium-commune
11 12 0.18638555506994944 0.6890494072357334 Penicillium-chrysogenum
11 12 0.011124640806063013 0.9811153918141511 Penicillium-cvjetkovicii
11 12 -0.6420665468701358 0.11999636373611332 Penicillium-brevicompactum
11 12 0.5243937624012791 0.2269351324701298 Penicillium-verrucosum
11 12 0.014956832175283446 0.9746113331120546 Penicillium-mb
11 12 -0.3283759952137446 0.4720951342812196 Penicillium-polonicum
11 12 0.516140144328197 0.23566221879606492 Penicillium-solitum
11 12 0.4504868545411404 0.31040740770194375 Penicillium-commune
11 12 0.5280668798568231 0.2231010269948759 Penicillium-chrysogenum
11 12 0.3532903804430674 0.4369535738740033 Penicillium-cvjetkovicii
11 12 -0.5616435674405158 0.1894969135172076 Penicillium-brevicompactum
7 10 0.5591378077833912 0.191913700364651 Penicillium-verrucosum
7 10 0.22582742777214967 0.6263239330717925 Penicillium-mb
7 10 -0.03004046572840163 0.9490247295187938 Penicillium-polonicum
7 10 0.5474386587976762 0.20339302425966638 Penicillium-solitum
7 10 0.4894800050193861 0.2648914054545839 Penicillium-commune
7 10 0.6001708699691581 0.1542287663042034 Penicillium-chrysogenum
7 10 0.31453857468558 0.4920403721860115 Penicillium-cvjetkovicii
7 10 -0.4912901891729614 0.26285725822995637 Penicillium-brevicompactum
11 10 0.44988137879615797 0.31113923099048796 Penicillium-verrucosum
11 10 0.38874005907249365 0.38876786030900734 Penicillium-mb
11 10 -0.03404941396669503 0.9422294216663325 Penicillium-polonicum
11 10 0.23150483569825578 0.6174316835095788 Penicillium-solitum
11 10 0.24499691200863438 0.5964495952532407 Penicillium-commune
11 10 0.4890300548800222 0.2653981312310411 Penicillium-chrysogenum
11 10 -0.6385048223543197 0.1227368311919121 Penicillium-cvjetkovicii
11 10 -0.5542499312151279 0.1966706491817123 Penicillium-brevicompactum
7 10 0.3581119982027081 0.4302714063726879 Penicillium-verrucosum
7 10 0.316858035805236 0.4886764839349513 Penicillium-mb
7 10 -0.36938090334273327 0.41480926563988146 Penicillium-polonicum
7 10 0.35202947403515455 0.4387075080768267 Penicillium-solitum
7 10 0.3086139122685202 0.5006698529915101 Penicillium-commune
7 10 0.37086444253019246 0.4127901048462106 Penicillium-chrysogenum
7 10 -0.0711750999962127 0.8794752223011812 Penicillium-cvjetkovicii
7 10 -0.6633260309273553 0.10430197978148685 Penicillium-brevicompactum
9 4 0.5171527098654388 0.23458328233837933 Penicillium-verrucosum
9 4 0.47947707255213456 0.27625988227867193 Penicillium-mb
9 4 -0.3349745781175715 0.46268976186679533 Penicillium-polonicum
9 4 0.5100751119079142 0.2421730198771263 Penicillium-solitum
9 4 0.47924514067334917 0.27652603168747963 Penicillium-commune
9 4 0.5406035313490075 0.2102477542945892 Penicillium-chrysogenum
9 4 -0.07117509999621377 0.8794752223011795 Penicillium-cvjetkovicii
9 4 -0.6540832294348482 0.1109854150793123 Penicillium-brevicompactum
11 12 0.1938318607866072 0.6770873257728673 Penicillium-verrucosum
11 12 0.18531453490564945 0.6907742428342918 Penicillium-mb
11 12 -0.343474144611434 0.450678107652322 Penicillium-polonicum
11 12 0.24411170540138705 0.5978195906616092 Penicillium-solitum
11 12 0.18101024688692063 0.6977167973316256 Penicillium-commune
11 12 0.20137875217757778 0.6650184585950516 Penicillium-chrysogenum
11 12 0.15167308841024457 0.7454632428098678 Penicillium-cvjetkovicii
11 12 -0.32569451363581053 0.47593694044874413 Penicillium-brevicompactum
7 8 0.36142853367603484 0.4256980505878512 Penicillium-verrucosum
7 8 0.3170567815658726 0.4883886274624235 Penicillium-mb
7 8 -0.4543902842192008 0.30570748866659053 Penicillium-polonicum
7 8 0.32757407058465465 0.4732428791244726 Penicillium-solitum
7 8 0.31013536176789 0.49844876407757255 Penicillium-commune
7 8 0.3451604188745131 0.4483090796533024 Penicillium-chrysogenum
7 8 -0.07117509999620926 0.879475222301187 Penicillium-cvjetkovicii
7 8 -0.6664536316965558 0.10208929458840536 Penicillium-brevicompactum
9 10 0.675432250484686 0.09587479458149402 Penicillium-verrucosum
9 10 0.6497001822669723 0.11423006945239439 Penicillium-mb
9 10 -0.19460015880844733 0.6758561194891272 Penicillium-polonicum
9 10 0.6790917108212715 0.0934005521937934 Penicillium-solitum
9 10 0.6555560966462883 0.10990595277876092 Penicillium-commune
9 10 0.7125425174655882 0.07236185033581588 Penicillium-chrysogenum
9 10 0.3061318972532074 0.5043006449454073 Penicillium-cvjetkovicii
9 10 0.7335265636963653 0.060617681900639785 Penicillium-brevicompactum
9 12 -0.14503497010378502 0.7563624220440357 Penicillium-verrucosum
9 12 -0.1449301337039228 0.7565348158755902 Penicillium-mb
9 12 -0.22998447525889357 0.6198093613585821 Penicillium-polonicum
9 12 0.36841373729026544 0.416127692968013 Penicillium-solitum
9 12 0.3318814096551587 0.46709000705024467 Penicillium-commune
9 12 0.3861546313421624 0.39220677031925694 Penicillium-chrysogenum
9 12 -0.5510771021379992 0.19978855213145444 Penicillium-cvjetkovicii
9 12 -0.09847827928151671 0.8336275628056369 Penicillium-brevicompactum
9 10 0.7433215113119201 0.0555186987185427 Penicillium-verrucosum
9 10 0.7029226035220018 0.07812049815083927 Penicillium-mb
9 10 -0.14273923531812754 0.7601393751150913 Penicillium-polonicum
9 10 0.7214227168712669 0.06725514737945548 Penicillium-solitum
9 10 0.709048101569036 0.07442641528885814 Penicillium-commune
9 10 0.7534430431340329 0.050504922015756376 Penicillium-chrysogenum
9 10 0.299540832040008 0.5139865236578063 Penicillium-cvjetkovicii
9 10 0.6943992116773767 0.08341962364673257 Penicillium-brevicompactum
9 10 0.24431348605834943 0.5975072203507081 Penicillium-verrucosum
9 10 0.23517716315671577 0.6116995323201375 Penicillium-mb
9 10 -0.18404345592704957 0.692822645266981 Penicillium-polonicum
9 10 0.2369167539234276 0.6089896636916772 Penicillium-solitum
9 10 0.25514637539613383 0.5808102564464988 Penicillium-commune
9 10 0.36301793516836417 0.42351301857897017 Penicillium-chrysogenum
9 10 -0.37246562663174493 0.41061515657162134 Penicillium-cvjetkovicii
9 10 -0.4599571687559113 0.2990590786971506 Penicillium-brevicompactum
7 6 0.6880657404566098 0.08747697566826976 Penicillium-verrucosum
7 6 0.6247749965300825 0.1335974231011384 Penicillium-mb
7 6 -0.25559782124243485 0.5801175931559008 Penicillium-polonicum
7 6 0.6771130446884405 0.09473415238561804 Penicillium-solitum
7 6 0.6373730901038608 0.12361425977382885 Penicillium-commune
7 6 0.7236061797901578 0.0660302503020563 Penicillium-chrysogenum
7 6 -0.23664377471300446 0.6094146663360023 Penicillium-cvjetkovicii
7 6 -0.6527200412713443 0.11198936471157907 Penicillium-brevicompactum
9 8 0.7361696930354448 0.05921776694746251 Penicillium-verrucosum
9 8 0.7024836557778866 0.07838888150958065 Penicillium-mb
9 8 -0.16441749345399723 0.7246336383850913 Penicillium-polonicum
9 8 0.7079809733195082 0.07506309181873544 Penicillium-solitum
9 8 0.6933300438226409 0.0840973947631886 Penicillium-commune
9 8 0.7545797968051177 0.049957986260772184 Penicillium-chrysogenum
9 8 0.2998106934554455 0.5135886997211301 Penicillium-cvjetkovicii
9 8 0.6953279503386387 0.08283323498654191 Penicillium-brevicompactum
11 12 -0.07998707983553935 0.8646436872168847 Penicillium-verrucosum
11 12 0.37455099878927905 0.4077892870603626 Penicillium-mb
11 12 0.3712636333667643 0.412247447530782 Penicillium-polonicum
11 12 -0.09657750001375145 0.8368084947487596 Penicillium-solitum
11 12 0.3578828999947787 0.4305880159924809 Penicillium-commune
11 12 0.43964169813097737 0.3236286861468967 Penicillium-chrysogenum
11 12 0.33522488464635253 0.4623343545578562 Penicillium-cvjetkovicii
11 12 -0.6159329275021992 0.14083983672053207 Penicillium-brevicompactum
9 10 0.7703128681355806 0.04272210717486963 Penicillium-verrucosum
9 10 0.7443329164541973 0.05500603957679556 Penicillium-mb
9 10 -0.09877771344623777 0.8331266267504501 Penicillium-polonicum
9 10 0.76587750382163 0.04469908776221412 Penicillium-solitum
9 10 0.7398613335434311 0.0572921831941547 Penicillium-commune
9 10 0.788240509360763 0.03523121021207742 Penicillium-chrysogenum
9 10 0.2927964390276607 0.5239631674216461 Penicillium-cvjetkovicii
9 10 0.6793098677830154 0.09325412497542213 Penicillium-brevicompactum
7 10 0.39264782887247607 0.3835932504382171 Penicillium-verrucosum
7 10 0.370282576294685 0.4135815904497846 Penicillium-mb
7 10 -0.408501919624326 0.3628899797884699 Penicillium-polonicum
7 10 0.13476502311117045 0.7732876640211885 Penicillium-solitum
7 10 0.09780503416906125 0.8347540261922451 Penicillium-commune
7 10 0.4233264645214507 0.3439626565231043 Penicillium-chrysogenum
7 10 -0.030065671202628166 0.9489819973349121 Penicillium-cvjetkovicii
7 10 -0.6246195739739357 0.13372305332764048 Penicillium-brevicompactum
11 12 -0.19932645168376403 0.6682948865792009 Penicillium-verrucosum
11 12 0.36552217361972944 0.42007914955785086 Penicillium-mb
11 12 -0.12761890999702985 0.7851073565822541 Penicillium-polonicum
11 12 -0.22286179595948805 0.630983272429166 Penicillium-solitum
11 12 0.35963338389807975 0.4281711484516524 Penicillium-commune
11 12 0.4273264418511808 0.3389287066506518 Penicillium-chrysogenum
11 12 0.41993896061103675 0.3482502614454507 Penicillium-cvjetkovicii
11 12 0.3223976726738005 0.4806758296078464 Penicillium-brevicompactum
11 12 0.15575535999763074 0.738777144190027 Penicillium-verrucosum
11 12 0.12539087711424127 0.788799346619211 Penicillium-mb
11 12 -0.5202916252066163 0.23125332030833634 Penicillium-polonicum
11 12 0.23391062187502623 0.6136747199635688 Penicillium-solitum
11 12 0.26991593059011837 0.5582843037668814 Penicillium-commune
11 12 0.17757768337257615 0.703265370952127 Penicillium-chrysogenum
11 12 -0.06087802861912422 0.8968416562611732 Penicillium-cvjetkovicii
11 12 -0.5011758516922522 0.25187495843159763 Penicillium-brevicompactum
7 8 0.8503286308599093 0.01533060474960666 Penicillium-verrucosum
7 8 0.7893545122113254 0.03479204736271076 Penicillium-mb
7 8 0.1137548414806405 0.8081308319658881 Penicillium-polonicum
7 8 0.862818765041529 0.012416646749542641 Penicillium-solitum
7 8 0.8057982459230729 0.02866427964121903 Penicillium-commune
7 8 0.8661740552247746 0.011693290551501397 Penicillium-chrysogenum
7 8 -0.2641262482399126 0.5670809022158363 Penicillium-cvjetkovicii
7 8 -0.6527200412713444 0.11198936471157896 Penicillium-brevicompactum
9 12 0.38966615447781816 0.3875390116847994 Penicillium-verrucosum
9 12 0.18718523618774338 0.687762249692278 Penicillium-mb
9 12 0.06659832834240832 0.8871897308901352 Penicillium-polonicum
9 12 0.3556176138430134 0.433723401549896 Penicillium-solitum
9 12 0.18854165797044697 0.6855803394782716 Penicillium-commune
9 12 0.43913800988874646 0.32424851207748706 Penicillium-chrysogenum
9 12 0.7859109758156585 0.03615947197605316 Penicillium-cvjetkovicii
9 12 -0.36130834509268034 0.42586345654764424 Penicillium-brevicompactum
11 6 0.33783409161669203 0.45863558497630913 Penicillium-verrucosum
11 6 0.2948094613500897 0.5209785526637623 Penicillium-mb
11 6 -0.30590464472889944 0.5046335370558248 Penicillium-polonicum
11 6 0.3721666857982749 0.41102087691227757 Penicillium-solitum
11 6 0.3593358238193493 0.4285816164617339 Penicillium-commune
11 6 0.4072736346859791 0.3644770860321196 Penicillium-chrysogenum
11 6 0.4233626899980126 0.34391692637478877 Penicillium-cvjetkovicii
11 6 -0.6467776518527707 0.11642039972374899 Penicillium-brevicompactum
7 4 0.6797329639668684 0.09297048672377958 Penicillium-verrucosum
7 4 0.6298280976610622 0.1295456559074533 Penicillium-mb
7 4 -0.1707048743929182 0.714406257224399 Penicillium-polonicum
7 4 0.6528293712723978 0.11190867359502708 Penicillium-solitum
7 4 0.6300488310986665 0.1293701124234425 Penicillium-commune
7 4 0.6996625981078397 0.08012545315527378 Penicillium-chrysogenum
7 4 -0.228717755565147 0.6217923856383317 Penicillium-cvjetkovicii
7 4 -0.6527200412713444 0.11198936471157896 Penicillium-brevicompactum
7 10 0.4077637149844745 0.3638434945436356 Penicillium-verrucosum
7 10 0.003951823561440781 0.993291228342436 Penicillium-mb
7 10 -0.41177023919429506 0.35868085210883804 Penicillium-polonicum
7 10 0.40053372093066314 0.37323662912126643 Penicillium-solitum
7 10 0.34297646985623675 0.4513781791023644 Penicillium-commune
7 10 0.44239218326879265 0.3202530209194193 Penicillium-chrysogenum
7 10 -0.07117509999621358 0.8794752223011798 Penicillium-cvjetkovicii
7 10 -0.5142943420427942 0.23763494573793484 Penicillium-brevicompactum
11 12 0.47456694389332865 0.2819189657698894 Penicillium-verrucosum
11 12 0.4356039433437252 0.32861175549752353 Penicillium-mb
11 12 -0.2872363193468692 0.5322368082263801 Penicillium-polonicum
11 12 0.4427218006591582 0.3198495064195214 Penicillium-solitum
11 12 0.04446381230753773 0.9245904828805189 Penicillium-commune
11 12 0.5028707642631451 0.25001362340638794 Penicillium-chrysogenum
11 12 -0.22512192067901815 0.6274314749538007 Penicillium-cvjetkovicii
11 12 -0.6322709821446324 0.1276096600812746 Penicillium-brevicompactum
9 10 0.8953561616527393 0.006426092553385656 Penicillium-verrucosum
9 10 0.9113372116229753 0.004284114013828922 Penicillium-mb
9 10 0.388158303200304 0.3895406003635472 Penicillium-polonicum
9 10 0.9123352455170373 0.004166865680500587 Penicillium-solitum
9 10 0.9071665090056866 0.004794771926950034 Penicillium-commune
9 10 0.9727521918677171 0.0002319603245516368 Penicillium-chrysogenum
9 10 -0.306490092401822 0.5037760964595686 Penicillium-cvjetkovicii
9 10 -0.6527200412713443 0.11198936471157907 Penicillium-brevicompactum
9 8 0.5105953300183632 0.24161133512371724 Penicillium-verrucosum
9 8 0.4773870987888503 0.27866235155348 Penicillium-mb
9 8 -0.32339399791296275 0.47924192045934283 Penicillium-polonicum
9 8 0.5050626694168403 0.24761592835202853 Penicillium-solitum
9 8 0.3405216055011769 0.454837335726432 Penicillium-commune
9 8 0.3901435329118754 0.38690618380091246 Penicillium-chrysogenum
9 8 -0.15470534823436027 0.7404956590747247 Penicillium-cvjetkovicii
9 8 -0.6527200412713443 0.11198936471157907 Penicillium-brevicompactum
7 8 0.7764056807761267 0.04008655784322085 Penicillium-verrucosum
7 8 0.7526550089320002 0.05088598885182529 Penicillium-mb
7 8 -0.0861073086925224 0.854361014047138 Penicillium-polonicum
7 8 0.7777516182085252 0.03951683802258854 Penicillium-solitum
7 8 0.7514077084995199 0.051492345220012836 Penicillium-commune
7 8 0.801312471012494 0.030270271593999754 Penicillium-chrysogenum
7 8 0.29258293989902995 0.5242800521941902 Penicillium-cvjetkovicii
7 8 0.678998231901625 0.0934633323380015 Penicillium-brevicompactum
9 10 0.7139565179819171 0.07153526900135013 Penicillium-verrucosum
9 10 0.7074675906939715 0.0753704223853402 Penicillium-mb
9 10 -0.1432938672458036 0.7592265425288502 Penicillium-polonicum
9 10 0.7078895567850435 0.07511776815427387 Penicillium-solitum
9 10 0.703198030839932 0.07795234567236249 Penicillium-commune
9 10 0.7588110100620933 0.0479508137039434 Penicillium-chrysogenum
9 10 0.2992929586741312 0.5143520266775192 Penicillium-cvjetkovicii
9 10 0.6935781517683448 0.08393985400034173 Penicillium-brevicompactum
9 10 0.6494819536189264 0.1143928819777824 Penicillium-verrucosum
9 10 0.6134680749074567 0.1428932446541835 Penicillium-mb
9 10 -0.1927209755362957 0.6788685422517404 Penicillium-polonicum
9 10 0.6367442668451876 0.12410316922718671 Penicillium-solitum
9 10 0.6093264991591476 0.1463772318427346 Penicillium-commune
9 10 0.6730937678481038 0.09747368631626412 Penicillium-chrysogenum
9 10 0.33605005271729155 0.46116342216277767 Penicillium-cvjetkovicii
9 10 -0.6287032373734447 0.13044211292108 Penicillium-brevicompactum
9 10 0.44105140300848095 0.32189665288222313 Penicillium-verrucosum
9 10 0.38909572191905273 0.3882957412199623 Penicillium-mb
9 10 -0.37749234860019737 0.40381657357087897 Penicillium-polonicum
9 10 0.30918195252874214 0.49984019344163855 Penicillium-solitum
9 10 0.40566627079647116 0.36655832850622294 Penicillium-commune
9 10 0.4714372909290223 0.28555278160152375 Penicillium-chrysogenum
9 10 -0.0711750999962107 0.8794752223011846 Penicillium-cvjetkovicii
9 10 -0.6575273124035526 0.1084698103801343 Penicillium-brevicompactum
9 8 0.5551932443970633 0.1957482240567374 Penicillium-verrucosum
9 8 0.5929902963460679 0.1605300279211729 Penicillium-mb
9 8 -0.11656090252994916 0.8034615643894688 Penicillium-polonicum
9 8 0.6027512803783293 0.1519951010265469 Penicillium-solitum
9 8 0.5899159614480344 0.16326626218777038 Penicillium-commune
9 8 0.6219919173316073 0.13585610427980152 Penicillium-chrysogenum
9 8 -0.20613774369667964 0.6574372422071437 Penicillium-cvjetkovicii
9 8 -0.6527200412713443 0.11198936471157907 Penicillium-brevicompactum
9 8 0.7259999836732403 0.06470128965492153 Penicillium-verrucosum
9 8 0.7382335571807427 0.05813698169171186 Penicillium-mb
9 8 -0.022143138041958183 0.9624178565265549 Penicillium-polonicum
9 8 0.7582326717753248 0.04822250094837821 Penicillium-solitum
9 8 0.7144154582116162 0.07126808086533554 Penicillium-commune
9 8 0.800503050482995 0.030565285066900982 Penicillium-chrysogenum
9 8 -0.25393138770699886 0.582675709554116 Penicillium-cvjetkovicii
9 8 -0.6527200412713444 0.11198936471157896 Penicillium-brevicompactum
9 10 0.24166215045706121 0.6016155737029043 Penicillium-verrucosum
9 10 0.36615668727785083 0.4192108129094085 Penicillium-mb
9 10 -0.6266691985692066 0.13207113757912387 Penicillium-polonicum
9 10 0.40226672634852534 0.3709761696867529 Penicillium-solitum
9 10 0.36082042426977223 0.4265351975311953 Penicillium-commune
9 10 0.39152112187862353 0.3850823475302554 Penicillium-chrysogenum
9 10 -0.0711750999962137 0.8794752223011796 Penicillium-cvjetkovicii
9 10 -0.5805580317559577 0.17173593209026025 Penicillium-brevicompactum
9 10 0.7122490633975398 0.07253403246532815 Penicillium-verrucosum
9 10 0.6955535796964674 0.08269110816190899 Penicillium-mb
9 10 -0.16539390105074883 0.723043190699835 Penicillium-polonicum
9 10 0.7077023095726781 0.07522982736589903 Penicillium-solitum
9 10 0.6913088238205414 0.0853866414394187 Penicillium-commune
9 10 0.7422310814130478 0.056074315797425625 Penicillium-chrysogenum
9 10 0.31533975574966705 0.4908775007643452 Penicillium-cvjetkovicii
9 10 -0.5193993162501668 0.23219767418039264 Penicillium-brevicompactum
7 8 0.826205293154725 0.021971737927122998 Penicillium-verrucosum
7 8 0.7939131010655769 0.033026838537665984 Penicillium-mb
7 8 -0.033000978027633604 0.9440063016813934 Penicillium-polonicum
7 8 0.8116515052438555 0.026642201591021496 Penicillium-solitum
7 8 0.8049288029040775 0.02897172888010944 Penicillium-commune
7 8 0.8296289079313441 0.020946375383377815 Penicillium-chrysogenum
7 8 -0.2622873565180102 0.5698839785541828 Penicillium-cvjetkovicii
7 8 -0.6527200412713443 0.11198936471157907 Penicillium-brevicompactum
7 10 0.42808767577320284 0.33797425660653535 Penicillium-verrucosum
7 10 0.2827986568799064 0.5388713166061666 Penicillium-mb
7 10 -0.34900991178067525 0.44291858060008626 Penicillium-polonicum
7 10 0.3441626848798381 0.44971021963291463 Penicillium-solitum
7 10 0.36076445688028447 0.42661227626843745 Penicillium-commune
7 10 0.4579688679226345 0.3014262931470317 Penicillium-chrysogenum
7 10 -0.0711750999962107 0.8794752223011846 Penicillium-cvjetkovicii
7 10 -0.6575043595153094 0.10848647646042041 Penicillium-brevicompactum
7 8 0.855927035111737 0.013981048786040952 Penicillium-verrucosum
7 8 0.8596453647488008 0.013123797737373813 Penicillium-mb
7 8 0.2594132093181481 0.5742738451120202 Penicillium-polonicum
7 8 0.8577233560079716 0.013563035229511251 Penicillium-solitum
7 8 0.8585854162374937 0.01336500417569359 Penicillium-commune
7 8 0.9328720668717569 0.0021622836315307445 Penicillium-chrysogenum
7 8 -0.27102949176328894 0.5565974664786937 Penicillium-cvjetkovicii
7 8 -0.6527200412713444 0.11198936471157896 Penicillium-brevicompactum
9 8 0.3716466968230719 0.4117269767120629 Penicillium-verrucosum
9 8 0.4160218728902335 0.353235926551231 Penicillium-mb
9 8 -0.25318300465118754 0.583825672391677 Penicillium-polonicum
9 8 0.4652099571978727 0.2928448843913248 Penicillium-solitum
9 8 0.3828527693942568 0.3966162418520046 Penicillium-commune
9 8 0.5133131564988644 0.2386867180255805 Penicillium-chrysogenum
9 8 -0.14387173200719544 0.7582757088801624 Penicillium-cvjetkovicii
9 8 -0.6527200412713443 0.11198936471157907 Penicillium-brevicompactum
9 10 0.3925073349763987 0.3837788049993285 Penicillium-verrucosum
9 10 0.3563156939044563 0.4327562598500657 Penicillium-mb
9 10 -0.5825909765118173 0.16987797380625339 Penicillium-polonicum
9 10 0.31098628934330463 0.4972080516782955 Penicillium-solitum
9 10 0.35026313619871813 0.441168987452258 Penicillium-commune
9 10 0.34762879889150583 0.44484974532061744 Penicillium-chrysogenum
9 10 -0.07117509999621356 0.8794752223011798 Penicillium-cvjetkovicii
9 10 -0.6609982740058992 0.10596485209696076 Penicillium-brevicompactum
9 8 0.549469002890726 0.20137782055140294 Penicillium-verrucosum
9 8 0.5100599815383674 0.24218936534152993 Penicillium-mb
9 8 -0.14878926511302631 0.7501941664948354 Penicillium-polonicum
9 8 0.4417562602496678 0.32103213211056825 Penicillium-solitum
9 8 0.5023309342461691 0.25060576950864805 Penicillium-commune
9 8 0.5672234036149748 0.18416864179349268 Penicillium-chrysogenum
9 8 -0.20461639786157992 0.6598582863474255 Penicillium-cvjetkovicii
9 8 -0.6527200412713442 0.1119893647115791 Penicillium-brevicompactum
11 12 0.3458838002394167 0.44729424597468137 Penicillium-verrucosum
11 12 0.3289446558090938 0.4712818612064974 Penicillium-mb
11 12 -0.5074016329904804 0.24506913249942905 Penicillium-polonicum
11 12 0.2689144267429852 0.5598027972102804 Penicillium-solitum
11 12 0.32551422871940944 0.47619564332524533 Penicillium-commune
11 12 0.3079012874515499 0.5017113697553199 Penicillium-chrysogenum
11 12 0.30694526859643395 0.5031098019679605 Penicillium-cvjetkovicii
11 12 -0.5087166964961829 0.24364256482035568 Penicillium-brevicompactum
11 12 0.10161793650680362 0.8283773486873919 Penicillium-verrucosum
11 12 0.11417630956843616 0.8074292198322915 Penicillium-mb
11 12 -0.12749526182988316 0.7853121659773628 Penicillium-polonicum
11 12 0.1148828858923933 0.8062532223499683 Penicillium-solitum
11 12 0.012760251157341829 0.9783392883767512 Penicillium-commune
11 12 -0.06294302936245609 0.8933561399556835 Penicillium-chrysogenum
11 12 -0.7272945774852895 0.06398864514036821 Penicillium-cvjetkovicii
11 12 -0.2525818547058212 0.5847499034334598 Penicillium-brevicompactum
7 10 0.5031502071833875 0.2497073524483087 Penicillium-verrucosum
7 10 0.5564146966323417 0.19455692828420848 Penicillium-mb
7 10 0.07482065846270076 0.8733357423079862 Penicillium-polonicum
7 10 0.5552262862677537 0.19571595176476766 Penicillium-solitum
7 10 0.5563353915197908 0.19463416883859766 Penicillium-commune
7 10 -0.9400399173389521 0.001636871592223553 Penicillium-chrysogenum
7 10 -0.4469741951628209 0.3146635055197316 Penicillium-cvjetkovicii
7 10 -0.6454407729466852 0.11742949630087257 Penicillium-brevicompactum
9 8 0.3695624249180512 0.4145620001006331 Penicillium-verrucosum
9 8 0.20920009928398428 0.6525710883445174 Penicillium-mb
9 8 -0.3584622684631618 0.4297875119517129 Penicillium-polonicum
9 8 0.3659437281321355 0.4195021712380333 Penicillium-solitum
9 8 0.3389348541290471 0.45707846423724635 Penicillium-commune
9 8 0.38236140783971423 0.3972741127007803 Penicillium-chrysogenum
9 8 -0.12982472127224362 0.7814553413344704 Penicillium-cvjetkovicii
9 8 -0.547800379664619 0.20303329604932638 Penicillium-brevicompactum
11 12 0.2578053729028045 0.5767341996017036 Penicillium-verrucosum
11 12 0.21073138392502877 0.6501414974460469 Penicillium-mb
11 12 -0.447817584486839 0.3136393189254107 Penicillium-polonicum
11 12 0.2450302503901739 0.5963980174061714 Penicillium-solitum
11 12 0.20654717306672715 0.6567860885550223 Penicillium-commune
11 12 0.2672036081005175 0.5623998212425791 Penicillium-chrysogenum
11 12 -0.07117509999621167 0.879475222301183 Penicillium-cvjetkovicii
11 12 -0.642723576913964 0.11949430355427929 Penicillium-brevicompactum
7 10 0.3075710284210293 0.5021943075797912 Penicillium-verrucosum
7 10 0.24573822530782788 0.5953030263913258 Penicillium-mb
7 10 -0.5162735962074881 0.23551988737556007 Penicillium-polonicum
7 10 0.29522516827172873 0.5203629263988352 Penicillium-solitum
7 10 0.24938707346049088 0.5896692060902904 Penicillium-commune
7 10 0.3275202442272355 0.4733199537693386 Penicillium-chrysogenum
7 10 -0.07117509999620834 0.8794752223011886 Penicillium-cvjetkovicii
7 10 -0.6665078570566213 0.10205114998368983 Penicillium-brevicompactum
11 12 0.43277616987912715 0.3321209624666486 Penicillium-verrucosum
11 12 0.02699349093285947 0.9541911200690898 Penicillium-mb
11 12 -0.17657543428532463 0.7048874450406076 Penicillium-polonicum
11 12 0.04764187353903824 0.9192124001244618 Penicillium-solitum
11 12 0.3593769915824327 0.42852481874691273 Penicillium-commune
11 12 0.45016704334808344 0.31079386192066283 Penicillium-chrysogenum
11 12 -0.14119705883089595 0.762678703719688 Penicillium-cvjetkovicii
11 12 -0.54431022684401 0.20651694764523112 Penicillium-brevicompactum
11 12 0.18551617850099741 0.6904494223296661 Penicillium-verrucosum
11 12 0.17497333118718736 0.707482187924529 Penicillium-mb
11 12 -0.6198283393885081 0.13762528795106688 Penicillium-polonicum
11 12 0.1959863041352166 0.673636258965904 Penicillium-solitum
11 12 0.16872123176758125 0.7176293543575343 Penicillium-commune
11 12 0.2385353479590246 0.6064714645951021 Penicillium-chrysogenum
11 12 -0.07117509999621369 0.8794752223011797 Penicillium-cvjetkovicii
11 12 -0.651370591124548 0.11298780620153162 Penicillium-brevicompactum
11 12 0.5367260298478982 0.21418453375386493 Penicillium-verrucosum
11 12 0.5110579726351342 0.24111232355036388 Penicillium-mb
11 12 -0.7826332059461172 0.037488332331172484 Penicillium-polonicum
11 12 0.5290109810568819 0.2221205195945006 Penicillium-solitum
11 12 0.5071731734772824 0.24531735588959108 Penicillium-commune
11 12 -0.08140531154085466 0.8622595021907269 Penicillium-chrysogenum
11 12 0.08324817561215304 0.8591627127926144 Penicillium-cvjetkovicii
11 12 -0.5178088464235518 0.2338853717341221 Penicillium-brevicompactum
5 10 0.5605280014793682 0.1905710356863721 Penicillium-verrucosum
5 10 0.5291932159937773 0.2219314919365357 Penicillium-mb
5 10 -0.20777682963461688 0.654831489760501 Penicillium-polonicum
5 10 0.4684197520642164 0.2890760623705532 Penicillium-solitum
5 10 0.5333971930663738 0.21759193029034288 Penicillium-commune
5 10 0.5919467651602174 0.1614562225530263 Penicillium-chrysogenum
5 10 0.35436892151902855 0.43545543506713436 Penicillium-cvjetkovicii
5 10 -0.6382539261571677 0.12293107376844027 Penicillium-brevicompactum
5 10 0.7069645474185268 0.07567221443451941 Penicillium-verrucosum
5 10 0.6673903558647125 0.10143140590894358 Penicillium-mb
5 10 -0.09559989352830688 0.8384451987794511 Penicillium-polonicum
5 10 0.7008214755454186 0.0794096253312578 Penicillium-solitum
5 10 0.67631653207977 0.09527379849525697 Penicillium-commune
5 10 0.7211595069244634 0.06740362427235197 Penicillium-chrysogenum
5 10 0.3126980453377307 0.49471549512117297 Penicillium-cvjetkovicii
5 10 -0.3567021638877422 0.43222118764886297 Penicillium-brevicompactum
9 8 0.37781905493773577 0.4033762585287115 Penicillium-verrucosum
9 8 0.37405310200151 0.40846328497979273 Penicillium-mb
9 8 0.06690209903180978 0.886677476518306 Penicillium-polonicum
9 8 0.3723074239124818 0.41082984856817645 Penicillium-solitum
9 8 0.3780929736780871 0.4030072339676941 Penicillium-commune
9 8 0.2936614894704707 0.5226798872110787 Penicillium-chrysogenum
9 8 0.6717077669919566 0.09842788139281904 Penicillium-cvjetkovicii
9 8 -0.4109637386367316 0.35971761715650924 Penicillium-brevicompactum
7 12 0.3247496012159285 0.47729342441631917 Penicillium-verrucosum
7 12 0.26856226914413195 0.5603370578890603 Penicillium-mb
7 12 0.144988572388778 0.7564387178347878 Penicillium-polonicum
7 12 -0.003898972393518494 0.9933809491979477 Penicillium-solitum
7 12 -0.12966622328743402 0.7817176501885303 Penicillium-commune
7 12 0.06283747815606769 0.8935342672106559 Penicillium-chrysogenum
7 12 0.338840214639416 0.4572122624803064 Penicillium-cvjetkovicii
7 12 -0.7457703646181728 0.05428188401959615 Penicillium-brevicompactum
9 10 0.6689224882877012 0.1003601323213342 Penicillium-verrucosum
9 10 0.6206611055774294 0.13694295150875196 Penicillium-mb
9 10 -0.1983512082756319 0.6698533006728198 Penicillium-polonicum
9 10 0.659674130039499 0.10691688502818751 Penicillium-solitum
9 10 0.6173069888039097 0.13970165644589447 Penicillium-commune
9 10 0.6936530093560842 0.08389235254034011 Penicillium-chrysogenum
9 10 0.3525512111681005 0.437981442133089 Penicillium-cvjetkovicii
9 10 -0.6376848934332691 0.12337219978383003 Penicillium-brevicompactum
11 12 0.30195309876608234 0.5104341827213215 Penicillium-verrucosum
11 12 0.1150479278296061 0.8059785748657001 Penicillium-mb
11 12 -0.19349444461500295 0.6776282197974581 Penicillium-polonicum
11 12 0.2886486526788599 0.5301310753785948 Penicillium-solitum
11 12 0.10950535303738743 0.8152105461898356 Penicillium-commune
11 12 0.08867781622562335 0.8500470857672968 Penicillium-chrysogenum
11 12 -0.2842969060932894 0.5366283040692685 Penicillium-cvjetkovicii
11 12 -0.5905221555149353 0.16272491786387067 Penicillium-brevicompactum
11 12 0.314795107263169 0.4916679225467181 Penicillium-verrucosum
11 12 0.23510755905348352 0.6118080324193582 Penicillium-mb
11 12 -0.1339140124921809 0.7746934518432447 Penicillium-polonicum
11 12 0.27717098137466767 0.5473240253435567 Penicillium-solitum
11 12 0.312741688621557 0.4946520022381161 Penicillium-commune
11 12 0.34480347490114704 0.44881015552367 Penicillium-chrysogenum
11 12 -0.25780858763045134 0.5767292770607322 Penicillium-cvjetkovicii
11 12 -0.7395746850174303 0.05744046335163273 Penicillium-brevicompactum
11 12 0.4141790210206591 0.3555917456747532 Penicillium-verrucosum
11 12 -0.6287676936024784 0.13039065943839678 Penicillium-mb
11 12 0.13637564616855524 0.770628420081217 Penicillium-polonicum
11 12 0.41677223357181736 0.35227857238585214 Penicillium-solitum
11 12 0.4317515700917586 0.3333963947843409 Penicillium-commune
11 12 -0.6340807614829937 0.12618500196522808 Penicillium-chrysogenum
11 12 -0.27786531289292293 0.5462788076792173 Penicillium-cvjetkovicii
11 12 -0.053128601140943185 0.9099333243622653 Penicillium-brevicompactum
7 10 0.6037323052586366 0.15115017972606282 Penicillium-verrucosum
7 10 0.6053734242644285 0.1497420180241452 Penicillium-mb
7 10 0.17390307995112578 0.7092168071955521 Penicillium-polonicum
7 10 0.6047744081284737 0.150255238112743 Penicillium-solitum
7 10 0.6050161068634686 0.15004805152636141 Penicillium-commune
7 10 -0.1869637665456003 0.6881186648291135 Penicillium-chrysogenum
7 10 0.28792967173592104 0.5312026973404073 Penicillium-cvjetkovicii
7 10 -0.8044871982161413 0.029128591566618123 Penicillium-brevicompactum
11 10 0.6107146088772276 0.14520481434983848 Penicillium-verrucosum
11 10 0.6904343845396381 0.08594762844719607 Penicillium-mb
11 10 0.09520385684184147 0.8391083735712876 Penicillium-polonicum
11 10 0.6131151976477268 0.1431884452259421 Penicillium-solitum
11 10 0.687087827273825 0.0881125398401514 Penicillium-commune
11 10 0.7428117487497046 0.05577806800805044 Penicillium-chrysogenum
11 10 -0.18879441992978896 0.6851739435760764 Penicillium-cvjetkovicii
11 10 -0.6527200412713442 0.1119893647115791 Penicillium-brevicompactum
11 10 0.50071004275444 0.25238761701737483 Penicillium-verrucosum
11 10 0.48760097452675516 0.26701045141557384 Penicillium-mb
11 10 -0.304040664974977 0.5073668843390489 Penicillium-polonicum
11 10 0.40263566785060323 0.3704956645143716 Penicillium-solitum
11 10 0.4839728327019302 0.27112367155212075 Penicillium-commune
11 10 0.5171286697990773 0.2346088713915245 Penicillium-chrysogenum
11 10 -0.1986684227335074 0.6693462965068524 Penicillium-cvjetkovicii
11 10 -0.6527200412713442 0.1119893647115791 Penicillium-brevicompactum
11 12 -0.09580149384880313 0.8381076424368593 Penicillium-verrucosum
11 12 0.23255104554636993 0.6157970644255075 Penicillium-mb
11 12 0.0897683873898497 0.8482177388359744 Penicillium-polonicum
11 12 -0.13928700702043748 0.7658261163848019 Penicillium-solitum
11 12 -0.0677632185047836 0.8852255251271602 Penicillium-commune
11 12 0.325535884091867 0.47616456589101186 Penicillium-chrysogenum
11 12 0.5130653546896136 0.2389526885019362 Penicillium-cvjetkovicii
11 12 0.2400387698578598 0.6041352179887225 Penicillium-brevicompactum
9 12 0.29631941338131756 0.5187436309251217 Penicillium-verrucosum
9 12 0.28198485391172456 0.5400909527732598 Penicillium-mb
9 12 -0.016655747411831887 0.971728246867252 Penicillium-polonicum
9 12 0.293914819421533 0.5223042811051393 Penicillium-solitum
9 12 0.2644580889444194 0.5665755342072312 Penicillium-commune
9 12 0.7268552250527628 0.0642300210184002 Penicillium-chrysogenum
9 12 -0.7228633585533297 0.06644560310059258 Penicillium-cvjetkovicii
9 12 -0.3398074193544992 0.45584554554868095 Penicillium-brevicompactum
7 10 0.3993663638359934 0.3747624460611788 Penicillium-verrucosum
7 10 0.17460916302712726 0.7080723042260534 Penicillium-mb
7 10 0.07518689432239313 0.8727192400976829 Penicillium-polonicum
7 10 0.17058444903040998 0.7146018331601911 Penicillium-solitum
7 10 0.18548341285851125 0.6905022007715633 Penicillium-commune
7 10 0.4102950253608306 0.36057819643994093 Penicillium-chrysogenum
7 10 -0.805789319741618 0.028667426748081586 Penicillium-cvjetkovicii
7 10 -0.19520862870316527 0.6748814466754806 Penicillium-brevicompactum
11 12 0.5850061049708577 0.1676836830966189 Penicillium-verrucosum
11 12 -0.8241094980002981 0.022613124580732374 Penicillium-mb
11 12 -0.07372034607192794 0.8751882559853953 Penicillium-polonicum
11 12 0.534754451589426 0.21619956093041182 Penicillium-solitum
11 12 0.5838095094073731 0.16876910284253616 Penicillium-commune
11 12 0.5533704193797855 0.19753256915402484 Penicillium-chrysogenum
11 12 -0.2685961307942625 0.5602856790469544 Penicillium-cvjetkovicii
11 12 -0.2524667787879233 0.5849268768986725 Penicillium-brevicompactum
9 8 0.6062879440482156 0.14896018181747409 Penicillium-verrucosum
9 8 0.5563636667933883 0.1946066279594659 Penicillium-mb
9 8 -0.30573780361244796 0.5048779839493827 Penicillium-polonicum
9 8 0.59443976966657 0.15924793018110742 Penicillium-solitum
9 8 0.556465407141239 0.19450754568931305 Penicillium-commune
9 8 0.632295051240461 0.12759065926069316 Penicillium-chrysogenum
9 8 -0.16754039566366358 0.7195496061516886 Penicillium-cvjetkovicii
9 8 -0.6527200412713442 0.1119893647115791 Penicillium-brevicompactum
7 10 0.6304074941573908 0.12908513606457325 Penicillium-verrucosum
7 10 0.589183375801524 0.16392166652326975 Penicillium-mb
7 10 -0.22647683289030676 0.6253049558823954 Penicillium-polonicum
7 10 0.6184864173885399 0.13872842121909448 Penicillium-solitum
7 10 0.5867239918887167 0.16613145521478032 Penicillium-commune
7 10 0.6538081182995111 0.11118764960814546 Penicillium-chrysogenum
7 10 -0.07117509999621424 0.8794752223011787 Penicillium-cvjetkovicii
7 10 -0.6571441338375797 0.10874821026001213 Penicillium-brevicompactum
9 10 0.5457106192711486 0.20511575511465863 Penicillium-verrucosum
9 10 0.4854406092217254 0.26945622695055593 Penicillium-mb
9 10 -0.2474303464562492 0.5926883699190186 Penicillium-polonicum
9 10 0.4980998035021367 0.25526923962308645 Penicillium-solitum
9 10 0.48933659691959164 0.2650528613157729 Penicillium-commune
9 10 0.5741615791956962 0.17764662946046716 Penicillium-chrysogenum
9 10 -0.0711750999962107 0.8794752223011846 Penicillium-cvjetkovicii
9 10 -0.6544658381312668 0.11070447602158849 Penicillium-brevicompactum
9 10 0.4391667753699302 0.32421310027920164 Penicillium-verrucosum
9 10 0.40982805222690255 0.3611796580409435 Penicillium-mb
9 10 -0.4281248525449036 0.33792767286953296 Penicillium-polonicum
9 10 0.44364526778621016 0.31872017683832815 Penicillium-solitum
9 10 0.3863611089269174 0.39193168544832824 Penicillium-commune
9 10 0.4799140919816496 0.275758701475932 Penicillium-chrysogenum
9 10 -0.0711750999962137 0.8794752223011796 Penicillium-cvjetkovicii
9 10 -0.6638773872726222 0.10391011527036058 Penicillium-brevicompactum
7 8 0.8668119932170181 0.01155857336782824 Penicillium-verrucosum
7 8 0.8544811344505483 0.014322799981677129 Penicillium-mb
7 8 0.1415353648891284 0.7621215075741421 Penicillium-polonicum
7 8 0.8604784130041515 0.012935989609268752 Penicillium-solitum
7 8 0.8588923151761699 0.013294906134734753 Penicillium-commune
7 8 0.903220856434056 0.005308991801482315 Penicillium-chrysogenum
7 8 -0.26771665254284155 0.5616206154201551 Penicillium-cvjetkovicii
7 8 -0.6527200412713442 0.1119893647115791 Penicillium-brevicompactum
9 4 0.3382591318800366 0.45803409707550335 Penicillium-verrucosum
9 4 0.30606893693649684 0.5043928650373568 Penicillium-mb
9 4 -0.3205798179881508 0.4832960548675525 Penicillium-polonicum
9 4 0.243758628824004 0.5983662955187874 Penicillium-solitum
9 4 0.22809463690813492 0.6227685336719794 Penicillium-commune
9 4 0.23748082877914853 0.6081117296917368 Penicillium-chrysogenum
9 4 0.2106997694592908 0.6501916332744253 Penicillium-cvjetkovicii
9 4 -0.44541703877451194 0.3165582738095801 Penicillium-brevicompactum
9 8 0.6280743605320274 0.1309446693099215 Penicillium-verrucosum
9 8 0.6142762543946265 0.14221831731844087 Penicillium-mb
9 8 -0.15385665432215676 0.7418853120281981 Penicillium-polonicum
9 8 0.6019586761273221 0.15267946423712384 Penicillium-solitum
9 8 0.6074379509112593 0.14797993946965965 Penicillium-commune
9 8 0.6460433765407336 0.11697408627859934 Penicillium-chrysogenum
9 8 -0.1978529807871253 0.670649819208352 Penicillium-cvjetkovicii
9 8 -0.6527200412713442 0.1119893647115791 Penicillium-brevicompactum
11 8 0.2257709780128818 0.6264125303484116 Penicillium-verrucosum
11 8 0.1581221237338475 0.7349067276886752 Penicillium-mb
11 8 -0.26347337210798893 0.5680755995187439 Penicillium-polonicum
11 8 0.26895120745407525 0.5597470063762191 Penicillium-solitum
11 8 0.2553835414283672 0.5804463354344441 Penicillium-commune
11 8 0.24885202146648494 0.5904943069347652 Penicillium-chrysogenum
11 8 -0.0711750999962127 0.8794752223011812 Penicillium-cvjetkovicii
11 8 -0.7413905116912437 0.05650467510520803 Penicillium-brevicompactum
7 4 0.7340446652368671 0.06034187564214996 Penicillium-verrucosum
7 4 0.6840122567110903 0.09012725766448704 Penicillium-mb
7 4 -0.2538491371342146 0.5828020612695448 Penicillium-polonicum
7 4 0.7146584842705107 0.0711268118932111 Penicillium-solitum
7 4 0.6736343940613944 0.09710281134561256 Penicillium-commune
7 4 0.7702374680461661 0.04275530378945851 Penicillium-chrysogenum
7 4 -0.23283368768297238 0.615355674825246 Penicillium-cvjetkovicii
7 4 -0.6527200412713443 0.11198936471157907 Penicillium-brevicompactum
5 8 0.603054322129238 0.15173385040315734 Penicillium-verrucosum
5 8 0.5138094909789329 0.23815440699054813 Penicillium-mb
5 8 -0.2843058770848161 0.5366148830657389 Penicillium-polonicum
5 8 0.5953281639375985 0.15846464959955814 Penicillium-solitum
5 8 0.5598628170360785 0.19121290860251014 Penicillium-commune
5 8 0.5872305640655151 0.16567509564951985 Penicillium-chrysogenum
5 8 0.06919505763468345 0.8828118383028605 Penicillium-cvjetkovicii
5 8 -0.6516770363973277 0.11276066877685963 Penicillium-brevicompactum
9 12 0.3426244781725727 0.4518735658022356 Penicillium-verrucosum
9 12 0.13088356203919577 0.7797034188248987 Penicillium-mb
9 12 -0.4843558729874913 0.2706880761152532 Penicillium-polonicum
9 12 0.12721720584529164 0.7857727706503853 Penicillium-solitum
9 12 0.3040474163023897 0.5073569749004625 Penicillium-commune
9 12 0.1812426411089317 0.6973415271670582 Penicillium-chrysogenum
9 12 -0.12335900741626275 0.7921690253309817 Penicillium-cvjetkovicii
9 12 -0.5654251975358188 0.18587770584947716 Penicillium-brevicompactum
9 12 0.4301601532872989 0.3353815339263831 Penicillium-verrucosum
9 12 0.20151335848224683 0.6648037116181258 Penicillium-mb
9 12 -0.3786773514172084 0.40222040481288784 Penicillium-polonicum
9 12 0.4327584314643715 0.33214302569401255 Penicillium-solitum
9 12 0.39552127049635866 0.3798061875952 Penicillium-commune
9 12 0.2579002410843853 0.576588938531466 Penicillium-chrysogenum
9 12 -0.20563953514300629 0.6582298218996367 Penicillium-cvjetkovicii
9 12 -0.6324260285358368 0.12748728743561255 Penicillium-brevicompactum
11 12 0.0550529791903403 0.9066807273565689 Penicillium-verrucosum
11 12 0.2515039637902228 0.5864082200378744 Penicillium-mb
11 12 -0.16658965430894623 0.7210965352908085 Penicillium-polonicum
11 12 0.04401208683163564 0.9253551057972016 Penicillium-solitum
11 12 0.05473603341710972 0.9072163609310736 Penicillium-commune
11 12 0.35162577071465007 0.4392696279265567 Penicillium-chrysogenum
11 12 0.21790463887514008 0.6387931875709153 Penicillium-cvjetkovicii
11 12 -0.28367394689577524 0.5375605518775874 Penicillium-brevicompactum
9 12 0.25500216991250513 0.5810315680734357 Penicillium-verrucosum
9 12 0.32106104753838444 0.48260192022990955 Penicillium-mb
9 12 -0.32752328973458245 0.4733155927468097 Penicillium-polonicum
9 12 0.3449985326500489 0.44853630855453586 Penicillium-solitum
9 12 0.19764944179887364 0.6709752884841427 Penicillium-commune
9 12 0.3718619747907013 0.41143459029062474 Penicillium-chrysogenum
9 12 -0.07117509999621273 0.8794752223011812 Penicillium-cvjetkovicii
9 12 -0.6613285638504465 0.10572807044393571 Penicillium-brevicompactum
5 8 0.49214044261201 0.2619042718897373 Penicillium-verrucosum
5 8 0.44692354747691765 0.314725056668781 Penicillium-mb
5 8 -0.3234959214986737 0.4790953194110459 Penicillium-polonicum
5 8 0.4977305046977801 0.25567814539627237 Penicillium-solitum
5 8 0.4656709811288547 0.2923022357739143 Penicillium-commune
5 8 0.48642719765057135 0.2683380449262589 Penicillium-chrysogenum
5 8 -0.07117509999621424 0.8794752223011787 Penicillium-cvjetkovicii
5 8 -0.659088026252968 0.10733969549515725 Penicillium-brevicompactum
9 10 0.7499030049162033 0.05222906264464898 Penicillium-verrucosum
9 10 0.7073130001040876 0.07546309773026276 Penicillium-mb
9 10 -0.09319656527019068 0.8424707986146079 Penicillium-polonicum
9 10 0.7429888365803387 0.0556878903896135 Penicillium-solitum
9 10 0.7040272436529886 0.07744726510328363 Penicillium-commune
9 10 0.7687906654730161 0.04339504734614965 Penicillium-chrysogenum
9 10 0.2978130092834812 0.5165361513340064 Penicillium-cvjetkovicii
9 10 0.6892345983269907 0.08672050336918656 Penicillium-brevicompactum
11 12 0.3961772645426619 0.37894375636534616 Penicillium-verrucosum
11 12 0.38029474139435004 0.4000458680183202 Penicillium-mb
11 12 -0.7117541064319963 0.07282494181984471 Penicillium-polonicum
11 12 0.4106119358588932 0.36017025225592036 Penicillium-solitum
11 12 0.3697917205759002 0.41424973991125913 Penicillium-commune
11 12 0.1029494780637189 0.8261522348863084 Penicillium-chrysogenum
11 12 -0.07117509999621058 0.8794752223011848 Penicillium-cvjetkovicii
11 12 -0.6338055846687751 0.12640109406015357 Penicillium-brevicompactum
5 8 0.5858552177618804 0.1669155599410594 Penicillium-verrucosum
5 8 0.5455366317701853 0.20528959368365343 Penicillium-mb
5 8 -0.2757262663855529 0.5495009329223227 Penicillium-polonicum
5 8 0.5815494463451343 0.17082860987026405 Penicillium-solitum
5 8 0.5497893045979239 0.2010607870361425 Penicillium-commune
5 8 0.612476756279262 0.1437233159154313 Penicillium-chrysogenum
5 8 -0.0711750999962127 0.8794752223011812 Penicillium-cvjetkovicii
5 8 -0.6539628734664338 0.11107386543206496 Penicillium-brevicompactum
7 10 0.5153023936131496 0.23655662693000137 Penicillium-verrucosum
7 10 0.41786221669636586 0.35088984360779535 Penicillium-mb
7 10 -0.14350537133157273 0.7588785001938132 Penicillium-polonicum
7 10 0.5076235993972805 0.2448280752471004 Penicillium-solitum
7 10 0.4754390111952785 0.2809101231381483 Penicillium-commune
7 10 0.5299891848345544 0.2211067442355496 Penicillium-chrysogenum
7 10 0.3222724812978577 0.48085611396863154 Penicillium-cvjetkovicii
7 10 -0.6005750812540421 0.1538777951928159 Penicillium-brevicompactum
11 12 0.08383345264666855 0.8581794990845213 Penicillium-verrucosum
11 12 0.20920009928398492 0.6525710883445165 Penicillium-mb
11 12 -0.28932119803108575 0.5291293230123459 Penicillium-polonicum
11 12 0.0785018462708813 0.8671413841657989 Penicillium-solitum
11 12 0.05119155172628656 0.9132083490317592 Penicillium-commune
11 12 -0.048250136606594454 0.9181833393784173 Penicillium-chrysogenum
11 12 -0.04248327955493365 0.9279432108268142 Penicillium-cvjetkovicii
11 12 -0.11286581283220534 0.8096111205856827 Penicillium-brevicompactum
9 8 0.7910610364145217 0.03412523931891717 Penicillium-verrucosum
9 8 0.7451986648693194 0.0545692677536637 Penicillium-mb
9 8 -0.11130007400585608 0.8122192696616407 Penicillium-polonicum
9 8 0.7758890851966559 0.04030642548785418 Penicillium-solitum
9 8 0.743720107133341 0.05531634997772431 Penicillium-commune
9 8 0.8156321943480834 0.02531431974144638 Penicillium-chrysogenum
9 8 -0.2546093815132831 0.5816345113870867 Penicillium-cvjetkovicii
9 8 -0.6527200412713445 0.11198936471157889 Penicillium-brevicompactum
11 10 -0.05947300371524085 0.8992139559834512 Penicillium-verrucosum
11 10 -0.08351118274061879 0.8587208660876515 Penicillium-mb
11 10 -0.3538120930662688 0.43622864833677194 Penicillium-polonicum
11 10 -0.07382533729431544 0.8750114704466452 Penicillium-solitum
11 10 0.24973714323555044 0.5891295558597973 Penicillium-commune
11 10 0.2661677475368688 0.5639741253826429 Penicillium-chrysogenum
11 10 -0.03544136749315088 0.9398706464138986 Penicillium-cvjetkovicii
11 10 -0.21963938748865142 0.6360570644224484 Penicillium-brevicompactum
7 8 0.4185671540174985 0.3499929179817853 Penicillium-verrucosum
7 8 0.41279165766628056 0.3573695921093553 Penicillium-mb
7 8 -0.15924447497810043 0.7330728770314296 Penicillium-polonicum
7 8 0.18726508103531114 0.6876337651842755 Penicillium-solitum
7 8 0.16090722572976165 0.7303579038767938 Penicillium-commune
7 8 0.46280664751134526 0.2956809136402108 Penicillium-chrysogenum
7 8 -0.16004052209967193 0.7317727975519994 Penicillium-cvjetkovicii
7 8 -0.6223427189731383 0.1355703431063383 Penicillium-brevicompactum
9 4 -0.2938964250217417 0.5223315509399225 Penicillium-verrucosum
9 4 -0.3134687760488699 0.49359464906741823 Penicillium-mb
9 4 -0.2632822826302912 0.5683668406325956 Penicillium-polonicum
9 4 0.39692275205729693 0.3779646364899242 Penicillium-solitum
9 4 0.37953347818767674 0.40106878295832704 Penicillium-commune
9 4 0.40978890141444535 0.3612301031728172 Penicillium-chrysogenum
9 4 0.07896728404611435 0.8663585684621149 Penicillium-cvjetkovicii
9 4 -0.07166957327833529 0.8786421934069678 Penicillium-brevicompactum
11 12 0.2379143120875765 0.6074373041833989 Penicillium-verrucosum
11 12 0.344565782379879 0.4491439434033619 Penicillium-mb
11 12 -0.611116320146246 0.144866408435074 Penicillium-polonicum
11 12 0.22418703506624343 0.6288999635255272 Penicillium-solitum
11 12 0.34467056533124135 0.44899678687351635 Penicillium-commune
11 12 0.2544087664859432 0.5819425368133957 Penicillium-chrysogenum
11 12 0.10305743855687043 0.8259718645236636 Penicillium-cvjetkovicii
11 12 -0.6467227816935178 0.11646172821259089 Penicillium-brevicompactum
9 6 0.5161680542394188 0.23563244851561813 Penicillium-verrucosum
9 6 0.4669713815494336 0.2907740030906155 Penicillium-mb
9 6 -0.2723266413657252 0.5546346048466171 Penicillium-polonicum
9 6 0.459308973673103 0.2998298991876939 Penicillium-solitum
9 6 0.4250414412056103 0.34180052702941155 Penicillium-commune
9 6 0.5381522770901337 0.2127324429007079 Penicillium-chrysogenum
9 6 -0.07117509999621247 0.8794752223011817 Penicillium-cvjetkovicii
9 6 -0.6538421635118371 0.1111626125917993 Penicillium-brevicompactum
7 6 0.7080617551173064 0.07501479384289376 Penicillium-verrucosum
7 6 0.6814152383088922 0.09184720853730936 Penicillium-mb
7 6 -0.13876098747999036 0.7666933509898904 Penicillium-polonicum
7 6 0.6971190147339263 0.08170858873204029 Penicillium-solitum
7 6 0.6717572580537547 0.09839372534470778 Penicillium-commune
7 6 0.7217556767371666 0.06706757704092624 Penicillium-chrysogenum
7 6 -0.2050611999766472 0.6591501907788382 Penicillium-cvjetkovicii
7 6 -0.6527200412713443 0.11198936471157907 Penicillium-brevicompactum
11 12 0.09742211850708997 0.8353948151390553 Penicillium-verrucosum
11 12 0.2431849355715295 0.5992549238967098 Penicillium-mb
11 12 0.16801513818331118 0.7187774480222118 Penicillium-polonicum
11 12 0.06587772413841195 0.888405024305959 Penicillium-solitum
11 12 0.12366228899413755 0.7916658948405799 Penicillium-commune
11 12 0.3401832564476713 0.4553148762970447 Penicillium-chrysogenum
11 12 0.43865771737675024 0.32484002262659123 Penicillium-cvjetkovicii
11 12 0.01976392626114233 0.9664542692914911 Penicillium-brevicompactum
9 10 0.7112490096476985 0.07312245390782475 Penicillium-verrucosum
9 10 0.6898621385687205 0.08631579955646101 Penicillium-mb
9 10 -0.2362823082136245 0.6099775695213643 Penicillium-polonicum
9 10 0.7131893645589007 0.07198309163876164 Penicillium-solitum
9 10 0.6853174138401006 0.08926935008107689 Penicillium-commune
9 10 0.7063112705055798 0.07606509833851148 Penicillium-chrysogenum
9 10 0.3245829237464182 0.4775328459093911 Penicillium-cvjetkovicii
9 10 -0.609333386717843 0.1463714028032821 Penicillium-brevicompactum
11 10 0.8235049659617059 0.02280007169428865 Penicillium-verrucosum
11 10 0.9061779253814558 0.0049207496709352165 Penicillium-mb
11 10 0.2666858899602196 0.5631864753245547 Penicillium-polonicum
11 10 0.8124098308078389 0.02638629383400725 Penicillium-solitum
11 10 0.8833051351654301 0.00838259695309148 Penicillium-commune
11 10 0.9004301106119482 0.0056912271856303836 Penicillium-chrysogenum
11 10 -0.2591790768570688 0.5746319161551565 Penicillium-cvjetkovicii
11 10 -0.6527200412713442 0.1119893647115791 Penicillium-brevicompactum
11 10 0.4275951293409578 0.33859169071740497 Penicillium-verrucosum
11 10 0.41323857148805265 0.3567964883991044 Penicillium-mb
11 10 -0.8502067379478802 0.015360780110265676 Penicillium-polonicum
11 10 -0.05376481276790222 0.908857882603438 Penicillium-solitum
11 10 0.4105786204732549 0.3602131286007147 Penicillium-commune
11 10 -0.02606801071066754 0.9557606053683257 Penicillium-chrysogenum
11 10 -0.4641037671468519 0.2941487437189682 Penicillium-cvjetkovicii
11 10 -0.008451614394741373 0.9856526062094605 Penicillium-brevicompactum
5 10 0.22276334568126097 0.6311381163985104 Penicillium-verrucosum
5 10 0.18334549245744294 0.6939480793325038 Penicillium-mb
5 10 -0.4472270026546886 0.31435635160410463 Penicillium-polonicum
5 10 0.2286736284059791 0.6218614986730885 Penicillium-solitum
5 10 0.19363174954575715 0.6774081002297019 Penicillium-commune
5 10 0.218614235415308 0.6376735848004528 Penicillium-chrysogenum
5 10 -0.0711750999962137 0.8794752223011796 Penicillium-cvjetkovicii
5 10 -0.6203462013462028 0.13720076982551646 Penicillium-brevicompactum
9 10 0.5603333827767442 0.1907587257121736 Penicillium-verrucosum
9 10 0.5105623805303805 0.2416468930741388 Penicillium-mb
9 10 -0.28598412775989507 0.5341061141027654 Penicillium-polonicum
9 10 0.3690020415219128 0.4153255301864476 Penicillium-solitum
9 10 0.5054560556151658 0.2471867366181523 Penicillium-commune
9 10 0.5956001171472971 0.15822525786577846 Penicillium-chrysogenum
9 10 0.3695956190269671 0.41451678989344654 Penicillium-cvjetkovicii
9 10 -0.6416345182677579 0.12032708204766458 Penicillium-brevicompactum
9 12 0.5438647669236142 0.20696361847859324 Penicillium-verrucosum
9 12 0.5359119880015245 0.21501542962343898 Penicillium-mb
9 12 0.05263887208060595 0.9107612289424093 Penicillium-polonicum
9 12 0.5423951317865483 0.2084405184088443 Penicillium-solitum
9 12 0.5026081287942583 0.25030163088996993 Penicillium-commune
9 12 0.04110868183479477 0.9302706876801214 Penicillium-chrysogenum
9 12 0.07496262639483536 0.8730967548848022 Penicillium-cvjetkovicii
9 12 -0.7547930504300675 0.0498557448274813 Penicillium-brevicompactum
11 10 0.5435005282752067 0.20732919002391687 Penicillium-verrucosum
11 10 -0.43093013804787905 0.334420425785998 Penicillium-mb
11 10 -0.30556215904465744 0.505135373791775 Penicillium-polonicum
11 10 0.5349098008619727 0.21604046320551915 Penicillium-solitum
11 10 0.5014648988281107 0.2515570807582588 Penicillium-commune
11 10 0.5629959922497718 0.18819868189534203 Penicillium-chrysogenum
11 10 -0.07117509999621356 0.8794752223011798 Penicillium-cvjetkovicii
11 10 -0.503881969983226 0.24890615594280074 Penicillium-brevicompactum
