#SPECIES: Penicillium-mb Penicillium-chrysogenum Penicillium-commune Penicillium-solitum Penicillium-verrucosum Penicillium-polonicum Penicillium-cvjetkovicii Penicillium-brevicompactum 
#GENE_TREEs p: 0.5424187291505564 0.2058030727616327 0.13002557427761144 0.9001118181044583 0.13726468142419032 0.14251088445755666 0.3845860937376103 0.7639395165287207 
#GENE_TREEs r: -0.28043332936705284 -0.5450231241107882 0.6292254117871666 0.058941326017448684 0.6202681848877858 0.6139256881330034 -0.3918964102520704 -0.14043172870028897 
9 10 0.018388719246867 0.9687876184170623 Penicillium-mb
9 10 -0.7145504927448946 0.0711895678816209 Penicillium-chrysogenum
9 10 0.6597507775453291 0.10686165627434302 Penicillium-commune
9 10 0.5291952837196644 0.221929347572858 Penicillium-solitum
9 10 0.6939999643183958 0.08367237579934096 Penicillium-verrucosum
9 10 0.661001270775951 0.10596270250207938 Penicillium-polonicum
9 10 0.3850192259432107 0.39372082332132835 Penicillium-cvjetkovicii
9 10 -0.13967604353903101 0.7651848470868596 Penicillium-brevicompactum
9 10 0.2215992907501151 0.6329697697001027 Penicillium-mb
9 10 -0.5077523249462471 0.2446883285697854 Penicillium-chrysogenum
9 10 0.7495085376753758 0.05242314390023517 Penicillium-commune
9 10 0.7024714320557771 0.07839636241282076 Penicillium-solitum
9 10 0.7981343155732582 0.03143783142999952 Penicillium-verrucosum
9 10 0.7883366090378378 0.03519320495512062 Penicillium-polonicum
9 10 -0.3668920662447636 0.4182053154749221 Penicillium-cvjetkovicii
9 10 -0.14040821885820715 0.7639782534644358 Penicillium-brevicompactum
7 12 0.18263038270562076 0.6951016247686372 Penicillium-mb
7 12 -0.12296466218646829 0.7928233120606248 Penicillium-chrysogenum
7 12 0.8450749827885558 0.016662003229816296 Penicillium-commune
7 12 0.6655078878605516 0.10275577064969868 Penicillium-solitum
7 12 0.8312493439129411 0.020470708736827298 Penicillium-verrucosum
7 12 0.6462794041855295 0.11679595992671499 Penicillium-polonicum
7 12 0.7063421632620838 0.07604649480416344 Penicillium-cvjetkovicii
7 12 0.1445443555231671 0.7571692617350352 Penicillium-brevicompactum
5 8 -0.08732135898551051 0.8523231814316101 Penicillium-mb
5 8 -0.6442234075317516 0.11835228593963787 Penicillium-chrysogenum
5 8 0.7386744824767897 0.05790748271038198 Penicillium-commune
5 8 0.4680828633461078 0.28947060647407274 Penicillium-solitum
5 8 0.7416339538326768 0.05637985216638765 Penicillium-verrucosum
5 8 0.7417699337538911 0.05631019495203853 Penicillium-polonicum
5 8 -0.3876940571166663 0.3901576958220131 Penicillium-cvjetkovicii
5 8 -0.14043172870028872 0.763939516528721 Penicillium-brevicompactum
9 12 0.24167085492749338 0.6016020719853881 Penicillium-mb
9 12 -0.4510597931725384 0.3097156026624439 Penicillium-chrysogenum
9 12 0.9314472995484478 0.002277070936225011 Penicillium-commune
9 12 0.7923349984575045 0.033632130432447165 Penicillium-solitum
9 12 0.9381596275972804 0.0017664142341952465 Penicillium-verrucosum
9 12 0.9367782496840183 0.0018653065469831252 Penicillium-polonicum
9 12 -0.3668920662447655 0.41820531547491935 Penicillium-cvjetkovicii
9 12 -0.12179601706208278 0.7947628622589469 Penicillium-brevicompactum
7 12 0.0702727792634336 0.8809955707680095 Penicillium-mb
7 12 0.42856097975035823 0.33738139433425113 Penicillium-chrysogenum
7 12 0.9257915225384399 0.002767580550676099 Penicillium-commune
7 12 0.7859626277322104 0.03613874445138208 Penicillium-solitum
7 12 0.9033964018142141 0.005285463872945492 Penicillium-verrucosum
7 12 0.891890176420354 0.006958073491029771 Penicillium-polonicum
7 12 0.49946934547510274 0.25375543587524957 Penicillium-cvjetkovicii
7 12 -0.3598468915856402 0.42787671939921423 Penicillium-brevicompactum
5 8 -0.09795531948615974 0.8345025515722373 Penicillium-mb
5 8 -0.6391924428396962 0.1222052864721752 Penicillium-chrysogenum
5 8 0.7652469369297311 0.04498415412939176 Penicillium-commune
5 8 0.49963461129324666 0.2535730409952327 Penicillium-solitum
5 8 0.7799881601271877 0.03858010814364803 Penicillium-verrucosum
5 8 0.7630249943602914 0.04599660185636175 Penicillium-polonicum
5 8 0.38684216070221955 0.3912910925084194 Penicillium-cvjetkovicii
5 8 -0.13718161352921399 0.7692983840675838 Penicillium-brevicompactum
11 12 0.5290483522420066 0.22208174922672438 Penicillium-mb
11 12 -0.258865778899138 0.5751111684580686 Penicillium-chrysogenum
11 12 0.28522263163579414 0.5352439669913337 Penicillium-commune
11 12 0.6700205125526446 0.09959604559854639 Penicillium-solitum
11 12 0.311486407431734 0.4964793526277588 Penicillium-verrucosum
11 12 0.7648724985594468 0.0451539020815932 Penicillium-polonicum
11 12 0.41082024700391845 0.35990220728554073 Penicillium-cvjetkovicii
11 12 0.21739468230194436 0.6395981349233573 Penicillium-brevicompactum
5 10 -0.18582061188096266 0.6899590929449144 Penicillium-mb
5 10 -0.6381866810964276 0.12298316132516848 Penicillium-chrysogenum
5 10 0.779898220382818 0.03861753746350903 Penicillium-commune
5 10 0.49277251516070114 0.2611968504614765 Penicillium-solitum
5 10 0.7953366205237503 0.032486090687132235 Penicillium-verrucosum
5 10 0.794078576631634 0.03296372407779343 Penicillium-polonicum
5 10 0.38840827075445444 0.38920849556158027 Penicillium-cvjetkovicii
5 10 0.12114201532329506 0.7958486483604621 Penicillium-brevicompactum
9 12 -0.10069982933155987 0.829912112557942 Penicillium-mb
9 12 -0.5886866269941189 0.16436682087682764 Penicillium-chrysogenum
9 12 0.9538830699252662 0.0008556380077223592 Penicillium-commune
9 12 0.7152587648198897 0.07077851832398421 Penicillium-solitum
9 12 0.9753387395035332 0.00018102147908658948 Penicillium-verrucosum
9 12 0.966576167082006 0.00038527735277759344 Penicillium-polonicum
9 12 0.45126940637141927 0.3094626695630473 Penicillium-cvjetkovicii
9 12 -0.29084648819579245 0.526859778553507 Penicillium-brevicompactum
7 12 0.08854894694175681 0.8502632892790102 Penicillium-mb
7 12 -0.475180146479412 0.2812094193068414 Penicillium-chrysogenum
7 12 0.10426223810240978 0.823959411673512 Penicillium-commune
7 12 -0.22329396199650964 0.6303036825904649 Penicillium-solitum
7 12 0.13999943918271004 0.7646518582182761 Penicillium-verrucosum
7 12 0.39101197275375166 0.3857560220333452 Penicillium-polonicum
7 12 -0.186152036051606 0.6894253893831299 Penicillium-cvjetkovicii
7 12 -0.06111068831007785 0.8964488830010886 Penicillium-brevicompactum
7 12 -0.5267929708839064 0.2244272863010091 Penicillium-mb
7 12 0.0014604415361292472 0.9975206800886283 Penicillium-chrysogenum
7 12 0.8086353295290265 0.027673809750553675 Penicillium-commune
7 12 0.5070141513892082 0.24549020345801156 Penicillium-solitum
7 12 0.7945292724897355 0.03279216430498437 Penicillium-verrucosum
7 12 0.7982333301351058 0.03140108348828704 Penicillium-polonicum
7 12 -0.7549445233092179 0.04978319295384054 Penicillium-cvjetkovicii
7 12 0.24002863048993298 0.604150965120841 Penicillium-brevicompactum
7 12 -0.10714356499115042 0.8191496745222476 Penicillium-mb
7 12 -0.5126426373493771 0.2394067170404682 Penicillium-chrysogenum
7 12 0.5620426743527607 0.18911334878912495 Penicillium-commune
7 12 0.42839596222564014 0.3375880457397619 Penicillium-solitum
7 12 0.6577178969050155 0.1083314784135392 Penicillium-verrucosum
7 12 0.6962477972464677 0.08225462427024091 Penicillium-polonicum
7 12 -0.36689206624476595 0.418205315474919 Penicillium-cvjetkovicii
7 12 -0.1820381492681749 0.6960573121943079 Penicillium-brevicompactum
9 10 -0.05013775261982971 0.9149904498958663 Penicillium-mb
9 10 -0.6744344433533198 0.09655532942485301 Penicillium-chrysogenum
9 10 0.7361058062511044 0.05925139502559093 Penicillium-commune
9 10 0.5000737476953907 0.25308868262668954 Penicillium-solitum
9 10 0.5642792006133314 0.18697090032271682 Penicillium-verrucosum
9 10 0.7350953840563346 0.059784628186429156 Penicillium-polonicum
9 10 0.38786908989850394 0.38992498878352955 Penicillium-cvjetkovicii
9 10 -0.08428497468420706 0.8574210814876281 Penicillium-brevicompactum
7 10 -0.11068401999126624 0.8132458490045491 Penicillium-mb
7 10 -0.676988199457895 0.0948186300206634 Penicillium-chrysogenum
7 10 0.6882594465691394 0.08735137096429144 Penicillium-commune
7 10 0.4216531559242372 0.3460777909600234 Penicillium-solitum
7 10 0.689371722217898 0.08663198597337093 Penicillium-verrucosum
7 10 0.6187527252340079 0.13850914698703812 Penicillium-polonicum
7 10 0.3899425218203523 0.38717259963975925 Penicillium-cvjetkovicii
7 10 0.13993312352598686 0.7647611471438097 Penicillium-brevicompactum
7 10 0.2635182016643257 0.5680072812509331 Penicillium-mb
7 10 -0.44353830850397413 0.3188508914796004 Penicillium-chrysogenum
7 10 0.6624777746335984 0.10490636012040952 Penicillium-commune
7 10 0.7024869867641119 0.07838684301597822 Penicillium-solitum
7 10 0.8213348532187853 0.023478331528858688 Penicillium-verrucosum
7 10 0.8133810497243551 0.02606056828630778 Penicillium-polonicum
7 10 -0.3668920662447676 0.4182053154749165 Penicillium-cvjetkovicii
7 10 -0.14042227731419044 0.7639550894376542 Penicillium-brevicompactum
9 12 0.23310278391297123 0.6149355248705702 Penicillium-mb
9 12 -0.492231594539138 0.2618022000035152 Penicillium-chrysogenum
9 12 0.49680473371144024 0.25670452217192025 Penicillium-commune
9 12 0.5435617949176493 0.20726767761417866 Penicillium-solitum
9 12 0.41564203019546286 0.3537209658064511 Penicillium-verrucosum
9 12 0.427220062680742 0.3390621777826261 Penicillium-polonicum
9 12 -0.673871790628339 0.09694018908910126 Penicillium-cvjetkovicii
9 12 -0.039344863796945156 0.9332577718036343 Penicillium-brevicompactum
11 12 -0.16050402882100537 0.7310160474459546 Penicillium-mb
11 12 -0.3486597932569976 0.4434078396046966 Penicillium-chrysogenum
11 12 0.12868456343742687 0.783342630032341 Penicillium-commune
11 12 0.5132882246302326 0.23871347164997558 Penicillium-solitum
11 12 0.5962822240472601 0.15762561385553403 Penicillium-verrucosum
11 12 0.5960240280702543 0.15785246200527064 Penicillium-polonicum
11 12 -0.24252617431651513 0.6002758069092908 Penicillium-cvjetkovicii
11 12 -0.2043853244217972 0.6602262196720348 Penicillium-brevicompactum
9 8 0.09980686239733706 0.8314052631024698 Penicillium-mb
9 8 -0.8164366557741246 0.02505059848114951 Penicillium-chrysogenum
9 8 0.7071068973304754 0.07558674871078074 Penicillium-commune
9 8 0.3749868419273264 0.40719965043291123 Penicillium-solitum
9 8 0.7163008044575582 0.07017608655403665 Penicillium-verrucosum
9 8 0.7191301829201013 0.06855428629079033 Penicillium-polonicum
9 8 -0.3918047448922446 0.38470728141755867 Penicillium-cvjetkovicii
9 8 -0.14043172870028875 0.763939516528721 Penicillium-brevicompactum
9 12 0.2227146312068995 0.631214739167371 Penicillium-mb
9 12 -0.17040771489661258 0.7148888794238445 Penicillium-chrysogenum
9 12 -0.40640847299980115 0.3655967050629401 Penicillium-commune
9 12 0.5339235617021237 0.21705144221358394 Penicillium-solitum
9 12 -0.49045929808309785 0.2637900648560378 Penicillium-verrucosum
9 12 0.39137834430599494 0.3852712139801385 Penicillium-polonicum
9 12 0.012245127789772601 0.9792135838958237 Penicillium-cvjetkovicii
9 12 -0.30581877323582535 0.5047593463290709 Penicillium-brevicompactum
11 10 -0.07553510056755214 0.8721331354854929 Penicillium-mb
11 10 0.05362303348334635 0.9090975344563841 Penicillium-chrysogenum
11 10 0.588108425611355 0.1648857209542004 Penicillium-commune
11 10 0.7423504038885628 0.05601336953417419 Penicillium-solitum
11 10 0.5799772963863273 0.17226850827466392 Penicillium-verrucosum
11 10 0.5936334330266885 0.1599605255216902 Penicillium-polonicum
11 10 0.24109983072830413 0.6024879932276725 Penicillium-cvjetkovicii
11 10 -0.11182060072348438 0.8113520415703516 Penicillium-brevicompactum
9 12 0.055196705116268 0.9064378419687289 Penicillium-mb
9 12 -0.5229241548216585 0.22847775189201483 Penicillium-chrysogenum
9 12 0.5878778100874686 0.1650929101102212 Penicillium-commune
9 12 0.49372616659118806 0.2601311664342836 Penicillium-solitum
9 12 -0.025172711694999045 0.9572790157697287 Penicillium-verrucosum
9 12 0.5573047324301603 0.19369107887165665 Penicillium-polonicum
9 12 0.02609446802907413 0.9557157358510231 Penicillium-cvjetkovicii
9 12 -0.09337505764841342 0.842171727330715 Penicillium-brevicompactum
9 12 0.12643107137583076 0.7870752848166838 Penicillium-mb
9 12 -0.3938865009735564 0.381958870653146 Penicillium-chrysogenum
9 12 0.4408546601936265 0.3221381405274091 Penicillium-commune
9 12 0.4791059196699057 0.27668584768695353 Penicillium-solitum
9 12 0.12885928869516428 0.7830533545445015 Penicillium-verrucosum
9 12 0.12941145238843868 0.7821393219534405 Penicillium-polonicum
9 12 -0.1808764138515483 0.6979329331255051 Penicillium-cvjetkovicii
9 12 -0.41992161051920857 0.34827227912028386 Penicillium-brevicompactum
11 10 -0.23497557325521323 0.612013789682708 Penicillium-mb
11 10 -0.5727129690585642 0.17899885394237947 Penicillium-chrysogenum
11 10 0.4301253912079078 0.3354249522235885 Penicillium-commune
11 10 0.5095194591106403 0.24277363169544444 Penicillium-solitum
11 10 0.4470781917262478 0.3145371368912957 Penicillium-verrucosum
11 10 0.43068913793111524 0.334721120087001 Penicillium-polonicum
11 10 0.08176564760420951 0.8616538741676769 Penicillium-cvjetkovicii
11 10 -0.02530139821350812 0.9570607594314438 Penicillium-brevicompactum
11 12 -0.506564263897271 0.24597950926793166 Penicillium-mb
11 12 -0.3351944266573737 0.4623775961156617 Penicillium-chrysogenum
11 12 0.49473499424048223 0.25900598887157306 Penicillium-commune
11 12 0.1967487261205981 0.6724160691981278 Penicillium-solitum
11 12 0.49231119830706627 0.26171307457155685 Penicillium-verrucosum
11 12 0.1874773741137011 0.687292177061583 Penicillium-polonicum
11 12 -0.4709280969589557 0.2861459670581761 Penicillium-cvjetkovicii
11 12 -0.1147252557817881 0.8065155505414001 Penicillium-brevicompactum
11 12 0.3853352380600019 0.39329918942818415 Penicillium-mb
11 12 0.23388955239960904 0.6137075938226961 Penicillium-chrysogenum
11 12 -0.047940520949278254 0.918707136527183 Penicillium-commune
11 12 0.4012112011050911 0.37235228306725976 Penicillium-solitum
11 12 0.6839255934923866 0.09018437651540773 Penicillium-verrucosum
11 12 0.6934058442891361 0.08404924722710902 Penicillium-polonicum
11 12 0.6065613291009515 0.1487268596457193 Penicillium-cvjetkovicii
11 12 0.45809077394923575 0.3012809191514958 Penicillium-brevicompactum
9 12 -0.12143181121615791 0.7953674913158882 Penicillium-mb
9 12 -0.6895109509006655 0.08654215880346815 Penicillium-chrysogenum
9 12 0.6957089573873382 0.08259330909879971 Penicillium-commune
9 12 0.7743237607225112 0.04097670442209859 Penicillium-solitum
9 12 0.7013773654155272 0.07906747080090772 Penicillium-verrucosum
9 12 0.685279968269533 0.08929390352731319 Penicillium-polonicum
9 12 -0.3668920662447658 0.4182053154749193 Penicillium-cvjetkovicii
9 12 -0.1268368535986852 0.7864029113437947 Penicillium-brevicompactum
9 12 0.12640542418959663 0.7871177852567756 Penicillium-mb
9 12 0.1068385496224746 0.8196586190550307 Penicillium-chrysogenum
9 12 0.6294316836371618 0.12986121829113742 Penicillium-commune
9 12 0.14026638118856094 0.7642119662985705 Penicillium-solitum
9 12 0.6201796440257407 0.13733723295473968 Penicillium-verrucosum
9 12 -0.08214942935620352 0.8610088995150811 Penicillium-polonicum
9 12 0.33304139571062735 0.4654380525511198 Penicillium-cvjetkovicii
9 12 -0.58333521146028 0.16920029046093163 Penicillium-brevicompactum
7 4 -0.2557253036560057 0.5799220405077763 Penicillium-mb
7 4 -0.4403675302755891 0.32273639306798224 Penicillium-chrysogenum
7 4 0.6160428838886557 0.14074858441902063 Penicillium-commune
7 4 0.0035249002979281987 0.994015980574888 Penicillium-solitum
7 4 0.6321228567147931 0.12772662627367462 Penicillium-verrucosum
7 4 0.6392621653916334 0.1221514556031225 Penicillium-polonicum
7 4 -0.3919071695059816 0.3845718703027037 Penicillium-cvjetkovicii
7 4 -0.14043172870028894 0.7639395165287206 Penicillium-brevicompactum
11 10 0.15511216553054089 0.7398297343051634 Penicillium-mb
11 10 -0.38841080733635513 0.38920512606374 Penicillium-chrysogenum
11 10 0.6819210381237786 0.0915108843312934 Penicillium-commune
11 10 0.6941971319998991 0.08354750384832425 Penicillium-solitum
11 10 0.7245561674253943 0.06550110446482867 Penicillium-verrucosum
11 10 -0.5681388598807765 0.18330152159207797 Penicillium-polonicum
11 10 0.020837730289080262 0.9646324500212906 Penicillium-cvjetkovicii
11 10 -0.09836524742360252 0.8338166702144587 Penicillium-brevicompactum
3 8 -0.2966870288513755 0.5182000099601108 Penicillium-mb
3 8 -0.6544975958725162 0.11068117376559977 Penicillium-chrysogenum
3 8 0.7511799188819015 0.051603505897530946 Penicillium-commune
3 8 0.2978949374100124 0.5164151579038394 Penicillium-solitum
3 8 0.7634183966582916 0.04581644159772161 Penicillium-verrucosum
3 8 0.7632961616737461 0.04587237800585866 Penicillium-polonicum
3 8 -0.392253896017043 0.38411362131407445 Penicillium-cvjetkovicii
3 8 -0.1404317287002889 0.7639395165287208 Penicillium-brevicompactum
9 8 -0.009313850867844841 0.984189001487358 Penicillium-mb
9 8 -0.7179516176998743 0.06922736404440868 Penicillium-chrysogenum
9 8 0.5297819328019368 0.22132135003693498 Penicillium-commune
9 8 0.5303015548094856 0.22078347644226254 Penicillium-solitum
9 8 0.7510059613199729 0.051688484930886264 Penicillium-verrucosum
9 8 0.7395764121435894 0.057439569304332236 Penicillium-polonicum
9 8 -0.392512636332076 0.3837718026787336 Penicillium-cvjetkovicii
9 8 -0.14043172870028886 0.7639395165287208 Penicillium-brevicompactum
7 10 0.07922815916767026 0.8659198428379291 Penicillium-mb
7 10 -0.5897138704219022 0.16344693197336638 Penicillium-chrysogenum
7 10 0.7576896893267742 0.04847834546892825 Penicillium-commune
7 10 0.6268498226636112 0.13192606254083264 Penicillium-solitum
7 10 0.7749980314248223 0.040687229403790375 Penicillium-verrucosum
7 10 0.740698531943768 0.05686030210147524 Penicillium-polonicum
7 10 -0.3668920662447657 0.4182053154749193 Penicillium-cvjetkovicii
7 10 -0.14044261117889573 0.7639215857081989 Penicillium-brevicompactum
11 10 0.5012112305090537 0.2518360408994387 Penicillium-mb
11 10 -0.8278380211144827 0.021479283144295033 Penicillium-chrysogenum
11 10 0.6047410408747624 0.15028385211568415 Penicillium-commune
11 10 0.008749274756418447 0.9851473383559355 Penicillium-solitum
11 10 0.5953146443202756 0.15847655518877773 Penicillium-verrucosum
11 10 0.6009933233814805 0.15351506192659362 Penicillium-polonicum
11 10 -0.5334099807669479 0.21757879202224073 Penicillium-cvjetkovicii
11 10 0.11437467067043125 0.807099046322658 Penicillium-brevicompactum
9 12 -0.011044983574036151 0.9812505972076859 Penicillium-mb
9 12 0.41563100152638993 0.35373505299087554 Penicillium-chrysogenum
9 12 0.9675645609605653 0.00035761429764525227 Penicillium-commune
9 12 0.7557638925897816 0.04939173751358782 Penicillium-solitum
9 12 0.9599372832181202 0.0006038369068689779 Penicillium-verrucosum
9 12 0.9714767859971549 0.00025988507833762703 Penicillium-polonicum
9 12 0.49306728503741654 0.26086723956363006 Penicillium-cvjetkovicii
9 12 -0.36212155697749887 0.4247447817511636 Penicillium-brevicompactum
5 8 -0.43441674292313537 0.33008310591819623 Penicillium-mb
5 8 -0.4917479944700751 0.2623439421600901 Penicillium-chrysogenum
5 8 0.7276456003499101 0.06379614930884468 Penicillium-commune
5 8 0.21167301026013466 0.6486486998852965 Penicillium-solitum
5 8 0.7219472316023888 0.06695979391973428 Penicillium-verrucosum
5 8 0.7101461001278493 0.07377434755931107 Penicillium-polonicum
5 8 -0.39239063993716494 0.3839329552775587 Penicillium-cvjetkovicii
5 8 -0.14043172870028883 0.7639395165287208 Penicillium-brevicompactum
11 12 -0.03041199614361564 0.9483948640854678 Penicillium-mb
11 12 -0.3637409264651507 0.42252052432054366 Penicillium-chrysogenum
11 12 0.36062038846849426 0.426810713130139 Penicillium-commune
11 12 0.3663112304617557 0.4189994251816934 Penicillium-solitum
11 12 0.37676825088119364 0.40479314578881875 Penicillium-verrucosum
11 12 -0.5291912649929961 0.2219335152577958 Penicillium-polonicum
11 12 -0.06068734352767039 0.8971635810070759 Penicillium-cvjetkovicii
11 12 -0.2969150241515402 0.5178629539250532 Penicillium-brevicompactum
9 10 0.3475248392034635 0.4449952370127084 Penicillium-mb
9 10 -0.07644880346178716 0.8705954023391717 Penicillium-chrysogenum
9 10 0.7525913740162536 0.05091682894159248 Penicillium-commune
9 10 0.6704106980598481 0.09932526100953824 Penicillium-solitum
9 10 0.5133464624316975 0.23865098062535037 Penicillium-verrucosum
9 10 0.48575432195283474 0.26910044216838924 Penicillium-polonicum
9 10 0.5042225342635183 0.24853368172627674 Penicillium-cvjetkovicii
9 10 0.27550732492498825 0.549831081754248 Penicillium-brevicompactum
11 12 -0.2689595050334944 0.5597344204367951 Penicillium-mb
11 12 -0.603729681771515 0.15115243609563528 Penicillium-chrysogenum
11 12 0.8842280977744221 0.008222061680686704 Penicillium-commune
11 12 0.774694986872641 0.04081719086058068 Penicillium-solitum
11 12 0.8393277485210207 0.018191248508950434 Penicillium-verrucosum
11 12 0.8829183211524927 0.008450411316101032 Penicillium-polonicum
11 12 0.44580630912443475 0.31608414236598403 Penicillium-cvjetkovicii
11 12 -0.39400238759381373 0.3818061073625217 Penicillium-brevicompactum
11 12 0.21744256144638027 0.6395225475226054 Penicillium-mb
11 12 -0.428715704670846 0.3371876811348329 Penicillium-chrysogenum
11 12 0.5944804426308415 0.1592120276107926 Penicillium-commune
11 12 0.6355680315267082 0.1250203452930927 Penicillium-solitum
11 12 0.6565281397542587 0.10919653948210495 Penicillium-verrucosum
11 12 0.7198615877374117 0.06813835916800141 Penicillium-polonicum
11 12 -0.36689206624476345 0.4182053154749226 Penicillium-cvjetkovicii
11 12 -0.21970377112329126 0.635955578725506 Penicillium-brevicompactum
11 10 0.581892140715234 0.1705155337311813 Penicillium-mb
11 10 -0.7659696156732715 0.04465752936634517 Penicillium-chrysogenum
11 10 0.3840072448307154 0.3950722576715018 Penicillium-commune
11 10 -0.2825111106363264 0.5393021541057926 Penicillium-solitum
11 10 0.3079456543037685 0.5016465044967511 Penicillium-verrucosum
11 10 0.3711175365600331 0.4124460180928384 Penicillium-polonicum
11 10 -0.5304423432197463 0.2206378493095491 Penicillium-cvjetkovicii
11 10 0.24587695586705782 0.5950885296563544 Penicillium-brevicompactum
11 8 0.24056997399076904 0.6033103923770586 Penicillium-mb
11 8 -0.7425785905795281 0.05589691920094807 Penicillium-chrysogenum
11 8 0.7518670909284672 0.0512685664646145 Penicillium-commune
11 8 0.311475211051335 0.4964956622343324 Penicillium-solitum
11 8 0.7506668317720463 0.05185437093438431 Penicillium-verrucosum
11 8 0.7512375152501446 0.0515753866587246 Penicillium-polonicum
11 8 0.016138872206260344 0.9726053675714292 Penicillium-cvjetkovicii
11 8 -0.2161921142390028 0.6414974552640287 Penicillium-brevicompactum
9 10 0.22372110085089023 0.6296322015324636 Penicillium-mb
9 10 -0.8214649895192688 0.023437341544405816 Penicillium-chrysogenum
9 10 0.7487587172149113 0.05279314611237911 Penicillium-commune
9 10 0.7157384187591113 0.0705008738388838 Penicillium-solitum
9 10 0.743429597638596 0.0554637885120099 Penicillium-verrucosum
9 10 0.7501370564967194 0.05211409310817233 Penicillium-polonicum
9 10 0.3255329928976528 0.47616871497583607 Penicillium-cvjetkovicii
9 10 -0.14039008825388355 0.7640081273502353 Penicillium-brevicompactum
5 10 -0.06031980747023212 0.8977841066072593 Penicillium-mb
5 10 -0.4922315945391379 0.2618022000035152 Penicillium-chrysogenum
5 10 0.9457820093752641 0.0012766741398980003 Penicillium-commune
5 10 0.5860888193733917 0.16670454533933618 Penicillium-solitum
5 10 0.9563574819610285 0.0007464457223376274 Penicillium-verrucosum
5 10 0.8833608251798407 0.008372859642759274 Penicillium-polonicum
5 10 -0.6008391574790805 0.15364871722549583 Penicillium-cvjetkovicii
5 10 -0.33154218589430495 0.46757350671361936 Penicillium-brevicompactum
9 10 0.5451850265092469 0.20564111311789768 Penicillium-mb
9 10 -0.007844935746498442 0.986682433252647 Penicillium-chrysogenum
9 10 0.8278632902832461 0.021471711173436214 Penicillium-commune
9 10 0.6035661450105837 0.15129312164946543 Penicillium-solitum
9 10 0.7916669866535535 0.0338901973288619 Penicillium-verrucosum
9 10 0.8080055161003612 0.027892001171872256 Penicillium-polonicum
9 10 0.3895042506435384 0.38775373111134753 Penicillium-cvjetkovicii
9 10 0.1394156904863152 0.7656139888970255 Penicillium-brevicompactum
7 12 0.08993537169858336 0.847937683502526 Penicillium-mb
7 12 -0.3624036539391048 0.4243569875263234 Penicillium-chrysogenum
7 12 -0.08794224684765543 0.8512812477940483 Penicillium-commune
7 12 -0.322192594425774 0.4809711693948662 Penicillium-solitum
7 12 0.3160469324265557 0.4898518844508388 Penicillium-verrucosum
7 12 0.39521395731548553 0.38021048421006726 Penicillium-polonicum
7 12 -0.08104401367465659 0.8628668006135711 Penicillium-cvjetkovicii
7 12 -0.06212309645778337 0.8947399445024646 Penicillium-brevicompactum
5 12 -0.13745894077869963 0.7688408325986682 Penicillium-mb
5 12 -0.2167352656504861 0.6406394159882021 Penicillium-chrysogenum
5 12 -0.21494079823816756 0.6434754178116933 Penicillium-commune
5 12 -0.3602338436159741 0.4273433076888463 Penicillium-solitum
5 12 0.5943143237298563 0.15935868835525158 Penicillium-verrucosum
5 12 0.5781753809865251 0.17392615820154603 Penicillium-polonicum
5 12 0.07915602878931216 0.866041145060149 Penicillium-cvjetkovicii
5 12 -0.2263302953252042 0.6255348456394287 Penicillium-brevicompactum
9 12 -0.15284596373836443 0.7435409458913027 Penicillium-mb
9 12 -0.34781808381384616 0.44458488694890436 Penicillium-chrysogenum
9 12 0.9225120961505618 0.003077995758640075 Penicillium-commune
9 12 0.5450139090445366 0.20581229292112618 Penicillium-solitum
9 12 0.9058040270736842 0.0049688932176028796 Penicillium-verrucosum
9 12 0.9221180204063696 0.0031166031931204852 Penicillium-polonicum
9 12 -0.6547429431818942 0.11050123574730279 Penicillium-cvjetkovicii
9 12 -0.026636489518551083 0.9547965309210537 Penicillium-brevicompactum
9 12 -0.28452105466055216 0.536293001298312 Penicillium-mb
9 12 0.6440884500150923 0.11845481572278818 Penicillium-chrysogenum
9 12 0.8765085371333319 0.009620393728378899 Penicillium-commune
9 12 0.4493660998702086 0.3117626265454172 Penicillium-solitum
9 12 0.8766720629113803 0.009589454232052035 Penicillium-verrucosum
9 12 0.8838794805526241 0.008282487501369142 Penicillium-polonicum
9 12 0.6993000577131393 0.0803500931321126 Penicillium-cvjetkovicii
9 12 0.41804952663155265 0.35065142639385516 Penicillium-brevicompactum
9 12 -0.10570986811852824 0.8215423584143271 Penicillium-mb
9 12 -0.5121197290089505 0.23996891205970514 Penicillium-chrysogenum
9 12 0.2129658884806503 0.6466005715016093 Penicillium-commune
9 12 0.08132147164243186 0.8624004222169448 Penicillium-solitum
9 12 0.3825160767781035 0.3970669837203173 Penicillium-verrucosum
9 12 0.2906197658397223 0.5271969201953955 Penicillium-polonicum
9 12 -0.01572405034203784 0.973309322932054 Penicillium-cvjetkovicii
9 12 -0.15948343482881636 0.7326825618055718 Penicillium-brevicompactum
3 8 -0.15435833916066366 0.741063784775206 Penicillium-mb
3 8 -0.64627731341229 0.11679753718616785 Penicillium-chrysogenum
3 8 0.664545575565849 0.10343624523971906 Penicillium-commune
3 8 0.39118465778464073 0.38552748265233433 Penicillium-solitum
3 8 0.7207244019975324 0.0676494537813975 Penicillium-verrucosum
3 8 0.709350172017701 0.07424671878393181 Penicillium-polonicum
3 8 -0.39246909536710833 0.3838293154978076 Penicillium-cvjetkovicii
3 8 -0.14043172870028875 0.763939516528721 Penicillium-brevicompactum
9 10 0.06976637787598569 0.8818489499083487 Penicillium-mb
9 10 -0.7846864556670701 0.03665279708703664 Penicillium-chrysogenum
9 10 0.5981866178809583 0.15595745656175575 Penicillium-commune
9 10 0.5195800513029714 0.2320062521351967 Penicillium-solitum
9 10 0.678510261298107 0.09379141198658823 Penicillium-verrucosum
9 10 0.6806012538401135 0.09238981993891476 Penicillium-polonicum
9 10 0.3889549972159615 0.38848251643026577 Penicillium-cvjetkovicii
9 10 0.13729703523871878 0.769107947794903 Penicillium-brevicompactum
11 8 0.5771678587253019 0.17485641699609866 Penicillium-mb
11 8 0.3031975083678674 0.5086049777698229 Penicillium-chrysogenum
11 8 0.7534570396558492 0.05049816793146179 Penicillium-commune
11 8 -0.03837259000728017 0.9349046176977651 Penicillium-solitum
11 8 0.7256045951953073 0.06491979152798341 Penicillium-verrucosum
11 8 0.6926689684510263 0.08451792157234847 Penicillium-polonicum
11 8 -0.8384125236163654 0.018441840707181655 Penicillium-cvjetkovicii
11 8 0.4911589432103286 0.2630045025602996 Penicillium-brevicompactum
9 10 0.012216811415327187 0.9792616444795273 Penicillium-mb
9 10 -0.6297651467911085 0.12959574132248805 Penicillium-chrysogenum
9 10 0.7473505885245705 0.05349183412503975 Penicillium-commune
9 10 0.6786479681115117 0.09369876567246936 Penicillium-solitum
9 10 0.7421388810924713 0.05612143359744037 Penicillium-verrucosum
9 10 0.7527062866007675 0.050861145026582254 Penicillium-polonicum
9 10 -0.3668920662447644 0.41820531547492085 Penicillium-cvjetkovicii
9 10 -0.1404408992011691 0.7639244064906665 Penicillium-brevicompactum
9 8 0.04379311839610223 0.9257257639376717 Penicillium-mb
9 8 -0.5942872855890579 0.15938256576971208 Penicillium-chrysogenum
9 8 0.7046183059775284 0.0770883128249883 Penicillium-commune
9 8 0.6135065169247275 0.1428611044220086 Penicillium-solitum
9 8 0.770359613532217 0.042701533586414306 Penicillium-verrucosum
9 8 0.7473051170380846 0.05351447982052818 Penicillium-polonicum
9 8 -0.3668920662447653 0.41820531547491996 Penicillium-cvjetkovicii
9 8 -0.14042174545607605 0.7639559657742743 Penicillium-brevicompactum
9 12 -0.18913125355469018 0.6846324692858797 Penicillium-mb
9 12 -0.22083619952301747 0.6341713118618761 Penicillium-chrysogenum
9 12 0.774179150951451 0.041038935408943523 Penicillium-commune
9 12 0.42668778688230324 0.33973034443993216 Penicillium-solitum
9 12 0.6333949881506483 0.12672388066363238 Penicillium-verrucosum
9 12 0.657225943927816 0.10868873971984339 Penicillium-polonicum
9 12 -0.3575568014128834 0.4310388324487392 Penicillium-cvjetkovicii
9 12 -0.22823714604657144 0.6225452468631768 Penicillium-brevicompactum
7 10 -0.19022694118083006 0.6828718483705845 Penicillium-mb
7 10 0.059239061695967585 0.8996090113033304 Penicillium-chrysogenum
7 10 0.9109062496160855 0.0043353309955392145 Penicillium-commune
7 10 0.5430516910501815 0.2077800936820196 Penicillium-solitum
7 10 0.9210506706664802 0.003222589764234978 Penicillium-verrucosum
7 10 0.9063772697894752 0.00489519341134051 Penicillium-polonicum
7 10 0.6523287851581786 0.11227837829813209 Penicillium-cvjetkovicii
7 10 0.07977462070239036 0.8650009223153201 Penicillium-brevicompactum
9 8 0.19579064704428797 0.6739494828682258 Penicillium-mb
9 8 -0.42811258264219354 0.3379430471664748 Penicillium-chrysogenum
9 8 0.7646915736262513 0.04523604868651872 Penicillium-commune
9 8 0.5630361638199919 0.18816018630196546 Penicillium-solitum
9 8 0.5420634928234332 0.2087744902102308 Penicillium-verrucosum
9 8 0.7622159679073736 0.04636832080197434 Penicillium-polonicum
9 8 -0.39163394982209626 0.38493312496489607 Penicillium-cvjetkovicii
9 8 -0.14043172870028875 0.763939516528721 Penicillium-brevicompactum
9 8 0.17592287194936398 0.7059440524038276 Penicillium-mb
9 8 -0.5377488200595149 0.2131427342697539 Penicillium-chrysogenum
9 8 0.7500591399402272 0.052152351484717786 Penicillium-commune
9 8 0.738936661444454 0.057771253856482345 Penicillium-solitum
9 8 0.7917879537826903 0.033843383717306705 Penicillium-verrucosum
9 8 0.6586132306907567 0.10768284492930522 Penicillium-polonicum
9 8 -0.3668920662447658 0.4182053154749193 Penicillium-cvjetkovicii
9 8 -0.14041079905973722 0.7639740020726177 Penicillium-brevicompactum
9 12 -0.17190637762657113 0.7124556463074343 Penicillium-mb
9 12 -0.492231594539138 0.2618022000035152 Penicillium-chrysogenum
9 12 0.9179604458530805 0.003541219890511528 Penicillium-commune
9 12 0.5525418216123833 0.1983462546805344 Penicillium-solitum
9 12 0.9221317902827069 0.0031152494097162102 Penicillium-verrucosum
9 12 0.9228067198503536 0.0030493156060213277 Penicillium-polonicum
9 12 -0.6438251943340055 0.11865494757676033 Penicillium-cvjetkovicii
9 12 -0.16739763585754652 0.7197818388974544 Penicillium-brevicompactum
3 10 -0.13089148289210215 0.7796903160313091 Penicillium-mb
3 10 -0.6461278468276382 0.11691032180463647 Penicillium-chrysogenum
3 10 0.6658251601438697 0.1025319331381353 Penicillium-commune
3 10 0.3918408716774142 0.3846595175716294 Penicillium-solitum
3 10 0.7196306484630981 0.06826954007052406 Penicillium-verrucosum
3 10 0.7100637683334279 0.07382313542408803 Penicillium-polonicum
3 10 0.3886964328935828 0.38882578708967985 Penicillium-cvjetkovicii
3 10 0.13400936211813186 0.7745359190119767 Penicillium-brevicompactum
9 8 -0.07455629771947313 0.8737807849854854 Penicillium-mb
9 8 -0.6398610099349828 0.12168960539231974 Penicillium-chrysogenum
9 8 0.6773938191300581 0.0945443083709553 Penicillium-commune
9 8 0.3617668366800004 0.42523260428009435 Penicillium-solitum
9 8 0.6553555606588982 0.11005260374607582 Penicillium-verrucosum
9 8 0.6513703065858779 0.11298801721161571 Penicillium-polonicum
9 8 -0.39258348399641424 0.383678228167763 Penicillium-cvjetkovicii
9 8 -0.14043172870028872 0.763939516528721 Penicillium-brevicompactum
11 10 0.28947095871470874 0.5289063421527989 Penicillium-mb
11 10 -0.4455739269247758 0.3163671469440439 Penicillium-chrysogenum
11 10 0.7195454034135209 0.06831799628396523 Penicillium-commune
11 10 0.7414715356229642 0.05646311408411576 Penicillium-solitum
11 10 0.742458783762503 0.055958043673479646 Penicillium-verrucosum
11 10 0.7263217519720961 0.06452376557267106 Penicillium-polonicum
11 10 -0.36689206624476756 0.41820531547491674 Penicillium-cvjetkovicii
11 10 -0.21968637143703745 0.6359830048031359 Penicillium-brevicompactum
11 12 -0.18457897200083162 0.6919594543723951 Penicillium-mb
11 12 -0.6764516567904796 0.09518213662426858 Penicillium-chrysogenum
11 12 0.6979868430479003 0.08116659816547825 Penicillium-commune
11 12 0.7319731288326263 0.06144872337262733 Penicillium-solitum
11 12 0.6965328198047457 0.08207577374976291 Penicillium-verrucosum
11 12 0.6981902790695989 0.0810398223052406 Penicillium-polonicum
11 12 -0.0621759729564147 0.894650698157968 Penicillium-cvjetkovicii
11 12 -0.19927963196571966 0.6683696817089424 Penicillium-brevicompactum
9 8 0.0194302326914796 0.9670204387729727 Penicillium-mb
9 8 -0.6156739100978446 0.14105491216440194 Penicillium-chrysogenum
9 8 0.7226859441954901 0.06654501302330391 Penicillium-commune
9 8 0.508285347243825 0.2441100633377469 Penicillium-solitum
9 8 0.7211537948723437 0.06740684839868907 Penicillium-verrucosum
9 8 0.7250001394035522 0.065254597815726 Penicillium-polonicum
9 8 -0.38312055209322976 0.3962578978145301 Penicillium-cvjetkovicii
9 8 -0.14043172870028883 0.7639395165287208 Penicillium-brevicompactum
7 10 -0.04302045106058202 0.9270337791794268 Penicillium-mb
7 10 -0.6232737687413733 0.13481339550044472 Penicillium-chrysogenum
7 10 0.7489417806768105 0.05270268152843079 Penicillium-commune
7 10 0.38596366526048026 0.3924612584515754 Penicillium-solitum
7 10 0.6773392403116486 0.09458119585825192 Penicillium-verrucosum
7 10 0.7514194321509103 0.05148662765723158 Penicillium-polonicum
7 10 0.11588174336215958 0.8045912592374143 Penicillium-cvjetkovicii
7 10 -0.14041132603568154 0.763973133776209 Penicillium-brevicompactum
9 10 0.011874941615789393 0.9798418943512486 Penicillium-mb
9 10 -0.6234065621038604 0.13470560921857694 Penicillium-chrysogenum
9 10 0.7638040138420452 0.045640223769184085 Penicillium-commune
9 10 0.6633365790440529 0.10429447572617592 Penicillium-solitum
9 10 0.7757198719142141 0.0403785887948141 Penicillium-verrucosum
9 10 0.758999564094524 0.04786241825760738 Penicillium-polonicum
9 10 -0.3668920662447644 0.41820531547492085 Penicillium-cvjetkovicii
9 10 -0.14043098724297504 0.7639407382146721 Penicillium-brevicompactum
7 8 -0.47059181957831697 0.2865380141570392 Penicillium-mb
7 8 -0.6540764975995318 0.11099036138343954 Penicillium-chrysogenum
7 8 0.4175437215118317 0.351295395523556 Penicillium-commune
7 8 0.012875969715223985 0.9781428868660671 Penicillium-solitum
7 8 0.41908298664421867 0.34933720884125985 Penicillium-verrucosum
7 8 0.2640406889545898 0.5672112256360443 Penicillium-polonicum
7 8 -0.36451913303206324 0.42145324070653223 Penicillium-cvjetkovicii
7 8 -0.1404317287002889 0.7639395165287208 Penicillium-brevicompactum
7 12 0.0038747535898349607 0.993422063384317 Penicillium-mb
7 12 -0.4771466311532162 0.27893937336556823 Penicillium-chrysogenum
7 12 0.64878125776621 0.11491645557324869 Penicillium-commune
7 12 0.4297743669476757 0.33586352004946884 Penicillium-solitum
7 12 0.6178759002827593 0.13923177510135468 Penicillium-verrucosum
7 12 0.48403541240744397 0.2710524839476039 Penicillium-polonicum
7 12 -0.36689206624476756 0.41820531547491674 Penicillium-cvjetkovicii
7 12 -0.13720990342870798 0.7692517072204046 Penicillium-brevicompactum
11 10 0.02619938406286519 0.9555378074807523 Penicillium-mb
11 10 -0.3580665487354726 0.43033420961708907 Penicillium-chrysogenum
11 10 0.6065340022275789 0.14875017367900512 Penicillium-commune
11 10 0.2868703064757244 0.5327829754000727 Penicillium-solitum
11 10 0.3850809692727529 0.3936384291046828 Penicillium-verrucosum
11 10 0.6007606407665803 0.15371681023017358 Penicillium-polonicum
11 10 -0.3796483668849209 0.40091433973149315 Penicillium-cvjetkovicii
11 10 -0.14043172870028872 0.763939516528721 Penicillium-brevicompactum
9 12 0.2174058912480183 0.6395804389986725 Penicillium-mb
9 12 -0.41064003958606543 0.36013408487418075 Penicillium-chrysogenum
9 12 0.5224752509214144 0.22894993579336684 Penicillium-commune
9 12 0.4208380443755831 0.3471101030782777 Penicillium-solitum
9 12 0.8046337025874924 0.029076499057875 Penicillium-verrucosum
9 12 0.5323091774694949 0.21871114871537387 Penicillium-polonicum
9 12 -0.4557108734317558 0.30412453595598327 Penicillium-cvjetkovicii
9 12 -0.03005095075858662 0.9490069536764737 Penicillium-brevicompactum
9 8 0.13152273017494834 0.7786462308489207 Penicillium-mb
9 8 -0.5355444713556378 0.21539105578384635 Penicillium-chrysogenum
9 8 0.7820551046154093 0.037725467354620776 Penicillium-commune
9 8 0.5860580338123297 0.16673234668541395 Penicillium-solitum
9 8 0.6806615297682373 0.09234958162198748 Penicillium-verrucosum
9 8 0.7853143878681227 0.03639935686506308 Penicillium-polonicum
9 8 -0.3668920662447676 0.4182053154749165 Penicillium-cvjetkovicii
9 8 -0.14043880698875985 0.7639278537790368 Penicillium-brevicompactum
9 12 0.22219365994889814 0.6320343364055636 Penicillium-mb
9 12 -0.5869569150133622 0.16592154283902308 Penicillium-chrysogenum
9 12 0.7130652095565024 0.07205570748247973 Penicillium-commune
9 12 0.6373851122546738 0.12360492219811281 Penicillium-solitum
9 12 0.7571022884078326 0.04875595533964171 Penicillium-verrucosum
9 12 -0.05981504117166279 0.8986363908866339 Penicillium-polonicum
9 12 -0.028161246188984242 0.9522109385875731 Penicillium-cvjetkovicii
9 12 -0.11248229111696909 0.8102498479451113 Penicillium-brevicompactum
9 8 -0.04556566712379974 0.9227255990190592 Penicillium-mb
9 8 -0.6331767006296575 0.1268956566976806 Penicillium-chrysogenum
9 8 0.7132603710289933 0.07194157897842338 Penicillium-commune
9 8 0.32402170479656817 0.47833932018547154 Penicillium-solitum
9 8 0.5558331470814055 0.19512368208868666 Penicillium-verrucosum
9 8 0.49109480201049033 0.26307647597470696 Penicillium-polonicum
9 8 0.38909822868779353 0.3882924144682638 Penicillium-cvjetkovicii
9 8 0.13818463659406993 0.7676437878674494 Penicillium-brevicompactum
9 10 0.2751564113545548 0.5503603703965034 Penicillium-mb
9 10 -0.5125373749413277 0.23951983866678742 Penicillium-chrysogenum
9 10 0.7589322196578682 0.04789397952693068 Penicillium-commune
9 10 0.7582780351430284 0.04820116006638145 Penicillium-solitum
9 10 0.7891506613941807 0.03487218050540142 Penicillium-verrucosum
9 10 0.7780180168250179 0.03940460940189729 Penicillium-polonicum
9 10 -0.3668920662447634 0.41820531547492257 Penicillium-cvjetkovicii
9 10 -0.14041048659654648 0.7639745169172102 Penicillium-brevicompactum
9 10 -0.2148191120950973 0.6436678572711765 Penicillium-mb
9 10 -0.4260843669724982 0.3404884918136585 Penicillium-chrysogenum
9 10 0.5703292513203467 0.18123488546425445 Penicillium-commune
9 10 0.45908123039869997 0.30010093419106415 Penicillium-solitum
9 10 0.5066390145753105 0.2458981778772777 Penicillium-verrucosum
9 10 0.36480036089564377 0.4210678037722325 Penicillium-polonicum
9 10 -0.18792515471995672 0.6865718186721348 Penicillium-cvjetkovicii
9 10 -0.1508517963985924 0.7468099341072205 Penicillium-brevicompactum
7 8 0.16084213653086193 0.7304641409330266 Penicillium-mb
7 8 -0.503339374108321 0.24950012262147117 Penicillium-chrysogenum
7 8 0.7596261669661832 0.047569305185802886 Penicillium-commune
7 8 0.6730918998832628 0.09747496904337191 Penicillium-solitum
7 8 0.7342129937586281 0.06025241428665933 Penicillium-verrucosum
7 8 0.6984166643152565 0.08089886895949266 Penicillium-polonicum
7 8 -0.36689206624476545 0.4182053154749196 Penicillium-cvjetkovicii
7 8 -0.14042171876215473 0.7639560097575528 Penicillium-brevicompactum
11 12 0.5633129304425433 0.18789507045857867 Penicillium-mb
11 12 -0.8142889171924367 0.025758145014528833 Penicillium-chrysogenum
11 12 0.4963516661406417 0.25720751173372036 Penicillium-commune
11 12 0.5951843685777296 0.15859130088905404 Penicillium-solitum
11 12 0.4821159057306146 0.27323986142280193 Penicillium-verrucosum
11 12 0.4808364196135528 0.27470230609254104 Penicillium-polonicum
11 12 0.29941113644880724 0.5141777558470544 Penicillium-cvjetkovicii
11 12 -0.607887243795293 0.1475978541786861 Penicillium-brevicompactum
9 12 0.06038960158322525 0.8976662672638112 Penicillium-mb
9 12 -0.4922315945391379 0.2618022000035152 Penicillium-chrysogenum
9 12 0.7113066379591692 0.0730884768517122 Penicillium-commune
9 12 0.5676433031603272 0.18377066529861 Penicillium-solitum
9 12 0.7393451858353446 0.057559330930951905 Penicillium-verrucosum
9 12 0.6716163284679382 0.09849100363456867 Penicillium-polonicum
9 12 -0.5476544199910621 0.20317841491034783 Penicillium-cvjetkovicii
9 12 -0.404663458703752 0.36785925934221037 Penicillium-brevicompactum
7 12 0.02207445342340094 0.9625343736740368 Penicillium-mb
7 12 -0.47661736838073615 0.2795495258458879 Penicillium-chrysogenum
7 12 0.5364255628062067 0.21449104382067824 Penicillium-commune
7 12 0.5204045094287494 0.23113398033486204 Penicillium-solitum
7 12 0.7913765150117644 0.0340027554558324 Penicillium-verrucosum
7 12 0.7827572769658321 0.03743754694947909 Penicillium-polonicum
7 12 -0.36689206624476384 0.41820531547492173 Penicillium-cvjetkovicii
7 12 -0.13460825704577875 0.7735465895893664 Penicillium-brevicompactum
9 10 0.13125235100674137 0.7790934066034699 Penicillium-mb
9 10 -0.4862821833512289 0.26850226958180295 Penicillium-chrysogenum
9 10 0.8015118765943784 0.03019783888234786 Penicillium-commune
9 10 0.5232921375539178 0.22809102688506863 Penicillium-solitum
9 10 0.7972895820498187 0.03175231949474884 Penicillium-verrucosum
9 10 0.8007325325532751 0.030481482073915392 Penicillium-polonicum
9 10 0.3864732852777553 0.39178226816489836 Penicillium-cvjetkovicii
9 10 -0.13834309308815068 0.7673824605700833 Penicillium-brevicompactum
5 8 -0.0669727285425173 0.8865583771020773 Penicillium-mb
5 8 -0.6319246754290492 0.12788320431979056 Penicillium-chrysogenum
5 8 0.7966968509376607 0.031974032975186764 Penicillium-commune
5 8 0.4786747542090172 0.2771810588847503 Penicillium-solitum
5 8 0.8058018622657581 0.028663004681152605 Penicillium-verrucosum
5 8 0.8017122159973721 0.030125164709458932 Penicillium-polonicum
5 8 0.38253185112410615 0.397045861509111 Penicillium-cvjetkovicii
5 8 -0.14009740951472094 0.7644904077245572 Penicillium-brevicompactum
7 10 -0.0679236339970065 0.8849550733561424 Penicillium-mb
7 10 -0.6736581619461364 0.09708652334574233 Penicillium-chrysogenum
7 10 0.6808022181533713 0.0922556983755739 Penicillium-commune
7 10 0.3623205596748741 0.4244712016763327 Penicillium-solitum
7 10 0.6697375255874127 0.09979267682502284 Penicillium-verrucosum
7 10 0.6826199226524665 0.09104724063349205 Penicillium-polonicum
7 10 0.38370160836677747 0.39548077889768257 Penicillium-cvjetkovicii
7 10 -0.13997627121639228 0.7646900389266476 Penicillium-brevicompactum
11 12 0.08932812425132772 0.8489561806372801 Penicillium-mb
11 12 -0.4360244724985993 0.32809124973255627 Penicillium-chrysogenum
11 12 0.43827775989553097 0.325308292379268 Penicillium-commune
11 12 0.5009848332928116 0.25208513092910406 Penicillium-solitum
11 12 -0.07142107377781035 0.879060824278683 Penicillium-verrucosum
11 12 -0.17021268031228037 0.7152056797314608 Penicillium-polonicum
11 12 0.026582193880098807 0.9548886081791093 Penicillium-cvjetkovicii
11 12 -0.2837949662325923 0.5373794063942818 Penicillium-brevicompactum
9 10 -0.012529653566861573 0.9787306691139153 Penicillium-mb
9 10 -0.6682007604658655 0.10086402709829129 Penicillium-chrysogenum
9 10 0.7157538294792136 0.07049196315739185 Penicillium-commune
9 10 0.5719130931457314 0.1797476593900739 Penicillium-solitum
9 10 0.7230631707410641 0.06633373895789461 Penicillium-verrucosum
9 10 0.7182059299842587 0.06908182736337178 Penicillium-polonicum
9 10 -0.3668920662447655 0.41820531547491935 Penicillium-cvjetkovicii
9 10 -0.14044310580418495 0.763920770726987 Penicillium-brevicompactum
11 12 0.20861447384785273 0.6535009093171924 Penicillium-mb
11 12 -0.28866503399075966 0.5301066679404196 Penicillium-chrysogenum
11 12 0.6733175040707053 0.09732011115817832 Penicillium-commune
11 12 0.6893350892869878 0.08665562889728244 Penicillium-solitum
11 12 0.6999221845636676 0.0799648118412497 Penicillium-verrucosum
11 12 -0.7026606426126195 0.07828060841385982 Penicillium-polonicum
11 12 0.02886979349950594 0.9510095382312411 Penicillium-cvjetkovicii
11 12 -0.08621127497093996 0.8541864770956691 Penicillium-brevicompactum
3 12 -0.06187622877644325 0.8951566259363715 Penicillium-mb
3 12 -0.5024283604488015 0.2504988538367331 Penicillium-chrysogenum
3 12 0.9117449423559689 0.0042359846151358805 Penicillium-commune
3 12 0.6148904034978367 0.14170650692115397 Penicillium-solitum
3 12 0.937477624870311 0.0018148422242283075 Penicillium-verrucosum
3 12 0.913602239909283 0.004020748816686778 Penicillium-polonicum
3 12 0.21637542838258386 0.6412078306582729 Penicillium-cvjetkovicii
3 12 -0.18287644961826457 0.6947046407171473 Penicillium-brevicompactum
11 12 -0.28545191372372253 0.5349012810157814 Penicillium-mb
11 12 -0.4274603520792114 0.3387607246858395 Penicillium-chrysogenum
11 12 0.6757112773523921 0.09568494161147016 Penicillium-commune
11 12 0.3666266186411296 0.41856815862118485 Penicillium-solitum
11 12 0.6646113110432263 0.10338968753830437 Penicillium-verrucosum
11 12 0.0840205313229855 0.857865254126033 Penicillium-polonicum
11 12 0.48664660161345913 0.2680896625831803 Penicillium-cvjetkovicii
11 12 -0.008949375985984503 0.9848076758623701 Penicillium-brevicompactum
11 12 -0.25006312500401373 0.5886271742135901 Penicillium-mb
11 12 -0.6343726365990395 0.12595600360212128 Penicillium-chrysogenum
11 12 0.6084401966771498 0.14712829608872582 Penicillium-commune
11 12 0.5112603575216843 0.24089417945562422 Penicillium-solitum
11 12 0.6397574760163726 0.12176939022669211 Penicillium-verrucosum
11 12 0.6379657094376083 0.12315440411778612 Penicillium-polonicum
11 12 0.1120539845774634 0.8109632601042867 Penicillium-cvjetkovicii
11 12 -0.3239154242117735 0.4784921012870798 Penicillium-brevicompactum
11 12 0.2859296807472169 0.534187443802637 Penicillium-mb
11 12 -0.6730013968729206 0.09753712784687779 Penicillium-chrysogenum
11 12 0.05922504595311828 0.8996326800584032 Penicillium-commune
11 12 0.7479817129825321 0.05317806163779118 Penicillium-solitum
11 12 0.6959241364158638 0.08245797087300948 Penicillium-verrucosum
11 12 0.6812013032248522 0.09198965710269992 Penicillium-polonicum
11 12 -0.07943368710730651 0.8655742163756657 Penicillium-cvjetkovicii
11 12 -0.010452010518375833 0.982257085043227 Penicillium-brevicompactum
7 10 0.13006474389907208 0.7810581432911567 Penicillium-mb
7 10 -0.7874924202443819 0.03552784279574828 Penicillium-chrysogenum
7 10 0.5259441708701396 0.22531302188484476 Penicillium-commune
7 10 0.6492922200769675 0.11453453267436917 Penicillium-solitum
7 10 0.525506067557849 0.22577083160885736 Penicillium-verrucosum
7 10 0.6115876716677947 0.14446984373293653 Penicillium-polonicum
7 10 0.38363746176923363 0.39556654022656795 Penicillium-cvjetkovicii
7 10 -0.13998510812060427 0.7646754757019947 Penicillium-brevicompactum
7 10 -0.30477760629051504 0.5062856165058082 Penicillium-mb
7 10 -0.5926028861759708 0.16087356803133376 Penicillium-chrysogenum
7 10 0.7839890926008102 0.0369354051628313 Penicillium-commune
7 10 0.4422036243736616 0.32048395166191773 Penicillium-solitum
7 10 0.7855581512764445 0.03630123441807853 Penicillium-verrucosum
7 10 0.7768761554563597 0.03988689831493888 Penicillium-polonicum
7 10 0.3872528880746638 0.39074447981744403 Penicillium-cvjetkovicii
7 10 -0.13385858613952317 0.7747850278665405 Penicillium-brevicompactum
5 10 0.09994254095321745 0.8311783657973011 Penicillium-mb
5 10 -0.5646982393393051 0.1865708074869513 Penicillium-chrysogenum
5 10 0.8023553623659853 0.02989252184935825 Penicillium-commune
5 10 0.6617183513934343 0.10544899001158306 Penicillium-solitum
5 10 0.8232150713096938 0.022890027921201997 Penicillium-verrucosum
5 10 0.8149631774327751 0.025534823659677304 Penicillium-polonicum
5 10 -0.3668920662447628 0.41820531547492307 Penicillium-cvjetkovicii
5 10 -0.14039567481503087 0.763998922321186 Penicillium-brevicompactum
9 8 0.14471415566383172 0.7568899972229582 Penicillium-mb
9 8 -0.5715130869064463 0.18012269950306783 Penicillium-chrysogenum
9 8 0.767809437432403 0.043831906768729875 Penicillium-commune
9 8 0.6610330653168538 0.10593989755068771 Penicillium-solitum
9 8 0.7802832112415188 0.03845746086980235 Penicillium-verrucosum
9 8 0.7744214296362993 0.04093470336531143 Penicillium-polonicum
9 8 -0.3668920662447655 0.41820531547491935 Penicillium-cvjetkovicii
9 8 -0.14041114823358752 0.7639734267400715 Penicillium-brevicompactum
5 8 -0.01784402706461102 0.9697118613553118 Penicillium-mb
5 8 -0.6110035375115184 0.1449613776107603 Penicillium-chrysogenum
5 8 0.7512194650166195 0.05158419809823686 Penicillium-commune
5 8 0.5270263451980877 0.22418404459331082 Penicillium-solitum
5 8 0.767807530299801 0.043832758204883644 Penicillium-verrucosum
5 8 0.7096579629807577 0.07406385823829453 Penicillium-polonicum
5 8 -0.36689206624476545 0.4182053154749196 Penicillium-cvjetkovicii
5 8 -0.14044284592729267 0.7639211989193552 Penicillium-brevicompactum
11 12 0.12003662729025215 0.7976844293544028 Penicillium-mb
11 12 -0.2280712309845257 0.6228052088429334 Penicillium-chrysogenum
11 12 0.36357810498958804 0.422743960652055 Penicillium-commune
11 12 -0.28476278610523775 0.5359314746088225 Penicillium-solitum
11 12 0.23487223259904835 0.6121749051796772 Penicillium-verrucosum
11 12 0.025155434347546527 0.9573083188502767 Penicillium-polonicum
11 12 -0.22021526321262203 0.6351494923046237 Penicillium-cvjetkovicii
11 12 -0.0468439017468872 0.9205625462943365 Penicillium-brevicompactum
9 10 -0.1991448253725436 0.6685850492299298 Penicillium-mb
9 10 -0.5578808860840541 0.1931315772784245 Penicillium-chrysogenum
9 10 0.7333244923780083 0.06072543732696932 Penicillium-commune
9 10 0.3690306585961834 0.415286525732962 Penicillium-solitum
9 10 0.5632310922708968 0.1879734446620399 Penicillium-verrucosum
9 10 0.7335432320202944 0.060608798071866594 Penicillium-polonicum
9 10 0.3893930708174319 0.38790120729281924 Penicillium-cvjetkovicii
9 10 0.13919017008720042 0.7659857543178566 Penicillium-brevicompactum
9 12 0.13152693058626996 0.7786392842389109 Penicillium-mb
9 12 -0.5776264087387769 0.17443272936496143 Penicillium-chrysogenum
9 12 0.975547156725007 0.00017724102088318816 Penicillium-commune
9 12 0.769855414569161 0.04292373020843848 Penicillium-solitum
9 12 0.9800602896018522 0.00010668318550337898 Penicillium-verrucosum
9 12 0.9784251404982692 0.0001298032768545336 Penicillium-polonicum
9 12 0.45209049616343283 0.3084727566695709 Penicillium-cvjetkovicii
9 12 -0.2951472917853988 0.5204782359022178 Penicillium-brevicompactum
3 6 -0.2428241677102095 0.5998139417405443 Penicillium-mb
3 6 -0.6561414972464508 0.10947843225948074 Penicillium-chrysogenum
3 6 0.6443652247145824 0.11824459398754265 Penicillium-commune
3 6 0.240954377172026 0.6027137207415522 Penicillium-solitum
3 6 0.6466087936199626 0.11654760879853637 Penicillium-verrucosum
3 6 0.6115762925664968 0.14447941092461633 Penicillium-polonicum
3 6 -0.39225064014588407 0.3841179233891711 Penicillium-cvjetkovicii
3 6 -0.14043172870028853 0.7639395165287214 Penicillium-brevicompactum
7 12 -0.0981329447975484 0.8342053429999755 Penicillium-mb
7 12 -0.1345331488237539 0.7736706493884427 Penicillium-chrysogenum
7 12 0.676638289677767 0.09505561035620812 Penicillium-commune
7 12 0.44811135340335684 0.3132829153132301 Penicillium-solitum
7 12 -0.43980208457842357 0.3234314257443334 Penicillium-verrucosum
7 12 0.6656435825356244 0.10266000606940585 Penicillium-polonicum
7 12 0.3974506274573321 0.37727195086759785 Penicillium-cvjetkovicii
7 12 0.07141240478567576 0.8790754287681845 Penicillium-brevicompactum
