#SPECIES: Penicillium-brevicompactum Penicillium-cvjetkovicii Penicillium-commune Penicillium-solitum Penicillium-polonicum Penicillium-mb Penicillium-chrysogenum Penicillium-verrucosum 
#GENE_TREEs p: 0.37376545844754766 0.29697815453079485 0.6999001688131301 0.18175134732194595 0.2631408615605529 0.7312671732486782 0.5350078974951209 0.7183324863950733 
#GENE_TREEs r: -0.4001289088845627 -0.46171073617723246 -0.17965874629386566 -0.5697807246562901 -0.49103742969272907 -0.16035020341291584 -0.2853805742178034 -0.16828876502462503 
8 12 -0.03930825783850937 0.9333197718981905 Penicillium-brevicompactum
8 12 0.35870088629796043 0.429457983833137 Penicillium-cvjetkovicii
8 12 0.2590430990551515 0.574839906218092 Penicillium-commune
8 12 -0.33500499944965356 0.46264656159603745 Penicillium-solitum
8 12 -0.5496152982203838 0.20123298817839322 Penicillium-polonicum
8 12 0.33727827309634567 0.45942258270521824 Penicillium-mb
8 12 -0.3306143215469504 0.46889693877445665 Penicillium-chrysogenum
8 12 -0.15889825672870747 0.7336384684107902 Penicillium-verrucosum
8 4 -0.4001289088845629 0.3737654584475477 Penicillium-brevicompactum
8 4 -0.4944268786575652 0.2593494037442507 Penicillium-cvjetkovicii
8 4 -0.24498255561812335 0.5964718064551058 Penicillium-commune
8 4 -0.5124464195483165 0.23961760507322433 Penicillium-solitum
8 4 -0.4165577873930562 0.3525520645933551 Penicillium-polonicum
8 4 -0.22476156091345484 0.6279974011760494 Penicillium-mb
8 4 -0.312782902669642 0.49459204608799934 Penicillium-chrysogenum
8 4 -0.3077153877954567 0.5019831908380885 Penicillium-verrucosum
8 10 -0.40237694471537827 0.3708325958006951 Penicillium-brevicompactum
8 10 -0.23311972524586538 0.6149090765335481 Penicillium-cvjetkovicii
8 10 -0.28812361042203694 0.5309135653233459 Penicillium-commune
8 10 -0.3642397411791242 0.4218362966851451 Penicillium-solitum
8 10 -0.34088952694367586 0.45431826901270167 Penicillium-polonicum
8 10 -0.2913141398088391 0.5261645994268201 Penicillium-mb
8 10 -0.4548400160768626 0.305168003805677 Penicillium-chrysogenum
8 10 -0.1763103914448143 0.7053165482657837 Penicillium-verrucosum
12 12 -0.44511640707279215 0.31692465397888486 Penicillium-brevicompactum
12 12 -0.2218436391822618 0.6325851608315498 Penicillium-cvjetkovicii
12 12 -0.030049455977057448 0.9490094878599258 Penicillium-commune
12 12 -0.536088033034211 0.21483561027762443 Penicillium-solitum
12 12 -0.23786130010688383 0.6075197698510194 Penicillium-polonicum
12 12 -0.010743031189524303 0.981763116238916 Penicillium-mb
12 12 -0.5238242868952898 0.22753231781971364 Penicillium-chrysogenum
12 12 -0.44954895042527004 0.3115413478395782 Penicillium-verrucosum
6 6 -0.4001289088845627 0.37376545844754766 Penicillium-brevicompactum
6 6 -0.29691175845723233 0.5178677812227879 Penicillium-cvjetkovicii
6 6 -0.043704294363170026 0.9258761235929978 Penicillium-commune
6 6 -0.5570606760579949 0.1939283174015048 Penicillium-solitum
6 6 -0.5377276812291208 0.21316424154401578 Penicillium-polonicum
6 6 -0.043198747223389185 0.926731937603252 Penicillium-mb
6 6 -0.3802689422279577 0.40008051756227764 Penicillium-chrysogenum
6 6 -0.1916953264699279 0.6805141446714269 Penicillium-verrucosum
10 10 -0.40012890888456254 0.37376545844754827 Penicillium-brevicompactum
10 10 -0.37751836521386656 0.40378150298706933 Penicillium-cvjetkovicii
10 10 -0.5816467124397919 0.17073972148207925 Penicillium-commune
10 10 -0.41933076411743914 0.3490224257243183 Penicillium-solitum
10 10 -0.4483003062059504 0.31305376878058166 Penicillium-polonicum
10 10 -0.35684022443653757 0.4320301026477623 Penicillium-mb
10 10 -0.35554848699456726 0.43381921693282777 Penicillium-chrysogenum
10 10 -0.23905669004059496 0.6056610208027344 Penicillium-verrucosum
10 10 0.4221842991938518 0.34540581144365895 Penicillium-brevicompactum
10 10 0.5170072071249748 0.23473818025550036 Penicillium-cvjetkovicii
10 10 -0.3854440219081663 0.3931540882307393 Penicillium-commune
10 10 -0.42817557960471714 0.33786411456216037 Penicillium-solitum
10 10 -0.296499249919589 0.5184776686027612 Penicillium-polonicum
10 10 -0.4967962061368516 0.2567139852100184 Penicillium-mb
10 10 -0.42259528902785 0.3448862221966573 Penicillium-chrysogenum
10 10 -0.20965139855862688 0.6518547861304522 Penicillium-verrucosum
12 10 0.018167783386354084 0.9691625028320097 Penicillium-brevicompactum
12 10 0.23933264588275932 0.6052321681809314 Penicillium-cvjetkovicii
12 10 0.08769331344414343 0.8516989710577395 Penicillium-commune
12 10 -0.215072225785534 0.6432675906783933 Penicillium-solitum
12 10 -0.10331174166396101 0.8255470225757464 Penicillium-polonicum
12 10 -0.7156795000560137 0.07053494698396248 Penicillium-mb
12 10 -0.3161841544017811 0.4896529602382317 Penicillium-chrysogenum
12 10 -0.18269838970302194 0.6949919023509835 Penicillium-verrucosum
10 10 -0.06078458081016457 0.8969994184345589 Penicillium-brevicompactum
10 10 -0.5722781230302394 0.1794057462288309 Penicillium-cvjetkovicii
10 10 -0.13710728584461354 0.7694210234793066 Penicillium-commune
10 10 -0.6649412337035177 0.1031561821314656 Penicillium-solitum
10 10 -0.5818997055019081 0.17050862594312094 Penicillium-polonicum
10 10 -0.11301498933089503 0.8093627007183506 Penicillium-mb
10 10 0.013563089801569676 0.9769767014106121 Penicillium-chrysogenum
10 10 -0.4681067511766609 0.2894426225854254 Penicillium-verrucosum
10 12 0.3527162742465745 0.4377518303303384 Penicillium-brevicompactum
10 12 0.5888923211274397 0.1641824184534842 Penicillium-cvjetkovicii
10 12 -0.7828124500751694 0.03741497547913806 Penicillium-commune
10 12 0.16668281126991294 0.7209449282820259 Penicillium-solitum
10 12 0.2732938781936456 0.5531724318999056 Penicillium-polonicum
10 12 -0.2529795098992914 0.5841384826261473 Penicillium-mb
10 12 0.37351494119462314 0.4091922804238963 Penicillium-chrysogenum
10 12 0.3467139812130057 0.4461306487970372 Penicillium-verrucosum
8 6 -0.3980223109421092 0.37652236346674584 Penicillium-brevicompactum
8 6 0.6103514061327079 0.14551112239422886 Penicillium-cvjetkovicii
8 6 -0.04416832374073394 0.9250906428141549 Penicillium-commune
8 6 -0.532253975185726 0.21876800657226328 Penicillium-solitum
8 6 -0.5165712913468785 0.2352025288976831 Penicillium-polonicum
8 6 -0.06031860565243296 0.8977861357516632 Penicillium-mb
8 6 -0.3887284971192355 0.3887832119166157 Penicillium-chrysogenum
8 6 -0.18936022712937242 0.6842644458444413 Penicillium-verrucosum
8 6 -0.40012890888456243 0.37376545844754827 Penicillium-brevicompactum
8 6 -0.424568252136011 0.3423965176847456 Penicillium-cvjetkovicii
8 6 -0.37534138629428027 0.4067202480587758 Penicillium-commune
8 6 -0.45971058552801514 0.2993522075425274 Penicillium-solitum
8 6 -0.4425834418689931 0.3200188572022465 Penicillium-polonicum
8 6 -0.3403848763950543 0.45503029058492933 Penicillium-mb
8 6 -0.45733629427820655 0.30218113736710833 Penicillium-chrysogenum
8 6 -0.2308534458787956 0.6184500624484329 Penicillium-verrucosum
6 12 -0.5077764627502721 0.24466212826309422 Penicillium-brevicompactum
6 12 0.22478517109881968 0.6279603181744383 Penicillium-cvjetkovicii
6 12 -0.21732826824055407 0.6397029877295273 Penicillium-commune
6 12 -0.6472126982777501 0.11609298824074206 Penicillium-solitum
6 12 -0.48842918288197135 0.26607550831053184 Penicillium-polonicum
6 12 -0.296444454134883 0.5185587017788055 Penicillium-mb
6 12 0.10489526927582345 0.8229023263300987 Penicillium-chrysogenum
6 12 -0.47109985288447537 0.2859458186783047 Penicillium-verrucosum
8 12 -0.3573760743832354 0.4312887572422029 Penicillium-brevicompactum
8 12 0.1843814004206019 0.6922778864443397 Penicillium-cvjetkovicii
8 12 -0.193302425053634 0.6779360853607364 Penicillium-commune
8 12 -0.3717982544042233 0.4115211256144744 Penicillium-solitum
8 12 -0.6153887262557999 0.14129190667861977 Penicillium-polonicum
8 12 -0.17015831230762724 0.715293997044542 Penicillium-mb
8 12 -0.2646660298515727 0.5662589289988869 Penicillium-chrysogenum
8 12 -0.14630021438900956 0.7542824791246822 Penicillium-verrucosum
10 12 -0.42569578439362254 0.3409770922208816 Penicillium-brevicompactum
10 12 -0.2331197252458643 0.6149090765335496 Penicillium-cvjetkovicii
10 12 -0.13208004962142825 0.7777246424498006 Penicillium-commune
10 12 -0.4123785769241689 0.3578996498154608 Penicillium-solitum
10 12 -0.3793147738905951 0.4013628492374861 Penicillium-polonicum
10 12 -0.1125885142326789 0.810072932721337 Penicillium-mb
10 12 -0.40007476833770755 0.3738362085753025 Penicillium-chrysogenum
10 12 -0.09511185964242001 0.8392624363674248 Penicillium-verrucosum
10 12 -0.35362955957765124 0.43648222852201646 Penicillium-brevicompactum
10 12 -0.2331197252458643 0.6149090765335496 Penicillium-cvjetkovicii
10 12 -0.6938529439504615 0.08376555240348373 Penicillium-commune
10 12 -0.45720451953154845 0.30233848728366597 Penicillium-solitum
10 12 -0.28823626821040615 0.530745634580903 Penicillium-polonicum
10 12 -0.18458454203618704 0.6919504775010206 Penicillium-mb
10 12 -0.30538471573733206 0.5053954459291894 Penicillium-chrysogenum
10 12 -0.19320795814415853 0.6780875575247444 Penicillium-verrucosum
8 10 -0.3998975977493708 0.3740677709433412 Penicillium-brevicompactum
8 10 -0.13801228262683274 0.7679280548219392 Penicillium-cvjetkovicii
8 10 -0.3557479744837047 0.43354273320741465 Penicillium-commune
8 10 -0.3569741837440753 0.4318447249700323 Penicillium-solitum
8 10 -0.35839302848426574 0.429883149626792 Penicillium-polonicum
8 10 -0.5745446561013967 0.1772898809012285 Penicillium-mb
8 10 -0.482089280304134 0.2732702582625349 Penicillium-chrysogenum
8 10 -0.4376533060941989 0.32607851503342283 Penicillium-verrucosum
10 12 -0.37504171011728954 0.40712544504403664 Penicillium-brevicompactum
10 12 -0.045391795073589404 0.9230198580813782 Penicillium-cvjetkovicii
10 12 -0.745020601457337 0.05465894613368158 Penicillium-commune
10 12 -0.058483669918865784 0.900884745314268 Penicillium-solitum
10 12 0.08801106813868781 0.851165766945146 Penicillium-polonicum
10 12 0.35790935271583824 0.43055145424316776 Penicillium-mb
10 12 0.09829230963481982 0.8339387018144533 Penicillium-chrysogenum
10 12 0.16083545918998216 0.7304750397251623 Penicillium-verrucosum
10 10 -0.4084482864912576 0.3629592211067082 Penicillium-brevicompactum
10 10 -0.2331197252458657 0.6149090765335476 Penicillium-cvjetkovicii
10 10 -0.5268988793486938 0.22431688448277182 Penicillium-commune
10 10 -0.5483537981508281 0.20248351733979392 Penicillium-solitum
10 10 -0.3008306640374989 0.5120860397862208 Penicillium-polonicum
10 10 -0.20018813844180042 0.6669187202787901 Penicillium-mb
10 10 -0.155413854821924 0.7393359783860193 Penicillium-chrysogenum
10 10 -0.04982728005907926 0.915515550565189 Penicillium-verrucosum
10 12 -0.440345976316359 0.3227628748937099 Penicillium-brevicompactum
10 12 -0.028866917176053022 0.9510144151267607 Penicillium-cvjetkovicii
10 12 0.2525430898665517 0.5848095174365031 Penicillium-commune
10 12 0.24616264879606456 0.5946468822658394 Penicillium-solitum
10 12 -0.5807908307079718 0.17152266662550092 Penicillium-polonicum
10 12 0.24077167999022786 0.6029972818618223 Penicillium-mb
10 12 -0.5612228855630095 0.18990162112166314 Penicillium-chrysogenum
10 12 0.32040028836963935 0.4835551035515865 Penicillium-verrucosum
10 8 -0.40012890888456243 0.37376545844754827 Penicillium-brevicompactum
10 8 -0.38129681163539175 0.3987009617831376 Penicillium-cvjetkovicii
10 8 -0.34566888287187675 0.44759566389357036 Penicillium-commune
10 8 -0.3497027326339932 0.4419510280222356 Penicillium-solitum
10 8 -0.5652229028496727 0.18607045307395326 Penicillium-polonicum
10 8 -0.3162806121378056 0.489513147233433 Penicillium-mb
10 8 -0.25904825124185693 0.5748320250637595 Penicillium-chrysogenum
10 8 -0.5462181129377511 0.20460909863912713 Penicillium-verrucosum
2 8 -0.40329142121332306 0.3696422496285914 Penicillium-brevicompactum
2 8 -0.23311972524586436 0.6149090765335496 Penicillium-cvjetkovicii
2 8 -0.35227621312528 0.4383640811647443 Penicillium-commune
2 8 -0.4600593390413539 0.2989376595689442 Penicillium-solitum
2 8 -0.36870920492478715 0.4157247423309794 Penicillium-polonicum
2 8 -0.3449366788394138 0.4486231400377111 Penicillium-mb
2 8 -0.3076234491298688 0.5021176419119426 Penicillium-chrysogenum
2 8 -0.24513265848615098 0.5962395901376414 Penicillium-verrucosum
10 10 -0.3934970712428881 0.3824724035149482 Penicillium-brevicompactum
10 10 0.5542410177630097 0.19667937523478135 Penicillium-cvjetkovicii
10 10 -0.3238432989787046 0.4785957932251037 Penicillium-commune
10 10 -0.5623670776356238 0.18880185638897665 Penicillium-solitum
10 10 -0.3136667284369263 0.4933069192748931 Penicillium-polonicum
10 10 -0.29237995167442726 0.5245813964547373 Penicillium-mb
10 10 -0.3679967139232014 0.4166966770910292 Penicillium-chrysogenum
10 10 -0.30788717269130944 0.5017320064434616 Penicillium-verrucosum
12 8 -0.40012890888456265 0.37376545844754816 Penicillium-brevicompactum
12 8 -0.2107841828141494 0.6500577686192187 Penicillium-cvjetkovicii
12 8 -0.3397511990969742 0.4559249464224086 Penicillium-commune
12 8 -0.022825159042599644 0.9612608996641029 Penicillium-solitum
12 8 0.01994029751617567 0.9661550291365572 Penicillium-polonicum
12 8 -0.7024542066312667 0.07840690499774514 Penicillium-mb
12 8 -0.010448647291116449 0.9822627936998671 Penicillium-chrysogenum
12 8 -0.5970489111838608 0.15695296888694935 Penicillium-verrucosum
4 12 -0.3951543122293073 0.3802889726291027 Penicillium-brevicompactum
4 12 -0.2281459126926835 0.6226881908704933 Penicillium-cvjetkovicii
4 12 -0.008659395037272605 0.9852999055654034 Penicillium-commune
4 12 -0.5539009262076777 0.19701245602556727 Penicillium-solitum
4 12 -0.5125797393545874 0.23947430820843107 Penicillium-polonicum
4 12 -0.0682674984723423 0.8843753665552414 Penicillium-mb
4 12 -0.2444895331475118 0.5972347274961249 Penicillium-chrysogenum
4 12 -0.44911565316512414 0.3120658184401992 Penicillium-verrucosum
10 8 -0.39901804432130744 0.37521821640137565 Penicillium-brevicompactum
10 8 0.5144009868858727 0.2375207590897817 Penicillium-cvjetkovicii
10 8 -0.4248573868137759 0.3420322949287497 Penicillium-commune
10 8 -0.31793922708607725 0.4871112549873613 Penicillium-solitum
10 8 -0.21512207887139304 0.6431887625413937 Penicillium-polonicum
10 8 -0.330632348097733 0.46887121409053245 Penicillium-mb
10 8 -0.32911814569144593 0.471033845512389 Penicillium-chrysogenum
10 8 -0.20997569544927278 0.6513401933737681 Penicillium-verrucosum
8 10 -0.38823397792557435 0.3894400475388055 Penicillium-brevicompactum
8 10 0.5405184232225436 0.2103337902614697 Penicillium-cvjetkovicii
8 10 -0.4933848297162397 0.26051237433759616 Penicillium-commune
8 10 -0.5067375649639027 0.24579097055408397 Penicillium-solitum
8 10 -0.3226864536554104 0.48026005766185675 Penicillium-polonicum
8 10 -0.35554845680257047 0.4338192587831356 Penicillium-mb
8 10 -0.493861024459517 0.25998062623455864 Penicillium-chrysogenum
8 10 -0.26953826618888094 0.558856767869077 Penicillium-verrucosum
10 10 0.41631545159629324 0.3528612323463079 Penicillium-brevicompactum
10 10 0.513137879179158 0.2388748323065311 Penicillium-cvjetkovicii
10 10 -0.533749682928647 0.21722991471230244 Penicillium-commune
10 10 -0.413363216190899 0.3566367174661088 Penicillium-solitum
10 10 -0.29293788922684766 0.523753256622419 Penicillium-polonicum
10 10 -0.3592685668521942 0.4286744147607914 Penicillium-mb
10 10 -0.2952284290683664 0.5203580984198077 Penicillium-chrysogenum
10 10 -0.21912644717835453 0.636865755976685 Penicillium-verrucosum
8 12 -0.7629566930159781 0.0460279203509761 Penicillium-brevicompactum
8 12 -0.6339370121531124 0.12629786250291772 Penicillium-cvjetkovicii
8 12 -0.1380626107017484 0.7678450455507042 Penicillium-commune
8 12 0.10141032939783826 0.8287243595416617 Penicillium-solitum
8 12 -0.5153197676427757 0.23653806185327653 Penicillium-polonicum
8 12 -0.5905649840005439 0.16268670483411513 Penicillium-mb
8 12 0.12734358010500205 0.7855634232806948 Penicillium-chrysogenum
8 12 -0.39266738906583504 0.3835674195746451 Penicillium-verrucosum
6 6 -0.4001289088845623 0.3737654584475487 Penicillium-brevicompactum
6 6 -0.46261114547207227 0.29591214752410494 Penicillium-cvjetkovicii
6 6 -0.5271864398736889 0.22401725273393253 Penicillium-commune
6 6 -0.46252326131366045 0.29601612025408636 Penicillium-solitum
6 6 -0.4023797321191269 0.3708289651369929 Penicillium-polonicum
6 6 -0.3056002871108451 0.5050794969745462 Penicillium-mb
6 6 -0.3447857222068848 0.44883508213641277 Penicillium-chrysogenum
6 6 -0.3632826711573053 0.4231494947598248 Penicillium-verrucosum
8 12 -0.20715771320675627 0.6558154102923801 Penicillium-brevicompactum
8 12 -0.4180675408008993 0.35062850065775303 Penicillium-cvjetkovicii
8 12 0.05562271381576575 0.905717955257342 Penicillium-commune
8 12 -0.36866784165237065 0.4157811432538939 Penicillium-solitum
8 12 -0.15032955654684974 0.7476665293560307 Penicillium-polonicum
8 12 -0.8098418318411855 0.02725851466000233 Penicillium-mb
8 12 -0.15229271514893805 0.7444475673767832 Penicillium-chrysogenum
8 12 -0.07048451078723145 0.8806387914530511 Penicillium-verrucosum
10 10 -0.3948471966505378 0.38069321758606967 Penicillium-brevicompactum
10 10 0.5621909195161164 0.18897097269648488 Penicillium-cvjetkovicii
10 10 -0.3843635372577141 0.3945962413836898 Penicillium-commune
10 10 -0.5392774768824891 0.21159017008082506 Penicillium-solitum
10 10 -0.34850153609648976 0.44362905664817515 Penicillium-polonicum
10 10 -0.545782890375539 0.20504356659777487 Penicillium-mb
10 10 -0.3051737296929467 0.5057047411090252 Penicillium-chrysogenum
10 10 -0.32426574750992004 0.47798856919005067 Penicillium-verrucosum
10 10 -0.3977914295724378 0.37682502038738014 Penicillium-brevicompactum
10 10 0.6052429130014972 0.14985376137171355 Penicillium-cvjetkovicii
10 10 -0.20169518613300505 0.6645136580026532 Penicillium-commune
10 10 -0.33987078295763884 0.4557560621669536 Penicillium-solitum
10 10 -0.2521785965913374 0.5853701400958968 Penicillium-polonicum
10 10 -0.17562977047746892 0.706418754932493 Penicillium-mb
10 10 -0.4856816098135993 0.26918288679758645 Penicillium-chrysogenum
10 10 -0.11225708676123483 0.8106249483597548 Penicillium-verrucosum
12 12 -0.12140745402226864 0.7954079303321755 Penicillium-brevicompactum
12 12 -0.5759293307752004 0.1760033050121182 Penicillium-cvjetkovicii
12 12 -0.6680314929109975 0.10098239698223367 Penicillium-commune
12 12 -0.18934804818846054 0.6842840194988351 Penicillium-solitum
12 12 0.024454061315332228 0.9584979078848677 Penicillium-polonicum
12 12 -0.23706864515977918 0.6087532213151371 Penicillium-mb
12 12 0.05907399783458918 0.8998877627557236 Penicillium-chrysogenum
12 12 -0.008636360393057574 0.9853390060053062 Penicillium-verrucosum
6 8 -0.40601941607352865 0.3661006511652832 Penicillium-brevicompactum
6 8 -0.23311972524586033 0.6149090765335559 Penicillium-cvjetkovicii
6 8 -0.33605116842053073 0.4611618396968142 Penicillium-commune
6 8 -0.3435433308717197 0.4505808166047895 Penicillium-solitum
6 8 -0.25070400194188697 0.587639879044862 Penicillium-polonicum
6 8 -0.2959883589601997 0.5192333529838264 Penicillium-mb
6 8 -0.23144755976084952 0.6175212088700088 Penicillium-chrysogenum
6 8 -0.2754810677818028 0.5498706800833788 Penicillium-verrucosum
8 12 -0.3510046397359189 0.44013502933436427 Penicillium-brevicompactum
8 12 -0.23311972524586458 0.6149090765335493 Penicillium-cvjetkovicii
8 12 -0.006690581120591505 0.9886419709386896 Penicillium-commune
8 12 -0.09293498117383453 0.8429091206654817 Penicillium-solitum
8 12 -0.7418491423325027 0.056269641076510474 Penicillium-polonicum
8 12 0.003011526873263342 0.994887496376711 Penicillium-mb
8 12 0.002186580388551652 0.996287954715979 Penicillium-chrysogenum
8 12 0.06793465946456685 0.8849364853451018 Penicillium-verrucosum
10 8 -0.4001289088845625 0.37376545844754827 Penicillium-brevicompactum
10 8 -0.49239774430280814 0.2616161922206823 Penicillium-cvjetkovicii
10 8 -0.19734045641836057 0.671469450066204 Penicillium-commune
10 8 -0.313069065514423 0.49417582148530903 Penicillium-solitum
10 8 -0.22295899627724683 0.6308304049361746 Penicillium-polonicum
10 8 -0.17384874233465344 0.709304902072647 Penicillium-mb
10 8 -0.23397074315250405 0.6135809179678688 Penicillium-chrysogenum
10 8 -0.09844140551541382 0.8336892535830536 Penicillium-verrucosum
10 10 -0.39881152581278495 0.3754885492319023 Penicillium-brevicompactum
10 10 0.5795212189020532 0.1726873331357472 Penicillium-cvjetkovicii
10 10 0.05963580960492819 0.8989390372259058 Penicillium-commune
10 10 -0.0437846950139608 0.9257400228054193 Penicillium-solitum
10 10 0.09042732188006816 0.847112690352894 Penicillium-polonicum
10 10 0.08997272525221765 0.8478750382670306 Penicillium-mb
10 10 -0.05089588576017416 0.9137083267675495 Penicillium-chrysogenum
10 10 0.18625686542142073 0.6892566003913767 Penicillium-verrucosum
10 10 -0.5233099531773988 0.22807231167137246 Penicillium-brevicompactum
10 10 0.27155228342595705 0.5558061026514324 Penicillium-cvjetkovicii
10 10 -0.22150766264215238 0.6331140109492639 Penicillium-commune
10 10 -0.7598250807740081 0.04747646362933746 Penicillium-solitum
10 10 -0.6466248643081444 0.11653549888758341 Penicillium-polonicum
10 10 -0.10767558123988093 0.8182620802648004 Penicillium-mb
10 10 -0.24448953314751165 0.5972347274961249 Penicillium-chrysogenum
10 10 -0.3960293893501622 0.37913809738439497 Penicillium-verrucosum
10 8 -0.4614190228898735 0.2973238807207547 Penicillium-brevicompactum
10 8 0.17659900329631475 0.7048492899218559 Penicillium-cvjetkovicii
10 8 0.20663794988382223 0.6566417410861332 Penicillium-commune
10 8 -0.6253622775999752 0.13312325747701992 Penicillium-solitum
10 8 -0.6222979062278007 0.135606830324772 Penicillium-polonicum
10 8 0.16907384841030595 0.7170561649272771 Penicillium-mb
10 8 -0.24448953314751173 0.5972347274961249 Penicillium-chrysogenum
10 8 -0.21763453077588193 0.6392195080448875 Penicillium-verrucosum
10 12 -0.40529513286877966 0.3670395781836609 Penicillium-brevicompactum
10 12 -0.23311972524586447 0.6149090765335496 Penicillium-cvjetkovicii
10 12 -0.1818154164006023 0.6964168191387099 Penicillium-commune
10 12 -0.40991095713048237 0.36107284616683477 Penicillium-solitum
10 12 -0.4589739433471922 0.30022865277602706 Penicillium-polonicum
10 12 -0.13801268588392254 0.7679273896975543 Penicillium-mb
10 12 -0.46902133201145363 0.28837212263885936 Penicillium-chrysogenum
10 12 -0.15116349166814833 0.7462987797784089 Penicillium-verrucosum
6 10 -0.40384197954011547 0.368926362452458 Penicillium-brevicompactum
6 10 -0.23311972524586447 0.6149090765335496 Penicillium-cvjetkovicii
6 10 -0.3040020537122048 0.5074235583285327 Penicillium-commune
6 10 -0.5451544875632942 0.20567165819313413 Penicillium-solitum
6 10 -0.2626412263686054 0.5693442248348002 Penicillium-polonicum
6 10 -0.3271705705589721 0.4738207670915411 Penicillium-mb
6 10 -0.3903213362519973 0.38667058863603415 Penicillium-chrysogenum
6 10 -0.3645974944873097 0.4213458286454251 Penicillium-verrucosum
12 12 -0.2101359948287105 0.6510858716839358 Penicillium-brevicompactum
12 12 -0.5718428133909829 0.1798135249997052 Penicillium-cvjetkovicii
12 12 -0.585932127266231 0.1668460722682962 Penicillium-commune
12 12 0.013549414510795818 0.9769999109059248 Penicillium-solitum
12 12 0.12741104970042577 0.7854516596126182 Penicillium-polonicum
12 12 -0.2430377264668034 0.5994830088146923 Penicillium-mb
12 12 -0.008478182209991142 0.9856075081331281 Penicillium-chrysogenum
12 12 0.2109912754950774 0.6497293879257153 Penicillium-verrucosum
12 12 0.21890213381199303 0.6372194940709092 Penicillium-brevicompactum
12 12 0.4095785953298244 0.3615011287886377 Penicillium-cvjetkovicii
12 12 -0.04998303000497817 0.9152521284072679 Penicillium-commune
12 12 -0.5031511994071403 0.24970626527375125 Penicillium-solitum
12 12 0.0005400766039378483 0.9990831376146232 Penicillium-polonicum
12 12 -0.5711388405386507 0.1804739335790694 Penicillium-mb
12 12 0.03045939819542112 0.9483145036530627 Penicillium-chrysogenum
12 12 -0.3135212143593797 0.4935184226092313 Penicillium-verrucosum
12 10 -0.40012890888456254 0.37376545844754827 Penicillium-brevicompactum
12 10 -0.4690097657286723 0.2883856497468118 Penicillium-cvjetkovicii
12 10 -0.6176115395845012 0.13945001908020868 Penicillium-commune
12 10 -0.38167440545745357 0.39819465005306937 Penicillium-solitum
12 10 -0.41747311697400385 0.35138532548740875 Penicillium-polonicum
12 10 -0.29444464600176695 0.5215190171539881 Penicillium-mb
12 10 -0.6068885882304621 0.14844779969683805 Penicillium-chrysogenum
12 10 -0.2302012681912502 0.6194701594118753 Penicillium-verrucosum
10 6 -0.39804773883852523 0.37648903669853256 Penicillium-brevicompactum
10 6 0.610847526227577 0.14509279933513838 Penicillium-cvjetkovicii
10 6 -0.5225177448032359 0.22890521859809626 Penicillium-commune
10 6 -0.3855632714327578 0.3929950520324393 Penicillium-solitum
10 6 -0.29822492103701304 0.5159279285902756 Penicillium-polonicum
10 6 -0.33338387908612505 0.46495072774692475 Penicillium-mb
10 6 -0.311818387906026 0.4959958473348963 Penicillium-chrysogenum
10 6 -0.34655519895356557 0.4463531127694518 Penicillium-verrucosum
6 8 -0.4043170209828834 0.3683091276878946 Penicillium-brevicompactum
6 8 -0.23311972524586314 0.6149090765335515 Penicillium-cvjetkovicii
6 8 -0.32749332976453965 0.4733584946428173 Penicillium-commune
6 8 -0.41558978531595525 0.3537877015212393 Penicillium-solitum
6 8 -0.3118406644990052 0.4959634090577383 Penicillium-polonicum
6 8 -0.3029733568005149 0.5089342986602338 Penicillium-mb
6 8 -0.27606027184844995 0.5489974000645219 Penicillium-chrysogenum
6 8 -0.36448001519820505 0.4215068644993652 Penicillium-verrucosum
8 10 -0.40444045622793084 0.36814881433590724 Penicillium-brevicompactum
8 10 -0.23311972524586566 0.6149090765335476 Penicillium-cvjetkovicii
8 10 -0.5491806696423537 0.2016634169577263 Penicillium-commune
8 10 -0.12402085624718782 0.791071122072148 Penicillium-solitum
8 10 -0.0005848944044980175 0.9990070525894428 Penicillium-polonicum
8 10 -0.2792526939294253 0.5441922668154098 Penicillium-mb
8 10 -0.052934251570819206 0.9102618715741233 Penicillium-chrysogenum
8 10 0.08047612379076233 0.8638214639149245 Penicillium-verrucosum
8 12 -0.5242312008651742 0.22710552882153429 Penicillium-brevicompactum
8 12 0.03980531494274171 0.9324779213629131 Penicillium-cvjetkovicii
8 12 -0.2841944737075317 0.5367815554075897 Penicillium-commune
8 12 -0.5729906285473253 0.17873928008588028 Penicillium-solitum
8 12 -0.5944433404977613 0.15924477799931927 Penicillium-polonicum
8 12 -0.2389355905109557 0.6058492454665616 Penicillium-mb
8 12 -0.24448953314751196 0.5972347274961247 Penicillium-chrysogenum
8 12 -0.3830962013349504 0.3962904784065674 Penicillium-verrucosum
8 10 -0.4001289088845626 0.3737654584475481 Penicillium-brevicompactum
8 10 -0.40988796636350655 0.3611024653821028 Penicillium-cvjetkovicii
8 10 -0.31122976838248917 0.4968532425116695 Penicillium-commune
8 10 -0.331974940356212 0.4669567288904341 Penicillium-solitum
8 10 -0.24704735740316333 0.5932798572517604 Penicillium-polonicum
8 10 -0.6624193440987675 0.10494805867387212 Penicillium-mb
8 10 -0.5445587696912674 0.20626792972226968 Penicillium-chrysogenum
8 10 -0.14757759582012334 0.7521837808961245 Penicillium-verrucosum
12 12 -0.18306476344964792 0.6944008681684596 Penicillium-brevicompactum
12 12 -0.11811227886194435 0.800882069907753 Penicillium-cvjetkovicii
12 12 -0.7494741694905974 0.05244007196184882 Penicillium-commune
12 12 -0.6404272699285435 0.12125371166457771 Penicillium-solitum
12 12 0.021834220399563783 0.9629419110961198 Penicillium-polonicum
12 12 0.10867300424289979 0.8165984367615322 Penicillium-mb
12 12 0.05009535462892721 0.9150621559572041 Penicillium-chrysogenum
12 12 0.0761889206353238 0.8710327441235891 Penicillium-verrucosum
10 12 -0.6998841857296079 0.0799883161501853 Penicillium-brevicompactum
10 12 -0.23311972524587332 0.6149090765335357 Penicillium-cvjetkovicii
10 12 0.17308129486722357 0.7105494010968775 Penicillium-commune
10 12 0.09580822543506202 0.838096371517138 Penicillium-solitum
10 12 0.21488406558983972 0.6435651351802358 Penicillium-polonicum
10 12 0.19353599595824217 0.6775616050893809 Penicillium-mb
10 12 0.20210620755207884 0.6638581144078892 Penicillium-chrysogenum
10 12 0.30084852637181925 0.5120597378374285 Penicillium-verrucosum
8 10 0.4626379997706972 0.2958803803434556 Penicillium-brevicompactum
8 10 0.5806758964642889 0.17162794076087587 Penicillium-cvjetkovicii
8 10 -0.17907285516317 0.7008471971476167 Penicillium-commune
8 10 -0.6549461864172703 0.11035229180634562 Penicillium-solitum
8 10 -0.5544553504217595 0.1964696004952474 Penicillium-polonicum
8 10 -0.15795986075359514 0.7351719381327643 Penicillium-mb
8 10 0.32372399575890004 0.47876732913104547 Penicillium-chrysogenum
8 10 -0.437950870024413 0.3257113919905726 Penicillium-verrucosum
8 12 -0.3692151887579528 0.4150350494690289 Penicillium-brevicompactum
8 12 0.004458826911596042 0.9924305355826735 Penicillium-cvjetkovicii
8 12 -0.0428823961889237 0.9272675001520845 Penicillium-commune
8 12 -0.6114153018155528 0.1446148010929759 Penicillium-solitum
8 12 -0.20521651617734238 0.6589029852687787 Penicillium-polonicum
8 12 -0.7314809291704328 0.061713314150138414 Penicillium-mb
8 12 -0.12917862082259568 0.782524718989587 Penicillium-chrysogenum
8 12 -0.04825232595874278 0.9181796355911517 Penicillium-verrucosum
12 6 -0.23475771969721218 0.6123534535123336 Penicillium-brevicompactum
12 6 0.1877004431099226 0.6869332955951541 Penicillium-cvjetkovicii
12 6 0.21964495131143197 0.6360482941824037 Penicillium-commune
12 6 -0.5659542755300507 0.18537405770562446 Penicillium-solitum
12 6 -0.5370415805756175 0.21386286080492414 Penicillium-polonicum
12 6 0.24089812577696648 0.6028010233196969 Penicillium-mb
12 6 0.08791132675822017 0.8513331318182524 Penicillium-chrysogenum
12 6 0.18950255265846266 0.684035714634887 Penicillium-verrucosum
8 10 -0.4018528687156879 0.3715154769282526 Penicillium-brevicompactum
8 10 -0.2331197252458643 0.6149090765335496 Penicillium-cvjetkovicii
8 10 -0.36947965986259057 0.4146747340765966 Penicillium-commune
8 10 -0.34656104869125876 0.4463449161768688 Penicillium-solitum
8 10 -0.45344723194823633 0.3068400994000083 Penicillium-polonicum
8 10 -0.34036600063736433 0.455056930827084 Penicillium-mb
8 10 -0.4166432050173491 0.35244311728360184 Penicillium-chrysogenum
8 10 -0.40276032831746306 0.3703333658952721 Penicillium-verrucosum
12 12 -0.2718544751046152 0.5553488328387635 Penicillium-brevicompactum
12 12 0.5383671937503612 0.21251403916327727 Penicillium-cvjetkovicii
12 12 -0.5650661897418462 0.1862198367827513 Penicillium-commune
12 12 -0.013343101787715599 0.9773500632771063 Penicillium-solitum
12 12 -0.18014860666110796 0.6991086007294748 Penicillium-polonicum
12 12 -0.22496553682321307 0.627677049841197 Penicillium-mb
12 12 0.02964308967359265 0.9496984351112034 Penicillium-chrysogenum
12 12 -0.6984218085473348 0.08089566754273997 Penicillium-verrucosum
2 10 -0.4008043012705451 0.3728833251895022 Penicillium-brevicompactum
2 10 -0.2331197252458643 0.6149090765335496 Penicillium-cvjetkovicii
2 10 -0.274984490689844 0.5506197416918671 Penicillium-commune
2 10 -0.5738840872401506 0.1779052692109934 Penicillium-solitum
2 10 -0.39978716336906767 0.37421213857965097 Penicillium-polonicum
2 10 -0.4942286629149854 0.2595704379328312 Penicillium-mb
2 10 -0.281326862683724 0.5410777431548841 Penicillium-chrysogenum
2 10 -0.29579559991503646 0.5195185702150705 Penicillium-verrucosum
12 8 -0.40012890888456265 0.37376545844754816 Penicillium-brevicompactum
12 8 -0.4571377507570437 0.30241822843457344 Penicillium-cvjetkovicii
12 8 -0.6492543988114833 0.11456277998353455 Penicillium-commune
12 8 -0.5837688495685596 0.16880604571112665 Penicillium-solitum
12 8 -0.41634792449863567 0.3528197974178968 Penicillium-polonicum
12 8 -0.21438113546909193 0.6443606223744354 Penicillium-mb
12 8 -0.3221346284072 0.48105465996880675 Penicillium-chrysogenum
12 8 -0.502372489496134 0.25056016414215154 Penicillium-verrucosum
4 8 -0.40012890888456265 0.37376545844754816 Penicillium-brevicompactum
4 8 -0.35729578268959267 0.4313998092775995 Penicillium-cvjetkovicii
4 8 -0.2918838086671152 0.525318187789594 Penicillium-commune
4 8 -0.5406238289187197 0.21022723792051262 Penicillium-solitum
4 8 -0.4509926599256288 0.3097966291095719 Penicillium-polonicum
4 8 -0.568221120992585 0.1832237015545208 Penicillium-mb
4 8 -0.3235595906294909 0.47900374959764347 Penicillium-chrysogenum
4 8 -0.2820374625104745 0.5400120813206268 Penicillium-verrucosum
12 12 -0.47916160793371554 0.2766219164630357 Penicillium-brevicompactum
12 12 -0.33482298101521957 0.46290506179021806 Penicillium-cvjetkovicii
12 12 0.5982679695217041 0.15588639354639205 Penicillium-commune
12 12 -0.9488614017698767 0.001104900354517406 Penicillium-solitum
12 12 0.3199479143101342 0.48420806856013765 Penicillium-polonicum
12 12 0.6096970654168018 0.14606378213886825 Penicillium-mb
12 12 0.3033918562776534 0.5083195039078914 Penicillium-chrysogenum
12 12 0.41414900819328265 0.3556301667492003 Penicillium-verrucosum
10 12 -0.5433660005713169 0.20746428797674601 Penicillium-brevicompactum
10 12 -0.23311972524586044 0.6149090765335558 Penicillium-cvjetkovicii
10 12 -0.5979323579405075 0.15617966414649648 Penicillium-commune
10 12 -0.389435964752229 0.38784430730125646 Penicillium-solitum
10 12 -0.19397278965254672 0.6768614427916342 Penicillium-polonicum
10 12 -0.19570427798135023 0.674087761452405 Penicillium-mb
10 12 -0.20591235954042653 0.6577957651305709 Penicillium-chrysogenum
10 12 -0.2587986974299222 0.5752137993224968 Penicillium-verrucosum
12 10 0.28046301192551415 0.5423741649299435 Penicillium-brevicompactum
12 10 -0.7051607917137585 0.07675964405744475 Penicillium-cvjetkovicii
12 10 0.6050032545352271 0.1500590650636336 Penicillium-commune
12 10 0.497005128873871 0.2564821898999522 Penicillium-solitum
12 10 0.6073663621848485 0.14804086540087055 Penicillium-polonicum
12 10 0.6308104121959155 0.1287653792251181 Penicillium-mb
12 10 0.5968488562841263 0.15712834674495016 Penicillium-chrysogenum
12 10 0.6675906291951039 0.1012910362885701 Penicillium-verrucosum
10 12 -0.46597233597385496 0.2919477668690539 Penicillium-brevicompactum
10 12 -0.23311972524586458 0.6149090765335493 Penicillium-cvjetkovicii
10 12 -0.2867485495060867 0.5329647036425038 Penicillium-commune
10 12 -0.1430259361935814 0.7596674851182965 Penicillium-solitum
10 12 -0.4318465619693588 0.3332780602914993 Penicillium-polonicum
10 12 -0.25872006916743434 0.5753341034224367 Penicillium-mb
10 12 -0.08228243300780003 0.860785390998903 Penicillium-chrysogenum
10 12 -0.5090147457987061 0.2433197799133157 Penicillium-verrucosum
10 12 -0.3848206189235016 0.393985903913698 Penicillium-brevicompactum
10 12 0.6437214258586181 0.11873388207647968 Penicillium-cvjetkovicii
10 12 -0.26877349414481616 0.5600165873866116 Penicillium-commune
10 12 -0.6705572486996142 0.09922365606179004 Penicillium-solitum
10 12 -0.47999807764231356 0.275662432296596 Penicillium-polonicum
10 12 -0.23021380263123706 0.6194505492197673 Penicillium-mb
10 12 -0.23824348133570056 0.6069253211250469 Penicillium-chrysogenum
10 12 -0.46210950784922467 0.29650583447180967 Penicillium-verrucosum
8 12 -0.16208715504344998 0.7284326464869488 Penicillium-brevicompactum
8 12 0.09831685546017609 0.8338976341048525 Penicillium-cvjetkovicii
8 12 -0.6166291045721989 0.14026258692156435 Penicillium-commune
8 12 -0.24173685135892967 0.6014997062466421 Penicillium-solitum
8 12 -0.4236027518617798 0.3436139429866184 Penicillium-polonicum
8 12 0.04017071217643857 0.9318590910384678 Penicillium-mb
8 12 -0.09378804151044318 0.8414798138461499 Penicillium-chrysogenum
8 12 -0.04848631659288843 0.9177837939908973 Penicillium-verrucosum
8 10 -0.40664877032409547 0.3652855905170544 Penicillium-brevicompactum
8 10 -0.23311972524586597 0.6149090765335472 Penicillium-cvjetkovicii
8 10 -0.32726576383157174 0.4736844092957384 Penicillium-commune
8 10 -0.27893591659562633 0.5446684504673964 Penicillium-solitum
8 10 -0.2421052770829949 0.6009283441487376 Penicillium-polonicum
8 10 -0.2954781903447461 0.5199883439435584 Penicillium-mb
8 10 -0.20027556324768603 0.6667791389239901 Penicillium-chrysogenum
8 10 -0.11163771749795638 0.8116567183314406 Penicillium-verrucosum
8 10 -0.4049743472562619 0.36745574610255866 Penicillium-brevicompactum
8 10 -0.23311972524586447 0.6149090765335496 Penicillium-cvjetkovicii
8 10 -0.30970915214913136 0.4990706166064337 Penicillium-commune
8 10 -0.32705452771730714 0.47398700975449476 Penicillium-solitum
8 10 -0.30806004155976163 0.5014792815040439 Penicillium-polonicum
8 10 -0.282182348267875 0.5397948865451381 Penicillium-mb
8 10 -0.30159028527534865 0.5109679238734817 Penicillium-chrysogenum
8 10 -0.14522106882112665 0.756056419583006 Penicillium-verrucosum
12 12 -0.22351074966161122 0.6299628575520062 Penicillium-brevicompactum
12 12 0.5845891090704591 0.1680615432666133 Penicillium-cvjetkovicii
12 12 -0.7227582733688875 0.06650447542061638 Penicillium-commune
12 12 -0.06626319372223304 0.8877549110897648 Penicillium-solitum
12 12 0.01545766906639785 0.9737613809508355 Penicillium-polonicum
12 12 -0.25297950989929163 0.5841384826261469 Penicillium-mb
12 12 0.055280300250769764 0.9062965755036431 Penicillium-chrysogenum
12 12 0.10938485096147302 0.8154114523039673 Penicillium-verrucosum
6 10 -0.4043766135839429 0.36823172733189474 Penicillium-brevicompactum
6 10 -0.23311972524586566 0.6149090765335476 Penicillium-cvjetkovicii
6 10 -0.12597558506806 0.787830142290367 Penicillium-commune
6 10 -0.3040437877164662 0.5073623008446422 Penicillium-solitum
6 10 -0.5708998075727774 0.18069844350023564 Penicillium-polonicum
6 10 -0.10943606397538021 0.815326066836602 Penicillium-mb
6 10 -0.49573485976043946 0.25789300596808357 Penicillium-chrysogenum
6 10 -0.09079516635933224 0.8464958931198852 Penicillium-verrucosum
8 10 -0.4056747832514305 0.36654729356835763 Penicillium-brevicompactum
8 10 -0.23311972524586033 0.6149090765335559 Penicillium-cvjetkovicii
8 10 -0.33301658325205924 0.4654733658656264 Penicillium-commune
8 10 -0.36299688626933435 0.423541927183996 Penicillium-solitum
8 10 -0.3177835570470066 0.48733650635520687 Penicillium-polonicum
8 10 -0.31293105220845574 0.49437654672325404 Penicillium-mb
8 10 -0.2739594677623723 0.5521669867368413 Penicillium-chrysogenum
8 10 -0.23701272531329912 0.6088402661228122 Penicillium-verrucosum
8 8 -0.40012890888456254 0.37376545844754827 Penicillium-brevicompactum
8 8 -0.24263400311095132 0.600108668884213 Penicillium-cvjetkovicii
8 8 -0.29506246197314623 0.5206038509094332 Penicillium-commune
8 8 -0.08769610461146253 0.8516942871801013 Penicillium-solitum
8 8 -0.48178065535424586 0.27362271029653124 Penicillium-polonicum
8 8 -0.4490537864530319 0.31214073430267497 Penicillium-mb
8 8 0.020244232299991866 0.9656393658450129 Penicillium-chrysogenum
8 8 0.13696557221747632 0.7696548591334041 Penicillium-verrucosum
10 8 -0.40012890888456254 0.37376545844754827 Penicillium-brevicompactum
10 8 -0.4539656742043007 0.30621722079089775 Penicillium-cvjetkovicii
10 8 0.19218431805503056 0.6797294561868377 Penicillium-commune
10 8 -0.876886979248393 0.009548878857932987 Penicillium-solitum
10 8 0.008891135779218025 0.9849065357073927 Penicillium-polonicum
10 8 0.21499326359902726 0.6433924518209905 Penicillium-mb
10 8 -0.13502791181337617 0.7728534965636442 Penicillium-chrysogenum
10 8 0.1288763019902443 0.7830251883600459 Penicillium-verrucosum
10 10 -0.5205450243754305 0.2309854697526375 Penicillium-brevicompactum
10 10 0.19794521984310368 0.6705023377010354 Penicillium-cvjetkovicii
10 10 -0.10751400573261816 0.8185316299837506 Penicillium-commune
10 10 -0.5611776548162217 0.18994515928129047 Penicillium-solitum
10 10 -0.5475456086581387 0.203286631774853 Penicillium-polonicum
10 10 -0.08533260655153053 0.8556617201264894 Penicillium-mb
10 10 -0.3162774597024673 0.48951771638256963 Penicillium-chrysogenum
10 10 -0.36161987180118793 0.42543477834402316 Penicillium-verrucosum
8 8 -0.4001289088845623 0.3737654584475487 Penicillium-brevicompactum
8 8 -0.47205328895946624 0.28483590862588515 Penicillium-cvjetkovicii
8 8 -0.35555596220024244 0.4338088553053104 Penicillium-commune
8 8 -0.3659051756564267 0.41955492490524937 Penicillium-solitum
8 8 -0.25480963561943276 0.5813270904532233 Penicillium-polonicum
8 8 -0.5461907249164805 0.20463642616226435 Penicillium-mb
8 8 -0.26288934654490576 0.5689658662875297 Penicillium-chrysogenum
8 8 -0.44005825744528854 0.32311646429909774 Penicillium-verrucosum
10 12 -0.6797957168930991 0.09292845667348677 Penicillium-brevicompactum
10 12 -0.05162969969478021 0.9124674729520401 Penicillium-cvjetkovicii
10 12 -0.0013468436282768512 0.9977135293163539 Penicillium-commune
10 12 -0.6443487093858664 0.1182571326638056 Penicillium-solitum
10 12 0.3161588476180178 0.4896896441236407 Penicillium-polonicum
10 12 0.07308118203395485 0.8762645772524841 Penicillium-mb
10 12 0.27149790690128345 0.5558883969218804 Penicillium-chrysogenum
10 12 0.4223205399955438 0.34523353405915735 Penicillium-verrucosum
12 8 -0.3474780702732612 0.445060696029339 Penicillium-brevicompactum
12 8 -0.3235595082669774 0.4790038680484527 Penicillium-cvjetkovicii
12 8 -0.18199341348142267 0.6961295153591947 Penicillium-commune
12 8 -0.27631777436166477 0.5486093028027443 Penicillium-solitum
12 8 -0.17221436454927366 0.7119558372692258 Penicillium-polonicum
12 8 -0.5777610692863551 0.17430840261981978 Penicillium-mb
12 8 -0.41920689862512267 0.3491797728773176 Penicillium-chrysogenum
12 8 -0.10341369105317164 0.8253767141516821 Penicillium-verrucosum
8 10 -0.4001289088845628 0.37376545844754777 Penicillium-brevicompactum
8 10 -0.5365779967668804 0.2143355180736942 Penicillium-cvjetkovicii
8 10 -0.289793890009511 0.5284256327752581 Penicillium-commune
8 10 -0.3454181730497291 0.4479473765351942 Penicillium-solitum
8 10 -0.43875216534859185 0.32472366739298947 Penicillium-polonicum
8 10 -0.6648490655440443 0.1032213871725891 Penicillium-mb
8 10 -0.2948411157681029 0.520931666463115 Penicillium-chrysogenum
8 10 -0.3136098148001984 0.49338963888342235 Penicillium-verrucosum
10 12 -0.030350131380779022 0.9484997435938941 Penicillium-brevicompactum
10 12 -0.8313407052854198 0.020444074467825184 Penicillium-cvjetkovicii
10 12 -0.09238841296524151 0.8438250788599245 Penicillium-commune
10 12 -0.6989754562323032 0.08055150904118523 Penicillium-solitum
10 12 0.1820893344135707 0.6959747020594388 Penicillium-polonicum
10 12 -0.6294237923757545 0.12986750404405653 Penicillium-mb
10 12 0.17942350777347288 0.7002803688437871 Penicillium-chrysogenum
10 12 -0.7366112161750014 0.058985645584703816 Penicillium-verrucosum
10 10 -0.4001289088845626 0.3737654584475481 Penicillium-brevicompactum
10 10 -0.09225378839362906 0.8440507089582543 Penicillium-cvjetkovicii
10 10 -0.2837035086830627 0.5375163010076964 Penicillium-commune
10 10 -0.5762064212024662 0.17574639724131774 Penicillium-solitum
10 10 -0.4465591590368931 0.3151680448072155 Penicillium-polonicum
10 10 -0.2664275434040278 0.563579154884414 Penicillium-mb
10 10 -0.13096475337304628 0.7795691128697224 Penicillium-chrysogenum
10 10 -0.3656304656878505 0.41993090165940566 Penicillium-verrucosum
10 8 -0.40012890888456304 0.3737654584475475 Penicillium-brevicompactum
10 8 -0.4936978179487288 0.2601628167381651 Penicillium-cvjetkovicii
10 8 -0.44026104158963064 0.32286723729253564 Penicillium-commune
10 8 -0.49420146625550515 0.2596007721589435 Penicillium-solitum
10 8 -0.27250846611229107 0.5543596447693847 Penicillium-polonicum
10 8 -0.26029108293822856 0.572931890247768 Penicillium-mb
10 8 -0.28136939930473365 0.5410139329128871 Penicillium-chrysogenum
10 8 -0.3470253016848252 0.44569459037141634 Penicillium-verrucosum
6 10 0.41164690118548947 0.3588393239656582 Penicillium-brevicompactum
6 10 0.5082742222233497 0.2441221261796031 Penicillium-cvjetkovicii
6 10 -0.39142809532075373 0.38520539899613854 Penicillium-commune
6 10 -0.4456017445419455 0.31633326372724624 Penicillium-solitum
6 10 -0.38595070563722306 0.39247853129888427 Penicillium-polonicum
6 10 -0.42365064736380087 0.3435535072870826 Penicillium-mb
6 10 -0.3704415146307659 0.41336533510622686 Penicillium-chrysogenum
6 10 -0.27854125391939727 0.5452619038470543 Penicillium-verrucosum
4 10 -0.4001289088845625 0.37376545844754827 Penicillium-brevicompactum
4 10 -0.5729376337156925 0.1787888088092056 Penicillium-cvjetkovicii
4 10 -0.24992038524109406 0.588847139224388 Penicillium-commune
4 10 -0.6674553783652005 0.10138582114303257 Penicillium-solitum
4 10 -0.5657382416748532 0.1855796276742097 Penicillium-polonicum
4 10 -0.33903421223228136 0.45693801062284073 Penicillium-mb
4 10 -0.3059847788511482 0.5045161434000686 Penicillium-chrysogenum
4 10 -0.42898792488394855 0.33684698029118704 Penicillium-verrucosum
8 10 -0.40501525567134633 0.36740266319225107 Penicillium-brevicompactum
8 10 -0.23311972524586594 0.6149090765335472 Penicillium-cvjetkovicii
8 10 -0.392808823713523 0.3833806642904194 Penicillium-commune
8 10 -0.3193224213378567 0.48511143692011044 Penicillium-solitum
8 10 -0.19568281490007244 0.6741221254027893 Penicillium-polonicum
8 10 -0.33941804050223784 0.4563955777884297 Penicillium-mb
8 10 -0.35143897928541074 0.43952981033321015 Penicillium-chrysogenum
8 10 -0.11216707133366978 0.8107748861348981 Penicillium-verrucosum
10 8 -0.3964612139048571 0.3785706970968824 Penicillium-brevicompactum
10 8 -0.23311972524586566 0.6149090765335476 Penicillium-cvjetkovicii
10 8 -0.05120909015225427 0.9131786918765536 Penicillium-commune
10 8 -0.5316135126671155 0.21942818834353964 Penicillium-solitum
10 8 -0.495409417234253 0.2582550261655206 Penicillium-polonicum
10 8 -0.007433302699295743 0.9873811820337834 Penicillium-mb
10 8 -0.100090112940545 0.8309315895117615 Penicillium-chrysogenum
10 8 0.012755961341672933 0.9783465692160097 Penicillium-verrucosum
10 12 -0.4930720819733691 0.26086187721201226 Penicillium-brevicompactum
10 12 -0.23311972524586566 0.6149090765335476 Penicillium-cvjetkovicii
10 12 -0.297345105552757 0.5172273490111823 Penicillium-commune
10 12 -0.2252228883192662 0.6272729365468087 Penicillium-solitum
10 12 -0.19450298590938234 0.6760118085066091 Penicillium-polonicum
10 12 -0.6282550265810181 0.13080019226928324 Penicillium-mb
10 12 -0.1543545028812665 0.741070066081952 Penicillium-chrysogenum
10 12 -0.5061907670796053 0.2463860732410173 Penicillium-verrucosum
6 10 -0.525163114187723 0.22612951641416876 Penicillium-brevicompactum
6 10 0.04690322068669043 0.9204621750384887 Penicillium-cvjetkovicii
6 10 -0.18612558982697242 0.6894679728797835 Penicillium-commune
6 10 -0.6440508644306904 0.11848337834021792 Penicillium-solitum
6 10 -0.582653183857705 0.1698212780485712 Penicillium-polonicum
6 10 -0.1841994912554463 0.6925711067865874 Penicillium-mb
6 10 -0.2444895331475121 0.5972347274961244 Penicillium-chrysogenum
6 10 -0.44660457783461094 0.3151128142925034 Penicillium-verrucosum
12 12 -0.7575921619777436 0.04852437742576139 Penicillium-brevicompactum
12 12 0.5062970330389535 0.24627036755950124 Penicillium-cvjetkovicii
12 12 -0.19566924192718202 0.674143856949563 Penicillium-commune
12 12 0.4232747526050304 0.3440279408123351 Penicillium-solitum
12 12 -0.6306295727775645 0.1289088438222734 Penicillium-polonicum
12 12 -0.16679402740124744 0.7207639406390272 Penicillium-mb
12 12 0.35002772721738235 0.4414974357169412 Penicillium-chrysogenum
12 12 -0.5824281823228579 0.17002638854995766 Penicillium-verrucosum
12 12 -0.2587034586640307 0.5753595191033041 Penicillium-brevicompactum
12 12 0.02833012393052193 0.9519245858586838 Penicillium-cvjetkovicii
12 12 -0.31067302463535523 0.4976646870805649 Penicillium-commune
12 12 -0.5292621958150735 0.2218599607382567 Penicillium-solitum
12 12 -0.32715030664675865 0.4738497955898786 Penicillium-polonicum
12 12 -0.5528742818842746 0.19801958416759596 Penicillium-mb
12 12 -0.2086719791772361 0.6534095900074361 Penicillium-chrysogenum
12 12 -0.3206300121093564 0.483223637176277 Penicillium-verrucosum
12 12 -0.005394281422445788 0.99084251667151 Penicillium-brevicompactum
12 12 -0.48712375001069885 0.26754985335634107 Penicillium-cvjetkovicii
12 12 -0.4701549640989665 0.2870476767731505 Penicillium-commune
12 12 -0.5126697687687257 0.23937756393108747 Penicillium-solitum
12 12 0.06595367044206947 0.8882769332240343 Penicillium-polonicum
12 12 -0.09904992783618306 0.8326712667523042 Penicillium-mb
12 12 -0.47530572907035257 0.28106420445105507 Penicillium-chrysogenum
12 12 -0.6304288648046796 0.1290681660995902 Penicillium-verrucosum
8 10 -0.4015889470563254 0.3718595668484298 Penicillium-brevicompactum
8 10 -0.2331197252458657 0.6149090765335476 Penicillium-cvjetkovicii
8 10 -0.5184309721473049 0.2332245343781061 Penicillium-commune
8 10 -0.5487658131500105 0.20207467658210868 Penicillium-solitum
8 10 -0.2497035885854857 0.5891812755097741 Penicillium-polonicum
8 10 -0.24535272741577596 0.5958991822801869 Penicillium-mb
8 10 -0.24334132006489562 0.5990126512045051 Penicillium-chrysogenum
8 10 -0.12853711380997404 0.7835867633704028 Penicillium-verrucosum
8 12 -0.3137700583699526 0.49315674969621914 Penicillium-brevicompactum
8 12 -0.2856341633442495 0.5346289422117816 Penicillium-cvjetkovicii
8 12 -0.13374232815526746 0.7749771173152292 Penicillium-commune
8 12 -0.26290159908174193 0.5689471844496241 Penicillium-solitum
8 12 -0.2074088109239795 0.6554163096488723 Penicillium-polonicum
8 12 -0.7007710875682083 0.07944067841295202 Penicillium-mb
8 12 -0.36081926487731997 0.42653679420132 Penicillium-chrysogenum
8 12 -0.11427799571995796 0.8072599596450604 Penicillium-verrucosum
8 10 0.41268716814392853 0.35750364030516485 Penicillium-brevicompactum
8 10 0.5096337518815944 0.24265003492572712 Penicillium-cvjetkovicii
8 10 -0.3386459074642374 0.4574870132413639 Penicillium-commune
8 10 -0.5224566031990991 0.22896956047267575 Penicillium-solitum
8 10 -0.37340945236092987 0.4093352360760078 Penicillium-polonicum
8 10 -0.42437549236924527 0.3426394279639195 Penicillium-mb
8 10 -0.3302280444956956 0.46944829723093406 Penicillium-chrysogenum
8 10 -0.2861500622378711 0.5338582765993911 Penicillium-verrucosum
10 10 0.42217371355590555 0.3454191985669032 Penicillium-brevicompactum
10 10 0.5188338614493319 0.23279704154055758 Penicillium-cvjetkovicii
10 10 -0.38179831437771194 0.3980285576510722 Penicillium-commune
10 10 -0.45424190818391835 0.30588556760082886 Penicillium-solitum
10 10 -0.23931308242278582 0.6052625680531605 Penicillium-polonicum
10 10 -0.42193655459933865 0.3457191788083366 Penicillium-mb
10 10 -0.2723935261331053 0.5545334548429548 Penicillium-chrysogenum
10 10 -0.1456288989076586 0.75538591249526 Penicillium-verrucosum
12 12 -0.5741765481415829 0.1776326827126678 Penicillium-brevicompactum
12 12 -0.013236396296060082 0.9775311641567178 Penicillium-cvjetkovicii
12 12 0.42966622773424834 0.3359986776760723 Penicillium-commune
12 12 -0.807204524611829 0.028170884630292603 Penicillium-solitum
12 12 0.42061690479105224 0.3473903919830911 Penicillium-polonicum
12 12 0.43485065443260784 0.32954501404174685 Penicillium-mb
12 12 0.4085157715773412 0.36287209756101974 Penicillium-chrysogenum
12 12 0.5128836873242233 0.23914776309807417 Penicillium-verrucosum
12 12 -0.5044305323574434 0.2483063212923063 Penicillium-brevicompactum
12 12 0.4315523889698897 0.33364457933422326 Penicillium-cvjetkovicii
12 12 -0.23090336594442962 0.6183720005266005 Penicillium-commune
12 12 -0.17725448228491972 0.703788353178975 Penicillium-solitum
12 12 0.0031466721814461173 0.9946580698391277 Penicillium-polonicum
12 12 -0.6875417239326482 0.08781724147493479 Penicillium-mb
12 12 -0.00820461760534999 0.9860718773559738 Penicillium-chrysogenum
12 12 0.09020122662856052 0.8474918349841222 Penicillium-verrucosum
4 10 -0.4051078891567044 0.3672824733055178 Penicillium-brevicompactum
4 10 -0.23311972524586458 0.6149090765335493 Penicillium-cvjetkovicii
4 10 -0.36401817811408155 0.42214016325938175 Penicillium-commune
4 10 -0.39274577789586795 0.38346390766042154 Penicillium-solitum
4 10 -0.26569838353767633 0.5646879281499823 Penicillium-polonicum
4 10 -0.32289276919091114 0.4799630946459455 Penicillium-mb
4 10 -0.27489748650848383 0.5507510173297201 Penicillium-chrysogenum
4 10 -0.19753848731325394 0.6711527276131188 Penicillium-verrucosum
10 10 -0.4001289088845629 0.3737654584475477 Penicillium-brevicompactum
10 10 -0.48678877822390043 0.2679287632592684 Penicillium-cvjetkovicii
10 10 -0.27601902917298293 0.5490595676659613 Penicillium-commune
10 10 -0.3323603930716175 0.46640761876470493 Penicillium-solitum
10 10 -0.28851082021712215 0.5303364546742693 Penicillium-polonicum
10 10 -0.4154273306480404 0.35399524879484906 Penicillium-mb
10 10 -0.2697303051365249 0.5585656514502897 Penicillium-chrysogenum
10 10 -0.19295472721185225 0.6784936410054287 Penicillium-verrucosum
12 8 -0.4001289088845627 0.37376545844754766 Penicillium-brevicompactum
12 8 -0.47005275309904393 0.28716698067664453 Penicillium-cvjetkovicii
12 8 -0.5436802637432855 0.20714875829765125 Penicillium-commune
12 8 -0.5229071566414005 0.22849562326053768 Penicillium-solitum
12 8 -0.3959342794756294 0.3792631143961889 Penicillium-polonicum
12 8 -0.2773926986415277 0.5469901902978709 Penicillium-mb
12 8 -0.4187838475299196 0.34971740167727305 Penicillium-chrysogenum
12 8 -0.2751822159164008 0.5503214433027499 Penicillium-verrucosum
10 12 0.03669110981239615 0.9377531566627009 Penicillium-brevicompactum
10 12 -0.5739225357533203 0.17786942180641432 Penicillium-cvjetkovicii
10 12 0.008800258570344072 0.9850607955414616 Penicillium-commune
10 12 -0.5578927493801009 0.19312006507981147 Penicillium-solitum
10 12 -0.42415923988541165 0.342912029634489 Penicillium-polonicum
10 12 0.035920487660552565 0.9390588195896279 Penicillium-mb
10 12 0.08448359351613736 0.8570874907709589 Penicillium-chrysogenum
10 12 -0.3520138142331743 0.43872930781797925 Penicillium-verrucosum
