#SPECIES: Penicillium-cvjetkovicii Penicillium-brevicompactum Penicillium-solitum Penicillium-commune Penicillium-polonicum Penicillium-mb Penicillium-verrucosum Penicillium-chrysogenum 
#GENE_TREEs p: 0.3025365046684003 0.00123571374223537 0.006512274836001466 0.03411959838338535 0.6704508366807523 0.045229540776796896 0.07590952157919166 0.025687065935499204 
#GENE_TREEs r: 0.45703873005988876 0.9464929330130237 0.8947836544788468 0.7910755517653432 -0.19797743125900674 0.764705900466386 0.7065697433632948 0.8145031637932177 
3 8 -0.06754291679230016 0.8855969562347781 Penicillium-cvjetkovicii
3 8 0.9443167937570779 0.0013635927974133954 Penicillium-brevicompactum
3 8 0.7692858638625457 0.04317549201611765 Penicillium-solitum
3 8 0.769999523938088 0.04286015739500648 Penicillium-commune
3 8 -0.18109754020058721 0.6975758303529289 Penicillium-polonicum
3 8 0.7029542039092549 0.07810119583422527 Penicillium-mb
3 8 0.76513785089892 0.045033570894010166 Penicillium-verrucosum
3 8 0.8614902756535158 0.012709952122836208 Penicillium-chrysogenum
11 12 0.6230033504516339 0.13503302509648682 Penicillium-cvjetkovicii
11 12 0.5021200332493976 0.2508372845230627 Penicillium-brevicompactum
11 12 0.1820885721883913 0.6959759322333015 Penicillium-solitum
11 12 0.17884091035999253 0.7012221954737752 Penicillium-commune
11 12 0.38385330676199125 0.39527799400842945 Penicillium-polonicum
11 12 0.574227815343565 0.1775849205060136 Penicillium-mb
11 12 0.914769992165848 0.0038887670329545627 Penicillium-verrucosum
11 12 0.35750946378969717 0.4311042895944578 Penicillium-chrysogenum
9 12 0.2811708456356543 0.5413118094982602 Penicillium-cvjetkovicii
9 12 0.4857651157452382 0.26908820460583527 Penicillium-brevicompactum
9 12 -0.08970016540908894 0.848332160005085 Penicillium-solitum
9 12 0.49457709765460606 0.2591819489308635 Penicillium-commune
9 12 -0.04671351078918109 0.9207831786753911 Penicillium-polonicum
9 12 -0.0711690740244432 0.8794853746774703 Penicillium-mb
9 12 -0.11090635265412079 0.8128753339887469 Penicillium-verrucosum
9 12 -0.036840561748692005 0.9374999534374643 Penicillium-chrysogenum
9 10 0.2201421261298434 0.6352647352340615 Penicillium-cvjetkovicii
9 10 0.9469071159727341 0.0012122130403332616 Penicillium-brevicompactum
9 10 0.4974026825377262 0.25604137742340977 Penicillium-solitum
9 10 0.4853577674605986 0.26955021413756397 Penicillium-commune
9 10 -0.08601886403350284 0.8545094972661638 Penicillium-polonicum
9 10 0.5276371805180262 0.2235479705358669 Penicillium-mb
9 10 0.49511320900800565 0.2585847281052474 Penicillium-verrucosum
9 10 0.5737021818419219 0.17807491636278416 Penicillium-chrysogenum
9 12 -0.14047640287172275 0.7638659084141117 Penicillium-cvjetkovicii
9 12 0.6166451663280187 0.14024928311986934 Penicillium-brevicompactum
9 12 0.5496645792731657 0.2011842112062474 Penicillium-solitum
9 12 0.5505972951653042 0.20026210708850564 Penicillium-commune
9 12 -0.7636160431655 0.04572607522676282 Penicillium-polonicum
9 12 0.5742615908076094 0.1775534576146652 Penicillium-mb
9 12 0.31029539431334324 0.49821534224859776 Penicillium-verrucosum
9 12 0.5824455231872785 0.17001057634539807 Penicillium-chrysogenum
3 8 0.21599977470304382 0.6418013782478376 Penicillium-cvjetkovicii
3 8 0.9469071159727339 0.0012122130403332738 Penicillium-brevicompactum
3 8 0.4183390606392558 0.3502830269228882 Penicillium-solitum
3 8 0.4259091795800415 0.34070873425729903 Penicillium-commune
3 8 -0.23174560246570156 0.6170553933102383 Penicillium-polonicum
3 8 0.429346883393014 0.3363979445590305 Penicillium-mb
3 8 0.39486748747754896 0.38066650413820646 Penicillium-verrucosum
3 8 0.4652034807768837 0.2928525106440385 Penicillium-chrysogenum
5 10 0.36723792058047594 0.41773274727722826 Penicillium-cvjetkovicii
5 10 0.9486672950859893 0.0011152968481938687 Penicillium-brevicompactum
5 10 0.7612006681752708 0.046837142290210486 Penicillium-solitum
5 10 0.7405133133556511 0.05695569679004703 Penicillium-commune
5 10 -0.2696216012404078 0.5587304322883171 Penicillium-polonicum
5 10 0.7597659548490352 0.047504049822617904 Penicillium-mb
5 10 0.7155843374752782 0.07058999890956293 Penicillium-verrucosum
5 10 0.8175398965995896 0.024691456697531675 Penicillium-chrysogenum
9 10 -0.07410733795777895 0.874536654664609 Penicillium-cvjetkovicii
9 10 0.9486479299093248 0.0011163372179487081 Penicillium-brevicompactum
9 10 0.9376993045059338 0.0017990164705334966 Penicillium-solitum
9 10 0.6418031028535874 0.12019797472051372 Penicillium-commune
9 10 -0.11486528752694242 0.8062825088519673 Penicillium-polonicum
9 10 0.6467757960124073 0.1164217974287611 Penicillium-mb
9 10 0.6097248824969124 0.14604026623024766 Penicillium-verrucosum
9 10 0.7060391247135468 0.07622908880243572 Penicillium-chrysogenum
3 8 0.36723792058047433 0.41773274727723037 Penicillium-cvjetkovicii
3 8 0.9492261642712542 0.0010855188365834969 Penicillium-brevicompactum
3 8 0.8492229528344784 0.01560556279883737 Penicillium-solitum
3 8 0.8505117318163129 0.015285340584240359 Penicillium-commune
3 8 -0.19247260936580635 0.6792669405309979 Penicillium-polonicum
3 8 0.8262035140350138 0.021972277979966884 Penicillium-mb
3 8 0.8809289485683102 0.00880417631252388 Penicillium-verrucosum
3 8 0.9056228866146455 0.004992315290359231 Penicillium-chrysogenum
7 10 0.2407511110240247 0.6030292090852931 Penicillium-cvjetkovicii
7 10 0.7267330956449709 0.06429720487503225 Penicillium-brevicompactum
7 10 0.6449876707359307 0.11777252307350342 Penicillium-solitum
7 10 0.6457509589276197 0.1171949632955487 Penicillium-commune
7 10 -0.3454596314767315 0.4478892086958236 Penicillium-polonicum
7 10 -0.20015569157260707 0.6669705264882825 Penicillium-mb
7 10 -0.23445437035878364 0.6128265089542099 Penicillium-verrucosum
7 10 0.6483347243190295 0.11525075812955962 Penicillium-chrysogenum
9 12 0.3436981080521879 0.45036319444371464 Penicillium-cvjetkovicii
9 12 0.9469071159727341 0.0012122130403332616 Penicillium-brevicompactum
9 12 0.688947689329124 0.086905866044849 Penicillium-solitum
9 12 0.5833307929862841 0.16920430987927196 Penicillium-commune
9 12 -0.5431508414068013 0.20768044657181392 Penicillium-polonicum
9 12 0.701817559437827 0.07879708616679613 Penicillium-mb
9 12 0.5974928910439364 0.15656410330756484 Penicillium-verrucosum
9 12 0.8786312210549174 0.009223235771128041 Penicillium-chrysogenum
9 12 0.691991095148089 0.08495028866622574 Penicillium-cvjetkovicii
9 12 0.7789793876204463 0.03900107125960561 Penicillium-brevicompactum
9 12 0.7067320638942723 0.07581190659583013 Penicillium-solitum
9 12 0.7023773093392501 0.07845397814575236 Penicillium-commune
9 12 0.4529846033211158 0.30739638825812654 Penicillium-polonicum
9 12 -0.5310059910598663 0.22005528432184157 Penicillium-mb
9 12 0.7245386139591393 0.06551086098125315 Penicillium-verrucosum
9 12 0.5766188223697196 0.17536437547742248 Penicillium-chrysogenum
11 12 0.00675797862747347 0.9885275611376082 Penicillium-cvjetkovicii
11 12 0.6414381310655696 0.12047757130998088 Penicillium-brevicompactum
11 12 0.3713524444450518 0.4121267563902097 Penicillium-solitum
11 12 0.3866805769683856 0.39150621873231656 Penicillium-commune
11 12 -0.7324500386834473 0.06119293886274393 Penicillium-polonicum
11 12 0.6329650505884405 0.12706232309144574 Penicillium-mb
11 12 0.37159780488036365 0.4117933921635569 Penicillium-verrucosum
11 12 0.6662452631911736 0.10223593977966262 Penicillium-chrysogenum
9 10 0.2951398843694505 0.5204892043064928 Penicillium-cvjetkovicii
9 10 0.9469071159727339 0.0012122130403332738 Penicillium-brevicompactum
9 10 0.7904921648878336 0.03434672241253569 Penicillium-solitum
9 10 0.7674986474133169 0.043970778711579145 Penicillium-commune
9 10 -0.20834108220089853 0.6539351062627264 Penicillium-polonicum
9 10 0.7992829681191914 0.031013000026241935 Penicillium-mb
9 10 0.7706816456697083 0.04255994930599224 Penicillium-verrucosum
9 10 0.8241706651068381 0.022594257514530723 Penicillium-chrysogenum
11 12 -0.06681547685854412 0.8868235459684437 Penicillium-cvjetkovicii
11 12 0.4664541987013135 0.2913813716767319 Penicillium-brevicompactum
11 12 0.26310305813592716 0.5686400411510035 Penicillium-solitum
11 12 0.6268871494953392 0.13189609220915394 Penicillium-commune
11 12 -0.7638227045319623 0.04563169205843075 Penicillium-polonicum
11 12 0.6642145119031295 0.10367088995807089 Penicillium-mb
11 12 0.27534007611888967 0.5500833251422745 Penicillium-verrucosum
11 12 0.6910301847879314 0.08556518812145009 Penicillium-chrysogenum
9 12 0.15855283646222382 0.7342028516247079 Penicillium-cvjetkovicii
9 12 0.7051429404415829 0.07677044745104732 Penicillium-brevicompactum
9 12 0.5349523190305286 0.21599692878984741 Penicillium-solitum
9 12 0.6724900299535331 0.09788873231464477 Penicillium-commune
9 12 -0.02622766237501155 0.9554898502002198 Penicillium-polonicum
9 12 0.5224470905945813 0.22897957174786754 Penicillium-mb
9 12 0.665805757690147 0.10254561437550001 Penicillium-verrucosum
9 12 0.6141915559674314 0.14228897509712726 Penicillium-chrysogenum
7 8 -0.15375568440630752 0.7420506775311915 Penicillium-cvjetkovicii
7 8 0.9333174711473639 0.0021271135362962907 Penicillium-brevicompactum
7 8 0.7225036119741254 0.06664726198726602 Penicillium-solitum
7 8 0.7034356933468525 0.07780740442543858 Penicillium-commune
7 8 -0.210731451317391 0.6501413905729299 Penicillium-polonicum
7 8 0.7329589260637485 0.060920640642062325 Penicillium-mb
7 8 0.7010017049843643 0.07929860652019648 Penicillium-verrucosum
7 8 0.7777502946390511 0.03951739605809133 Penicillium-chrysogenum
11 12 0.12114668538733192 0.7958408941012709 Penicillium-cvjetkovicii
11 12 0.9405491773720975 0.0016027827899092277 Penicillium-brevicompactum
11 12 0.45500829574771073 0.30496624781294174 Penicillium-solitum
11 12 0.4254278191717112 0.3413142019803399 Penicillium-commune
11 12 -0.46568627927274886 0.2922842367254528 Penicillium-polonicum
11 12 0.9562127949379234 0.0007525885801052056 Penicillium-mb
11 12 0.37950329729712845 0.40110935861150965 Penicillium-verrucosum
11 12 0.4653950285456896 0.292626992427551 Penicillium-chrysogenum
5 6 -0.15339274549045376 0.7426451531165537 Penicillium-cvjetkovicii
5 6 0.9336113938162809 0.002104090254583511 Penicillium-brevicompactum
5 6 0.7639986832480954 0.045551406327571174 Penicillium-solitum
5 6 0.764425194030584 0.04535714438273246 Penicillium-commune
5 6 -0.2513664341576262 0.5866199107427919 Penicillium-polonicum
5 6 0.7662416648750394 0.04453491229042473 Penicillium-mb
5 6 0.7542097811597227 0.05013565716274259 Penicillium-verrucosum
5 6 0.83150009797958 0.020397654282907383 Penicillium-chrysogenum
5 4 0.3672379205804745 0.41773274727723025 Penicillium-cvjetkovicii
5 4 0.9471452323669685 0.0011988228091223967 Penicillium-brevicompactum
5 4 0.9157038831371218 0.003785064356138586 Penicillium-solitum
5 4 0.9173424924288169 0.003607052863286932 Penicillium-commune
5 4 -0.2628963389493073 0.5689552047193634 Penicillium-polonicum
5 4 0.652990447280276 0.11178984613626815 Penicillium-mb
5 4 0.5801002376515445 0.1721556945468953 Penicillium-verrucosum
5 4 0.8263311132991811 0.021933564175683692 Penicillium-chrysogenum
9 12 0.5242783649955447 0.22705608538116603 Penicillium-cvjetkovicii
9 12 0.9449859354599992 0.0013234792006130472 Penicillium-brevicompactum
9 12 0.7644240439502258 0.04535766759336156 Penicillium-solitum
9 12 0.7543286756138786 0.05007852980493835 Penicillium-commune
9 12 -0.44894467854533343 0.31227287470388815 Penicillium-polonicum
9 12 0.7488546091033784 0.05274574859452983 Penicillium-mb
9 12 0.7446801451695699 0.05483063412123764 Penicillium-verrucosum
9 12 0.9826438488750455 7.551571700795529e-05 Penicillium-chrysogenum
11 12 0.03285658707815346 0.9442510287914769 Penicillium-cvjetkovicii
11 12 0.5832948699357027 0.16923699027844596 Penicillium-brevicompactum
11 12 0.5670735918287858 0.18431073341036494 Penicillium-solitum
11 12 0.5875723240841167 0.1653675625840106 Penicillium-commune
11 12 -0.8089096173026007 0.027579086446823557 Penicillium-polonicum
11 12 0.6128262568916499 0.14343038825112958 Penicillium-mb
11 12 0.3262381182874363 0.47515719447327465 Penicillium-verrucosum
11 12 0.6089695228956604 0.14667950575624722 Penicillium-chrysogenum
9 10 0.36723792058047416 0.41773274727723053 Penicillium-cvjetkovicii
9 10 0.9486148260315327 0.0011181170095012904 Penicillium-brevicompactum
9 10 0.7439298496415334 0.0552100349082739 Penicillium-solitum
9 10 0.839571724876532 0.018124775546981445 Penicillium-commune
9 10 -0.22831298803196393 0.6224264251526404 Penicillium-polonicum
9 10 0.8341625467189959 0.019631091367219754 Penicillium-mb
9 10 0.8212493246406926 0.023505293098845283 Penicillium-verrucosum
9 10 0.8791495282189581 0.009127724115388711 Penicillium-chrysogenum
9 12 0.674192469736429 0.09672074322704538 Penicillium-cvjetkovicii
9 12 0.7463577591982992 0.05398747215072569 Penicillium-brevicompactum
9 12 0.3319553263231514 0.4669846770837262 Penicillium-solitum
9 12 0.6491161368423048 0.11466607336548598 Penicillium-commune
9 12 0.5229449851603317 0.22845585240335226 Penicillium-polonicum
9 12 0.3021935572812818 0.5100805463945629 Penicillium-mb
9 12 0.6724565240235136 0.09791179338300796 Penicillium-verrucosum
9 12 0.4550640823638005 0.3048993763135005 Penicillium-chrysogenum
7 12 -0.09632183885378356 0.8372364764313904 Penicillium-cvjetkovicii
7 12 0.9592202987422885 0.0006309713176618769 Penicillium-brevicompactum
7 12 0.8012383802271345 0.03029720929968375 Penicillium-solitum
7 12 0.8014244571270429 0.030229581455524124 Penicillium-commune
7 12 0.091933047793933 0.844588302716732 Penicillium-polonicum
7 12 0.5434442908968216 0.2073856606720317 Penicillium-mb
7 12 0.8170671465784705 0.024844995063951 Penicillium-verrucosum
7 12 0.9447806257329288 0.0013357119447431896 Penicillium-chrysogenum
9 8 -0.181548272949417 0.6968480675500197 Penicillium-cvjetkovicii
9 8 -0.9493162806698348 0.0010807617317671033 Penicillium-brevicompactum
9 8 0.6620994434005185 0.10517650656477845 Penicillium-solitum
9 8 0.5053568096826948 0.24729498338111444 Penicillium-commune
9 8 0.04755459584133436 0.9193600641013853 Penicillium-polonicum
9 8 0.6389265210907725 0.1224107090805427 Penicillium-mb
9 8 0.6843323688937243 0.0899164404155545 Penicillium-verrucosum
9 8 0.6174724152122514 0.13956494317066706 Penicillium-chrysogenum
9 12 -0.32293504220384867 0.47990225659786134 Penicillium-cvjetkovicii
9 12 0.8714763636656189 0.010600705175504804 Penicillium-brevicompactum
9 12 0.5865377835955287 0.16629936219982294 Penicillium-solitum
9 12 0.8438690530946256 0.016976555023124482 Penicillium-commune
9 12 -0.04136409078927439 0.9298381974604047 Penicillium-polonicum
9 12 0.5713008929848254 0.18032180462820951 Penicillium-mb
9 12 0.8212212291953134 0.023514153565347928 Penicillium-verrucosum
9 12 0.8923024554623655 0.006893506653747621 Penicillium-chrysogenum
7 12 0.0007328045378810509 0.9987559527124397 Penicillium-cvjetkovicii
7 12 0.9367840980317709 0.0018648811714389697 Penicillium-brevicompactum
7 12 0.6492075721326689 0.11459775808829278 Penicillium-solitum
7 12 0.6493539372579024 0.11448844611174513 Penicillium-commune
7 12 -0.5115201929550854 0.24061424566702655 Penicillium-polonicum
7 12 0.6407736651972384 0.12098746062538891 Penicillium-mb
7 12 0.648490381797939 0.11513416639660906 Penicillium-verrucosum
7 12 0.9720287249180919 0.00024756857491390575 Penicillium-chrysogenum
5 10 0.3672379205804755 0.417732747277229 Penicillium-cvjetkovicii
5 10 0.948924299369216 0.0011015438489387877 Penicillium-brevicompactum
5 10 0.7475591528944193 0.053388031957445695 Penicillium-solitum
5 10 0.7732093651457647 0.04145761928973329 Penicillium-commune
5 10 -0.4073197605460191 0.3644174336411856 Penicillium-polonicum
5 10 0.7472605042235284 0.05353670296242846 Penicillium-mb
5 10 0.7598445060805645 0.04746740234577351 Penicillium-verrucosum
5 10 0.9671483751171747 0.0003691132545295026 Penicillium-chrysogenum
11 12 -0.3765655703883296 0.4050666628291372 Penicillium-cvjetkovicii
11 12 0.9565672302872545 0.0007375935010797169 Penicillium-brevicompactum
11 12 0.6983146998954659 0.08096233851292661 Penicillium-solitum
11 12 0.37999764540489384 0.4004449546557719 Penicillium-commune
11 12 -0.24635374913553404 0.5943515191531936 Penicillium-polonicum
11 12 0.6840472801665899 0.09010417947437485 Penicillium-mb
11 12 0.7495035785112203 0.052425586354027276 Penicillium-verrucosum
11 12 0.7492350131033856 0.05255795117972632 Penicillium-chrysogenum
7 6 0.41069579385280286 0.3600623377869422 Penicillium-cvjetkovicii
7 6 0.9461372028943241 0.0012561108372588952 Penicillium-brevicompactum
7 6 0.7278752884460765 0.06367036123260773 Penicillium-solitum
7 6 0.7296062997531902 0.06272669078302183 Penicillium-commune
7 6 -0.17711514545279572 0.7040138472933595 Penicillium-polonicum
7 6 0.7266979804061198 0.06431652892213828 Penicillium-mb
7 6 0.679001521627188 0.09346112259218749 Penicillium-verrucosum
7 6 0.7500031041380355 0.05217987551444663 Penicillium-chrysogenum
9 12 0.36723792058047433 0.41773274727723037 Penicillium-cvjetkovicii
9 12 0.9667731440914272 0.00037966654264986723 Penicillium-brevicompactum
9 12 0.9255193180737601 0.002792612004258666 Penicillium-solitum
9 12 0.9234547601070676 0.0029867848267877543 Penicillium-commune
9 12 -0.07767841188924916 0.8685265223989904 Penicillium-polonicum
9 12 0.6942920873923274 0.08348740116798309 Penicillium-mb
9 12 0.9243783882982239 0.002898971181275528 Penicillium-verrucosum
9 12 0.8899036917048312 0.0072740787124704895 Penicillium-chrysogenum
11 10 -0.05601251822388942 0.9050592929839782 Penicillium-cvjetkovicii
11 10 0.8964916550990742 0.00625712924972804 Penicillium-brevicompactum
11 10 0.343457298691167 0.4507017978993842 Penicillium-solitum
11 10 0.767277751797406 0.04406962980900866 Penicillium-commune
11 10 -0.25403303162662844 0.582519577850704 Penicillium-polonicum
11 10 0.7380641289640201 0.05822529919574841 Penicillium-mb
11 10 0.756936298959084 0.048834560637924136 Penicillium-verrucosum
11 10 0.7521231760271208 0.05114405113763643 Penicillium-chrysogenum
9 8 -0.17597881421506242 0.7058534577984721 Penicillium-cvjetkovicii
9 8 -0.8646234549210502 0.012024483353598247 Penicillium-brevicompactum
9 8 0.726690707085304 0.06432053184967763 Penicillium-solitum
9 8 0.7505331348719578 0.05191984891709816 Penicillium-commune
9 8 -0.3736577545744793 0.4089987748312361 Penicillium-polonicum
9 8 0.7618833076452707 0.04652164353401277 Penicillium-mb
9 8 0.6034243784048892 0.15141513206029747 Penicillium-verrucosum
9 8 0.7837173935745001 0.037045838122694276 Penicillium-chrysogenum
11 12 0.6659592063910588 0.1024374392313544 Penicillium-cvjetkovicii
11 12 -0.03649631448085666 0.9380831874591739 Penicillium-brevicompactum
11 12 0.6450325877174323 0.11773849508911723 Penicillium-solitum
11 12 0.6412889360193588 0.12059196237379788 Penicillium-commune
11 12 0.44809523888339664 0.3133024610588141 Penicillium-polonicum
11 12 0.5946930790138354 0.15902439619694544 Penicillium-mb
11 12 0.6630567312589939 0.10449365801827756 Penicillium-verrucosum
11 12 0.11067460604681649 0.8132615378542751 Penicillium-chrysogenum
7 12 -0.20262542617338106 0.6630302491298108 Penicillium-cvjetkovicii
7 12 0.5725195994992534 0.17917973707454654 Penicillium-brevicompactum
7 12 0.5522261736334896 0.19865664559901783 Penicillium-solitum
7 12 0.5533854799214284 0.19751779456558627 Penicillium-commune
7 12 -0.06986726828485743 0.881678923808725 Penicillium-polonicum
7 12 0.5335421056470182 0.21744306701310878 Penicillium-mb
7 12 0.06628983854204266 0.8877099751496622 Penicillium-verrucosum
7 12 -0.053907593493309335 0.9086165435532141 Penicillium-chrysogenum
9 12 0.36723792058047444 0.41773274727723025 Penicillium-cvjetkovicii
9 12 0.9213702974537744 0.0031906334072600117 Penicillium-brevicompactum
9 12 0.7359539569286925 0.05933136549758678 Penicillium-solitum
9 12 0.7691791074953263 0.043222772510452125 Penicillium-commune
9 12 -0.6449426067655254 0.11780666750250914 Penicillium-polonicum
9 12 0.9124104120147213 0.00415811200964817 Penicillium-mb
9 12 0.7270409645654293 0.06412791768966097 Penicillium-verrucosum
9 12 0.9746886281054439 0.00019312059501933623 Penicillium-chrysogenum
9 10 0.3672379205804755 0.417732747277229 Penicillium-cvjetkovicii
9 10 0.9499143834959851 0.0010495011306414987 Penicillium-brevicompactum
9 10 0.9012746194699028 0.00557392668557541 Penicillium-solitum
9 10 0.8498909820339469 0.01543910500776291 Penicillium-commune
9 10 -0.28335198389084754 0.5380425748268933 Penicillium-polonicum
9 10 0.8780871030407232 0.009324121372694342 Penicillium-mb
9 10 0.8619847622565988 0.012600320036841823 Penicillium-verrucosum
9 10 0.9402761742677012 0.0016210044798827007 Penicillium-chrysogenum
9 8 0.2278431572473051 0.623162614188504 Penicillium-cvjetkovicii
9 8 0.9469071159727341 0.0012122130403332616 Penicillium-brevicompactum
9 8 0.5159190574614365 0.23589810444483417 Penicillium-solitum
9 8 0.512909307328125 0.2391202478297945 Penicillium-commune
9 8 -0.08843187645658608 0.8504597044577311 Penicillium-polonicum
9 8 0.5929071855185385 0.1606036965890342 Penicillium-mb
9 8 0.5653177421559674 0.1859800776841137 Penicillium-verrucosum
9 8 0.6196949857807279 0.13773471234536147 Penicillium-chrysogenum
7 6 -0.19040684372880598 0.6825828784216055 Penicillium-cvjetkovicii
7 6 -0.9523435730959978 0.0009280658507500824 Penicillium-brevicompactum
7 6 0.5695636389478232 0.18195594121270045 Penicillium-solitum
7 6 0.5709248336428062 0.18067493155852415 Penicillium-commune
7 6 -0.13221453671424924 0.777502284381628 Penicillium-polonicum
7 6 0.6569103325638059 0.10891826144063672 Penicillium-mb
7 6 0.6390251553827082 0.12233449415747885 Penicillium-verrucosum
7 6 0.7042582823559128 0.07730684934476684 Penicillium-chrysogenum
11 12 0.3644948425162056 0.4214865384964225 Penicillium-cvjetkovicii
11 12 0.8889096132535201 0.007435273834746411 Penicillium-brevicompactum
11 12 0.3713110795277031 0.4121829681390792 Penicillium-solitum
11 12 0.39830653524035625 0.37614991669856257 Penicillium-commune
11 12 -0.09268323144763115 0.8433309942566705 Penicillium-polonicum
11 12 0.49202382959929664 0.2620348815193202 Penicillium-mb
11 12 0.8402578544464397 0.017938576053734827 Penicillium-verrucosum
11 12 0.8150133394468199 0.0255182532407681 Penicillium-chrysogenum
9 8 -0.19202547809376427 0.6799843227118743 Penicillium-cvjetkovicii
9 8 -0.9521573846595935 0.0009370620398118619 Penicillium-brevicompactum
9 8 0.6335749032665368 0.12658239027543822 Penicillium-solitum
9 8 0.6304207995555097 0.12907457040435033 Penicillium-commune
9 8 -0.1608016167339933 0.7305302781203553 Penicillium-polonicum
9 8 0.6609483355957754 0.10600067645279387 Penicillium-mb
9 8 0.6169833752840735 0.13996929594030635 Penicillium-verrucosum
9 8 0.6913389027823663 0.08536737921463514 Penicillium-chrysogenum
9 8 -0.15854770504061175 0.7342112365875295 Penicillium-cvjetkovicii
9 8 0.9277187462535328 0.002594122756195904 Penicillium-brevicompactum
9 8 0.6928165125891381 0.08442396860876147 Penicillium-solitum
9 8 0.6891870678452012 0.08675119681639121 Penicillium-commune
9 8 -0.150650701202346 0.7471397526792449 Penicillium-polonicum
9 8 0.7262895906420305 0.06454149758807386 Penicillium-mb
9 8 0.7166554898018361 0.06997166375744782 Penicillium-verrucosum
9 8 0.7854935679150983 0.03632721692914237 Penicillium-chrysogenum
9 12 0.2795223258289026 0.5437870607287278 Penicillium-cvjetkovicii
9 12 0.9469071159727339 0.0012122130403332738 Penicillium-brevicompactum
9 12 0.5999991896982814 0.15437795479800778 Penicillium-solitum
9 12 0.4980362548801066 0.2553395824123559 Penicillium-commune
9 12 0.27203610483373697 0.5550740532560834 Penicillium-polonicum
9 12 0.44606116702135845 0.31577389214975815 Penicillium-mb
9 12 0.5906496685130084 0.1626111595404039 Penicillium-verrucosum
9 12 0.5640357761339767 0.18720351022707382 Penicillium-chrysogenum
11 12 0.14471275587021623 0.7568922993299545 Penicillium-cvjetkovicii
11 12 0.8736585767424915 0.010168863003380647 Penicillium-brevicompactum
11 12 0.37018666913662973 0.41371210545746423 Penicillium-solitum
11 12 0.2735342317830086 0.5528092832685552 Penicillium-commune
11 12 -0.651306779995594 0.11303513278577779 Penicillium-polonicum
11 12 0.30276861886150375 0.5092351618362079 Penicillium-mb
11 12 0.44980330267808444 0.3112336542482716 Penicillium-verrucosum
11 12 0.3387741136978647 0.4573057224747935 Penicillium-chrysogenum
11 10 -0.2172892184688552 0.6397646407261169 Penicillium-cvjetkovicii
11 10 0.005417569092387364 0.9908029840281647 Penicillium-brevicompactum
11 10 0.5307466293227245 0.2203232603581151 Penicillium-solitum
11 10 0.3199224330881251 0.48424485802578904 Penicillium-commune
11 10 -0.5400010546581318 0.2108571600299391 Penicillium-polonicum
11 10 0.318061938353296 0.4869337205107127 Penicillium-mb
11 10 0.34277745226298195 0.45165824788164416 Penicillium-verrucosum
11 10 0.564494328211967 0.1867654471830958 Penicillium-chrysogenum
11 10 -0.016502239639292805 0.9719887423172816 Penicillium-cvjetkovicii
11 10 0.4101333480991733 0.36078638981252725 Penicillium-brevicompactum
11 10 0.572984725176089 0.17874479701676613 Penicillium-solitum
11 10 0.3861970709985786 0.39215022272114 Penicillium-commune
11 10 -0.5148125032172988 0.23708038033618173 Penicillium-polonicum
11 10 0.3593446930763561 0.428569379615153 Penicillium-mb
11 10 0.38613260565428403 0.39223611915267587 Penicillium-verrucosum
11 10 0.6046433202372857 0.1503676679087049 Penicillium-chrysogenum
7 12 0.2647258599240849 0.5661678437572277 Penicillium-cvjetkovicii
7 12 0.9091730850251758 0.004544902604316303 Penicillium-brevicompactum
7 12 0.6769765754652346 0.09482649751137413 Penicillium-solitum
7 12 0.7203271377484715 0.0678743244263634 Penicillium-commune
7 12 0.08426083664055142 0.8574616237451779 Penicillium-polonicum
7 12 0.4042785794678131 0.36835906003491725 Penicillium-mb
7 12 0.6961380182113944 0.08232356533568645 Penicillium-verrucosum
7 12 0.9622105838358346 0.0005224324376656318 Penicillium-chrysogenum
11 12 0.07823897229539287 0.8675835477817478 Penicillium-cvjetkovicii
11 12 0.9469071159727339 0.0012122130403332738 Penicillium-brevicompactum
11 12 0.31687564171020566 0.4886509817111694 Penicillium-solitum
11 12 0.3130978837911527 0.49413391209789626 Penicillium-commune
11 12 0.15785538727308024 0.7353427056999549 Penicillium-polonicum
11 12 0.30397749277900693 0.507459610251012 Penicillium-mb
11 12 0.2983068685723353 0.5158069554094122 Penicillium-verrucosum
11 12 0.2649141306830351 0.5658812509142566 Penicillium-chrysogenum
5 8 0.367237920580476 0.4177327472772283 Penicillium-cvjetkovicii
5 8 0.9496555794200379 0.0010629613083729143 Penicillium-brevicompactum
5 8 0.902614723135311 0.005390698354456631 Penicillium-solitum
5 8 0.9036239778433663 0.005255052893311394 Penicillium-commune
5 8 -0.1905383101793868 0.6823717288360105 Penicillium-polonicum
5 8 0.8918410902858186 0.00696578410097162 Penicillium-mb
5 8 0.8866856190325358 0.007803336897077262 Penicillium-verrucosum
5 8 0.9374894987578696 0.0018139924761967567 Penicillium-chrysogenum
9 10 0.22660284388478913 0.6251072877286472 Penicillium-cvjetkovicii
9 10 0.9469071159727339 0.0012122130403332738 Penicillium-brevicompactum
9 10 0.5681235052626895 0.18331604903680018 Penicillium-solitum
9 10 0.5944950524125903 0.15919913234392585 Penicillium-commune
9 10 -0.23169796400749595 0.6171298413496429 Penicillium-polonicum
9 10 0.6270747793012296 0.131745493626894 Penicillium-mb
9 10 0.5484399484034695 0.20239799801781316 Penicillium-verrucosum
9 10 0.6523469026873445 0.1122649867055623 Penicillium-chrysogenum
7 6 -0.1724023540220853 0.7116508034239204 Penicillium-cvjetkovicii
7 6 0.3341665233507622 0.46383779639083456 Penicillium-brevicompactum
7 6 0.6971959005746388 0.08166049330855116 Penicillium-solitum
7 6 0.6643752516459052 0.10355692942184944 Penicillium-commune
7 6 -0.175109997816372 0.7072607564975489 Penicillium-polonicum
7 6 0.6690622009552305 0.10026274033721119 Penicillium-mb
7 6 0.6491909383539919 0.11461018434235946 Penicillium-verrucosum
7 6 0.7398849477474432 0.05727997711061258 Penicillium-chrysogenum
9 10 0.367237920580476 0.4177327472772283 Penicillium-cvjetkovicii
9 10 0.9480063331158992 0.0011511308266408794 Penicillium-brevicompactum
9 10 0.8724787801063759 0.010401051374664563 Penicillium-solitum
9 10 0.6827108564566433 0.09098700589624897 Penicillium-commune
9 10 -0.45182239037688177 0.3087958351531864 Penicillium-polonicum
9 10 0.8927378698738468 0.006825695196782073 Penicillium-mb
9 10 0.6560953463836176 0.10951210505158777 Penicillium-verrucosum
9 10 0.8335354152777065 0.01981015499788819 Penicillium-chrysogenum
11 10 -0.3299973503692147 0.4697776950108706 Penicillium-cvjetkovicii
11 10 0.9443429018360417 0.0013620144147465216 Penicillium-brevicompactum
11 10 0.6037073332939177 0.15117165792403187 Penicillium-solitum
11 10 0.5750704473375542 0.17680079884006142 Penicillium-commune
11 10 -0.08106210639079761 0.8628363876463191 Penicillium-polonicum
11 10 0.9239262750296693 0.00294176381394789 Penicillium-mb
11 10 0.9085265907269009 0.004624556653738198 Penicillium-verrucosum
11 10 0.7592255999223345 0.04775656901197206 Penicillium-chrysogenum
9 10 -0.1534293541345882 0.7425851853941395 Penicillium-cvjetkovicii
9 10 0.8065104371256728 0.028413806054776343 Penicillium-brevicompactum
9 10 -0.7762206075939665 0.04016525016184143 Penicillium-solitum
9 10 0.6472235023018597 0.11608486329441968 Penicillium-commune
9 10 -0.1527518189178436 0.7436952066222684 Penicillium-polonicum
9 10 0.6597312498904698 0.10687572561808337 Penicillium-mb
9 10 0.6161441802442874 0.14066454548064133 Penicillium-verrucosum
9 10 0.719555978855286 0.06831198383491716 Penicillium-chrysogenum
7 8 0.2312046038611429 0.6179010037779169 Penicillium-cvjetkovicii
7 8 0.9469071159727339 0.0012122130403332738 Penicillium-brevicompactum
7 8 0.6583555554023491 0.107869313027341 Penicillium-solitum
7 8 0.6550328587683413 0.11028880686369354 Penicillium-commune
7 8 -0.30564505170882417 0.5050138970457884 Penicillium-polonicum
7 8 0.5629418818610487 0.1882505408178389 Penicillium-mb
7 8 0.4846093271977367 0.2704000207148469 Penicillium-verrucosum
7 8 0.7044072789813445 0.07721636745788107 Penicillium-chrysogenum
7 12 0.2605721492848568 0.5725024486226635 Penicillium-cvjetkovicii
7 12 0.9197958953130176 0.0033498497432243994 Penicillium-brevicompactum
7 12 0.6878847971916879 0.0875943907603002 Penicillium-solitum
7 12 0.6898739215861117 0.08630821021024487 Penicillium-commune
7 12 0.09335006579054912 0.8422136013037334 Penicillium-polonicum
7 12 0.6728280777228279 0.0976562239581684 Penicillium-mb
7 12 0.9269829435974021 0.0026595710463759845 Penicillium-verrucosum
7 12 0.8736337539418094 0.010173717158421372 Penicillium-chrysogenum
7 8 0.4237593138611892 0.34341640590610883 Penicillium-cvjetkovicii
7 8 0.946642942079358 0.001227171464090781 Penicillium-brevicompactum
7 8 0.6862583373537435 0.08865354684860527 Penicillium-solitum
7 8 0.7491488291258253 0.052600466344437 Penicillium-commune
7 8 -0.5007796172152156 0.2523110145348757 Penicillium-polonicum
7 8 0.7623711370003712 0.046296898655340396 Penicillium-mb
7 8 0.6679033652236827 0.10107204572907103 Penicillium-verrucosum
7 8 0.9153804175377964 0.003820797785782735 Penicillium-chrysogenum
9 10 0.3672379205804755 0.417732747277229 Penicillium-cvjetkovicii
9 10 0.9485109999032453 0.0011237099700813625 Penicillium-brevicompactum
9 10 0.7321696669668236 0.06134324267650154 Penicillium-solitum
9 10 0.7294829137376019 0.06279370329782048 Penicillium-commune
9 10 -0.11007159097711572 0.8142665984786248 Penicillium-polonicum
9 10 0.7701849718833972 0.042778424824813296 Penicillium-mb
9 10 0.7783885180811156 0.03924881804071325 Penicillium-verrucosum
9 10 0.8263357546456576 0.021932156711750226 Penicillium-chrysogenum
11 12 0.4941977250078374 0.2596049451455852 Penicillium-cvjetkovicii
11 12 0.9087595180708598 0.004595764853276621 Penicillium-brevicompactum
11 12 0.7960682550664965 0.032210103163675625 Penicillium-solitum
11 12 0.11184107166867864 0.8113179389021654 Penicillium-commune
11 12 -0.17968902185062416 0.6998512401051225 Penicillium-polonicum
11 12 0.7888744666330074 0.034980915484804614 Penicillium-mb
11 12 0.8090984601710741 0.027513976846502718 Penicillium-verrucosum
11 12 0.7566249801325253 0.04898217471057524 Penicillium-chrysogenum
11 12 -0.049219446223530784 0.9165436474478648 Penicillium-cvjetkovicii
11 12 0.6693366924907564 0.1000715396276941 Penicillium-brevicompactum
11 12 0.47035189719971804 0.2868178724979869 Penicillium-solitum
11 12 0.6952745746470156 0.08286687596981276 Penicillium-commune
11 12 -0.8352374362848167 0.019326323010807167 Penicillium-polonicum
11 12 0.7245008846112739 0.06553183424975338 Penicillium-mb
11 12 0.32191518996696566 0.4813707724359677 Penicillium-verrucosum
11 12 0.8417140446436104 0.0175470177157466 Penicillium-chrysogenum
11 10 0.4929973460014899 0.26094542803523557 Penicillium-cvjetkovicii
11 10 0.8330829704924888 0.01993991341435515 Penicillium-brevicompactum
11 10 0.06517733062838345 0.8895863991576745 Penicillium-solitum
11 10 0.8349980975972832 0.019393949754261286 Penicillium-commune
11 10 -0.18925841308805413 0.68442808285416 Penicillium-polonicum
11 10 0.7320468982908558 0.06140912029863177 Penicillium-mb
11 10 0.7628609983945216 0.046071819307428125 Penicillium-verrucosum
11 10 0.7898764656225831 0.034587336513125136 Penicillium-chrysogenum
11 10 -0.4548292036270736 0.30518096920240967 Penicillium-cvjetkovicii
11 10 0.8525573577835798 0.014784831128223897 Penicillium-brevicompactum
11 10 0.4274797660395021 0.338736374021795 Penicillium-solitum
11 10 0.6133021713126819 0.14303199355941748 Penicillium-commune
11 10 -0.09046495758652584 0.8470495803952177 Penicillium-polonicum
11 10 0.5875764478470719 0.1653638535388803 Penicillium-mb
11 10 0.6162280996008297 0.14059494230611175 Penicillium-verrucosum
11 10 0.5582261967244454 0.19279662196999942 Penicillium-chrysogenum
7 10 0.36723792058047444 0.41773274727723025 Penicillium-cvjetkovicii
7 10 0.9487088616559705 0.0011130656715112558 Penicillium-brevicompactum
7 10 0.792979491509601 0.033384190587562104 Penicillium-solitum
7 10 0.7408376532046389 0.056788706487059346 Penicillium-commune
7 10 -0.4113819402694158 0.35917985945953024 Penicillium-polonicum
7 10 0.8239879817611566 0.02265063279673568 Penicillium-mb
7 10 0.7208789639406276 0.06756207281335735 Penicillium-verrucosum
7 10 0.8787318475660327 0.009204647825646298 Penicillium-chrysogenum
11 12 0.09149286825101238 0.845326166297631 Penicillium-cvjetkovicii
11 12 0.798194863648205 0.031415356963038495 Penicillium-brevicompactum
11 12 0.6546036836627721 0.11060335023252224 Penicillium-solitum
11 12 0.5417770595637144 0.2090631436780613 Penicillium-commune
11 12 -0.7011740339235787 0.07919253165186775 Penicillium-polonicum
11 12 0.6708406369830607 0.09902733462288274 Penicillium-mb
11 12 0.4612690775114133 0.2975016586504179 Penicillium-verrucosum
11 12 0.8774328572378457 0.009446264848677693 Penicillium-chrysogenum
11 12 0.7124068618707887 0.07244141805855628 Penicillium-cvjetkovicii
11 12 0.4532790890701208 0.30704223224903315 Penicillium-brevicompactum
11 12 0.5428706904100853 0.2079620600336959 Penicillium-solitum
11 12 -0.05546656962934594 0.9059818080733455 Penicillium-commune
11 12 0.4970717885809067 0.2564082525536569 Penicillium-polonicum
11 12 0.1862652036838815 0.6892431751382478 Penicillium-mb
11 12 0.5627229406494942 0.18846044298311382 Penicillium-verrucosum
11 12 0.18566276058463776 0.6902133221511032 Penicillium-chrysogenum
5 4 0.015791382708214643 0.9731950585290647 Penicillium-cvjetkovicii
5 4 0.9452011768429481 0.0013107259609914186 Penicillium-brevicompactum
5 4 0.8357141527006452 0.019192022794616664 Penicillium-solitum
5 4 0.6897655533169633 0.08637802264725043 Penicillium-commune
5 4 -0.2875583305424251 0.5317564559014438 Penicillium-polonicum
5 4 0.6844652026168 0.08982903616003779 Penicillium-mb
5 4 0.6386837450755751 0.12259840635246184 Penicillium-verrucosum
5 4 0.8242814738154464 0.02256010108753085 Penicillium-chrysogenum
9 10 0.36723792058047355 0.41773274727723136 Penicillium-cvjetkovicii
9 10 0.9484419327493783 0.0011274396507033383 Penicillium-brevicompactum
9 10 0.8833783485876341 0.008369797055484905 Penicillium-solitum
9 10 0.8675650740453891 0.011400693659844767 Penicillium-commune
9 10 -0.4052628714737611 0.36708142339274497 Penicillium-polonicum
9 10 0.8976433420146277 0.0060884205785139535 Penicillium-mb
9 10 0.7773584263145487 0.039682805085620235 Penicillium-verrucosum
9 10 0.917492278138605 0.003591030476728756 Penicillium-chrysogenum
11 12 0.3672379205804717 0.41773274727723375 Penicillium-cvjetkovicii
11 12 0.9502216042918127 0.0010336542767322022 Penicillium-brevicompactum
11 12 0.8726388174311446 0.010369378452695803 Penicillium-solitum
11 12 0.7764918567737276 0.040049945307737526 Penicillium-commune
11 12 -0.5779456141417677 0.17413809041109482 Penicillium-polonicum
11 12 0.9353773994380211 0.001968846350374482 Penicillium-mb
11 12 0.7593779161246472 0.04768531409445738 Penicillium-verrucosum
11 12 0.9610821459201626 0.0005619670764418487 Penicillium-chrysogenum
9 8 -0.18690670916791258 0.6882104957431657 Penicillium-cvjetkovicii
9 8 -0.9525092150428204 0.0009201055324560708 Penicillium-brevicompactum
9 8 0.6979076344502257 0.08121598733023323 Penicillium-solitum
9 8 0.6390785119632796 0.12229327556700414 Penicillium-commune
9 8 -0.14932904434929048 0.7493081788814813 Penicillium-polonicum
9 8 0.6745809250053448 0.09645526633443205 Penicillium-mb
9 8 0.6807265538399305 0.09230618393926775 Penicillium-verrucosum
9 8 0.7511802914409206 0.05160332398282365 Penicillium-chrysogenum
11 12 0.4832028233921937 0.2720002875651284 Penicillium-cvjetkovicii
11 12 0.8230575062590826 0.022939005302104156 Penicillium-brevicompactum
11 12 0.7416669320975281 0.05636295438331378 Penicillium-solitum
11 12 -0.32533255497073715 0.47645639066939205 Penicillium-commune
11 12 -0.04922663414446691 0.9165314891760538 Penicillium-polonicum
11 12 0.7744643811374288 0.040916240249880186 Penicillium-mb
11 12 0.7580190901783451 0.04832304855520884 Penicillium-verrucosum
11 12 0.7762370906121826 0.04015823819075886 Penicillium-chrysogenum
11 10 0.09182220172930432 0.8447741031180087 Penicillium-cvjetkovicii
11 10 0.6648772507858272 0.10320144503568407 Penicillium-brevicompactum
11 10 0.5185040008836923 0.23314701874266824 Penicillium-solitum
11 10 0.07133137003813385 0.8792119478153491 Penicillium-commune
11 10 -0.49981568410824945 0.25337326991114256 Penicillium-polonicum
11 10 0.6050538319665938 0.1500157261188969 Penicillium-mb
11 10 0.6089296991441217 0.1467132464317323 Penicillium-verrucosum
11 10 0.09991669720138911 0.8312215839767247 Penicillium-chrysogenum
9 10 0.2182575928026845 0.6382362279174214 Penicillium-cvjetkovicii
9 10 0.9469071159727342 0.001212213040333254 Penicillium-brevicompactum
9 10 0.40390688978987516 0.36884199767714076 Penicillium-solitum
9 10 0.44663158323067187 0.3150799769738339 Penicillium-commune
9 10 0.07630144372172283 0.8708433823137709 Penicillium-polonicum
9 10 0.49529333647574747 0.25838420983401517 Penicillium-mb
9 10 0.42986883837429773 0.3357454639993951 Penicillium-verrucosum
9 10 0.5407137772832885 0.2101363314129021 Penicillium-chrysogenum
11 12 0.367237920580476 0.4177327472772283 Penicillium-cvjetkovicii
11 12 0.9312293580365796 0.0022949377872490294 Penicillium-brevicompactum
11 12 0.8149005624481814 0.02555551626047822 Penicillium-solitum
11 12 0.7927700604740785 0.033464647677818746 Penicillium-commune
11 12 -0.4827881818448682 0.27247286490761774 Penicillium-polonicum
11 12 0.9639355677889088 0.00046527409866071805 Penicillium-mb
11 12 0.8016253857649909 0.030156650805293693 Penicillium-verrucosum
11 12 0.9056335400014264 0.004990935995627963 Penicillium-chrysogenum
11 8 0.3565214644314748 0.4324713366162305 Penicillium-cvjetkovicii
11 8 0.9029068331937518 0.005351231369497181 Penicillium-brevicompactum
11 8 0.9309839708898058 0.002315152892820558 Penicillium-solitum
11 8 0.7688461497480459 0.04337041682952348 Penicillium-commune
11 8 0.19014389845653976 0.6830052468161962 Penicillium-polonicum
11 8 0.696570889604178 0.08205190075611299 Penicillium-mb
11 8 0.7553147603580415 0.049606101802070215 Penicillium-verrucosum
11 8 0.7382866127687108 0.05810934048114646 Penicillium-chrysogenum
9 12 -0.6787433347437032 0.09363463317474816 Penicillium-cvjetkovicii
9 12 0.47530239177279265 0.28106806303228876 Penicillium-brevicompactum
9 12 0.489395922292706 0.2649860644844059 Penicillium-solitum
9 12 0.37261872302007293 0.41040743616865905 Penicillium-commune
9 12 0.2657215158117736 0.5646527421465031 Penicillium-polonicum
9 12 0.5072075542391834 0.24527999344345514 Penicillium-mb
9 12 0.41202028669393026 0.35835966573951655 Penicillium-verrucosum
9 12 0.6975900804798679 0.08141415303623711 Penicillium-chrysogenum
11 12 -0.4848901860526041 0.2700809814215172 Penicillium-cvjetkovicii
11 12 0.7124559987767274 0.07241259178039743 Penicillium-brevicompactum
11 12 0.6833967577799246 0.09053334034783247 Penicillium-solitum
11 12 0.6745139827304193 0.09650098852415162 Penicillium-commune
11 12 0.17890726511185642 0.7011149110548799 Penicillium-polonicum
11 12 0.6400501592039336 0.12154391337088544 Penicillium-mb
11 12 0.7350094213095957 0.059830113166792986 Penicillium-verrucosum
11 12 0.6442547363332642 0.11832849139178778 Penicillium-chrysogenum
11 12 0.6250937212003701 0.13333998122768378 Penicillium-cvjetkovicii
11 12 0.8365570075844151 0.018955873882555662 Penicillium-brevicompactum
11 12 0.6489664511519392 0.11477795542858545 Penicillium-solitum
11 12 0.6641544655425974 0.10371347811814777 Penicillium-commune
11 12 0.28115263156691583 0.5413391375420156 Penicillium-polonicum
11 12 0.7029739136810125 0.07808915789416387 Penicillium-mb
11 12 0.9147699921658479 0.0038887670329545766 Penicillium-verrucosum
11 12 0.7698551847243398 0.042923831644338474 Penicillium-chrysogenum
9 6 0.11294807140201513 0.8094741358874449 Penicillium-cvjetkovicii
9 6 0.9455966315541959 0.0012874846169184005 Penicillium-brevicompactum
9 6 0.8200975474970232 0.02387007440157183 Penicillium-solitum
9 6 0.7186815544651066 0.06881008095561329 Penicillium-commune
9 6 -0.30154380745714693 0.5110363121230466 Penicillium-polonicum
9 6 0.7433405126882275 0.05550904346249456 Penicillium-mb
9 6 0.695116287259571 0.08296668205822517 Penicillium-verrucosum
9 6 0.8490316591417532 0.01565341651871614 Penicillium-chrysogenum
11 10 0.10592909101812709 0.8211764276428577 Penicillium-cvjetkovicii
11 10 0.8149948659222214 0.025524355043748906 Penicillium-brevicompactum
11 10 0.12910241733451744 0.782650863344643 Penicillium-solitum
11 10 0.6740131121755653 0.09684344834757481 Penicillium-commune
11 10 -0.40831502349845833 0.3631312896191707 Penicillium-polonicum
11 10 0.13611106365984496 0.7710651411239963 Penicillium-mb
11 10 0.12500836957579642 0.7894335034213019 Penicillium-verrucosum
11 10 0.6940811824735493 0.0836209260284996 Penicillium-chrysogenum
5 8 -0.17606505780432619 0.7057137977185156 Penicillium-cvjetkovicii
5 8 -0.8700524607545413 0.010888068962814166 Penicillium-brevicompactum
5 8 0.6855307027621705 0.08912956230504908 Penicillium-solitum
5 8 0.6860870606275266 0.08876547423709263 Penicillium-commune
5 8 -0.2566949633088458 0.5784352939077542 Penicillium-polonicum
5 8 0.6662154244367703 0.10225694863453022 Penicillium-mb
5 8 0.6673861083641048 0.10143438404009189 Penicillium-verrucosum
5 8 0.7830043886619831 0.03733651170825695 Penicillium-chrysogenum
9 12 0.36723792058047783 0.41773274727722554 Penicillium-cvjetkovicii
9 12 0.8682169147848507 0.011265044697862972 Penicillium-brevicompactum
9 12 0.8114109374269893 0.0267236746927045 Penicillium-solitum
9 12 0.9434109194581833 0.0014190275794924375 Penicillium-commune
9 12 -0.19690961190147974 0.672158658462358 Penicillium-polonicum
9 12 0.798586860277925 0.031270071334781074 Penicillium-mb
9 12 0.7875232976037474 0.03551557192854182 Penicillium-verrucosum
9 12 0.8627701414205727 0.012427312736806976 Penicillium-chrysogenum
7 10 0.2903663541151597 0.5275738357306226 Penicillium-cvjetkovicii
7 10 0.946907115972734 0.0012122130403332684 Penicillium-brevicompactum
7 10 0.8325174174155145 0.02010278624099567 Penicillium-solitum
7 10 0.8704875523612792 0.01079979213704998 Penicillium-commune
7 10 -0.03748335296207699 0.9364109769712566 Penicillium-polonicum
7 10 0.630677073196689 0.12887115261480386 Penicillium-mb
7 10 0.8136566553834206 0.025968550345801044 Penicillium-verrucosum
7 10 0.8440670519323977 0.01692467957163936 Penicillium-chrysogenum
9 12 0.5004900007238271 0.2526299567912264 Penicillium-cvjetkovicii
9 12 0.6739149853332992 0.09691061506212599 Penicillium-brevicompactum
9 12 0.6680988745266944 0.10093526789665977 Penicillium-solitum
9 12 0.0823651022511103 0.8606464716189418 Penicillium-commune
9 12 0.14926178420685118 0.749418566994436 Penicillium-polonicum
9 12 0.13050702641495499 0.780326337486493 Penicillium-mb
9 12 0.6390395062894718 0.1223234072113742 Penicillium-verrucosum
9 12 0.5134483848541778 0.23854163291754596 Penicillium-chrysogenum
9 10 0.21880700090717636 0.6373695334619675 Penicillium-cvjetkovicii
9 10 0.9469071159727345 0.0012122130403332421 Penicillium-brevicompactum
9 10 0.5096706498139697 0.24261013954738167 Penicillium-solitum
9 10 0.4941480611698499 0.25966034307878805 Penicillium-commune
9 10 -0.019227434152975988 0.9673645273436974 Penicillium-polonicum
9 10 0.5138615965831457 0.23809855660898105 Penicillium-mb
9 10 0.4979026962666843 0.2554874491146809 Penicillium-verrucosum
9 10 0.5083278673388605 0.2440639614094948 Penicillium-chrysogenum
5 8 0.36723792058047416 0.41773274727723053 Penicillium-cvjetkovicii
5 8 0.9487843372660035 0.0011090210992865963 Penicillium-brevicompactum
5 8 0.8716541736690393 0.01056513088484205 Penicillium-solitum
5 8 0.8796747769839217 0.009031518058556252 Penicillium-commune
5 8 -0.34217391160280364 0.45250798138095427 Penicillium-polonicum
5 8 0.7853688985239574 0.03637740183854129 Penicillium-mb
5 8 0.7369380460667209 0.058814140325450084 Penicillium-verrucosum
5 8 0.914048215791016 0.003970039924547158 Penicillium-chrysogenum
9 12 0.10076540051034677 0.8298024854739433 Penicillium-cvjetkovicii
9 12 0.6833068030169717 0.0905927696893562 Penicillium-brevicompactum
9 12 0.03076129585653413 0.9478027064407448 Penicillium-solitum
9 12 0.6161654338725849 0.14064691595881634 Penicillium-commune
9 12 -0.3231034782114716 0.4796598761898383 Penicillium-polonicum
9 12 0.010850502250894322 0.9815806996000014 Penicillium-mb
9 12 0.02486404184525733 0.9578025380666166 Penicillium-verrucosum
9 12 0.6288410723774761 0.1303320959462821 Penicillium-chrysogenum
11 12 0.3672379205804755 0.417732747277229 Penicillium-cvjetkovicii
11 12 0.9451649723999724 0.0013128660087351667 Penicillium-brevicompactum
11 12 0.946541163688538 0.00123296342634625 Penicillium-solitum
11 12 0.8789544863814325 0.009163598367434966 Penicillium-commune
11 12 -0.3481690133037297 0.444094003630507 Penicillium-polonicum
11 12 0.9553564542307202 0.0007895578917178725 Penicillium-mb
11 12 0.9258622867251417 0.002761094835629414 Penicillium-verrucosum
11 12 0.9768825489625708 0.00015413594487132814 Penicillium-chrysogenum
9 8 0.184787529999657 0.6916233542870676 Penicillium-cvjetkovicii
9 8 0.9469071159727342 0.001212213040333254 Penicillium-brevicompactum
9 8 0.4754377436146571 0.2809115883513763 Penicillium-solitum
9 8 0.4806512462411605 0.27491424943703563 Penicillium-commune
9 8 -0.3000709459467025 0.5132051415388548 Penicillium-polonicum
9 8 0.3819405515293809 0.39783793138242063 Penicillium-mb
9 8 0.3289817335409167 0.4712288520423798 Penicillium-verrucosum
9 8 0.5055565838422329 0.24707711357074308 Penicillium-chrysogenum
3 6 -0.1778506541223112 0.702823740487574 Penicillium-cvjetkovicii
3 6 -0.92707781911301 0.0026510782838692986 Penicillium-brevicompactum
3 6 0.7373188957924072 0.058614629833231506 Penicillium-solitum
3 6 0.738420706203771 0.058039511521212846 Penicillium-commune
3 6 -0.2888762532655992 0.5297919943006417 Penicillium-polonicum
3 6 0.6396568957169848 0.12184692466222509 Penicillium-mb
3 6 0.5943830938210051 0.1592979654250109 Penicillium-verrucosum
3 6 0.7782362721058984 0.03931279430509974 Penicillium-chrysogenum
9 10 0.3076232931347544 0.5021178700498552 Penicillium-cvjetkovicii
9 10 0.9469071159727339 0.0012122130403332738 Penicillium-brevicompactum
9 10 0.6726432517246308 0.09778331089406511 Penicillium-solitum
9 10 0.7883419139214277 0.035191107657611916 Penicillium-commune
9 10 -0.4019178167075082 0.37143082048993065 Penicillium-polonicum
9 10 0.8170930321267835 0.02483657415834094 Penicillium-mb
9 10 0.6707311116089231 0.09910318582791992 Penicillium-verrucosum
9 10 0.8408087513303582 0.017789866192318756 Penicillium-chrysogenum
9 10 -0.7932422387982022 0.03328340362806374 Penicillium-cvjetkovicii
9 10 0.9243832709750451 0.0028985110399594176 Penicillium-brevicompactum
9 10 0.7647564064908008 0.04520660272636002 Penicillium-solitum
9 10 0.7641884944140521 0.0454648970546083 Penicillium-commune
9 10 -0.29273593111978613 0.5240529693150903 Penicillium-polonicum
9 10 0.66962333480671 0.0998720788153881 Penicillium-mb
9 10 0.7530462226585078 0.05069661517865982 Penicillium-verrucosum
9 10 0.84226582163361 0.017399931987089504 Penicillium-chrysogenum
11 12 0.5219920170124278 0.2294587410335526 Penicillium-cvjetkovicii
11 12 0.0806205304689591 0.8635786934857844 Penicillium-brevicompactum
11 12 0.013247183164495998 0.9775128566163684 Penicillium-solitum
11 12 0.6107811309344309 0.145148747988489 Penicillium-commune
11 12 0.2876599879677625 0.5316048411223504 Penicillium-polonicum
11 12 0.5847551535477491 0.16791103199320168 Penicillium-mb
11 12 0.6963746414768344 0.08217500448601031 Penicillium-verrucosum
11 12 0.18279145391615884 0.694841759504794 Penicillium-chrysogenum
3 8 0.23306369810720254 0.6149965458058599 Penicillium-cvjetkovicii
3 8 0.946907115972734 0.0012122130403332684 Penicillium-brevicompactum
3 8 0.6229845508431318 0.13504830059845202 Penicillium-solitum
3 8 0.6244093813360113 0.13389305043376074 Penicillium-commune
3 8 -0.019325236153552045 0.9671985860439363 Penicillium-polonicum
3 8 0.4226940146023476 0.34476145857661256 Penicillium-mb
3 8 0.6025127401930628 0.15220090343060355 Penicillium-verrucosum
3 8 0.6748311782566369 0.09628444172235985 Penicillium-chrysogenum
11 12 -0.3468389352475085 0.44595560966382647 Penicillium-cvjetkovicii
11 12 -0.02243303428163234 0.9619260800591876 Penicillium-brevicompactum
11 12 0.39151702377452907 0.38508776798896555 Penicillium-solitum
11 12 0.3909064140250645 0.3858957502697499 Penicillium-commune
11 12 -0.039742512076865605 0.932584285921922 Penicillium-polonicum
11 12 0.4344032299987693 0.33009986926579143 Penicillium-mb
11 12 0.009531801373323831 0.9838190464974587 Penicillium-verrucosum
11 12 -0.14492560066079982 0.756542270229779 Penicillium-chrysogenum
7 10 0.22862315605342778 0.6219405524113921 Penicillium-cvjetkovicii
7 10 0.9469071159727339 0.0012122130403332738 Penicillium-brevicompactum
7 10 0.6132562397445472 0.1430704191649259 Penicillium-solitum
7 10 0.6137340816915205 0.14267091894447023 Penicillium-commune
7 10 -0.08563867513051317 0.8551478072316063 Penicillium-polonicum
7 10 0.5796172930745533 0.17259906474371262 Penicillium-mb
7 10 0.5926244860464404 0.1608544045097802 Penicillium-verrucosum
7 10 0.6578145291624936 0.10826137482802162 Penicillium-chrysogenum
7 12 0.6940696022924833 0.08362826077188056 Penicillium-cvjetkovicii
7 12 0.7944439262761714 0.03282461348014435 Penicillium-brevicompactum
7 12 0.7559600892869334 0.049298255251384884 Penicillium-solitum
7 12 0.7551598920339676 0.04968013610759478 Penicillium-commune
7 12 0.3996873687943416 0.37434261668664187 Penicillium-polonicum
7 12 -0.32819951112497725 0.47234763787462425 Penicillium-mb
7 12 0.775324977023842 0.040547274805530636 Penicillium-verrucosum
7 12 0.6298258873738418 0.12954741430451028 Penicillium-chrysogenum
7 12 0.003739942835376862 0.9936509202523196 Penicillium-cvjetkovicii
7 12 0.7527906866869408 0.05082026797298455 Penicillium-brevicompactum
7 12 0.445708462983276 0.3162032900372098 Penicillium-solitum
7 12 0.44615215158852833 0.31566316444619646 Penicillium-commune
7 12 -0.37493488482978726 0.40726992368617554 Penicillium-polonicum
7 12 0.45545213272289625 0.304434397525206 Penicillium-mb
7 12 0.48853514773248025 0.2659559947160709 Penicillium-verrucosum
7 12 0.8175930943933943 0.024674212823503593 Penicillium-chrysogenum
11 8 -0.2636587509216538 0.5677931072459028 Penicillium-cvjetkovicii
11 8 0.5727033315630609 0.17900786700032884 Penicillium-brevicompactum
11 8 0.6072273805351555 0.14815918236233466 Penicillium-solitum
11 8 0.44638454310882064 0.3153804216972481 Penicillium-commune
11 8 -0.0010142703587278968 0.998278122045973 Penicillium-polonicum
11 8 0.5995909083961274 0.1547330367089235 Penicillium-mb
11 8 0.5942533330530467 0.15941255181521916 Penicillium-verrucosum
11 8 0.6456539828741428 0.11726826136365906 Penicillium-chrysogenum
7 12 0.5010791241538538 0.2519813751149351 Penicillium-cvjetkovicii
7 12 -0.40787503700958805 0.36369963732809846 Penicillium-brevicompactum
7 12 0.5725278182175078 0.1791720472434649 Penicillium-solitum
7 12 0.5715427015467258 0.18009492013968123 Penicillium-commune
7 12 0.31926035657046364 0.4852011068738241 Penicillium-polonicum
7 12 -0.33071588760701265 0.468752006264496 Penicillium-mb
7 12 0.5924711892080565 0.16099043483077607 Penicillium-verrucosum
7 12 0.48865572062537976 0.26582003493359035 Penicillium-chrysogenum
