#SPECIES: Penicillium-brevicompactum Penicillium-solitum Penicillium-cvjetkovicii Penicillium-chrysogenum Penicillium-polonicum Penicillium-commune Penicillium-mb Penicillium-verrucosum 
#GENE_TREEs p: 0.6200839629070507 0.5101488616294333 0.31493811032951063 0.019729576987591108 0.055645898599160325 0.04803827708087527 0.06334704849726326 0.07742592506460864 
#GENE_TREEs r: -0.22980899522545575 -0.3021471011681309 0.44674826832710407 -0.8338172227596663 0.7430713519426804 0.758624631795429 0.7284667823487592 0.7040623419349669 
12 12 -0.6633636381699528 0.10427522682942825 Penicillium-brevicompactum
12 12 0.05278134938153426 0.9105203592946192 Penicillium-solitum
12 12 0.30301235990320485 0.5088769904419235 Penicillium-cvjetkovicii
12 12 0.057859967765975906 0.9019382049160625 Penicillium-chrysogenum
12 12 -0.6123861942500801 0.143799267991691 Penicillium-polonicum
12 12 0.6209585470928223 0.13669965597271258 Penicillium-commune
12 12 0.6549146631266533 0.11037538638351337 Penicillium-mb
12 12 0.6555983329116108 0.10987507853439349 Penicillium-verrucosum
10 12 0.3909821491521182 0.38579549750668496 Penicillium-brevicompactum
10 12 -0.5985255418226529 0.1556615032518127 Penicillium-solitum
10 12 0.40643438032804446 0.3655631574195698 Penicillium-cvjetkovicii
10 12 -0.6056705105543875 0.1494878095195505 Penicillium-chrysogenum
10 12 0.37644755947895314 0.40522595200655914 Penicillium-polonicum
10 12 0.4404441546463268 0.32264225769565635 Penicillium-commune
10 12 0.37750624285923323 0.40379784385905076 Penicillium-mb
10 12 0.34939459319098154 0.4423812585105322 Penicillium-verrucosum
12 12 -0.6054758113181172 0.1496543837978271 Penicillium-brevicompactum
12 12 0.14133696539881693 0.7624482652017909 Penicillium-solitum
12 12 0.4403358898887119 0.32277526769549514 Penicillium-cvjetkovicii
12 12 0.18638004910241812 0.6890582716479774 Penicillium-chrysogenum
12 12 0.5608078165326029 0.1903013393368187 Penicillium-polonicum
12 12 0.516662539515988 0.23510529358159377 Penicillium-commune
12 12 -0.6595144468036762 0.10703199324711216 Penicillium-mb
12 12 0.5868958206264278 0.16597658893725767 Penicillium-verrucosum
6 10 -0.42111710587698326 0.34675653529170475 Penicillium-brevicompactum
6 10 -0.3420064277716994 0.4527438900208109 Penicillium-solitum
6 10 -0.42791920580642034 0.33818538923253305 Penicillium-cvjetkovicii
6 10 -0.33648172266431736 0.46055130974510783 Penicillium-chrysogenum
6 10 0.8774237766537916 0.0094479665875065 Penicillium-polonicum
6 10 0.8832350762480771 0.008394855933115583 Penicillium-commune
6 10 0.8617859871059207 0.012644324819212639 Penicillium-mb
6 10 0.8409498592480564 0.017751888531086973 Penicillium-verrucosum
10 8 -0.08930118792351223 0.849001363088173 Penicillium-brevicompactum
10 8 -0.13823779287651297 0.7675561202904907 Penicillium-solitum
10 8 -0.6640872192608555 0.10376118367876606 Penicillium-cvjetkovicii
10 8 -0.89676355885769 0.006217056966656065 Penicillium-chrysogenum
10 8 0.6745286619275479 0.09649096152460658 Penicillium-polonicum
10 8 0.6861367532297858 0.08873299300829435 Penicillium-commune
10 8 0.6568668032173416 0.10894993695945489 Penicillium-mb
10 8 0.608419468383877 0.14714588463616723 Penicillium-verrucosum
8 10 -0.4140634969849366 0.35573964384224877 Penicillium-brevicompactum
8 10 -0.4736370392781182 0.28299649932691195 Penicillium-solitum
8 10 -0.4237707945006908 0.3434019224629972 Penicillium-cvjetkovicii
8 10 -0.5326249724662573 0.21838601715724285 Penicillium-chrysogenum
8 10 0.3773812765290563 0.40396631308117414 Penicillium-polonicum
8 10 0.32315657601034287 0.4795834773024232 Penicillium-commune
8 10 0.30630364399081156 0.5040491116451313 Penicillium-mb
8 10 0.28708138855575543 0.5324679742245013 Penicillium-verrucosum
10 12 -0.4007503417806869 0.3729537706001996 Penicillium-brevicompactum
10 12 -0.5980896523195837 0.15604217989549013 Penicillium-solitum
10 12 -0.42377079450069527 0.34340192246299145 Penicillium-cvjetkovicii
10 12 -0.6247509848568329 0.13361682815292072 Penicillium-chrysogenum
10 12 0.20164507195694947 0.6645935974087194 Penicillium-polonicum
10 12 0.19282959804248997 0.6786943221367583 Penicillium-commune
10 12 0.1632644629326109 0.7265127967137344 Penicillium-mb
10 12 0.3487958290075024 0.4432177176897325 Penicillium-verrucosum
6 12 -0.420152291469001 0.3479795873320703 Penicillium-brevicompactum
6 12 -0.7246608844346698 0.0654429172439817 Penicillium-solitum
6 12 -0.42377079450069605 0.3434019224629906 Penicillium-cvjetkovicii
6 12 -0.6103268303884128 0.14553186015034145 Penicillium-chrysogenum
6 12 0.14662054122764287 0.7537560786386025 Penicillium-polonicum
6 12 0.4388331931715942 0.3246238593945747 Penicillium-commune
6 12 0.4405641192079491 0.3224949013271308 Penicillium-mb
6 12 0.4260091032364124 0.3405831046499337 Penicillium-verrucosum
10 12 -0.5538144838521122 0.19709715973148376 Penicillium-brevicompactum
10 12 -0.8463096434511376 0.016343424187373022 Penicillium-solitum
10 12 -0.4045309745405486 0.3680312705785398 Penicillium-cvjetkovicii
10 12 -0.48469576412548815 0.27030181525790753 Penicillium-chrysogenum
10 12 0.6930554710715435 0.08427192243858563 Penicillium-polonicum
10 12 0.6968633287371485 0.08186863962293514 Penicillium-commune
10 12 0.6781011819916647 0.09406691603271612 Penicillium-mb
10 12 0.6678647677823991 0.10109905984303598 Penicillium-verrucosum
12 12 -0.2568374983150183 0.5782168498185233 Penicillium-brevicompactum
12 12 -0.40305047939516897 0.3699557238578283 Penicillium-solitum
12 12 0.026178353581173125 0.9555734732114696 Penicillium-cvjetkovicii
12 12 -0.40271952521259746 0.37038648527919105 Penicillium-chrysogenum
12 12 -0.2514340756390277 0.5865157915394658 Penicillium-polonicum
12 12 0.1266664923160467 0.7866851839386669 Penicillium-commune
12 12 0.087346214265626 0.8522814676270749 Penicillium-mb
12 12 0.06667455048342082 0.8870611930833259 Penicillium-verrucosum
10 10 -0.8200941432917299 0.023871157250259765 Penicillium-brevicompactum
10 10 0.2768566677044407 0.5477973951001749 Penicillium-solitum
10 10 0.5233495713432093 0.22803069559174044 Penicillium-cvjetkovicii
10 10 0.255405255402783 0.5804130198140254 Penicillium-chrysogenum
10 10 0.6763101410356186 0.09527813500855302 Penicillium-polonicum
10 10 0.6828470877713625 0.09089680530804695 Penicillium-commune
10 10 0.6487695272233978 0.11492523137115514 Penicillium-mb
10 10 -0.6919266971544461 0.08499142436801521 Penicillium-verrucosum
10 12 0.24870043854259236 0.5907281260706232 Penicillium-brevicompactum
10 12 -0.04689944260146939 0.9204685677635644 Penicillium-solitum
10 12 0.6143006498551566 0.1421979692331907 Penicillium-cvjetkovicii
10 12 -0.01834345137454454 0.9688644286638597 Penicillium-chrysogenum
10 12 -0.18751828388004252 0.6872263564541736 Penicillium-polonicum
10 12 0.5207159543696102 0.23080487368692854 Penicillium-commune
10 12 -0.18152416762776735 0.6968869838500347 Penicillium-mb
10 12 0.41361828456991395 0.3563098608887014 Penicillium-verrucosum
8 12 -0.4489087439330991 0.31231640037611513 Penicillium-brevicompactum
8 12 -0.8375601013576092 0.01867699060070619 Penicillium-solitum
8 12 -0.4237707945006937 0.3434019224629935 Penicillium-cvjetkovicii
8 12 -0.4756351665321109 0.28068342583729594 Penicillium-chrysogenum
8 12 0.5446930312411259 0.20613347131325965 Penicillium-polonicum
8 12 0.5562616720875687 0.19470598240529824 Penicillium-commune
8 12 0.6481711015159627 0.11537338177564357 Penicillium-mb
8 12 0.649083513376919 0.11469045286255443 Penicillium-verrucosum
12 12 0.37123543607749654 0.4122857695543684 Penicillium-brevicompactum
12 12 0.1854934829328077 0.690485979929647 Penicillium-solitum
12 12 0.46859780062623324 0.2888676390599099 Penicillium-cvjetkovicii
12 12 -0.8098822430820298 0.02724466552971299 Penicillium-chrysogenum
12 12 0.3535536516577171 0.43658769826940413 Penicillium-polonicum
12 12 0.37851400472051555 0.40244027987914277 Penicillium-commune
12 12 -0.5474859838662639 0.20334594253650817 Penicillium-mb
12 12 0.26506227939419175 0.5656557657834538 Penicillium-verrucosum
8 12 0.3611552477080729 0.42607418815896303 Penicillium-brevicompactum
8 12 -0.7616339628047997 0.04663674864557682 Penicillium-solitum
8 12 0.40448412817977 0.36809210161547634 Penicillium-cvjetkovicii
8 12 -0.6428243453843723 0.11941739849721025 Penicillium-chrysogenum
8 12 0.5275568446517763 0.22363157712182574 Penicillium-polonicum
8 12 0.5444692901246259 0.20635756377228723 Penicillium-commune
8 12 0.5069799656925666 0.24552736863131433 Penicillium-mb
8 12 0.4858299194031843 0.26901473815288207 Penicillium-verrucosum
12 12 -0.014313456704320882 0.9757032102843339 Penicillium-brevicompactum
12 12 -0.21197573635334618 0.6481689744646285 Penicillium-solitum
12 12 -0.7206260145853399 0.06770510836920386 Penicillium-cvjetkovicii
12 12 -0.0852006369778055 0.855883319805661 Penicillium-chrysogenum
12 12 0.2353666990351894 0.6114041090562463 Penicillium-polonicum
12 12 0.3730445883771114 0.4098298413611854 Penicillium-commune
12 12 0.2810645637960136 0.5414712791879399 Penicillium-mb
12 12 0.32343215451534213 0.47918703629150006 Penicillium-verrucosum
12 12 -0.7944901320266142 0.03280704353692468 Penicillium-brevicompactum
12 12 -0.17612363927997748 0.7056189365151355 Penicillium-solitum
12 12 0.19256214111274733 0.6791233179372194 Penicillium-cvjetkovicii
12 12 -0.10399712886190834 0.8244021749228606 Penicillium-chrysogenum
12 12 -0.18222025354336008 0.6957634163352535 Penicillium-polonicum
12 12 0.0021193563432483267 0.996402077006211 Penicillium-commune
12 12 0.07853076754895667 0.8670927392012149 Penicillium-mb
12 12 0.11468096690718353 0.8065892587280357 Penicillium-verrucosum
12 10 -0.6231939306192357 0.13487821991762644 Penicillium-brevicompactum
12 10 -0.4866260316870567 0.2681129449117206 Penicillium-solitum
12 10 -0.5352639096099893 0.2156780177382515 Penicillium-cvjetkovicii
12 10 -0.8424089605320816 0.01736189086276275 Penicillium-chrysogenum
12 10 0.6694845298835295 0.09996864060061096 Penicillium-polonicum
12 10 0.6846615178190766 0.08969994336058422 Penicillium-commune
12 10 0.6336176736653367 0.126548766300109 Penicillium-mb
12 10 0.6121110051207621 0.14403018621198416 Penicillium-verrucosum
8 12 -0.41508941525012466 0.3544271221874958 Penicillium-brevicompactum
8 12 -0.6375886941146619 0.12344685555266552 Penicillium-solitum
8 12 -0.42377079450069377 0.3434019224629935 Penicillium-cvjetkovicii
8 12 -0.5385513541631244 0.21232697560854238 Penicillium-chrysogenum
8 12 0.38138057692520144 0.39858861965482295 Penicillium-polonicum
8 12 0.43847789277867155 0.3250616071515409 Penicillium-commune
8 12 0.43028714657903966 0.3352229379386822 Penicillium-mb
8 12 0.4054698239635982 0.3668130261443169 Penicillium-verrucosum
8 12 -0.4211171058769834 0.34675653529170447 Penicillium-brevicompactum
8 12 -0.8750425488701021 0.009900332118125878 Penicillium-solitum
8 12 -0.2645678951377475 0.5664083392622976 Penicillium-cvjetkovicii
8 12 -0.6061675111844517 0.14906302422718243 Penicillium-chrysogenum
8 12 0.6008295422560308 0.1536570551422048 Penicillium-polonicum
8 12 0.5923769521501577 0.16107408589402727 Penicillium-commune
8 12 0.5792693964821745 0.1729188009874335 Penicillium-mb
8 12 0.5589258559943239 0.19211880679423 Penicillium-verrucosum
10 8 -0.43014819316917074 0.3353964720025355 Penicillium-brevicompactum
10 8 -0.4404514954955394 0.32263323985952724 Penicillium-solitum
10 8 0.38598532561164534 0.39243238977850814 Penicillium-cvjetkovicii
10 8 -0.7759516772657095 0.040279750333817525 Penicillium-chrysogenum
10 8 0.46928198045041225 0.28806736147478706 Penicillium-polonicum
10 8 0.5374954880798322 0.21340054965882205 Penicillium-commune
10 8 0.46984768572087704 0.2874064083590814 Penicillium-mb
10 8 0.03619167535209185 0.9385993345523629 Penicillium-verrucosum
10 12 -0.02353566742206883 0.9600556753132286 Penicillium-brevicompactum
10 12 -0.1583967538248257 0.7344579067324546 Penicillium-solitum
10 12 0.7502410433207672 0.052063057673264225 Penicillium-cvjetkovicii
10 12 -0.1645484166977299 0.7244203347354711 Penicillium-chrysogenum
10 12 0.1674335916724024 0.7197233466066913 Penicillium-polonicum
10 12 0.3743286478120967 0.4080902272085762 Penicillium-commune
10 12 0.19676749123989215 0.6723860444565519 Penicillium-mb
10 12 0.1258343106195043 0.7880642970873245 Penicillium-verrucosum
12 12 -0.526298416260071 0.2249431618331994 Penicillium-brevicompactum
12 12 -0.6273249172804077 0.13154485989401726 Penicillium-solitum
12 12 0.13251016074597044 0.7770135484132435 Penicillium-cvjetkovicii
12 12 -0.3204686378332887 0.4834564741810472 Penicillium-chrysogenum
12 12 0.4524990495250881 0.3079807169922112 Penicillium-polonicum
12 12 0.46752775255916784 0.2901212408351577 Penicillium-commune
12 12 -0.308316936143395 0.5011037979149838 Penicillium-mb
12 12 0.277450460374015 0.5469032306205303 Penicillium-verrucosum
4 12 -0.4163339812887414 0.3528375884921441 Penicillium-brevicompactum
4 12 -0.6875516466506426 0.087810791754315 Penicillium-solitum
4 12 -0.4237707945006935 0.34340192246299367 Penicillium-cvjetkovicii
4 12 -0.5410380217875486 0.20980878857781504 Penicillium-chrysogenum
4 12 0.49290300637229156 0.2610509121215671 Penicillium-polonicum
4 12 0.49314601479224374 0.26077923627755806 Penicillium-commune
4 12 0.4904271061256099 0.263826235670361 Penicillium-mb
4 12 0.4783237707867787 0.2775844715344182 Penicillium-verrucosum
10 10 -0.2328109766639001 0.6153911382068172 Penicillium-brevicompactum
10 10 -0.25458199782013613 0.5816765534880771 Penicillium-solitum
10 10 -0.42377079450069766 0.3434019224629885 Penicillium-cvjetkovicii
10 10 -0.5717503090463115 0.1799002373011677 Penicillium-chrysogenum
10 10 0.03188387308948347 0.945899764356301 Penicillium-polonicum
10 10 0.5353523315324563 0.2155875591609087 Penicillium-commune
10 10 0.48070213020990277 0.2748560019869896 Penicillium-mb
10 10 -0.021336917308824224 0.9637855690373152 Penicillium-verrucosum
8 8 -0.4217725095305344 0.3459267420630862 Penicillium-brevicompactum
8 8 -0.6999197087460421 0.07996634315476392 Penicillium-solitum
8 8 -0.3298170990023498 0.4700351266023266 Penicillium-cvjetkovicii
8 8 -0.6130299060067061 0.1432598423117998 Penicillium-chrysogenum
8 8 0.5685241220052156 0.18293719782037307 Penicillium-polonicum
8 8 0.5739455996280279 0.177847919940766 Penicillium-commune
8 8 0.542253163358351 0.20858345424098468 Penicillium-mb
8 8 0.539779488724579 0.21108148552085992 Penicillium-verrucosum
6 12 -0.4211171058769834 0.34675653529170447 Penicillium-brevicompactum
6 12 -0.7035385664393016 0.07774471067388107 Penicillium-solitum
6 12 -0.4155446192123095 0.35384539929942027 Penicillium-cvjetkovicii
6 12 -0.6222975465124673 0.13560712323062088 Penicillium-chrysogenum
6 12 0.2779939821795909 0.5460851862432506 Penicillium-polonicum
6 12 0.2699312696035029 0.5582610568620521 Penicillium-commune
6 12 0.25101790744490243 0.5871564808954006 Penicillium-mb
6 12 0.16634002395314498 0.7215028285458676 Penicillium-verrucosum
8 12 -0.41652952646050856 0.35258811356147185 Penicillium-brevicompactum
8 12 -0.43386827658444727 0.3307637935905999 Penicillium-solitum
8 12 -0.42377079450069344 0.34340192246299367 Penicillium-cvjetkovicii
8 12 -0.4347746057395561 0.3296392945833073 Penicillium-chrysogenum
8 12 0.39201425034105863 0.3844303239985327 Penicillium-polonicum
8 12 0.366992149932164 0.4180685418125051 Penicillium-commune
8 12 0.13735538160835975 0.7690116846222677 Penicillium-mb
8 12 0.3205865653727302 0.48328631983523324 Penicillium-verrucosum
6 12 -0.4211171058769832 0.34675653529170486 Penicillium-brevicompactum
6 12 -0.7175886357037203 0.06943537489056205 Penicillium-solitum
6 12 -0.41573387380769217 0.3536036608461238 Penicillium-cvjetkovicii
6 12 -0.6236308474989599 0.13452365970508115 Penicillium-chrysogenum
6 12 0.41239295214939237 0.35788119830290727 Penicillium-polonicum
6 12 0.34011403391073103 0.45541259889255203 Penicillium-commune
6 12 0.3810480134170885 0.39903471269452534 Penicillium-mb
6 12 0.27856506873840603 0.5452260875380623 Penicillium-verrucosum
12 10 -0.6025826252259547 0.1521405951398599 Penicillium-brevicompactum
12 10 -0.23543604338230034 0.6112960347865897 Penicillium-solitum
12 10 -0.48660793203439706 0.2681334319877139 Penicillium-cvjetkovicii
12 10 -0.20030061683094746 0.6667391400933074 Penicillium-chrysogenum
12 10 -0.0381900596135157 0.9352138100065654 Penicillium-polonicum
12 10 0.5120896699033765 0.2400012481609616 Penicillium-commune
12 10 0.44866676169955455 0.3126095691900735 Penicillium-mb
12 10 -0.0198261293042611 0.9663487321871866 Penicillium-verrucosum
12 12 -0.7448264632405704 0.05475681173823549 Penicillium-brevicompactum
12 12 -0.12468427225511994 0.7899708946367076 Penicillium-solitum
12 12 -0.26816016985756014 0.5609472852230818 Penicillium-cvjetkovicii
12 12 -0.12379205041938891 0.7914506440264241 Penicillium-chrysogenum
12 12 0.2481146257071816 0.5916320167723215 Penicillium-polonicum
12 12 -0.18202483038222803 0.6960788085679368 Penicillium-commune
12 12 -0.05928698369386133 0.8995280846070306 Penicillium-mb
12 12 0.29834834990145237 0.515745723255032 Penicillium-verrucosum
10 12 -0.3155549618543472 0.49056530721519287 Penicillium-brevicompactum
10 12 -0.5594613609229879 0.1916008014880168 Penicillium-solitum
10 12 0.40163277258621044 0.3718024199366163 Penicillium-cvjetkovicii
10 12 -0.5528695064827743 0.19802427457045552 Penicillium-chrysogenum
10 12 0.474408709046959 0.2821021917030138 Penicillium-polonicum
10 12 0.5003795865412484 0.2527515999475975 Penicillium-commune
10 12 0.4090188861848672 0.36222284703060736 Penicillium-mb
10 12 0.21526893330540162 0.6429565704774909 Penicillium-verrucosum
8 12 -0.3308486980079655 0.4685625135147107 Penicillium-brevicompactum
8 12 -0.6424494606406521 0.11970363402378786 Penicillium-solitum
8 12 -0.05282271430266017 0.9104504294981848 Penicillium-cvjetkovicii
8 12 -0.4201636345667886 0.3479651976878162 Penicillium-chrysogenum
8 12 0.020771498185714814 0.9647448161391132 Penicillium-polonicum
8 12 -0.23258622939723772 0.6157421143604338 Penicillium-commune
8 12 0.00037675402966126973 0.9993604025397893 Penicillium-mb
8 12 0.387065582285434 0.3909937159475567 Penicillium-verrucosum
8 12 -0.4210114606509451 0.3468903687908621 Penicillium-brevicompactum
8 12 -0.5620083021550312 0.1891463676120053 Penicillium-solitum
8 12 -0.4237707945006961 0.3434019224629906 Penicillium-cvjetkovicii
8 12 -0.5084283400739081 0.24395504100764262 Penicillium-chrysogenum
8 12 0.3693723741938807 0.41482088531548333 Penicillium-polonicum
8 12 0.3110778188333782 0.49707466010706614 Penicillium-commune
8 12 0.3694439401689165 0.41472339143961046 Penicillium-mb
8 12 0.2807824978715749 0.5418945778502535 Penicillium-verrucosum
10 10 0.6173473180528598 0.13966832092260809 Penicillium-brevicompactum
10 10 -0.8737628206346364 0.010148492436040659 Penicillium-solitum
10 10 0.647070982389272 0.11619958994416789 Penicillium-cvjetkovicii
10 10 0.6468612027146897 0.11635748330826484 Penicillium-chrysogenum
10 10 0.6613424296686892 0.10571813619831964 Penicillium-polonicum
10 10 0.7217056283923081 0.06709575337230365 Penicillium-commune
10 10 0.6959360852968608 0.08245045900166198 Penicillium-mb
10 10 0.6385008269590874 0.12273992317248211 Penicillium-verrucosum
10 12 -0.3998106613555995 0.37418141844248604 Penicillium-brevicompactum
10 12 -0.7093079225485196 0.07427183828866991 Penicillium-solitum
10 12 0.04993937017380264 0.915325970296014 Penicillium-cvjetkovicii
10 12 -0.41998160039818927 0.3481961530346522 Penicillium-chrysogenum
10 12 -0.3676751501930208 0.4171356236313799 Penicillium-polonicum
10 12 0.40292554947126613 0.3701183052531057 Penicillium-commune
10 12 0.4102860348464818 0.3605897723043536 Penicillium-mb
10 12 0.39583278949711787 0.37939653619794245 Penicillium-verrucosum
10 12 0.37731423832226124 0.4040566998763788 Penicillium-brevicompactum
10 12 -0.733714653177746 0.06051747551671272 Penicillium-solitum
10 12 0.4052393153168745 0.3671119785602989 Penicillium-cvjetkovicii
10 12 -0.6428490624082266 0.11939853870684403 Penicillium-chrysogenum
10 12 0.44745543380636144 0.3140789262234903 Penicillium-polonicum
10 12 0.45583105728887985 0.30398065373467614 Penicillium-commune
10 12 0.3304933138854712 0.46906963541705066 Penicillium-mb
10 12 0.3748065850670153 0.40744347274203657 Penicillium-verrucosum
8 12 -0.3254155798785265 0.47633722270875267 Penicillium-brevicompactum
8 12 -0.3197322268418606 0.48451950705624286 Penicillium-solitum
8 12 -0.4516983402330075 0.3089453706073783 Penicillium-cvjetkovicii
8 12 -0.29452541281646466 0.5213993467632358 Penicillium-chrysogenum
8 12 0.7469319424229509 0.053700525684619596 Penicillium-polonicum
8 12 -0.432628478413667 0.3323046817355431 Penicillium-commune
8 12 0.782976212302797 0.03734802437463569 Penicillium-mb
8 12 0.8150546971249447 0.025504595780334614 Penicillium-verrucosum
6 12 -0.4211171058769832 0.34675653529170486 Penicillium-brevicompactum
6 12 -0.7580094401953587 0.048327594180600564 Penicillium-solitum
6 12 -0.4186022470957959 0.3499482925006497 Penicillium-cvjetkovicii
6 12 -0.669525042861329 0.09994045207990418 Penicillium-chrysogenum
6 12 0.4071426244902336 0.36464653729567603 Penicillium-polonicum
6 12 0.3127409604110593 0.4946530616256838 Penicillium-commune
6 12 0.3855112022162905 0.3930644905683026 Penicillium-mb
6 12 0.26426281858783507 0.5668728987137159 Penicillium-verrucosum
8 10 -0.412872253680308 0.3572662108542865 Penicillium-brevicompactum
8 10 -0.49211818925410367 0.26192919394298997 Penicillium-solitum
8 10 -0.4237707945006908 0.3434019224629972 Penicillium-cvjetkovicii
8 10 -0.5295833393149176 0.22152708228882528 Penicillium-chrysogenum
8 10 0.4873927043126518 0.2672457963831029 Penicillium-polonicum
8 10 0.49525540772234594 0.258426426292185 Penicillium-commune
8 10 0.4657280405676832 0.2922351049274621 Penicillium-mb
8 10 0.38967702600046905 0.387524595415777 Penicillium-verrucosum
6 12 -0.39245329876036483 0.3838501819370982 Penicillium-brevicompactum
6 12 -0.8306403124015703 0.020648759679812667 Penicillium-solitum
6 12 -0.42377079450069766 0.3434019224629885 Penicillium-cvjetkovicii
6 12 -0.4480232270299916 0.31338981269486077 Penicillium-chrysogenum
6 12 0.3117623498344456 0.4960774510277942 Penicillium-polonicum
6 12 0.3255287110951428 0.4761748597139957 Penicillium-commune
6 12 0.6007625292530019 0.1537151722781148 Penicillium-mb
6 12 0.6184344716323632 0.13877121310395912 Penicillium-verrucosum
12 10 -0.23748618730393226 0.6081033913999145 Penicillium-brevicompactum
12 10 -0.22558741485223208 0.6267006553823636 Penicillium-solitum
12 10 -0.6849823202819278 0.0894892011341323 Penicillium-cvjetkovicii
12 10 -0.18688764918036638 0.6882411724909618 Penicillium-chrysogenum
12 10 -0.08083468039677663 0.8632186893579623 Penicillium-polonicum
12 10 0.5430540121704029 0.20777776067175405 Penicillium-commune
12 10 0.47266368514273516 0.2841263481315757 Penicillium-mb
12 10 -0.01936201737880453 0.9671361793396364 Penicillium-verrucosum
10 12 -0.42732560869623876 0.33892975190161734 Penicillium-brevicompactum
10 12 -0.5835129685637578 0.16903862661052227 Penicillium-solitum
10 12 0.3754712095059636 0.4065447613950513 Penicillium-cvjetkovicii
10 12 -0.5679433237184282 0.18348656590938076 Penicillium-chrysogenum
10 12 0.04088002337498085 0.9306578922135722 Penicillium-polonicum
10 12 0.07481821881512338 0.873339849253744 Penicillium-commune
10 12 0.5479293739788167 0.2029050862090148 Penicillium-mb
10 12 0.5574930114065402 0.1935081554819249 Penicillium-verrucosum
8 12 -0.4168424704670419 0.35218901561539273 Penicillium-brevicompactum
8 12 -0.5513243688189146 0.19954471790884362 Penicillium-solitum
8 12 -0.42377079450069755 0.34340192246298845 Penicillium-cvjetkovicii
8 12 -0.5545144588639835 0.1964117680216565 Penicillium-chrysogenum
8 12 0.43087825286806763 0.33448515287752967 Penicillium-polonicum
8 12 0.4734891197598804 0.2831680715368443 Penicillium-commune
8 12 0.2780939060741343 0.5459348363816018 Penicillium-mb
8 12 0.42292474631282934 0.34446994746445625 Penicillium-verrucosum
10 12 -0.4230066104397639 0.3443665436415251 Penicillium-brevicompactum
10 12 -0.5946856045523591 0.1590309898324683 Penicillium-solitum
10 12 0.19764102065362993 0.6709887552079996 Penicillium-cvjetkovicii
10 12 -0.5912477409149413 0.1620781272385512 Penicillium-chrysogenum
10 12 0.3903736734658457 0.38660125115970323 Penicillium-polonicum
10 12 0.46176445568764296 0.29691450780060585 Penicillium-commune
10 12 0.35214815691116996 0.4385423050643665 Penicillium-mb
10 12 0.4170736203121256 0.3518943512241134 Penicillium-verrucosum
12 12 -0.4211171058769834 0.34675653529170447 Penicillium-brevicompactum
12 12 -0.5926225184786098 0.16085615009961524 Penicillium-solitum
12 12 -0.49288732666658086 0.26106844597433543 Penicillium-cvjetkovicii
12 12 -0.8545704319268307 0.014301556954821371 Penicillium-chrysogenum
12 12 0.2047583611596193 0.659632268212695 Penicillium-polonicum
12 12 0.2507169895576311 0.5876198763757142 Penicillium-commune
12 12 0.35198798035927725 0.43876527160913575 Penicillium-mb
12 12 0.3503035750876674 0.4411125754609281 Penicillium-verrucosum
10 10 -0.42111710587698314 0.34675653529170486 Penicillium-brevicompactum
10 10 -0.6081164009674296 0.1474031666265708 Penicillium-solitum
10 10 -0.416953659762052 0.35204726124223695 Penicillium-cvjetkovicii
10 10 -0.7280690031551809 0.0635643781311401 Penicillium-chrysogenum
10 10 0.3904820876269538 0.3864576376776506 Penicillium-polonicum
10 10 0.4247404769200955 0.3421795465269731 Penicillium-commune
10 10 0.35438606969348646 0.43543163137459995 Penicillium-mb
10 10 0.2041770648296628 0.6605578736084979 Penicillium-verrucosum
4 12 -0.42406159384306363 0.34303514941417484 Penicillium-brevicompactum
4 12 -0.7896623356190717 0.034671237273081634 Penicillium-solitum
4 12 0.3162755786491745 0.4895204427940301 Penicillium-cvjetkovicii
4 12 -0.618241012491337 0.1389306396642296 Penicillium-chrysogenum
4 12 0.5862180654644825 0.16658785280029614 Penicillium-polonicum
4 12 0.35450010803545434 0.43527334530562106 Penicillium-commune
4 12 0.5789042669079841 0.1732546883372098 Penicillium-mb
4 12 0.5728055151080943 0.17891231549003903 Penicillium-verrucosum
10 12 -0.4211171058769834 0.34675653529170447 Penicillium-brevicompactum
10 12 -0.6729744451266909 0.09755564271675259 Penicillium-solitum
10 12 -0.42678505998738453 0.33960819575932677 Penicillium-cvjetkovicii
10 12 -0.7127174108993888 0.07225933711222197 Penicillium-chrysogenum
10 12 0.3025569537857639 0.5095462692297388 Penicillium-polonicum
10 12 0.398653531389135 0.3756954176478191 Penicillium-commune
10 12 0.3915150112069788 0.3850904299724812 Penicillium-mb
10 12 0.31417899325090015 0.49256260286554865 Penicillium-verrucosum
10 12 -0.33453878785674634 0.4633087756252035 Penicillium-brevicompactum
10 12 -0.4182959966716504 0.3503378107118723 Penicillium-solitum
10 12 0.02955642562685573 0.9498453672536478 Penicillium-cvjetkovicii
10 12 -0.6728691238083716 0.09762801229237046 Penicillium-chrysogenum
10 12 0.14806762233094167 0.7513790038283108 Penicillium-polonicum
10 12 0.35461202595874586 0.4351180237396184 Penicillium-commune
10 12 0.15880180225958856 0.7337960560737922 Penicillium-mb
10 12 0.24736920734844156 0.5927827809975705 Penicillium-verrucosum
8 12 -0.4222844659940887 0.3452791463477972 Penicillium-brevicompactum
8 12 -0.7048745873136846 0.07693294960091396 Penicillium-solitum
8 12 -0.08911895396482142 0.8493070472693147 Penicillium-cvjetkovicii
8 12 -0.6263080966162498 0.1323614134603729 Penicillium-chrysogenum
8 12 0.5101381563829123 0.24210491791133223 Penicillium-polonicum
8 12 0.5221402111293283 0.22930264860827348 Penicillium-commune
8 12 0.4840115152923458 0.27107966713699666 Penicillium-mb
8 12 0.46963750704840407 0.2876518959425987 Penicillium-verrucosum
12 12 -0.15974014042568474 0.732263311826536 Penicillium-brevicompactum
12 12 -0.8387581943980783 0.018346965739738083 Penicillium-solitum
12 12 0.5177034592368435 0.23399740312095413 Penicillium-cvjetkovicii
12 12 -0.31610507647266206 0.4897675922635847 Penicillium-chrysogenum
12 12 0.19049875783771075 0.6824352525178019 Penicillium-polonicum
12 12 0.2249516622690733 0.6276988388442799 Penicillium-commune
12 12 0.2099918714435406 0.6513145282612003 Penicillium-mb
12 12 0.24288820667965022 0.5997147005252415 Penicillium-verrucosum
12 10 0.03531608510379835 0.9400829332143099 Penicillium-brevicompactum
12 10 -0.08588342486280201 0.8547368827232358 Penicillium-solitum
12 10 0.6937947160581949 0.08380247050519668 Penicillium-cvjetkovicii
12 10 -0.1134768985394618 0.8085935757296759 Penicillium-chrysogenum
12 10 -0.07461249001931461 0.8736861848660702 Penicillium-polonicum
12 10 0.5388789288421088 0.21199443069109644 Penicillium-commune
12 10 0.4814616178019887 0.27398726888159547 Penicillium-mb
12 10 -0.050040680716168115 0.9151546244804758 Penicillium-verrucosum
10 12 -0.3972744433754823 0.3775030846119587 Penicillium-brevicompactum
10 12 -0.5553370056139273 0.19560782990231732 Penicillium-solitum
10 12 -0.1402166903606061 0.7642938476616854 Penicillium-cvjetkovicii
10 12 -0.4390064015320892 0.3244105499896417 Penicillium-chrysogenum
10 12 0.35139128048537016 0.439596259523628 Penicillium-polonicum
10 12 -0.25485647955982804 0.5812551850423696 Penicillium-commune
10 12 0.3848051796745743 0.39400651365335915 Penicillium-mb
10 12 0.41346554426366117 0.3565055744928384 Penicillium-verrucosum
12 12 -0.15778100996827873 0.7354642847170295 Penicillium-brevicompactum
12 12 -0.5040961658709706 0.24867186048256024 Penicillium-solitum
12 12 0.05080056400533806 0.913869522809031 Penicillium-cvjetkovicii
12 12 -0.5203450431763129 0.2311968438166096 Penicillium-chrysogenum
12 12 -0.09416440110924848 0.8408493313095893 Penicillium-polonicum
12 12 -0.05068233873581988 0.9140694536259971 Penicillium-commune
12 12 0.4266790697806736 0.33974129166715333 Penicillium-mb
12 12 0.4874258790800065 0.2672083026597503 Penicillium-verrucosum
8 10 -0.4211171058769834 0.34675653529170447 Penicillium-brevicompactum
8 10 -0.4918491001124945 0.26223063864829543 Penicillium-solitum
8 10 -0.41660631700221906 0.3524901649809878 Penicillium-cvjetkovicii
8 10 -0.48731692319293657 0.2673314522418565 Penicillium-chrysogenum
8 10 0.5114228715931678 0.24071907716816265 Penicillium-polonicum
8 10 0.5264830149910098 0.22475053958407212 Penicillium-commune
8 10 0.4687441018763745 0.28869642911428817 Penicillium-mb
8 10 0.28982974750897855 0.5283722650680556 Penicillium-verrucosum
8 10 -0.44209353167167875 0.32061881695827693 Penicillium-brevicompactum
8 10 -0.6277132295795221 0.1312337060392857 Penicillium-solitum
8 10 0.3966728436607631 0.3782927502094131 Penicillium-cvjetkovicii
8 10 -0.7116649355169097 0.07287741804996727 Penicillium-chrysogenum
8 10 0.5332734609546603 0.21771907385413147 Penicillium-polonicum
8 10 0.5054622892665274 0.24717993835354646 Penicillium-commune
8 10 0.5258742513949466 0.2253860571033752 Penicillium-mb
8 10 0.5135314855929222 0.23845249534781465 Penicillium-verrucosum
10 12 -0.42111710587698326 0.34675653529170475 Penicillium-brevicompactum
10 12 -0.558023497324793 0.1929932086407937 Penicillium-solitum
10 12 -0.42000408376928183 0.3481676238377419 Penicillium-cvjetkovicii
10 12 -0.5559476614308916 0.19501201826275208 Penicillium-chrysogenum
10 12 0.5992339864231363 0.15504378519283518 Penicillium-polonicum
10 12 0.6200936218082839 0.13740773927861955 Penicillium-commune
10 12 0.34611776656444415 0.4469661990150793 Penicillium-mb
10 12 0.5229855244515511 0.2284132351930061 Penicillium-verrucosum
8 12 -0.4211171058769833 0.34675653529170464 Penicillium-brevicompactum
8 12 -0.8605840039657876 0.012912295161013788 Penicillium-solitum
8 12 -0.43400306594930227 0.33059645439913815 Penicillium-cvjetkovicii
8 12 -0.5992362069166601 0.1550418509929342 Penicillium-chrysogenum
8 12 0.41528964233299215 0.3541711950770301 Penicillium-polonicum
8 12 0.42606136275709244 0.3405174088641316 Penicillium-commune
8 12 0.4297055208484213 0.33594956456591 Penicillium-mb
8 12 0.35503011973793025 0.4345379733441214 Penicillium-verrucosum
12 10 0.11301194011395753 0.8093677783751902 Penicillium-brevicompactum
12 10 -0.03369207510283146 0.942835015326251 Penicillium-solitum
12 10 0.28980418699835625 0.528410307296352 Penicillium-cvjetkovicii
12 10 -0.7249971194746153 0.06525627287815518 Penicillium-chrysogenum
12 10 -0.09973117649296527 0.831531837833664 Penicillium-polonicum
12 10 0.24954615099082184 0.5894239613497663 Penicillium-commune
12 10 0.1676663149865804 0.7193447826828014 Penicillium-mb
12 10 -0.028753011941828825 0.951207545956199 Penicillium-verrucosum
10 12 -0.1451767974761055 0.7561292127403874 Penicillium-brevicompactum
10 12 -0.1946017446527729 0.675853578748334 Penicillium-solitum
10 12 -0.4413855814349563 0.32148665176894825 Penicillium-cvjetkovicii
10 12 -0.27022815007783324 0.5578111836775059 Penicillium-chrysogenum
10 12 0.5163669443469942 0.23542035193038716 Penicillium-polonicum
10 12 -0.19617796877793298 0.6733294628323288 Penicillium-commune
10 12 0.5260360593345079 0.22521705563434014 Penicillium-mb
10 12 -0.274997202193472 0.55060056288367 Penicillium-verrucosum
12 8 -0.825025875288142 0.022331398089536176 Penicillium-brevicompactum
12 8 0.22902926256719935 0.6213045585966334 Penicillium-solitum
12 8 -0.6871943345153654 0.08804320078756461 Penicillium-cvjetkovicii
12 8 0.2342989683809121 0.6130688905785062 Penicillium-chrysogenum
12 8 0.8935628697569302 0.006698274351748014 Penicillium-polonicum
12 8 0.893604453158488 0.006691888658042851 Penicillium-commune
12 8 0.8804001399259237 0.008899624748227667 Penicillium-mb
12 8 0.8677351730710808 0.011365205842765248 Penicillium-verrucosum
10 12 -0.4211171058769833 0.34675653529170464 Penicillium-brevicompactum
10 12 -0.6346077742359686 0.1257716748786471 Penicillium-solitum
10 12 -0.42846213993882815 0.33750516495731225 Penicillium-cvjetkovicii
10 12 -0.62978683433779 0.12957848500886207 Penicillium-chrysogenum
10 12 0.504705069204671 0.24800637501110323 Penicillium-polonicum
10 12 0.5301783879493038 0.22091091361516602 Penicillium-commune
10 12 0.49455554095190807 0.2592059759692357 Penicillium-mb
10 12 0.4932052709715249 0.2607130092804706 Penicillium-verrucosum
10 12 -0.21060198781896408 0.6503467070105701 Penicillium-brevicompactum
10 12 -0.23261162656621065 0.6157024500010443 Penicillium-solitum
10 12 -0.42495599066547557 0.3419081211644154 Penicillium-cvjetkovicii
10 12 -0.227146179764799 0.6242551840748637 Penicillium-chrysogenum
10 12 0.5285244046731721 0.22262560486239802 Penicillium-polonicum
10 12 -0.20253257347299644 0.663178277623507 Penicillium-commune
10 12 0.5338031249727996 0.21717505337754694 Penicillium-mb
10 12 -0.14273281675841107 0.7601499403018861 Penicillium-verrucosum
8 12 -0.44192288077066555 0.3208279153801746 Penicillium-brevicompactum
8 12 -0.6692310656046023 0.10014509284585299 Penicillium-solitum
8 12 0.3966120620085127 0.37837257013878 Penicillium-cvjetkovicii
8 12 -0.6125998391969085 0.143620121815525 Penicillium-chrysogenum
8 12 0.43481028306333447 0.3295950625723424 Penicillium-polonicum
8 12 0.5052685758079344 0.2473912377482275 Penicillium-commune
8 12 0.5048949948304902 0.2477989689139855 Penicillium-mb
8 12 0.4557281878711526 0.30410380554181277 Penicillium-verrucosum
8 12 0.398751355168367 0.3755673275814467 Penicillium-brevicompactum
8 12 -0.69729514915277 0.08159843127322312 Penicillium-solitum
8 12 0.4076862884610242 0.3639435637488176 Penicillium-cvjetkovicii
8 12 -0.6495709029836688 0.11432650560215986 Penicillium-chrysogenum
8 12 0.4799851272498722 0.27567727579249574 Penicillium-polonicum
8 12 0.49421217478537754 0.2595888280368952 Penicillium-commune
8 12 0.43173011690800633 0.3334231221953898 Penicillium-mb
8 12 0.4313701692438615 0.33387169846757775 Penicillium-verrucosum
10 12 -0.32992422741140054 0.4698821216229714 Penicillium-brevicompactum
10 12 -0.6581991481365723 0.10798257970909783 Penicillium-solitum
10 12 0.36522879490538024 0.4204808764179406 Penicillium-cvjetkovicii
10 12 -0.582444671241185 0.1700113531724285 Penicillium-chrysogenum
10 12 0.21931912494395145 0.6365619503897632 Penicillium-polonicum
10 12 0.241901942470362 0.6012436595318589 Penicillium-commune
10 12 0.1740798299235517 0.7089302690655894 Penicillium-mb
10 12 0.3236556026268728 0.4788656757847627 Penicillium-verrucosum
10 10 -0.5891918498662707 0.16391407780053507 Penicillium-brevicompactum
10 10 0.09231154130109065 0.8439539143394272 Penicillium-solitum
10 10 0.2670291687594069 0.5626648363113094 Penicillium-cvjetkovicii
10 10 -0.6186365645598598 0.1386047705079126 Penicillium-chrysogenum
10 10 0.4403192464321854 0.32279571731179707 Penicillium-polonicum
10 10 0.4479430326920127 0.31348710227743665 Penicillium-commune
10 10 0.4048663530880922 0.36759589489539624 Penicillium-mb
10 10 -0.5260717514847857 0.2251797847409122 Penicillium-verrucosum
8 12 -0.4197209417240294 0.34852697499672314 Penicillium-brevicompactum
8 12 -0.6643174725264939 0.10359788587865823 Penicillium-solitum
8 12 -0.42377079450069766 0.3434019224629885 Penicillium-cvjetkovicii
8 12 -0.5842535103832127 0.16836595053742615 Penicillium-chrysogenum
8 12 0.3570968852250847 0.43167495301631764 Penicillium-polonicum
8 12 0.4863273539665688 0.26845111023745505 Penicillium-commune
8 12 0.4054298278905516 0.3668648908589902 Penicillium-mb
8 12 0.42022773888354215 0.34788388083209315 Penicillium-verrucosum
6 12 -0.4142422075714249 0.3555108627420636 Penicillium-brevicompactum
6 12 -0.6698938712675578 0.09968401620417412 Penicillium-solitum
6 12 -0.4237707945006937 0.3434019224629935 Penicillium-cvjetkovicii
6 12 -0.46597079200924146 0.2919495824728891 Penicillium-chrysogenum
6 12 0.3503219441802998 0.44108695159679434 Penicillium-polonicum
6 12 0.33321095353501357 0.4651967626863344 Penicillium-commune
6 12 0.37720406885740826 0.4042052573908588 Penicillium-mb
6 12 0.30588279560497056 0.5046655469024943 Penicillium-verrucosum
10 12 -0.4695575707147193 0.2877452856468425 Penicillium-brevicompactum
10 12 -0.6416537488344938 0.12031235108106404 Penicillium-solitum
10 12 -0.4237707945006956 0.34340192246299106 Penicillium-cvjetkovicii
10 12 -0.45324753688196595 0.3070801691742682 Penicillium-chrysogenum
10 12 0.4328895639401659 0.33197993651143204 Penicillium-polonicum
10 12 0.4448993492668964 0.3171892966133995 Penicillium-commune
10 12 0.15976547233157667 0.7322219427834527 Penicillium-mb
10 12 0.4078678002526117 0.36370898839941024 Penicillium-verrucosum
4 12 -0.4064190833469398 0.36558296547100966 Penicillium-brevicompactum
4 12 -0.7211684182608842 0.06739859449901196 Penicillium-solitum
4 12 -0.42377079450069766 0.3434019224629885 Penicillium-cvjetkovicii
4 12 -0.4511784503735938 0.3095724119982631 Penicillium-chrysogenum
4 12 0.6264323296737788 0.13226151072389883 Penicillium-polonicum
4 12 0.21931592482745335 0.6365669958584284 Penicillium-commune
4 12 0.6318059949513306 0.12797701767900216 Penicillium-mb
4 12 0.6507182001612252 0.1134721460202267 Penicillium-verrucosum
12 10 -0.5960396617206756 0.15783872182986786 Penicillium-brevicompactum
12 10 -0.4776929266169192 0.27831021242879295 Penicillium-solitum
12 10 -0.06794874253463765 0.8849127425344111 Penicillium-cvjetkovicii
12 10 -0.35919082608233244 0.4287816877883765 Penicillium-chrysogenum
12 10 -0.19849916318501667 0.6696168117951735 Penicillium-polonicum
12 10 0.4964356452186601 0.2571142452650408 Penicillium-commune
12 10 0.44465001456825287 0.317493410078375 Penicillium-mb
12 10 -0.09988826348113312 0.8312691337183085 Penicillium-verrucosum
10 12 -0.33669966885942876 0.460242374020593 Penicillium-brevicompactum
10 12 -0.7730573201970943 0.04152347432036694 Penicillium-solitum
10 12 -0.2719298643034791 0.555234774517293 Penicillium-cvjetkovicii
10 12 -0.4613486055239466 0.29740736297547665 Penicillium-chrysogenum
10 12 0.10885886370297855 0.8162884943532286 Penicillium-polonicum
10 12 -0.24305538032963409 0.5994556546504763 Penicillium-commune
10 12 0.1594159173361347 0.7327928397332092 Penicillium-mb
10 12 0.34586813981348136 0.4473162068749319 Penicillium-verrucosum
10 12 0.15695595220217795 0.736813238906686 Penicillium-brevicompactum
10 12 -0.9226933610850777 0.003060331902588724 Penicillium-solitum
10 12 -0.6522173149242251 0.1123607898368884 Penicillium-cvjetkovicii
10 12 0.151478986717116 0.7457814694217179 Penicillium-chrysogenum
10 12 0.5286542618335781 0.22249075512619945 Penicillium-polonicum
10 12 0.629627001385557 0.12970568815039263 Penicillium-commune
10 12 0.7171826490178945 0.06966842736671221 Penicillium-mb
10 12 0.7111740643059823 0.07316665355552983 Penicillium-verrucosum
6 12 -0.41807621903281855 0.35061745652824394 Penicillium-brevicompactum
6 12 -0.7106063427427384 0.0735019366585895 Penicillium-solitum
6 12 -0.42377079450069766 0.3434019224629885 Penicillium-cvjetkovicii
6 12 -0.5281946105773991 0.22296825162833883 Penicillium-chrysogenum
6 12 0.4938557729745023 0.25998648765922416 Penicillium-polonicum
6 12 0.4647977472749147 0.29333045391545237 Penicillium-commune
6 12 0.4781103189881251 0.2778299372330261 Penicillium-mb
6 12 0.2336473653044378 0.6140855055623767 Penicillium-verrucosum
10 12 0.4052150859700966 0.3671434080283617 Penicillium-brevicompactum
10 12 -0.7034330427764429 0.07780902011358674 Penicillium-solitum
10 12 0.4095300852459336 0.3615636566417305 Penicillium-cvjetkovicii
10 12 -0.6490729075746803 0.11469837914899915 Penicillium-chrysogenum
10 12 0.4273534834257759 0.33889478185147226 Penicillium-polonicum
10 12 0.4236497498450845 0.3435546397566246 Penicillium-commune
10 12 0.35890958729270106 0.4291698500775141 Penicillium-mb
10 12 0.345458045498035 0.4478914338354748 Penicillium-verrucosum
12 12 -0.13500743171749252 0.7728873182788382 Penicillium-brevicompactum
12 12 -0.17398388865552178 0.7090858008219811 Penicillium-solitum
12 12 -0.35368219635673087 0.436409098403546 Penicillium-cvjetkovicii
12 12 -0.17276052249621723 0.7110697198262992 Penicillium-chrysogenum
12 12 -0.37430443196913704 0.4081230073345733 Penicillium-polonicum
12 12 -0.14484654074408398 0.7566722825731148 Penicillium-commune
12 12 0.10574870254205582 0.8214775334257041 Penicillium-mb
12 12 0.11531750042485837 0.8055300112618953 Penicillium-verrucosum
8 12 -0.41691653257287253 0.3520945917554637 Penicillium-brevicompactum
8 12 -0.4932520617466539 0.26066071952228637 Penicillium-solitum
8 12 -0.42377079450069766 0.3434019224629885 Penicillium-cvjetkovicii
8 12 -0.4965452483010294 0.2569925442730409 Penicillium-chrysogenum
8 12 0.5753264030645979 0.17656295287706017 Penicillium-polonicum
8 12 0.5435461184138427 0.20728341617296844 Penicillium-commune
8 12 0.22503606775148544 0.6275662893447204 Penicillium-mb
8 12 0.5500601513493637 0.2007928911017651 Penicillium-verrucosum
12 12 -0.45247413781278006 0.3080107094993202 Penicillium-brevicompactum
12 12 -0.3713307230026877 0.41215627378914077 Penicillium-solitum
12 12 -0.5212934346198808 0.23019522633329223 Penicillium-cvjetkovicii
12 12 -0.8122512041257862 0.026439709874119637 Penicillium-chrysogenum
12 12 0.3930938220133614 0.38300445431583524 Penicillium-polonicum
12 12 0.3581314067913047 0.4302445881568657 Penicillium-commune
12 12 -0.11228441148027851 0.8105794347658792 Penicillium-mb
12 12 0.29374836131758514 0.5225510741132947 Penicillium-verrucosum
8 12 0.16847656198271962 0.7180271346792935 Penicillium-brevicompactum
8 12 -0.77240236860489 0.041807812732390676 Penicillium-solitum
8 12 -0.5484675735507867 0.20237057885668122 Penicillium-cvjetkovicii
8 12 0.09505079023956105 0.8393647082885585 Penicillium-chrysogenum
8 12 0.2803749359810512 0.5425064021986274 Penicillium-polonicum
8 12 0.2984021995942436 0.5156662374151304 Penicillium-commune
8 12 0.23126342784941356 0.6178090424004917 Penicillium-mb
8 12 -0.3682969621396361 0.41628698969980504 Penicillium-verrucosum
2 12 -0.4155069873182611 0.35389347544396654 Penicillium-brevicompactum
2 12 -0.5224302324027591 0.22899731418576136 Penicillium-solitum
2 12 -0.42377079450069605 0.3434019224629906 Penicillium-cvjetkovicii
2 12 -0.48157413886663347 0.2738586680695824 Penicillium-chrysogenum
2 12 0.5598888736589029 0.1911877454623167 Penicillium-polonicum
2 12 0.12030453757454188 0.7972394271119714 Penicillium-commune
2 12 0.5697090167062305 0.18181891653424345 Penicillium-mb
2 12 0.5763927612456498 0.17557373335391294 Penicillium-verrucosum
12 12 -0.7584806313678214 0.04810591331341083 Penicillium-brevicompactum
12 12 0.031818573176389114 0.9460104522784647 Penicillium-solitum
12 12 -0.6486400733555991 0.11502210076055831 Penicillium-cvjetkovicii
12 12 0.058186681344403385 0.901386357363607 Penicillium-chrysogenum
12 12 0.5723806922981466 0.1793097298111662 Penicillium-polonicum
12 12 0.5922473391491548 0.16118917425165014 Penicillium-commune
12 12 -0.5117904704591963 0.24032322247655777 Penicillium-mb
12 12 0.5006967901321216 0.25240220955679005 Penicillium-verrucosum
12 6 -0.6168539928060535 0.1400763721635849 Penicillium-brevicompactum
12 6 -0.27097142401767427 0.5566853876093574 Penicillium-solitum
12 6 -0.9140396980253501 0.003971004901690475 Penicillium-cvjetkovicii
12 6 -0.26636378753484535 0.5636760754594172 Penicillium-chrysogenum
12 6 0.9425960928438155 0.0014700074744801517 Penicillium-polonicum
12 6 0.9457440092592091 0.0012788857678760332 Penicillium-commune
12 6 0.9315213419874547 0.0022710195995566344 Penicillium-mb
12 6 0.9178355652838228 0.0035544667390420234 Penicillium-verrucosum
6 12 -0.42111710587698326 0.34675653529170475 Penicillium-brevicompactum
6 12 -0.7451879734255297 0.05457465003928823 Penicillium-solitum
6 12 -0.4230361494777736 0.34432923564552564 Penicillium-cvjetkovicii
6 12 -0.6497070393782146 0.11422495555006984 Penicillium-chrysogenum
6 12 0.4550009840935909 0.3049750127796058 Penicillium-polonicum
6 12 0.5961241439230875 0.1577644820270219 Penicillium-commune
6 12 0.44035954041956665 0.32274620953004185 Penicillium-mb
6 12 0.5151831581131705 0.2366840547342669 Penicillium-verrucosum
8 12 -0.41999716188208946 0.3481764069304232 Penicillium-brevicompactum
8 12 -0.7026378806927956 0.0782945287290198 Penicillium-solitum
8 12 -0.42377079450069527 0.34340192246299145 Penicillium-cvjetkovicii
8 12 -0.5492872933924804 0.2015577826275381 Penicillium-chrysogenum
8 12 0.3169571685855219 0.4885328958919135 Penicillium-polonicum
8 12 0.5058335884914443 0.24677516439313105 Penicillium-commune
8 12 0.32404979479262946 0.47829894303254805 Penicillium-mb
8 12 0.4409514335320328 0.3220193484695307 Penicillium-verrucosum
10 12 -0.2982205842957301 0.5159343308769909 Penicillium-brevicompactum
10 12 -0.650216075459781 0.1138456564880955 Penicillium-solitum
10 12 0.012218692061253655 0.9792584525106908 Penicillium-cvjetkovicii
10 12 -0.2979835700598578 0.5162842740193112 Penicillium-chrysogenum
10 12 0.16844416751015062 0.718079804904886 Penicillium-polonicum
10 12 0.18640000697656842 0.6890261403136703 Penicillium-commune
10 12 0.11938358726519645 0.7987693190970666 Penicillium-mb
10 12 0.3870655822854345 0.39099371594755633 Penicillium-verrucosum
10 12 -0.4211171058769833 0.34675653529170464 Penicillium-brevicompactum
10 12 -0.4458719042796939 0.3160042777546802 Penicillium-solitum
10 12 -0.43545921006925326 0.3287909793651768 Penicillium-cvjetkovicii
10 12 -0.474903298005753 0.2815296659781632 Penicillium-chrysogenum
10 12 0.5208401914143952 0.23067365256341177 Penicillium-polonicum
10 12 0.4418949966399075 0.3208620873738261 Penicillium-commune
10 12 0.018057540864887995 0.9693495642576335 Penicillium-mb
10 12 0.5062318578997389 0.2463413293007509 Penicillium-verrucosum
12 12 -0.4211171058769832 0.34675653529170486 Penicillium-brevicompactum
12 12 -0.31296071695631567 0.49433340016344984 Penicillium-solitum
12 12 -0.008161961365627425 0.9861442855636511 Penicillium-cvjetkovicii
12 12 -0.3366410282646483 0.460325488714457 Penicillium-chrysogenum
12 12 0.6939927984583243 0.08367691600723426 Penicillium-polonicum
12 12 0.7147243139133208 0.07108857156561034 Penicillium-commune
12 12 -0.2528499501220142 0.5843376676033378 Penicillium-mb
12 12 0.6060691403599491 0.14914705340909543 Penicillium-verrucosum
8 12 -0.5359441085150999 0.21498261513608966 Penicillium-brevicompactum
8 12 -0.33896902308244303 0.4570301608520398 Penicillium-solitum
8 12 -0.1913544918753585 0.6810612200536303 Penicillium-cvjetkovicii
8 12 -0.33944648207571537 0.4563553931887465 Penicillium-chrysogenum
8 12 0.42119859536154036 0.346653317604252 Penicillium-polonicum
8 12 0.3356996109582666 0.461660573097382 Penicillium-commune
8 12 0.4466057296978441 0.31511141364952416 Penicillium-mb
8 12 0.46654036727202775 0.2912801380976356 Penicillium-verrucosum
8 12 -0.4211171058769829 0.3467565352917054 Penicillium-brevicompactum
8 12 -0.7370628015729264 0.05874874585340708 Penicillium-solitum
8 12 -0.4209284867671549 0.3469954969967707 Penicillium-cvjetkovicii
8 12 -0.6342783202437486 0.12602997873337227 Penicillium-chrysogenum
8 12 0.40407791860871817 0.3686197470580576 Penicillium-polonicum
8 12 0.14308091658102032 0.759576997935813 Penicillium-commune
8 12 0.46704416721118086 0.2906885702937439 Penicillium-mb
8 12 0.45421160854759085 0.30592193839859855 Penicillium-verrucosum
12 12 -0.4559309771081698 0.3038610540220694 Penicillium-brevicompactum
12 12 -0.6433393733731393 0.11902473420185056 Penicillium-solitum
12 12 -0.13104715481180207 0.7794328096271318 Penicillium-cvjetkovicii
12 12 -0.4275062386833892 0.3387031709431785 Penicillium-chrysogenum
12 12 0.23114141597689303 0.6179997917862883 Penicillium-polonicum
12 12 0.1710360748953375 0.713868437545222 Penicillium-commune
12 12 0.11167895714431755 0.8115880129384725 Penicillium-mb
12 12 0.013985921646845523 0.9762590840780478 Penicillium-verrucosum
6 10 -0.43696468843265857 0.3269287856299868 Penicillium-brevicompactum
6 10 -0.30656630603733864 0.5036645122031553 Penicillium-solitum
6 10 -0.4237707945006937 0.3434019224629935 Penicillium-cvjetkovicii
6 10 -0.3065241207037774 0.5037262746129767 Penicillium-chrysogenum
6 10 0.771129697436464 0.04236339085916289 Penicillium-polonicum
6 10 0.7451497750534293 0.05459388222337532 Penicillium-commune
6 10 0.7680160484681485 0.04373971958334262 Penicillium-mb
6 10 0.7538080140401378 0.05032896525704387 Penicillium-verrucosum
10 12 -0.038694597362291125 0.9343591781333835 Penicillium-brevicompactum
10 12 -0.6087723702405161 0.14684658150392266 Penicillium-solitum
10 12 0.5814728137459031 0.17089865801840332 Penicillium-cvjetkovicii
10 12 -0.08170473361478515 0.8617562504248177 Penicillium-chrysogenum
10 12 0.3476556269837155 0.4448122022897008 Penicillium-polonicum
10 12 0.5731049349050734 0.17863247276419908 Penicillium-commune
10 12 0.5604758857020198 0.19062128729679634 Penicillium-mb
10 12 0.35619307670155254 0.43292607773125613 Penicillium-verrucosum
12 12 -0.31139204793625364 0.4966168106641624 Penicillium-brevicompactum
12 12 -0.3652259075849903 0.4204848307998616 Penicillium-solitum
12 12 -0.4420523266718299 0.32066930002850647 Penicillium-cvjetkovicii
12 12 -0.416750037425394 0.3523068759463731 Penicillium-chrysogenum
12 12 0.37580795620367513 0.4060897081312666 Penicillium-polonicum
12 12 0.1451012272799666 0.7562534723449108 Penicillium-commune
12 12 0.16673316433804433 0.7208629849011474 Penicillium-mb
12 12 0.16592297074507295 0.7221817319017321 Penicillium-verrucosum
10 12 -0.2821416393195849 0.5398559094334101 Penicillium-brevicompactum
10 12 -0.6115432983437048 0.1445071532368568 Penicillium-solitum
10 12 -0.42377079450069816 0.34340192246298795 Penicillium-cvjetkovicii
10 12 -0.3301561718206825 0.4695509119368126 Penicillium-chrysogenum
10 12 0.1574858730071291 0.7359467662817046 Penicillium-polonicum
10 12 0.43960591113537534 0.32367270788050584 Penicillium-commune
10 12 0.3017285217709469 0.510764539049313 Penicillium-mb
10 12 0.3974088663661005 0.37732673152017504 Penicillium-verrucosum
8 10 -0.4214688764976334 0.34631106171515846 Penicillium-brevicompactum
8 10 -0.17856753594140592 0.701664237303004 Penicillium-solitum
8 10 -0.39433875655693873 0.3813628416074051 Penicillium-cvjetkovicii
8 10 -0.17997189105511385 0.6993941315163532 Penicillium-chrysogenum
8 10 0.6766976951665843 0.09501535542509036 Penicillium-polonicum
8 10 0.6666969822853125 0.10191816886009593 Penicillium-commune
8 10 0.654326796165995 0.11080652804665689 Penicillium-mb
8 10 -0.14845116926307897 0.7507492245028591 Penicillium-verrucosum
12 12 -0.255956435994407 0.5795675454326101 Penicillium-brevicompactum
12 12 -0.3809156942449209 0.39921225778102587 Penicillium-solitum
12 12 -0.2686474600544842 0.5602077991920182 Penicillium-cvjetkovicii
12 12 -0.5764008228724685 0.17556626527807204 Penicillium-chrysogenum
12 12 0.1471083792155333 0.7529545488796174 Penicillium-polonicum
12 12 -0.011896228488057986 0.9798057642918461 Penicillium-commune
12 12 0.16085779159536986 0.7304385887928442 Penicillium-mb
12 12 -0.1757264556112327 0.7062621568450128 Penicillium-verrucosum
10 12 -0.04881807300176506 0.9172225853403374 Penicillium-brevicompactum
10 12 -0.5989446150222775 0.15529595030767493 Penicillium-solitum
10 12 0.253790549606632 0.5828920674386995 Penicillium-cvjetkovicii
10 12 -0.5431663223810771 0.20766489009706782 Penicillium-chrysogenum
10 12 0.1979956167885651 0.6704217613137707 Penicillium-polonicum
10 12 0.041325236369641596 0.9299039897145694 Penicillium-commune
10 12 0.04048326494272973 0.931329778822621 Penicillium-mb
10 12 -0.05559336089066136 0.9057675553739499 Penicillium-verrucosum
8 12 0.35283532471463824 0.43758625302086374 Penicillium-brevicompactum
8 12 -0.6524259532265373 0.11220656607944932 Penicillium-solitum
8 12 0.4042237564190811 0.3684302754530102 Penicillium-cvjetkovicii
8 12 -0.6360144554529283 0.12467183652785888 Penicillium-chrysogenum
8 12 0.5775664348280604 0.17448811491530108 Penicillium-polonicum
8 12 0.5932231930511177 0.1603236799285203 Penicillium-commune
8 12 0.3301154131351282 0.4696091079393913 Penicillium-mb
8 12 0.5193950854206497 0.23220215606641278 Penicillium-verrucosum
