#SPECIES: Penicillium-brevicompactum Penicillium-cvjetkovicii Penicillium-verrucosum Penicillium-solitum Penicillium-chrysogenum Penicillium-commune Penicillium-mb Penicillium-polonicum 
#GENE_TREEs p: 2.6782251453090896e-06 0.5670710903919588 0.11521786945381597 0.10676738084168036 0.08953751132306462 0.1064630780877194 0.14437920984349895 0.388583903250143 
#GENE_TREEs r: 0.9954482203554558 0.26413269010223156 0.6483786245876363 0.6598816623620014 0.6849087448843205 0.6603045435814987 0.6116954893471053 0.3888786193027943 
7 10 0.9954482203554557 2.6782251453092514e-06 Penicillium-brevicompactum
7 10 0.08981731486615979 0.8481356795061592 Penicillium-cvjetkovicii
7 10 0.4846582513003379 0.2703444335343616 Penicillium-verrucosum
7 10 0.4809095501833918 0.2746186235295482 Penicillium-solitum
7 10 0.3763646688541561 0.40533785119335214 Penicillium-chrysogenum
7 10 0.4309833026533217 0.3343541081332677 Penicillium-commune
7 10 0.46302716432847135 0.29542018887825716 Penicillium-mb
7 10 0.47652814921740433 0.2796524396805832 Penicillium-polonicum
7 12 0.996124577310564 1.7920465644612159e-06 Penicillium-brevicompactum
7 12 0.08021814614011773 0.8642551862767787 Penicillium-cvjetkovicii
7 12 0.8855820201774909 0.007989808110379552 Penicillium-verrucosum
7 12 0.8485043387106219 0.015785763094619692 Penicillium-solitum
7 12 0.913824774280543 0.003995398952920181 Penicillium-chrysogenum
7 12 0.8959754913644938 0.00633361131555957 Penicillium-commune
7 12 0.9093221641716035 0.0045266491035088246 Penicillium-mb
7 12 0.8255083076374055 0.022183882806624824 Penicillium-polonicum
9 10 0.8388943563065854 0.018309670199298904 Penicillium-brevicompactum
9 10 0.6763773511425509 0.09523253614025953 Penicillium-cvjetkovicii
9 10 0.6459838194497864 0.11701905518528569 Penicillium-verrucosum
9 10 0.7260640952497767 0.06466589739811292 Penicillium-solitum
9 10 0.9237948262609438 0.0029542744788057023 Penicillium-chrysogenum
9 10 0.47089182156711745 0.28618824700966106 Penicillium-commune
9 10 0.5257643989731793 0.22550082724897674 Penicillium-mb
9 10 0.7248948051484297 0.06531303721680497 Penicillium-polonicum
7 12 0.9956946270807477 2.3306569915039866e-06 Penicillium-brevicompactum
7 12 0.08021814614011696 0.86425518627678 Penicillium-cvjetkovicii
7 12 0.7944760490939178 0.03281239807924107 Penicillium-verrucosum
7 12 0.7501579150742868 0.05210385378848151 Penicillium-solitum
7 12 0.7612472151826489 0.04681559222153651 Penicillium-chrysogenum
7 12 0.8398637864567153 0.01804538327508029 Penicillium-commune
7 12 0.734197288269564 0.06026075822120962 Penicillium-mb
7 12 0.5917890608615572 0.161596424498119 Penicillium-polonicum
9 10 0.9954482203554554 2.6782251453095707e-06 Penicillium-brevicompactum
9 10 0.08983752596736176 0.8481017825228683 Penicillium-cvjetkovicii
9 10 0.29864878018203583 0.5153023212930838 Penicillium-verrucosum
9 10 0.32669214614273245 0.4745062930438602 Penicillium-solitum
9 10 0.266653314341125 0.5632359845449126 Penicillium-chrysogenum
9 10 0.32102485820772597 0.48265410794278985 Penicillium-commune
9 10 0.3420943711525582 0.45262001201879726 Penicillium-mb
9 10 0.2760689460495214 0.5489843252044749 Penicillium-polonicum
7 10 0.9962377239855051 1.6641964434818544e-06 Penicillium-brevicompactum
7 10 0.08021814614011676 0.8642551862767803 Penicillium-cvjetkovicii
7 10 0.9036197502842048 0.005255616891045278 Penicillium-verrucosum
7 10 0.8955676637158343 0.006394422563950024 Penicillium-solitum
7 10 0.9538254042190742 0.000858288353120584 Penicillium-chrysogenum
7 10 0.8495019197000984 0.015535926693238451 Penicillium-commune
7 10 0.8803685080902315 0.008905353042672043 Penicillium-mb
7 10 0.8861713108236308 0.00788992081735705 Penicillium-polonicum
7 12 0.6735261160072731 0.09717703182314141 Penicillium-brevicompactum
7 12 -0.2681624410318401 0.5609438378831062 Penicillium-cvjetkovicii
7 12 0.9272263791911602 0.0026378119607922868 Penicillium-verrucosum
7 12 0.43585580011454444 0.3282999798591312 Penicillium-solitum
7 12 0.6028567227793065 0.15190417419347757 Penicillium-chrysogenum
7 12 0.5862802143452425 0.16653175476766519 Penicillium-commune
7 12 0.5102470949197094 0.24198726115005698 Penicillium-mb
7 12 0.31709506789546416 0.48833318181735064 Penicillium-polonicum
7 8 0.9954482203554558 2.6782251453090896e-06 Penicillium-brevicompactum
7 8 0.08148308213306663 0.8621287861904475 Penicillium-cvjetkovicii
7 8 0.8225957356312625 0.02308288216022223 Penicillium-verrucosum
7 8 0.8081604225404729 0.027838246509447336 Penicillium-solitum
7 8 0.8563878365809706 0.013873125260415816 Penicillium-chrysogenum
7 8 0.8172364748802692 0.02478993949875043 Penicillium-commune
7 8 0.8377633438439169 0.018620770305927525 Penicillium-mb
7 8 0.7907940138201033 0.0342291019166448 Penicillium-polonicum
7 8 0.9954482203554557 2.6782251453092514e-06 Penicillium-brevicompactum
7 8 0.08959142367354742 0.8485145448463509 Penicillium-cvjetkovicii
7 8 0.6019381809818592 0.15269718088977496 Penicillium-verrucosum
7 8 0.6206340187924587 0.13696511833436428 Penicillium-solitum
7 8 0.640043060975612 0.12154937915542928 Penicillium-chrysogenum
7 8 0.6235305281749585 0.13460502741861932 Penicillium-commune
7 8 0.645315272717557 0.11752445623005851 Penicillium-mb
7 8 0.6000692502180331 0.15431706418163443 Penicillium-polonicum
9 4 0.9954482203554554 2.6782251453095707e-06 Penicillium-brevicompactum
9 4 0.08836900355034132 0.850565192106911 Penicillium-cvjetkovicii
9 4 0.6994729884225734 0.08024289878017943 Penicillium-verrucosum
9 4 0.6540829045375146 0.11098565379925886 Penicillium-solitum
9 4 0.7366643556516435 0.05895774198748045 Penicillium-chrysogenum
9 4 0.772623315433311 0.04171177187170441 Penicillium-commune
9 4 0.7733595432036451 0.041392629534478004 Penicillium-mb
9 4 0.6744673048249299 0.0965328766883526 Penicillium-polonicum
11 10 0.20703675319462822 0.656007690223473 Penicillium-brevicompactum
11 10 0.43200663455459853 0.3330786931278785 Penicillium-cvjetkovicii
11 10 0.3852375687613374 0.39342948375614323 Penicillium-verrucosum
11 10 0.3241502262377384 0.47815459083174294 Penicillium-solitum
11 10 0.6254838124087184 0.13302523837078123 Penicillium-chrysogenum
11 10 0.5818107712363577 0.17058984502466806 Penicillium-commune
11 10 0.5126617362682048 0.2393861947991558 Penicillium-mb
11 10 0.686085588341066 0.08876643668279209 Penicillium-polonicum
9 12 0.9958834423304121 2.083679540218684e-06 Penicillium-brevicompactum
9 12 0.08021814614011559 0.8642551862767822 Penicillium-cvjetkovicii
9 12 0.7534997044943413 0.050477582872181175 Penicillium-verrucosum
9 12 0.7959150898937509 0.03226777147097075 Penicillium-solitum
9 12 0.878238329281244 0.00929601879486792 Penicillium-chrysogenum
9 12 0.8355012328269608 0.01925194076661107 Penicillium-commune
9 12 0.9123112498944621 0.004169662403905714 Penicillium-mb
9 12 0.7770731130491457 0.039803477424976454 Penicillium-polonicum
9 12 0.9948670646293127 3.6155391273116256e-06 Penicillium-brevicompactum
9 12 -0.07287273591849484 0.8766156232663981 Penicillium-cvjetkovicii
9 12 0.8489385093385342 0.015676748986688194 Penicillium-verrucosum
9 12 0.7833205324824746 0.03720747251608873 Penicillium-solitum
9 12 0.8430864098774941 0.01718249179183391 Penicillium-chrysogenum
9 12 0.7622464665420012 0.04635427793313169 Penicillium-commune
9 12 0.8013573262438841 0.030253969776525773 Penicillium-mb
9 12 0.7210879984966974 0.06744399267087399 Penicillium-polonicum
9 12 0.9620734588887517 0.000527145435895178 Penicillium-brevicompactum
9 12 -0.08972613545250416 0.8482886030791131 Penicillium-cvjetkovicii
9 12 0.7639917923866129 0.04555454864198365 Penicillium-verrucosum
9 12 0.7150026225978466 0.07092702444139125 Penicillium-solitum
9 12 0.8066067407786298 0.028380031170404222 Penicillium-chrysogenum
9 12 0.7188696361877773 0.06870277996624291 Penicillium-commune
9 12 0.8684368253869578 0.011219491373812673 Penicillium-mb
9 12 0.6990061720015441 0.08053243835053925 Penicillium-polonicum
11 12 0.010160836933931312 0.9827513179091143 Penicillium-brevicompactum
11 12 -0.38252586589963256 0.39705387580926793 Penicillium-cvjetkovicii
11 12 0.7109603866163456 0.07329275029462244 Penicillium-verrucosum
11 12 0.6265563438775629 0.13216182226001386 Penicillium-solitum
11 12 0.05861845171832658 0.900657108249119 Penicillium-chrysogenum
11 12 0.5672987060195162 0.18409724007159037 Penicillium-commune
11 12 0.6127078913541499 0.14352956046731086 Penicillium-mb
11 12 -0.3334281778958672 0.46488770800700585 Penicillium-polonicum
11 10 0.9954482203554557 2.6782251453092514e-06 Penicillium-brevicompactum
11 10 0.31898290474641255 0.48560203636640503 Penicillium-cvjetkovicii
11 10 0.6033386638850814 0.15148892553822962 Penicillium-verrucosum
11 10 0.650441305417689 0.1136780384765228 Penicillium-solitum
11 10 0.7015854020809632 0.07893962494017101 Penicillium-chrysogenum
11 10 0.6753912591782321 0.09590270215868006 Penicillium-commune
11 10 0.6621154605630415 0.10516506221815243 Penicillium-mb
11 10 0.506950490864248 0.2455594144455391 Penicillium-polonicum
9 10 -0.9856780100873429 4.67866508796135e-05 Penicillium-brevicompactum
9 10 -0.0898790533064186 0.8480321356641088 Penicillium-cvjetkovicii
9 10 0.6734899957396965 0.09720179750159572 Penicillium-verrucosum
9 10 0.6234525466620331 0.1346682944808332 Penicillium-solitum
9 10 0.6792661939210536 0.09328342925126162 Penicillium-chrysogenum
9 10 0.7089556749942819 0.07448144468969096 Penicillium-commune
9 10 0.706909549269176 0.07570524869336023 Penicillium-mb
9 10 0.5901289512431405 0.1630759561181462 Penicillium-polonicum
5 12 0.9943810862516861 4.53185718579167e-06 Penicillium-brevicompactum
5 12 0.08021814614011696 0.86425518627678 Penicillium-cvjetkovicii
5 12 0.9313855918977293 0.002282121405652362 Penicillium-verrucosum
5 12 0.8820850449447055 0.008597570982639701 Penicillium-solitum
5 12 0.9798025235762872 0.00011014917507751728 Penicillium-chrysogenum
5 12 0.8282029287094661 0.02137008418819816 Penicillium-commune
5 12 0.8766165328104193 0.009599954227475426 Penicillium-mb
5 12 0.8862749800578406 0.007872423589706851 Penicillium-polonicum
7 10 0.9954482203554558 2.6782251453090896e-06 Penicillium-brevicompactum
7 10 0.08881789235028477 0.8498120890550057 Penicillium-cvjetkovicii
7 10 0.702074415626921 0.07863954284114744 Penicillium-verrucosum
7 10 0.6727375891149278 0.09771843338874102 Penicillium-solitum
7 10 0.7319706462026722 0.06145005641092284 Penicillium-chrysogenum
7 10 0.7049461171341097 0.07688961654944092 Penicillium-commune
7 10 0.7328458323341657 0.06098109861169524 Penicillium-mb
7 10 0.6223136092840049 0.1355940440906857 Penicillium-polonicum
11 8 0.06855202763521154 0.8838957216877925 Penicillium-brevicompactum
11 8 0.1536531130619951 0.7422186738827979 Penicillium-cvjetkovicii
11 8 0.13668188082987726 0.7701230079580655 Penicillium-verrucosum
11 8 0.1391047680372219 0.7661265470432144 Penicillium-solitum
11 8 0.10214226464245303 0.8275010442888087 Penicillium-chrysogenum
11 8 0.5144510379343192 0.23746717729639083 Penicillium-commune
11 8 0.5007129918299995 0.25238436982588064 Penicillium-mb
11 8 0.021742571842195992 0.9630973877383775 Penicillium-polonicum
9 12 0.9889571395036775 2.4467170288178576e-05 Penicillium-brevicompactum
9 12 0.08021814614011559 0.8642551862767822 Penicillium-cvjetkovicii
9 12 0.8299578291404892 0.020849322477044824 Penicillium-verrucosum
9 12 0.6231900874639794 0.13488134075964914 Penicillium-solitum
9 12 0.8652529354700657 0.011889392225861765 Penicillium-chrysogenum
9 12 0.8016076152121262 0.030163096973612972 Penicillium-commune
9 12 0.8477189140491559 0.015984067641264216 Penicillium-mb
9 12 0.8093975751349207 0.027411024142876855 Penicillium-polonicum
7 12 0.9954882956247882 2.6197203648196393e-06 Penicillium-brevicompactum
7 12 0.08021814614011676 0.8642551862767803 Penicillium-cvjetkovicii
7 12 0.8237247153820076 0.022732015236407634 Penicillium-verrucosum
7 12 0.7981171985239318 0.03144418662992118 Penicillium-solitum
7 12 0.8357964441211436 0.01916889348583248 Penicillium-chrysogenum
7 12 0.8369961623755632 0.018833489861339876 Penicillium-commune
7 12 0.8275558476439376 0.021563939746379556 Penicillium-mb
7 12 0.7842610059022108 0.036825068301000914 Penicillium-polonicum
7 12 0.9961279044551195 1.7882059434082611e-06 Penicillium-brevicompactum
7 12 0.08021814614011716 0.8642551862767797 Penicillium-cvjetkovicii
7 12 0.9038714207524239 0.0052221029481030815 Penicillium-verrucosum
7 12 0.8594364683434034 0.013171136095644706 Penicillium-solitum
7 12 0.9386652386517725 0.00173100838562739 Penicillium-chrysogenum
7 12 0.8910823697760505 0.0070855965089586855 Penicillium-commune
7 12 0.9267187023316262 0.0026833085989290805 Penicillium-mb
7 12 0.8387327183704933 0.018353948560996574 Penicillium-polonicum
5 12 0.9958242463377729 2.1593289253223947e-06 Penicillium-brevicompactum
5 12 0.08021814614011559 0.8642551862767822 Penicillium-cvjetkovicii
5 12 0.7949242085070709 0.032642240125017055 Penicillium-verrucosum
5 12 0.8456531288722309 0.016512388173537097 Penicillium-solitum
5 12 0.8402738303555836 0.017934253583825496 Penicillium-chrysogenum
5 12 0.9701615095737985 0.0002906820586614341 Penicillium-commune
5 12 0.8332891592224859 0.019880720175932672 Penicillium-mb
5 12 0.7146083804196252 0.07115592452919331 Penicillium-polonicum
9 12 0.9950733802680045 3.2634672895490247e-06 Penicillium-brevicompactum
9 12 -0.03357743940917367 0.9430292967719771 Penicillium-cvjetkovicii
9 12 0.7135732140207967 0.07175883380175341 Penicillium-verrucosum
9 12 0.6983948635494756 0.08091243700659825 Penicillium-solitum
9 12 0.8402385619680326 0.017943796649784606 Penicillium-chrysogenum
9 12 0.8277557900596885 0.021503934343499287 Penicillium-commune
9 12 0.8131576702472901 0.026135283491925138 Penicillium-mb
9 12 0.8145725429297155 0.02566407219009492 Penicillium-polonicum
9 12 0.9897815627015919 2.016199477479566e-05 Penicillium-brevicompactum
9 12 -0.08942977180752239 0.8487856820466446 Penicillium-cvjetkovicii
9 12 0.7583678407096623 0.04815892694070637 Penicillium-verrucosum
9 12 0.7136903101317363 0.07169049696809121 Penicillium-solitum
9 12 0.7847665813188751 0.03662040314893554 Penicillium-chrysogenum
9 12 0.7858311858639976 0.0361915040605959 Penicillium-commune
9 12 0.7993562238265624 0.030986015783377577 Penicillium-mb
9 12 0.7030089125781138 0.0780677844057754 Penicillium-polonicum
11 10 0.7974734890867125 0.03168370337587612 Penicillium-brevicompactum
11 10 -0.21683241986781188 0.6404859708542359 Penicillium-cvjetkovicii
11 10 0.4647072897814534 0.2934370574815937 Penicillium-verrucosum
11 10 0.4179396453907046 0.35079128036597007 Penicillium-solitum
11 10 0.5609175281031318 0.19019564569536562 Penicillium-chrysogenum
11 10 0.5140397852615447 0.23790760775710676 Penicillium-commune
11 10 0.5080996308904372 0.244311471421339 Penicillium-mb
11 10 0.7458390440335342 0.05424741569315038 Penicillium-polonicum
11 12 0.7739753195106107 0.041126740320210374 Penicillium-brevicompactum
11 12 -0.42687530070627566 0.33949489448267767 Penicillium-cvjetkovicii
11 12 -0.3192527665470257 0.4852120731975596 Penicillium-verrucosum
11 12 0.7606294021458497 0.04710206749057663 Penicillium-solitum
11 12 -0.02153838914543334 0.9634437755803374 Penicillium-chrysogenum
11 12 0.664222328545874 0.10366534663861242 Penicillium-commune
11 12 0.721528552460246 0.06719549514768558 Penicillium-mb
11 12 0.7473736531204206 0.05348034950107171 Penicillium-polonicum
5 8 0.9954482203554557 2.6782251453092514e-06 Penicillium-brevicompactum
5 8 0.08810937205581275 0.8510008184650848 Penicillium-cvjetkovicii
5 8 0.8271668560200272 0.021680952400080573 Penicillium-verrucosum
5 8 0.8139244430669839 0.02587931791054223 Penicillium-solitum
5 8 0.8569206779988382 0.013748925520135201 Penicillium-chrysogenum
5 8 0.7725744235244486 0.041733013630844834 Penicillium-commune
5 8 0.8125769738516415 0.026330075671304385 Penicillium-mb
5 8 0.8033917627184985 0.02951975116066332 Penicillium-polonicum
5 12 0.7678131415730189 0.04383025308739652 Penicillium-brevicompactum
5 12 -0.20475398118863442 0.6596392412066642 Penicillium-cvjetkovicii
5 12 0.8731780789839945 0.010263062531667921 Penicillium-verrucosum
5 12 0.7977502228029917 0.03158060960468361 Penicillium-solitum
5 12 0.9845684146001987 5.6348251329894596e-05 Penicillium-chrysogenum
5 12 0.6620485430497768 0.10521287943606633 Penicillium-commune
5 12 0.7316852803347329 0.06160338680107776 Penicillium-mb
5 12 0.8066677905189339 0.028358631933280434 Penicillium-polonicum
11 12 0.8019214405264896 0.030049371974331773 Penicillium-brevicompactum
11 12 -0.1588367264261849 0.7337389959850031 Penicillium-cvjetkovicii
11 12 0.678389202220873 0.09387289780598715 Penicillium-verrucosum
11 12 0.7491849859548867 0.05258262763964333 Penicillium-solitum
11 12 0.7250604042187596 0.06522117561123215 Penicillium-chrysogenum
11 12 0.9680964872052484 0.0003432312427076393 Penicillium-commune
11 12 0.7650435828137043 0.04507629907032959 Penicillium-mb
11 12 0.7378461992920222 0.0583390060074407 Penicillium-polonicum
9 8 0.9954482203554554 2.6782251453095707e-06 Penicillium-brevicompactum
9 8 0.1457427088113599 0.7551988211736895 Penicillium-cvjetkovicii
9 8 0.5119640154417316 0.24013644293965472 Penicillium-verrucosum
9 8 0.5086916273775225 0.2436697235018217 Penicillium-solitum
9 8 0.4337143329490337 0.33095495679750314 Penicillium-chrysogenum
9 8 0.6501781513727096 0.11387389246437113 Penicillium-commune
9 8 0.48496514880226865 0.26999585690756656 Penicillium-mb
9 8 0.49455915303628883 0.259201949879501 Penicillium-polonicum
9 10 0.9954482203554557 2.6782251453092514e-06 Penicillium-brevicompactum
9 10 0.08965249580463043 0.8484121122076085 Penicillium-cvjetkovicii
9 10 0.5321247459020962 0.21890113892191954 Penicillium-verrucosum
9 10 0.5823064614540476 0.17013739969091252 Penicillium-solitum
9 10 0.5941653944813953 0.15949023004641127 Penicillium-chrysogenum
9 10 0.5757194373756701 0.1761980327901854 Penicillium-commune
9 10 0.640596539567062 0.12112356777865976 Penicillium-mb
9 10 0.46669883998529893 0.29109400005147584 Penicillium-polonicum
7 10 0.9962469781149444 1.6539898995094125e-06 Penicillium-brevicompactum
7 10 0.08021814614012253 0.8642551862767706 Penicillium-cvjetkovicii
7 10 0.928520253505908 0.002523916602672081 Penicillium-verrucosum
7 10 0.879302782059661 0.009099592922600626 Penicillium-solitum
7 10 0.9754417894229586 0.00017914632692185852 Penicillium-chrysogenum
7 10 0.9772483362069547 0.00014814013658975063 Penicillium-commune
7 10 0.9727312735533703 0.00023240314560876997 Penicillium-mb
7 10 0.8531077292135392 0.01465179280319411 Penicillium-polonicum
9 8 0.9954482203554553 2.678225145309737e-06 Penicillium-brevicompactum
9 8 0.0898752821541642 0.8480384603544644 Penicillium-cvjetkovicii
9 8 0.26943166731184603 0.5590183846916961 Penicillium-verrucosum
9 8 0.26058579700053214 0.5724815988365535 Penicillium-solitum
9 8 0.18086599528452726 0.6979497594373583 Penicillium-chrysogenum
9 8 0.2413124376250503 0.6021580966667577 Penicillium-commune
9 8 0.26121909227347595 0.5715143683901096 Penicillium-mb
9 8 0.15407406606596968 0.7415292683916521 Penicillium-polonicum
7 12 0.9424623351458015 0.0014784775980324386 Penicillium-brevicompactum
7 12 0.08021814614011555 0.8642551862767823 Penicillium-cvjetkovicii
7 12 0.9173298776557993 0.003608404154227657 Penicillium-verrucosum
7 12 0.9088961963199375 0.004578919051990906 Penicillium-solitum
7 12 0.9765359963300331 0.00015994773103555828 Penicillium-chrysogenum
7 12 0.8271575281329263 0.02168376272096568 Penicillium-commune
7 12 0.8836262574375379 0.008326539082204359 Penicillium-mb
7 12 0.9078698347576128 0.00470630242797243 Penicillium-polonicum
9 12 0.7059547887354342 0.07627994651915158 Penicillium-brevicompactum
9 12 -0.11927679633056043 0.7989467544811961 Penicillium-cvjetkovicii
9 12 0.7052275698145635 0.07671923788068984 Penicillium-verrucosum
9 12 0.21021679260180212 0.6509576928175358 Penicillium-solitum
9 12 0.37469580621408677 0.4075933449765512 Penicillium-chrysogenum
9 12 0.3591792875983587 0.4287976104050148 Penicillium-commune
9 12 0.24207657857498144 0.6009728445489989 Penicillium-mb
9 12 0.18323623225810312 0.6941242969119179 Penicillium-polonicum
11 12 0.9589635921952677 0.0006408587092785368 Penicillium-brevicompactum
11 12 0.4272936708190842 0.33896982122501823 Penicillium-cvjetkovicii
11 12 0.7515746891449332 0.05141094237341823 Penicillium-verrucosum
11 12 0.8855995135353637 0.007986832440063601 Penicillium-solitum
11 12 0.9705720327785445 0.00028084924044699923 Penicillium-chrysogenum
11 12 0.6982878055285483 0.08097908379764274 Penicillium-commune
11 12 0.7278984173997746 0.0636577021544878 Penicillium-mb
11 12 0.7420768001097763 0.05615317142522213 Penicillium-polonicum
9 12 0.9960928794166377 1.828884371296631e-06 Penicillium-brevicompactum
9 12 0.08021814614011559 0.8642551862767822 Penicillium-cvjetkovicii
9 12 0.8826802427230734 0.008492307106117664 Penicillium-verrucosum
9 12 0.6543376864931103 0.1107985331622047 Penicillium-solitum
9 12 0.8794820491432487 0.009066750320348337 Penicillium-chrysogenum
9 12 0.8886757666148952 0.007473490823955289 Penicillium-commune
9 12 0.9029354840594848 0.005347369437033097 Penicillium-mb
9 12 0.855167361641639 0.014160015795019491 Penicillium-polonicum
5 12 0.9962532677872857 1.647074378725861e-06 Penicillium-brevicompactum
5 12 0.0802181461401155 0.8642551862767823 Penicillium-cvjetkovicii
5 12 0.9441265288641184 0.0013751279853849007 Penicillium-verrucosum
5 12 0.8901896797251478 0.007228082926820243 Penicillium-solitum
5 12 0.9749880813400721 0.0001874895950789593 Penicillium-chrysogenum
5 12 0.9373432351631071 0.001824476083883716 Penicillium-commune
5 12 0.9578114103254283 0.0006863640751830924 Penicillium-mb
5 12 0.8927210899404731 0.0068283013052457065 Penicillium-polonicum
11 10 0.43362536495159126 0.33106545645287355 Penicillium-brevicompactum
11 10 -0.14744273312137923 0.7524052990515041 Penicillium-cvjetkovicii
11 10 0.537381143653958 0.2135169662521987 Penicillium-verrucosum
11 10 0.5132080757927988 0.2387994863592329 Penicillium-solitum
11 10 0.5205686523120354 0.23096050171943758 Penicillium-chrysogenum
11 10 0.5089082165352286 0.24343512745719859 Penicillium-commune
11 10 0.4925437803061866 0.2614527519246305 Penicillium-mb
11 10 0.5000548686776781 0.253109497045119 Penicillium-polonicum
7 10 0.9954482203554557 2.6782251453092514e-06 Penicillium-brevicompactum
7 10 0.08840873360265161 0.8504985331430855 Penicillium-cvjetkovicii
7 10 0.8429025467043467 0.01723107677493794 Penicillium-verrucosum
7 10 0.6733630681264335 0.09728885101261334 Penicillium-solitum
7 10 0.8373382302660629 0.018738473790437832 Penicillium-chrysogenum
7 10 0.7545538917406355 0.04997041388913616 Penicillium-commune
7 10 0.7716503639130643 0.042135607218032584 Penicillium-mb
7 10 0.7094306337215078 0.07419889269131416 Penicillium-polonicum
9 12 0.9958958697326209 2.0680029584054652e-06 Penicillium-brevicompactum
9 12 0.0802181461401181 0.864255186276778 Penicillium-cvjetkovicii
9 12 0.7792076662144852 0.0389055885180083 Penicillium-verrucosum
9 12 0.7510147117369957 0.05168420848827599 Penicillium-solitum
9 12 0.8048837395276943 0.028987714133639028 Penicillium-chrysogenum
9 12 0.8486596278370541 0.015746722689678114 Penicillium-commune
9 12 0.8213187872822802 0.023483394736935646 Penicillium-mb
9 12 0.7296039361427402 0.0627279741264765 Penicillium-polonicum
7 12 0.9895886159543544 2.1125082045748222e-05 Penicillium-brevicompactum
7 12 0.08021814614011676 0.8642551862767803 Penicillium-cvjetkovicii
7 12 0.918256225095648 0.0035099601098317725 Penicillium-verrucosum
7 12 0.5026985675560034 0.25020243801787045 Penicillium-solitum
7 12 0.8078677627686763 0.027939852342180577 Penicillium-chrysogenum
7 12 0.793897306325728 0.03303286636920499 Penicillium-commune
7 12 0.79217187727104 0.03369504614668193 Penicillium-mb
7 12 0.7789004991113324 0.039034098322208936 Penicillium-polonicum
5 10 0.9954482203554554 2.6782251453095707e-06 Penicillium-brevicompactum
5 10 0.08984878197989633 0.8480829046183945 Penicillium-cvjetkovicii
5 10 0.41024006522264683 0.3606489635534611 Penicillium-verrucosum
5 10 0.4024011208894232 0.3708011062091602 Penicillium-solitum
5 10 0.2807181202629884 0.5419912051681739 Penicillium-chrysogenum
5 10 0.3587428762705507 0.42940000627331526 Penicillium-commune
5 10 0.39113758745486144 0.3855897722906949 Penicillium-mb
5 10 0.4067120452072509 0.36520368627433275 Penicillium-polonicum
9 8 0.9954482203554554 2.6782251453095707e-06 Penicillium-brevicompactum
9 8 0.08987449362725085 0.848039782812779 Penicillium-cvjetkovicii
9 8 0.2577908966637695 0.5767563664568138 Penicillium-verrucosum
9 8 0.221228883527237 0.6335529226729892 Penicillium-solitum
9 8 0.24267959023523533 0.6000380115985442 Penicillium-chrysogenum
9 8 0.27190132393440886 0.5552779531088697 Penicillium-commune
9 8 0.2753250415948862 0.5501060019455566 Penicillium-mb
9 8 0.20466849115128727 0.6597753468312947 Penicillium-polonicum
11 8 0.9959560257588634 1.993119232169923e-06 Penicillium-brevicompactum
11 8 0.08021814614011893 0.8642551862767767 Penicillium-cvjetkovicii
11 8 0.9052572042578537 0.0050397948650766225 Penicillium-verrucosum
11 8 0.8710037926813479 0.010695586631046564 Penicillium-solitum
11 8 0.8410678552726301 0.01772016661239015 Penicillium-chrysogenum
11 8 0.8934093981277582 0.006721872579778764 Penicillium-commune
11 8 0.8724070275385772 0.010415269951102894 Penicillium-mb
11 8 0.5493409462286466 0.20150463771633081 Penicillium-polonicum
11 10 0.9024458568836319 0.005413590875792754 Penicillium-brevicompactum
11 10 0.10381454610011075 0.8247071308948513 Penicillium-cvjetkovicii
11 10 0.05626057666116989 0.9046401649427337 Penicillium-verrucosum
11 10 0.18372658346331217 0.6933335320446106 Penicillium-solitum
11 10 0.0682248521265367 0.8844472600301462 Penicillium-chrysogenum
11 10 0.6178458110176733 0.1392566066883824 Penicillium-commune
11 10 0.6009025028119854 0.15359379247178734 Penicillium-mb
11 10 0.0030994505657504405 0.9947382345708863 Penicillium-polonicum
9 6 0.9954482203554554 2.6782251453095707e-06 Penicillium-brevicompactum
9 6 0.08982852671953853 0.8481168755593863 Penicillium-cvjetkovicii
9 6 0.3964055559160006 0.37864381008163195 Penicillium-verrucosum
9 6 0.37626824933419994 0.4054680292247454 Penicillium-solitum
9 6 0.3615114766066327 0.4255839173068675 Penicillium-chrysogenum
9 6 0.3999549632915775 0.37399278763151217 Penicillium-commune
9 6 0.4059017065224371 0.3662531769205531 Penicillium-mb
9 6 0.31792686048093083 0.4871291478523528 Penicillium-polonicum
3 10 0.9954482203554558 2.6782251453090896e-06 Penicillium-brevicompactum
3 10 0.08581888348653008 0.854845242448659 Penicillium-cvjetkovicii
3 10 0.8523272571470366 0.01484065584294461 Penicillium-verrucosum
3 10 0.555547913964461 0.19540194925521645 Penicillium-solitum
3 10 0.8164323653090856 0.02505200087304859 Penicillium-chrysogenum
3 10 0.7532672741277889 0.050589782215907535 Penicillium-commune
3 10 0.8259152918205958 0.02205986708903348 Penicillium-mb
3 10 0.7872033321851639 0.035642842635674556 Penicillium-polonicum
7 12 0.9960207670094199 1.9143697927553153e-06 Penicillium-brevicompactum
7 12 0.08021814614011771 0.8642551862767787 Penicillium-cvjetkovicii
7 12 0.8467238621310258 0.016237327962184415 Penicillium-verrucosum
7 12 0.8112768140299557 0.0267691589518433 Penicillium-solitum
7 12 0.8497210252032901 0.015481357820493848 Penicillium-chrysogenum
7 12 0.9865490379458391 4.001294659410527e-05 Penicillium-commune
7 12 0.8488636135400954 0.015695523510903468 Penicillium-mb
7 12 0.7912435850266917 0.03405433532772192 Penicillium-polonicum
7 10 0.9960485706894686 1.8811326938330471e-06 Penicillium-brevicompactum
7 10 0.08021814614011435 0.8642551862767843 Penicillium-cvjetkovicii
7 10 0.8169388916930164 0.024886741762461754 Penicillium-verrucosum
7 10 0.7763122714539747 0.040126264414482735 Penicillium-solitum
7 10 0.8509842870535348 0.01516887365058927 Penicillium-chrysogenum
7 10 0.9009212721535372 0.005622833061176095 Penicillium-commune
7 10 0.8724079925922381 0.010415078640716722 Penicillium-mb
7 10 0.7647052479086954 0.045229837187315984 Penicillium-polonicum
9 10 0.9954482203554558 2.6782251453090896e-06 Penicillium-brevicompactum
9 10 0.1230860440774852 0.7926219082644228 Penicillium-cvjetkovicii
9 10 0.6532025010652607 0.11163351148360955 Penicillium-verrucosum
9 10 0.5794176966423648 0.17278246932715735 Penicillium-solitum
9 10 0.722948422298162 0.06639796805034047 Penicillium-chrysogenum
9 10 0.6052284742904996 0.14986612632010013 Penicillium-commune
9 10 0.6419449963235049 0.12008936349606408 Penicillium-mb
9 10 0.5661419170710824 0.18519559483045564 Penicillium-polonicum
9 10 0.9954482203554557 2.6782251453092514e-06 Penicillium-brevicompactum
9 10 0.26173784457856825 0.5707224628414078 Penicillium-cvjetkovicii
9 10 0.8572948397440809 0.013662094097427772 Penicillium-verrucosum
9 10 0.553149356782557 0.19774949571677602 Penicillium-solitum
9 10 0.7095937017136236 0.07410201633586003 Penicillium-chrysogenum
9 10 0.6815895903928552 0.09173120226885323 Penicillium-commune
9 10 0.6761402524739447 0.09539344743568634 Penicillium-mb
9 10 0.5153855336183334 0.23646779355211234 Penicillium-polonicum
11 8 0.9348950401802562 0.00200526222702549 Penicillium-brevicompactum
11 8 -0.3543955674051444 0.4354184476420421 Penicillium-cvjetkovicii
11 8 0.7830121583163614 0.03733333742735564 Penicillium-verrucosum
11 8 0.8676013061814037 0.011393129208922624 Penicillium-solitum
11 8 0.7173451528448751 0.06957509336171064 Penicillium-chrysogenum
11 8 0.6699646201361545 0.09963486592050551 Penicillium-commune
11 8 0.6322602233256344 0.1276181538627196 Penicillium-mb
11 8 0.37925284568530726 0.4014461324399706 Penicillium-polonicum
9 12 0.9651963743080451 0.0004259604493800737 Penicillium-brevicompactum
9 12 0.6783647205881339 0.0938893811083057 Penicillium-cvjetkovicii
9 12 0.6771421274692585 0.09471447894357816 Penicillium-verrucosum
9 12 0.7309636609881087 0.06199204416737576 Penicillium-solitum
9 12 0.9888777089038084 2.490845975927103e-05 Penicillium-chrysogenum
9 12 0.48226173731100713 0.2730734002809341 Penicillium-commune
9 12 0.5839310816687304 0.16865866806829782 Penicillium-mb
9 12 0.7169221923448615 0.06981816075416747 Penicillium-polonicum
9 12 0.27742958220654984 0.5469346619581705 Penicillium-brevicompactum
9 12 0.6209852554683497 0.13667782029530579 Penicillium-cvjetkovicii
9 12 0.38152992834200233 0.398388347708334 Penicillium-verrucosum
9 12 0.3785882136767344 0.40234038399112265 Penicillium-solitum
9 12 0.5680962464737124 0.1833418407420945 Penicillium-chrysogenum
9 12 0.13499903757645293 0.7729011808085898 Penicillium-commune
9 12 0.41257903577058375 0.35764238387331987 Penicillium-mb
9 12 0.4704231344175207 0.2867347648798784 Penicillium-polonicum
9 10 0.9962484171240519 1.652406170814872e-06 Penicillium-brevicompactum
9 10 0.08021814614011696 0.86425518627678 Penicillium-cvjetkovicii
9 10 0.91865506771611 0.0034680644393775676 Penicillium-verrucosum
9 10 0.8837001774737918 0.00831366573481731 Penicillium-solitum
9 10 0.9500341107015913 0.0010433084949508754 Penicillium-chrysogenum
9 10 0.9479720105649201 0.0011530099222606558 Penicillium-commune
9 10 0.9511896193477758 0.0009846516645098478 Penicillium-mb
9 10 0.767564852313818 0.04394117574069164 Penicillium-polonicum
11 10 0.9954482203554554 2.6782251453095707e-06 Penicillium-brevicompactum
11 10 -0.07469994367752143 0.8735389584174938 Penicillium-cvjetkovicii
11 10 0.43368113123064345 0.33099619201271413 Penicillium-verrucosum
11 10 0.4338468385362971 0.3307904119744276 Penicillium-solitum
11 10 -0.02619787085380508 0.9555403737398724 Penicillium-chrysogenum
11 10 0.3639528797257418 0.42222973406022957 Penicillium-commune
11 10 0.41202290244346856 0.3583563064372372 Penicillium-mb
11 10 -0.24165586534826977 0.6016253227455164 Penicillium-polonicum
5 12 0.9945923114210096 4.118354434493708e-06 Penicillium-brevicompactum
5 12 -0.08331431057641202 0.8590516046238998 Penicillium-cvjetkovicii
5 12 0.7992752765089227 0.0310158340452442 Penicillium-verrucosum
5 12 0.8237615933588319 0.0227206053730101 Penicillium-solitum
5 12 0.9349084086024246 0.0020042476813544505 Penicillium-chrysogenum
5 12 0.7567895723219464 0.04890410171200632 Penicillium-commune
5 12 0.8491129172905243 0.015633078900152624 Penicillium-mb
5 12 0.832530538794369 0.02009899892289074 Penicillium-polonicum
3 12 0.9959420062134028 2.0104232880325126e-06 Penicillium-brevicompactum
3 12 0.08021814614011555 0.8642551862767823 Penicillium-cvjetkovicii
3 12 0.7742941886841197 0.040989426130150726 Penicillium-verrucosum
3 12 0.7303479083534683 0.062324728743733106 Penicillium-solitum
3 12 0.833657092891259 0.019775340530196698 Penicillium-chrysogenum
3 12 0.8211244782645543 0.02354468034064788 Penicillium-commune
3 12 0.8205827020316726 0.023716034069789553 Penicillium-mb
3 12 0.6935262826390274 0.08397277631989994 Penicillium-polonicum
9 12 0.9958774622036096 2.091248485619619e-06 Penicillium-brevicompactum
9 12 0.08021814614011437 0.8642551862767842 Penicillium-cvjetkovicii
9 12 0.7861301048051598 0.036071582576154476 Penicillium-verrucosum
9 12 0.8308564771238233 0.02058546373716454 Penicillium-solitum
9 12 0.8818806871808463 0.008633885570173812 Penicillium-chrysogenum
9 12 0.8570123615263217 0.013727619475043189 Penicillium-commune
9 12 0.9544131052839984 0.0008315041001138216 Penicillium-mb
9 12 0.7068638446120267 0.07573270674044405 Penicillium-polonicum
11 12 0.9462626663727506 0.0012488944201691826 Penicillium-brevicompactum
11 12 -0.00250968795604118 0.9957394348169166 Penicillium-cvjetkovicii
11 12 0.6164867177959524 0.14038055244132944 Penicillium-verrucosum
11 12 0.8744941829336587 0.010006236024105964 Penicillium-solitum
11 12 0.6514445024590114 0.11293300144319193 Penicillium-chrysogenum
11 12 0.6273392847969401 0.13153334054795762 Penicillium-commune
11 12 0.6375549984197221 0.12347301067210924 Penicillium-mb
11 12 0.2886998062989736 0.5300548599740706 Penicillium-polonicum
11 12 0.9524069166839796 0.000925016933712623 Penicillium-brevicompactum
11 12 0.08021814614011591 0.8642551862767817 Penicillium-cvjetkovicii
11 12 0.9320514653570623 0.0022279697607207353 Penicillium-verrucosum
11 12 0.7805017168944833 0.038366771576922504 Penicillium-solitum
11 12 0.8934576329362905 0.0067144506735163445 Penicillium-chrysogenum
11 12 0.8756472035679917 0.009784309302434015 Penicillium-commune
11 12 0.8757940862319165 0.009756243973840903 Penicillium-mb
11 12 0.5993460255686612 0.15494620655773228 Penicillium-polonicum
11 12 0.9554237392018547 0.0007866150697331642 Penicillium-brevicompactum
11 12 0.6247984887606682 0.1335784392236434 Penicillium-cvjetkovicii
11 12 0.8623633334719 0.012516755230937733 Penicillium-verrucosum
11 12 0.7433733585510697 0.05549235550060088 Penicillium-solitum
11 12 0.9164091477435734 0.0037078328304075304 Penicillium-chrysogenum
11 12 0.6404344150538438 0.12124821664502257 Penicillium-commune
11 12 0.8559897718781787 0.013966327178549938 Penicillium-mb
11 12 0.7409040628165868 0.0567545475760876 Penicillium-polonicum
9 10 0.9948118285319084 3.7134835500646103e-06 Penicillium-brevicompactum
9 10 -0.07649798948349708 0.87051263297483 Penicillium-cvjetkovicii
9 10 0.8249983069260487 0.022339844467291824 Penicillium-verrucosum
9 10 0.7992624466633925 0.031020561599267308 Penicillium-solitum
9 10 0.8516385689966154 0.015008456965909224 Penicillium-chrysogenum
9 10 0.8573420412721641 0.013651162434252417 Penicillium-commune
9 10 0.8403995350605774 0.01790026335884579 Penicillium-mb
9 10 0.7838150465255015 0.0370061256946327 Penicillium-polonicum
7 12 -0.4726565699394498 0.2841346147116177 Penicillium-brevicompactum
7 12 -0.0898209457849745 0.8481295899086478 Penicillium-cvjetkovicii
7 12 0.7046575113454504 0.07706453485721329 Penicillium-verrucosum
7 12 0.6522729496476399 0.11231965437892276 Penicillium-solitum
7 12 0.7132433117186072 0.07195155122695934 Penicillium-chrysogenum
7 12 0.7364577821431529 0.059066254171878975 Penicillium-commune
7 12 0.724363320545935 0.06560833504326274 Penicillium-mb
7 12 0.6128076426145233 0.14344598187858537 Penicillium-polonicum
9 12 0.9129030955508102 0.004101001403396837 Penicillium-brevicompactum
9 12 -0.38209300409858454 0.39763365479146623 Penicillium-cvjetkovicii
9 12 0.7165027659551015 0.07005964684454956 Penicillium-verrucosum
9 12 0.20328783559695257 0.661974469644923 Penicillium-solitum
9 12 0.5092202154708242 0.2430973733977797 Penicillium-chrysogenum
9 12 0.46014525090936725 0.2988355787455391 Penicillium-commune
9 12 0.41044849249359044 0.36038062141170296 Penicillium-mb
9 12 0.7237415468354074 0.06595471022959455 Penicillium-polonicum
7 12 0.49865582156296073 0.2546541550340268 Penicillium-brevicompactum
7 12 -0.11932358187137454 0.7988690184740761 Penicillium-cvjetkovicii
7 12 0.35776936929580355 0.4307449464901473 Penicillium-verrucosum
7 12 0.43632195745702 0.32772325411075254 Penicillium-solitum
7 12 0.4440614263614454 0.31821181105455737 Penicillium-chrysogenum
7 12 0.48398182741479134 0.271113439087985 Penicillium-commune
7 12 0.4270430480405622 0.3392843227120125 Penicillium-mb
7 12 0.3080999272442017 0.5014209771221654 Penicillium-polonicum
5 10 0.9954482203554552 2.6782251453099e-06 Penicillium-brevicompactum
5 10 0.08917531929880693 0.8492124969254313 Penicillium-cvjetkovicii
5 10 0.679114725447674 0.09338509904742211 Penicillium-verrucosum
5 10 0.6106165534611995 0.14528747764383582 Penicillium-solitum
5 10 0.7343550619847191 0.06017696543383724 Penicillium-chrysogenum
5 10 0.6823887493408805 0.09120046489432176 Penicillium-commune
5 10 0.6790458077343414 0.09343137778835839 Penicillium-mb
5 10 0.6492676776299893 0.11455286211362284 Penicillium-polonicum
11 12 0.5623251293928845 0.18884212111048485 Penicillium-brevicompactum
11 12 -0.28071664062034407 0.5419934260988319 Penicillium-cvjetkovicii
11 12 0.9272263791911601 0.002637811960792294 Penicillium-verrucosum
11 12 0.43583293237299076 0.3283282828008706 Penicillium-solitum
11 12 0.6154675270747982 0.14122640124537714 Penicillium-chrysogenum
11 12 0.5619044720665841 0.189246126468471 Penicillium-commune
11 12 0.5659255516717986 0.18540138389347915 Penicillium-mb
11 12 0.40895421312368946 0.36230627824998385 Penicillium-polonicum
3 12 -0.9393779785056394 0.0016818135715042342 Penicillium-brevicompactum
3 12 -0.08984911536360449 0.8480823454882526 Penicillium-cvjetkovicii
3 12 0.8001861256036208 0.03068123227279389 Penicillium-verrucosum
3 12 0.7761537933179037 0.04019368027617981 Penicillium-solitum
3 12 0.8323310772447026 0.02015661460308314 Penicillium-chrysogenum
3 12 0.713584028545138 0.07175252102433323 Penicillium-commune
3 12 0.7673889019848988 0.04401987466058617 Penicillium-mb
3 12 0.794075451865785 0.03296491527920039 Penicillium-polonicum
7 10 0.9954482203554557 2.6782251453092514e-06 Penicillium-brevicompactum
7 10 0.08978811155310029 0.8481846580773174 Penicillium-cvjetkovicii
7 10 0.49396821561489684 0.2598609984224246 Penicillium-verrucosum
7 10 0.46982663671049407 0.28743098928834293 Penicillium-solitum
7 10 0.4725820909405574 0.2842211522907544 Penicillium-chrysogenum
7 10 0.4951088061722352 0.2585896302412206 Penicillium-commune
7 10 0.5087294563947602 0.24362874189622313 Penicillium-mb
7 10 0.4567657214713873 0.30286270755938666 Penicillium-polonicum
5 12 0.9959654793222732 1.9815014519356634e-06 Penicillium-brevicompactum
5 12 0.08021814614011595 0.8642551862767817 Penicillium-cvjetkovicii
5 12 0.8853803812321704 0.008024153764186722 Penicillium-verrucosum
5 12 0.8585933747647743 0.013363183721670134 Penicillium-solitum
5 12 0.9218051586693924 0.0031474550388451324 Penicillium-chrysogenum
5 12 0.8394488169775881 0.018158245326018604 Penicillium-commune
5 12 0.8768291746014376 0.009559782401368176 Penicillium-mb
5 12 0.8511827853109675 0.015120102986867065 Penicillium-polonicum
7 10 0.9954482203554558 2.6782251453090896e-06 Penicillium-brevicompactum
7 10 0.0898108234995424 0.8481465665202629 Penicillium-cvjetkovicii
7 10 0.5103177667542153 0.24191094771494875 Penicillium-verrucosum
7 10 0.5200681342550065 0.23148967757051653 Penicillium-solitum
7 10 0.38882847280323524 0.38865047532612795 Penicillium-chrysogenum
7 10 0.4270003078256956 0.33933796887923645 Penicillium-commune
7 10 0.4741548407980642 0.28239626631598186 Penicillium-mb
7 10 0.5205218567783703 0.2310099525644284 Penicillium-polonicum
11 2 0.4015139521788389 0.37195736581176675 Penicillium-brevicompactum
11 2 0.45889522178632774 0.3003223811202006 Penicillium-cvjetkovicii
11 2 0.4128997566794313 0.35723093534892575 Penicillium-verrucosum
11 2 0.4427869467119715 0.31976978122930483 Penicillium-solitum
11 2 0.7677250110734571 0.0438696075023617 Penicillium-chrysogenum
11 2 0.6004333765082194 0.15400078999788444 Penicillium-commune
11 2 0.5841536620341249 0.1684565712223701 Penicillium-mb
11 2 0.4321709517195762 0.3328740923103286 Penicillium-polonicum
11 8 0.9985019979746835 1.666810511064403e-07 Penicillium-brevicompactum
11 8 0.08021814614011555 0.8642551862767823 Penicillium-cvjetkovicii
11 8 0.8772956604241116 0.009471994938338182 Penicillium-verrucosum
11 8 0.8598636035590784 0.013074446532860157 Penicillium-solitum
11 8 0.888110033441061 0.007566416772100215 Penicillium-chrysogenum
11 8 0.8526858354391519 0.014753713440480369 Penicillium-commune
11 8 0.8708208041775152 0.010732457224222112 Penicillium-mb
11 8 0.6343536165631133 0.12597091979536978 Penicillium-polonicum
9 10 0.9954482203554557 2.6782251453092514e-06 Penicillium-brevicompactum
9 10 0.088922601368976 0.8496364312369329 Penicillium-cvjetkovicii
9 10 0.728137868536718 0.0635267242286841 Penicillium-verrucosum
9 10 0.6824655046881768 0.09114957553462322 Penicillium-solitum
9 10 0.7500813080530018 0.05214146499690076 Penicillium-chrysogenum
9 10 0.7511889842987929 0.05159907949659961 Penicillium-commune
9 10 0.756901977848737 0.04885082226495119 Penicillium-mb
9 10 0.6699013814279792 0.09967879818331328 Penicillium-polonicum
11 12 0.9966075437021148 1.2851379719477115e-06 Penicillium-brevicompactum
11 12 0.08021814614011559 0.8642551862767822 Penicillium-cvjetkovicii
11 12 0.8414199710374732 0.017625695958349445 Penicillium-verrucosum
11 12 0.8328986048714839 0.0199929261075841 Penicillium-solitum
11 12 0.9343427976368767 0.0020474368084263147 Penicillium-chrysogenum
11 12 0.8932149630733079 0.006751838598922712 Penicillium-commune
11 12 0.9818863037357772 8.399320897344154e-05 Penicillium-mb
11 12 0.7932332042780502 0.033286866350723754 Penicillium-polonicum
11 12 0.9673317114293852 0.00036402113320874565 Penicillium-brevicompactum
11 12 0.08021814614011591 0.8642551862767817 Penicillium-cvjetkovicii
11 12 0.8172298404305818 0.0247920953354053 Penicillium-verrucosum
11 12 0.8085522258207235 0.02770254499435274 Penicillium-solitum
11 12 0.8151766686312687 0.0254643413375878 Penicillium-chrysogenum
11 12 0.8500607874203882 0.015396955642480831 Penicillium-commune
11 12 0.8006789346188082 0.030501043622686422 Penicillium-mb
11 12 0.49716604535304104 0.25630372186458156 Penicillium-polonicum
9 12 -0.9952852404856354 2.924185338477714e-06 Penicillium-brevicompactum
9 12 -0.08991257081819924 0.8479759229220354 Penicillium-cvjetkovicii
9 12 0.6737348608753709 0.09703397176332496 Penicillium-verrucosum
9 12 0.547880409643486 0.20295374819614695 Penicillium-solitum
9 12 0.6639699051662867 0.10384443550126904 Penicillium-chrysogenum
9 12 0.670786266702312 0.09906498466751451 Penicillium-commune
9 12 0.6582217913608 0.10796617816504925 Penicillium-mb
9 12 0.6238925565332 0.13431150849640244 Penicillium-polonicum
7 12 0.9911267497390901 1.4177286117254302e-05 Penicillium-brevicompactum
7 12 -0.08930096474982469 0.8490017374365708 Penicillium-cvjetkovicii
7 12 0.7760418647526296 0.04024133188577272 Penicillium-verrucosum
7 12 0.72368766277012 0.06598477404825777 Penicillium-solitum
7 12 0.8159407631333176 0.02521297988509422 Penicillium-chrysogenum
7 12 0.7352564979426034 0.05969942942878543 Penicillium-commune
7 12 0.8116543290446524 0.026641246084280236 Penicillium-mb
7 12 0.7492685307679173 0.05254142174894942 Penicillium-polonicum
5 10 0.9954482203554554 2.6782251453095707e-06 Penicillium-brevicompactum
5 10 0.08845890812794814 0.8504143514850997 Penicillium-cvjetkovicii
5 10 0.7973431606285967 0.031732320652873174 Penicillium-verrucosum
5 10 0.7365649573539702 0.05900994197528062 Penicillium-solitum
5 10 0.8630770929118264 0.012360068484709124 Penicillium-chrysogenum
5 10 0.7353660072680713 0.059641557327446394 Penicillium-commune
5 10 0.7656963919798571 0.044780862620072984 Penicillium-mb
5 10 0.7868487486999197 0.03578417884863793 Penicillium-polonicum
11 12 0.980460874555002 0.00010142744674470121 Penicillium-brevicompactum
11 12 -0.07810160109698551 0.8678146220750619 Penicillium-cvjetkovicii
11 12 0.7149781003618614 0.07094125070229033 Penicillium-verrucosum
11 12 0.5986604111159033 0.15554381144293344 Penicillium-solitum
11 12 0.7386339661425881 0.05792855064962314 Penicillium-chrysogenum
11 12 0.6548449354710602 0.11042647912085725 Penicillium-commune
11 12 0.9746276539333879 0.00019427934682680347 Penicillium-mb
11 12 0.5671987936257057 0.18419197990442998 Penicillium-polonicum
7 10 0.9954482203554554 2.6782251453095707e-06 Penicillium-brevicompactum
7 10 0.08958136317111476 0.8485314188889909 Penicillium-cvjetkovicii
7 10 0.5351160336377319 0.2158293400225807 Penicillium-verrucosum
7 10 0.5806075674255321 0.1716905418871972 Penicillium-solitum
7 10 0.6248336488534288 0.13355002920491763 Penicillium-chrysogenum
7 10 0.6737035099740042 0.0970554505668464 Penicillium-commune
7 10 0.6530343917652041 0.11175743917541982 Penicillium-mb
7 10 0.5922920950240764 0.16114942917740213 Penicillium-polonicum
9 12 0.3517392518252229 0.43911158826913266 Penicillium-brevicompactum
9 12 0.39850676783896294 0.37588762267387854 Penicillium-cvjetkovicii
9 12 0.11376601425954233 0.8081122314734573 Penicillium-verrucosum
9 12 0.021343953487825824 0.963773632207797 Penicillium-solitum
9 12 0.38096974448115145 0.3991397296974802 Penicillium-chrysogenum
9 12 -0.08534963081640505 0.8556331339979846 Penicillium-commune
9 12 0.022826389095943003 0.9612588130924593 Penicillium-mb
9 12 0.17603101636902246 0.7057689225340833 Penicillium-polonicum
5 12 0.9961477568466 1.7653922921779568e-06 Penicillium-brevicompactum
5 12 0.08021814614011896 0.8642551862767767 Penicillium-cvjetkovicii
5 12 0.9221416761730976 0.003114277692281396 Penicillium-verrucosum
5 12 0.8722485284815055 0.010446717948635368 Penicillium-solitum
5 12 0.9562335581846926 0.0007517052193713447 Penicillium-chrysogenum
5 12 0.9052505543719364 0.005040660698780984 Penicillium-commune
5 12 0.9148917003919333 0.0038751592326129614 Penicillium-mb
5 12 0.8505076402551529 0.015286351219689564 Penicillium-polonicum
7 10 0.7549988880692651 0.049757167646638886 Penicillium-brevicompactum
7 10 0.8599762378264652 0.01304901776389154 Penicillium-cvjetkovicii
7 10 0.889801591869521 0.007290540498245434 Penicillium-verrucosum
7 10 0.9379898006100787 0.0017784013153754026 Penicillium-solitum
7 10 0.9705720327785445 0.00028084924044699923 Penicillium-chrysogenum
7 10 0.6992422925986634 0.08038591688785872 Penicillium-commune
7 10 0.7722200789175134 0.04188714198699273 Penicillium-mb
7 10 0.9468846766591069 0.001213479422088324 Penicillium-polonicum
7 12 0.7044799992982943 0.07717222677460284 Penicillium-brevicompactum
7 12 0.5462849503468007 0.20454241620670252 Penicillium-cvjetkovicii
7 12 0.5092847004758202 0.243027592326866 Penicillium-verrucosum
7 12 0.27798385075458354 0.5461004311866781 Penicillium-solitum
7 12 0.6749640841909426 0.09619378378556148 Penicillium-chrysogenum
7 12 0.6006503445251115 0.15381248925166305 Penicillium-commune
7 12 0.42961060642233434 0.3360682048851677 Penicillium-mb
7 12 0.5542415633566531 0.1966788411064966 Penicillium-polonicum
9 12 0.9095478046731055 0.004499102758389144 Penicillium-brevicompactum
9 12 -0.8605253535847974 0.012925453142514224 Penicillium-cvjetkovicii
9 12 0.8548950911141565 0.014224475460608225 Penicillium-verrucosum
9 12 0.8792281363181556 0.009113288596109548 Penicillium-solitum
9 12 0.9742679709921619 0.00020119895965485122 Penicillium-chrysogenum
9 12 0.7263074689529714 0.06453164013115019 Penicillium-commune
9 12 0.8060269638567272 0.028583706522921283 Penicillium-mb
9 12 0.8463914190049665 0.016322447341877863 Penicillium-polonicum
9 10 0.8185549454857523 0.02436360221868931 Penicillium-brevicompactum
9 10 0.38277730503348595 0.3967172508114914 Penicillium-cvjetkovicii
9 10 0.5435450595991875 0.2072844791994974 Penicillium-verrucosum
9 10 0.6603359593538197 0.1064404895105123 Penicillium-solitum
9 10 0.7860239280759165 0.036114153653646 Penicillium-chrysogenum
9 10 0.5477448293641741 0.20308852048699388 Penicillium-commune
9 10 0.6006017610185499 0.15385464357579667 Penicillium-mb
9 10 0.6430224116462128 0.1192663113750057 Penicillium-polonicum
7 12 0.995270846920103 2.946531629437672e-06 Penicillium-brevicompactum
7 12 0.052982015182202545 0.9101811264261872 Penicillium-cvjetkovicii
7 12 0.8534782066997453 0.014562625991910012 Penicillium-verrucosum
7 12 0.8079881839155395 0.027898019296839105 Penicillium-solitum
7 12 0.878667642524905 0.009216505420877867 Penicillium-chrysogenum
7 12 0.8120663139027066 0.026502046543408497 Penicillium-commune
7 12 0.8794398337148406 0.009074478224147578 Penicillium-mb
7 12 0.785877519518081 0.03617290125963002 Penicillium-polonicum
11 8 0.9954607739585364 2.659815178974624e-06 Penicillium-brevicompactum
11 8 -0.38114106097108263 0.39890988084617574 Penicillium-cvjetkovicii
11 8 0.5848949018210895 0.16778440857454302 Penicillium-verrucosum
11 8 0.7312981503066599 0.06181172690624918 Penicillium-solitum
11 8 0.7994398398053673 0.03095523130633773 Penicillium-chrysogenum
11 8 0.6418303724001369 0.12017709754600668 Penicillium-commune
11 8 0.6921865115948866 0.08482552649700664 Penicillium-mb
11 8 0.7096681475345304 0.07405781165409628 Penicillium-polonicum
9 12 0.9623654924256158 0.000517138395670547 Penicillium-brevicompactum
9 12 -0.7822263843787823 0.03765512256521206 Penicillium-cvjetkovicii
9 12 0.7993932989106909 0.030972363924601728 Penicillium-verrucosum
9 12 0.8767505365821284 0.009574627209737573 Penicillium-solitum
9 12 0.30605001570412377 0.5044205807519675 Penicillium-chrysogenum
9 12 0.20689993499634898 0.6562251967667028 Penicillium-commune
9 12 0.7205796908262255 0.06773132075547085 Penicillium-mb
9 12 0.8450324057056585 0.016673051902613208 Penicillium-polonicum
9 6 0.9954482203554557 2.6782251453092514e-06 Penicillium-brevicompactum
9 6 0.08841720548506854 0.8504843191354798 Penicillium-cvjetkovicii
9 6 0.7299974377821211 0.06251451444234787 Penicillium-verrucosum
9 6 0.6789915190351059 0.09346784153148897 Penicillium-solitum
9 6 0.7988388576537004 0.031176872241541777 Penicillium-chrysogenum
9 6 0.7985528830408054 0.031282649419970304 Penicillium-commune
9 6 0.7781927336244211 0.03933110049952292 Penicillium-mb
9 6 0.7507120064961934 0.05183225684346115 Penicillium-polonicum
11 10 0.42010057489552255 0.3480451971877842 Penicillium-brevicompactum
11 10 -0.19550768122970008 0.6744025439368961 Penicillium-cvjetkovicii
11 10 0.2915117473392368 0.5258709427575974 Penicillium-verrucosum
11 10 0.1233089911943401 0.7922520055046904 Penicillium-solitum
11 10 0.37937287129919883 0.40128472405563603 Penicillium-chrysogenum
11 10 0.5300204264007092 0.2210744026750714 Penicillium-commune
11 10 0.565276638707814 0.18601924384383564 Penicillium-mb
11 10 0.5154189447769433 0.23643209879897184 Penicillium-polonicum
7 10 0.9954482203554557 2.6782251453092514e-06 Penicillium-brevicompactum
7 10 0.08806409436322973 0.8510767913669786 Penicillium-cvjetkovicii
7 10 0.7230651415523119 0.06633263611204024 Penicillium-verrucosum
7 10 0.6919850981244094 0.0849541189577082 Penicillium-solitum
7 10 0.7384553077815301 0.0580215002018591 Penicillium-chrysogenum
7 10 0.725994776602811 0.06470416463326988 Penicillium-commune
7 10 0.7572565482446835 0.04868296689176496 Penicillium-mb
7 10 0.6746959122195871 0.0963767555370043 Penicillium-polonicum
11 6 0.66485508317986 0.10321712929631914 Penicillium-brevicompactum
11 6 -0.2719234104442845 0.555244538435858 Penicillium-cvjetkovicii
11 6 0.6410205385599779 0.12079788893904826 Penicillium-verrucosum
11 6 0.6530231348627762 0.11176574014044072 Penicillium-solitum
11 6 0.5755220346231275 0.1763812687984383 Penicillium-chrysogenum
11 6 0.5439135688407446 0.2069146613995819 Penicillium-commune
11 6 0.48194355220055807 0.27343665533570544 Penicillium-mb
11 6 0.22916191741746084 0.6210968515293416 Penicillium-polonicum
11 10 0.9954482203554557 2.6782251453092514e-06 Penicillium-brevicompactum
11 10 0.10643979429745289 0.8203240527059072 Penicillium-cvjetkovicii
11 10 0.33232841823513853 0.4664531606158998 Penicillium-verrucosum
11 10 0.06366871766409579 0.89213157179445 Penicillium-solitum
11 10 0.016231955967971796 0.9724474057614089 Penicillium-chrysogenum
11 10 0.3186689224820204 0.4860558968296394 Penicillium-commune
11 10 0.3395577385674819 0.45619821348327694 Penicillium-mb
11 10 0.06592945776797753 0.8883177701250677 Penicillium-polonicum
11 10 0.8778134800893803 0.009375093490513003 Penicillium-brevicompactum
11 10 -0.11174600700513773 0.8114763096913853 Penicillium-cvjetkovicii
11 10 0.7341818321744485 0.060268970270342094 Penicillium-verrucosum
11 10 0.729682205661008 0.06268548453941188 Penicillium-solitum
11 10 0.8217159521190887 0.023358408098888464 Penicillium-chrysogenum
11 10 0.6824271079698317 0.09117503097037744 Penicillium-commune
11 10 0.7145406834646473 0.07119526971724112 Penicillium-mb
11 10 0.49852651823459077 0.25479713371270996 Penicillium-polonicum
