#SPECIES: Penicillium-solitum Penicillium-chrysogenum Penicillium-verrucosum Penicillium-brevicompactum Penicillium-polonicum Penicillium-commune Penicillium-mb Penicillium-cvjetkovicii 
#GENE_TREEs p: 0.15458744976939892 0.08849653201622355 0.8546537271571165 0.008835379886948491 0.14578771099152746 0.04790450032830436 0.04041181514790845 0.049848301529845145 
#GENE_TREEs r: 0.5997582509314955 0.6864988016578751 0.08593295483449669 0.8807557102813278 0.6100237734516636 0.7589097761163525 0.7756420167962248 0.7548085848936644 
8 12 0.7104127394448833 0.07361646190628256 Penicillium-solitum
8 12 0.719444292431757 0.06837549521418158 Penicillium-chrysogenum
8 12 -0.46650742254789734 0.29131884076553743 Penicillium-verrucosum
8 12 0.8045392398331209 0.02911008116540127 Penicillium-brevicompactum
8 12 0.710925684836547 0.07331323968733047 Penicillium-polonicum
8 12 0.584948395893313 0.1677359510375988 Penicillium-commune
8 12 0.5955361337960858 0.15828156415807523 Penicillium-mb
8 12 0.14899936580865114 0.7498492835637187 Penicillium-cvjetkovicii
10 8 0.580944228560467 0.17138221126665396 Penicillium-solitum
10 8 0.6961275472139259 0.08233014270844581 Penicillium-chrysogenum
10 8 -0.5521913909881913 0.19869086323684465 Penicillium-verrucosum
10 8 0.8133353224220939 0.026075853209181175 Penicillium-brevicompactum
10 8 0.6983651513532425 0.08093093080420886 Penicillium-polonicum
10 8 0.6285837541830489 0.13053752014546072 Penicillium-commune
10 8 0.5986799027359975 0.15552680602624547 Penicillium-mb
10 8 0.17520364400649138 0.7071090375617565 Penicillium-cvjetkovicii
10 12 0.6808691958472014 0.09221102092425221 Penicillium-solitum
10 12 0.6892491053552349 0.08671113640525094 Penicillium-chrysogenum
10 12 -0.5302694311017092 0.22081671056150434 Penicillium-verrucosum
10 12 0.7948041908618224 0.032687760260014985 Penicillium-brevicompactum
10 12 0.8695859029805217 0.010983189501002492 Penicillium-polonicum
10 12 0.5860048105798146 0.16678041610186067 Penicillium-commune
10 12 0.5501664348611423 0.2006878124110401 Penicillium-mb
10 12 -0.48879791334820966 0.2656597368747989 Penicillium-cvjetkovicii
10 10 0.5825614399466611 0.16990489669095435 Penicillium-solitum
10 10 0.5891587103204795 0.16394375602806202 Penicillium-chrysogenum
10 10 -0.5482279234363836 0.20260850136131361 Penicillium-verrucosum
10 10 -0.7795761974366692 0.03875171543127345 Penicillium-brevicompactum
10 10 0.5739110583285375 0.17788012239302636 Penicillium-polonicum
10 10 0.46983226094976405 0.2874244212381724 Penicillium-commune
10 10 0.4294272265146628 0.3362974749404383 Penicillium-mb
10 10 0.22054211178186828 0.6346345448521986 Penicillium-cvjetkovicii
8 10 0.7003580953258102 0.07969544072346685 Penicillium-solitum
8 10 0.7225165050077729 0.0666400290035173 Penicillium-chrysogenum
8 10 -0.43912270594244124 0.32426735270619667 Penicillium-verrucosum
8 10 0.7947042445107984 0.032725694783688225 Penicillium-brevicompactum
8 10 0.6168965328959818 0.14004116165284605 Penicillium-polonicum
8 10 0.5986735318989301 0.15553236414552302 Penicillium-commune
8 10 0.5598396759031375 0.19123525756998164 Penicillium-mb
8 10 -0.2960909658281095 0.5190815518517242 Penicillium-cvjetkovicii
6 10 0.7839371730065242 0.03695649390923717 Penicillium-solitum
6 10 0.801670716099834 0.03014021097139146 Penicillium-chrysogenum
6 10 -0.23007052319064583 0.6196747212837044 Penicillium-verrucosum
6 10 0.7966973089713739 0.03197386131324613 Penicillium-brevicompactum
6 10 0.6175433158038914 0.13950636954878348 Penicillium-polonicum
6 10 0.6510276817188994 0.11324225110496881 Penicillium-commune
6 10 0.6441549803996629 0.11840426561682885 Penicillium-mb
6 10 -0.19667327992954992 0.672536788809186 Penicillium-cvjetkovicii
8 8 0.23623916517320437 0.610044765362481 Penicillium-solitum
8 8 0.2625612056268067 0.5694662654416291 Penicillium-chrysogenum
8 8 -0.4046338104519413 0.36789775037186223 Penicillium-verrucosum
8 8 0.7947042445107986 0.032725694783688114 Penicillium-brevicompactum
8 8 0.25926744320050477 0.5744967646611085 Penicillium-polonicum
8 8 0.1835319580824871 0.6936473682258322 Penicillium-commune
8 8 0.16043455444574412 0.7311294646308775 Penicillium-mb
8 8 -0.2351649256390727 0.6117186079690929 Penicillium-cvjetkovicii
10 12 0.8045050581884321 0.029122238306864296 Penicillium-solitum
10 12 0.8333533870763404 0.019862301839771182 Penicillium-chrysogenum
10 12 -0.21913938744232483 0.6368453510870202 Penicillium-verrucosum
10 12 0.7915903035705286 0.033919891926211164 Penicillium-brevicompactum
10 12 0.5827143777723213 0.16976551503769358 Penicillium-polonicum
10 12 0.6317728592944033 0.1280032166958852 Penicillium-commune
10 12 0.5519134522138979 0.19896438907540742 Penicillium-mb
10 12 -0.47396172597349323 0.282620057451554 Penicillium-cvjetkovicii
10 12 0.0077253495046012075 0.9868854307054322 Penicillium-solitum
10 12 0.031187717622508743 0.9470798319430984 Penicillium-chrysogenum
10 12 -0.3648094608549204 0.42105533410492824 Penicillium-verrucosum
10 12 -0.14866650656509828 0.7503956915058221 Penicillium-brevicompactum
10 12 0.4047827427882234 0.36770441476990856 Penicillium-polonicum
10 12 -0.082558535134318 0.8603214335295142 Penicillium-commune
10 12 0.4198104055037497 0.3484134147749678 Penicillium-mb
10 12 -0.07256121685309097 0.8771402853445034 Penicillium-cvjetkovicii
6 12 0.7268271100414275 0.0642454838341235 Penicillium-solitum
6 12 0.653117886254545 0.11169587937397409 Penicillium-chrysogenum
6 12 -0.6256951492925682 0.1328548803693289 Penicillium-verrucosum
6 12 0.7947042445107984 0.032725694783688225 Penicillium-brevicompactum
6 12 0.7338410822824957 0.06045016974058171 Penicillium-polonicum
6 12 0.6711408361048835 0.09881958917157047 Penicillium-commune
6 12 0.6537797382637098 0.11120852265770229 Penicillium-mb
6 12 -0.29094082437215735 0.5267195198306609 Penicillium-cvjetkovicii
10 12 0.7127617651729165 0.07223335137764385 Penicillium-solitum
10 12 0.58944220051872 0.16368996150633838 Penicillium-chrysogenum
10 12 -0.5690801192151516 0.18241204145895232 Penicillium-verrucosum
10 12 0.7947042445107984 0.032725694783688225 Penicillium-brevicompactum
10 12 0.7054948055229954 0.0765576522123994 Penicillium-polonicum
10 12 0.6065062503131041 0.14877385221486744 Penicillium-commune
10 12 0.41379107104986645 0.35608851508288836 Penicillium-mb
10 12 -0.3547768394787035 0.43488933129046475 Penicillium-cvjetkovicii
10 12 0.4210989457603348 0.34677953934791084 Penicillium-solitum
10 12 0.4624495359955097 0.2961033545883935 Penicillium-chrysogenum
10 12 -0.6169053983663041 0.1400338242501979 Penicillium-verrucosum
10 12 -0.0767053826529003 0.8701636457729175 Penicillium-brevicompactum
10 12 0.401062204558265 0.3725467014684228 Penicillium-polonicum
10 12 -0.2990165843151552 0.514759661352701 Penicillium-commune
10 12 0.227902590303072 0.6230694733296638 Penicillium-mb
10 12 0.2681552950211383 0.5609546845982283 Penicillium-cvjetkovicii
12 10 0.6362028105843934 0.12452494317504748 Penicillium-solitum
12 10 0.6816392609520548 0.091698167778256 Penicillium-chrysogenum
12 10 0.1981029257364017 0.670250200404318 Penicillium-verrucosum
12 10 0.515886768451439 0.23593256397643922 Penicillium-brevicompactum
12 10 0.21297751281403188 0.6465821646954821 Penicillium-polonicum
12 10 0.2739435350324547 0.552191047912268 Penicillium-commune
12 10 0.2911599782800041 0.5263937312115461 Penicillium-mb
12 10 0.5876756774616342 0.16527461564682508 Penicillium-cvjetkovicii
12 12 0.5773591019898036 0.17467965209875866 Penicillium-solitum
12 12 0.5893189071092763 0.16380031595084507 Penicillium-chrysogenum
12 12 -0.0727693318870785 0.8767897729145333 Penicillium-verrucosum
12 12 0.7424211438154968 0.05597725477689036 Penicillium-brevicompactum
12 12 0.6053906964901474 0.14972723272875685 Penicillium-polonicum
12 12 0.635688614751691 0.12492616075763147 Penicillium-commune
12 12 0.21449932391856777 0.6441736588185953 Penicillium-mb
12 12 0.410592554777247 0.36019519512677595 Penicillium-cvjetkovicii
10 12 -0.018515690268976037 0.9685721757946029 Penicillium-solitum
10 12 0.3949653472826956 0.3805376796177699 Penicillium-chrysogenum
10 12 0.3797129882340658 0.40082748055393197 Penicillium-verrucosum
10 12 -0.13545730007740203 0.7721444521094938 Penicillium-brevicompactum
10 12 0.0255534059280559 0.9566333526979585 Penicillium-polonicum
10 12 0.14518558842374385 0.756114758110964 Penicillium-commune
10 12 0.19281638256871572 0.6787155178858343 Penicillium-mb
10 12 0.42276779012569726 0.34466823778958666 Penicillium-cvjetkovicii
10 12 0.4180730511711669 0.3506214880093299 Penicillium-solitum
10 12 0.5960706983135735 0.15781144601004926 Penicillium-chrysogenum
10 12 -0.5446191934753649 0.20620741215319932 Penicillium-verrucosum
10 12 0.7947042445107985 0.03272569478368817 Penicillium-brevicompactum
10 12 0.5584602000926225 0.1925697958778289 Penicillium-polonicum
10 12 0.43848062389514814 0.32505824131370376 Penicillium-commune
10 12 0.38131918982726076 0.3986709479551536 Penicillium-mb
10 12 -0.2607173768721363 0.572280594863205 Penicillium-cvjetkovicii
10 12 0.6520112020775135 0.11251325442273875 Penicillium-solitum
10 12 0.7880184443691377 0.035319119185722 Penicillium-chrysogenum
10 12 -0.14586470391757167 0.7549982848162835 Penicillium-verrucosum
10 12 0.8020693268533134 0.029995863771513753 Penicillium-brevicompactum
10 12 0.480038656128273 0.2756159243294492 Penicillium-polonicum
10 12 0.5885541490874331 0.16448564008553107 Penicillium-commune
10 12 0.5385225333947349 0.2123562455403929 Penicillium-mb
10 12 0.06831007288703843 0.8843035949715133 Penicillium-cvjetkovicii
12 12 0.46227332331549725 0.2963119014805622 Penicillium-solitum
12 12 0.565919134995385 0.18540748860959858 Penicillium-chrysogenum
12 12 -0.5984728354941704 0.15570750876616726 Penicillium-verrucosum
12 12 0.6589220086064989 0.10745961688133203 Penicillium-brevicompactum
12 12 0.4488414971072504 0.31239785994410973 Penicillium-polonicum
12 12 0.8535871581312885 0.01453646264713689 Penicillium-commune
12 12 0.2923341870982475 0.5246493439328996 Penicillium-mb
12 12 0.11683758292113479 0.8030014196422366 Penicillium-cvjetkovicii
10 12 0.5726102892876714 0.17909489225408587 Penicillium-solitum
10 12 0.5747606364992862 0.17708889946561124 Penicillium-chrysogenum
10 12 -0.4036931264007627 0.3691198589294951 Penicillium-verrucosum
10 12 0.6335429273405802 0.12660753115271803 Penicillium-brevicompactum
10 12 0.9069150457591598 0.0048266360622883 Penicillium-polonicum
10 12 0.5331918638732084 0.21780293991816727 Penicillium-commune
10 12 0.5102351469507935 0.2420001640061429 Penicillium-mb
10 12 -0.25363151987639077 0.583136401424081 Penicillium-cvjetkovicii
6 12 0.8557505569636905 0.014022508163720231 Penicillium-solitum
6 12 0.814906110542498 0.025553682380855886 Penicillium-chrysogenum
6 12 -0.4866490326590425 0.2680869110343573 Penicillium-verrucosum
6 12 0.7871085049799715 0.03568061010106448 Penicillium-brevicompactum
6 12 0.8697670695713752 0.01094619724201239 Penicillium-polonicum
6 12 0.7535528251302627 0.0504519594870868 Penicillium-commune
6 12 0.7900811069258327 0.03450725934169402 Penicillium-mb
6 12 -0.473961725973496 0.2826200574515509 Penicillium-cvjetkovicii
10 12 0.3574614564851503 0.4311706766485737 Penicillium-solitum
10 12 0.4204390947374054 0.34761583072293994 Penicillium-chrysogenum
10 12 -0.0042585750611326256 0.9927704839929782 Penicillium-verrucosum
10 12 0.6444297686480024 0.11819559786541319 Penicillium-brevicompactum
10 12 0.3360392728237938 0.4611787120080174 Penicillium-polonicum
10 12 0.41409703832592226 0.35569670033050144 Penicillium-commune
10 12 0.07192006135966528 0.8782202352560403 Penicillium-mb
10 12 -0.5353747722855595 0.21556460438619066 Penicillium-cvjetkovicii
10 12 0.5976262474135658 0.1564473953099216 Penicillium-solitum
10 12 -0.19825318584872254 0.6700099901671865 Penicillium-chrysogenum
10 12 0.03851560814244769 0.9346623606305098 Penicillium-verrucosum
10 12 0.937541071152391 0.001810304445260418 Penicillium-brevicompactum
10 12 0.6390748854061905 0.12229607689956964 Penicillium-polonicum
10 12 0.7457578881104381 0.054288146919771615 Penicillium-commune
10 12 0.7798163623321245 0.03865162098707438 Penicillium-mb
10 12 -0.8291882297214681 0.021076803839931428 Penicillium-cvjetkovicii
12 12 0.4368830874373842 0.3270296053791543 Penicillium-solitum
12 12 0.6671550601909846 0.10159645205816423 Penicillium-chrysogenum
12 12 0.13369189116726632 0.7750604556187033 Penicillium-verrucosum
12 12 0.6342373474560663 0.12606212183494492 Penicillium-brevicompactum
12 12 0.5883201357083064 0.1646956302009839 Penicillium-polonicum
12 12 0.3987880257345175 0.3755193158808212 Penicillium-commune
12 12 0.26951516013842647 0.5588917981682082 Penicillium-mb
12 12 0.5031819068883084 0.2496726203194841 Penicillium-cvjetkovicii
4 12 0.7241569858420894 0.0657231701339344 Penicillium-solitum
4 12 0.8488256767769589 0.015705038210127267 Penicillium-chrysogenum
4 12 -0.2904878779520916 0.5273930741773862 Penicillium-verrucosum
4 12 0.7907575029410696 0.03424331705064947 Penicillium-brevicompactum
4 12 0.7590291814197757 0.04784854158046255 Penicillium-polonicum
4 12 0.795285626172364 0.032505375786197124 Penicillium-commune
4 12 0.7651321476053169 0.04503615534874132 Penicillium-mb
4 12 -0.4739617259734945 0.28262005745155255 Penicillium-cvjetkovicii
8 12 0.5744791312906058 0.1773508773689746 Penicillium-solitum
8 12 0.6919520078459898 0.08497525532226513 Penicillium-chrysogenum
8 12 -0.4768175355128751 0.2793186959223881 Penicillium-verrucosum
8 12 -0.7155858254966744 0.07058913790593382 Penicillium-brevicompactum
8 12 0.6623617006406027 0.10498920399049887 Penicillium-polonicum
8 12 0.5134375073452211 0.23855330176721565 Penicillium-commune
8 12 0.5228461119060296 0.22855980924157548 Penicillium-mb
8 12 0.1989105536472792 0.6689593655832098 Penicillium-cvjetkovicii
6 12 0.8677075456281924 0.011370965441908649 Penicillium-solitum
6 12 0.7887138300349287 0.03504424305485152 Penicillium-chrysogenum
6 12 -0.5008002258170615 0.252288326219107 Penicillium-verrucosum
6 12 0.7861812581205284 0.036051082844288145 Penicillium-brevicompactum
6 12 0.811419941365399 0.026720622811182 Penicillium-polonicum
6 12 0.8298981776713246 0.020866904555781086 Penicillium-commune
6 12 0.6838996626086054 0.09020147100834533 Penicillium-mb
6 12 -0.47396172597349173 0.28262005745155583 Penicillium-cvjetkovicii
4 12 0.8685683654099612 0.011192294241977511 Penicillium-solitum
4 12 0.8745987162647215 0.009985997800259617 Penicillium-chrysogenum
4 12 -0.187175870511783 0.6877773211157359 Penicillium-verrucosum
4 12 0.8087049528534725 0.027649748577728814 Penicillium-brevicompactum
4 12 0.6595231630380867 0.10702570845785148 Penicillium-polonicum
4 12 0.8054846319183274 0.028774966764090814 Penicillium-commune
4 12 0.7223963404599743 0.06670745763559154 Penicillium-mb
4 12 -0.4739617259735002 0.282620057451546 Penicillium-cvjetkovicii
12 12 0.12269357439690641 0.7932731495197323 Penicillium-solitum
12 12 -0.024815636556902793 0.9578846373925932 Penicillium-chrysogenum
12 12 -0.7567822770163986 0.048907560736708745 Penicillium-verrucosum
12 12 0.8349011189403387 0.019421389878601498 Penicillium-brevicompactum
12 12 0.740034035733408 0.05720294678754763 Penicillium-polonicum
12 12 0.7639458005066913 0.045575524536779904 Penicillium-commune
12 12 -0.073058653928555 0.8763025162647502 Penicillium-mb
12 12 -0.2187737696686601 0.6374219466144166 Penicillium-cvjetkovicii
8 10 0.6100495024898646 0.1457659808900541 Penicillium-solitum
8 10 0.5998074082292317 0.1545446962394021 Penicillium-chrysogenum
8 10 -0.49748144788325566 0.2559540826418922 Penicillium-verrucosum
8 10 -0.7769690379779599 0.039847546117443323 Penicillium-brevicompactum
8 10 0.5721126468170172 0.17956070365767418 Penicillium-polonicum
8 10 0.48848657931328293 0.2660107701034395 Penicillium-commune
8 10 0.46129927334823484 0.29746585415594234 Penicillium-mb
8 10 0.21695986620728033 0.6402846978463634 Penicillium-cvjetkovicii
10 10 0.23959694784760094 0.6048215109071334 Penicillium-solitum
10 10 0.21528357213597935 0.6429334262361021 Penicillium-chrysogenum
10 10 -0.23895328581584338 0.6058217406218758 Penicillium-verrucosum
10 10 0.7947042445107979 0.032725694783688364 Penicillium-brevicompactum
10 10 0.20280533478429874 0.662743458352989 Penicillium-polonicum
10 10 0.24407264878683538 0.5978800586539703 Penicillium-commune
10 10 0.23552890308415547 0.6111513202386842 Penicillium-mb
10 10 -0.21716783727890396 0.6399562916481047 Penicillium-cvjetkovicii
10 8 0.4292708980293195 0.3364929765010542 Penicillium-solitum
10 8 0.5390142226887347 0.21185715643707345 Penicillium-chrysogenum
10 8 0.6672672106752108 0.1015177675760985 Penicillium-verrucosum
10 8 0.4495321342455933 0.3115616952783901 Penicillium-brevicompactum
10 8 -0.07866818996168894 0.8668616022327218 Penicillium-polonicum
10 8 0.1693765770493343 0.7165641541927232 Penicillium-commune
10 8 0.26458154606120626 0.5663875549594543 Penicillium-mb
10 8 0.7782744036360845 0.03929676539357561 Penicillium-cvjetkovicii
12 12 0.6888937532077096 0.08694073581535625 Penicillium-solitum
12 12 0.754141014109455 0.05016871517930325 Penicillium-chrysogenum
12 12 -0.022384005337511035 0.9620092514946974 Penicillium-verrucosum
12 12 0.4306904847047956 0.3347194394065963 Penicillium-brevicompactum
12 12 0.6584371559770538 0.10781024420431232 Penicillium-polonicum
12 12 0.2569572487003374 0.578033344482838 Penicillium-commune
12 12 0.3706347062994967 0.41310253345879283 Penicillium-mb
12 12 -0.6259874631182216 0.13261943009539245 Penicillium-cvjetkovicii
10 8 0.7377110499643525 0.05840958192904973 Penicillium-solitum
10 8 0.5805063941327396 0.171783254630506 Penicillium-chrysogenum
10 8 -0.6957949326518964 0.08253922026999763 Penicillium-verrucosum
10 8 0.5761999688303387 0.1757523775428811 Penicillium-brevicompactum
10 8 0.7400302980049074 0.05720487729705202 Penicillium-polonicum
10 8 0.690629781005313 0.08582210520951335 Penicillium-commune
10 8 0.6643062580793445 0.10360583616506325 Penicillium-mb
10 8 0.18929284966464308 0.6843727347885648 Penicillium-cvjetkovicii
10 12 0.25539601554879454 0.5804271963939833 Penicillium-solitum
10 12 0.4642819290243646 0.2939385722229682 Penicillium-chrysogenum
10 12 -0.08714359356267783 0.8526215273067524 Penicillium-verrucosum
10 12 0.19703641801109312 0.6719557917543066 Penicillium-brevicompactum
10 12 0.4001395781950496 0.3737515165838927 Penicillium-polonicum
10 12 0.26571458382345853 0.564663286171246 Penicillium-commune
10 12 0.176525085613314 0.7049689545439018 Penicillium-mb
10 12 -0.397219294259164 0.3775754459090817 Penicillium-cvjetkovicii
10 12 0.7074740731506977 0.07536653755384541 Penicillium-solitum
10 12 0.7512360444775329 0.051576104603350256 Penicillium-chrysogenum
10 12 -0.3693527196039069 0.41484766220649605 Penicillium-verrucosum
10 12 -0.7600398241592433 0.047376345474816006 Penicillium-brevicompactum
10 12 0.7085973471266042 0.07469499339349761 Penicillium-polonicum
10 12 0.4532789578382715 0.30704239003203626 Penicillium-commune
10 12 0.5150776470922431 0.23679684175621576 Penicillium-mb
10 12 0.2061266797177592 0.6574548406742158 Penicillium-cvjetkovicii
12 12 0.899983399037964 0.005753849519892653 Penicillium-solitum
12 12 0.5970744641089115 0.15693057498057617 Penicillium-chrysogenum
12 12 -0.3330292927332775 0.46545527749448606 Penicillium-verrucosum
12 12 0.667720168686913 0.10120029739974325 Penicillium-brevicompactum
12 12 0.6548783883524673 0.11040196508970378 Penicillium-polonicum
12 12 0.6332804784277041 0.12681397646239947 Penicillium-commune
12 12 0.582753406444141 0.16972995484160686 Penicillium-mb
12 12 -0.2603981093697993 0.5727683525018503 Penicillium-cvjetkovicii
12 12 0.6395888519710441 0.12189939197827199 Penicillium-solitum
12 12 0.6773368298892611 0.09458282513388165 Penicillium-chrysogenum
12 12 -0.4702287506974899 0.28696156444958276 Penicillium-verrucosum
12 12 0.5186123674303564 0.23303201632877227 Penicillium-brevicompactum
12 12 0.6345452208546083 0.12582069814393868 Penicillium-polonicum
12 12 0.5074342693413393 0.24503368228683678 Penicillium-commune
12 12 0.8288255968313734 0.02118447686694519 Penicillium-mb
12 12 -0.5015393795215727 0.2514752010195838 Penicillium-cvjetkovicii
6 10 0.8735075886354869 0.010198409693357866 Penicillium-solitum
6 10 0.8639713335533935 0.012165357900934322 Penicillium-chrysogenum
6 10 -0.27368395212767743 0.5525831109251682 Penicillium-verrucosum
6 10 0.7963377945481073 0.03210875847620665 Penicillium-brevicompactum
6 10 0.8020625644433094 0.029998309381246622 Penicillium-polonicum
6 10 0.8484918121073911 0.015788914744069363 Penicillium-commune
6 10 0.8389857626472594 0.01828465765664804 Penicillium-mb
6 10 -0.473961725973496 0.2826200574515509 Penicillium-cvjetkovicii
12 10 0.7150591656597431 0.07089422754340578 Penicillium-solitum
12 10 0.7383638280126832 0.058069125186898524 Penicillium-chrysogenum
12 10 -0.4988587538785013 0.25442983444692796 Penicillium-verrucosum
12 10 0.6459939229774304 0.11701142583415128 Penicillium-brevicompactum
12 10 0.6196967628799124 0.13773325384247836 Penicillium-polonicum
12 10 0.5588642407893584 0.1921784519213343 Penicillium-commune
12 10 0.821981288037513 0.02327511728033506 Penicillium-mb
12 10 -0.0025929577987938985 0.995598072921721 Penicillium-cvjetkovicii
8 12 0.4882828457293537 0.26624059631002284 Penicillium-solitum
8 12 0.8697011541182565 0.010959648160275566 Penicillium-chrysogenum
8 12 -0.027056230233905614 0.9540847271851327 Penicillium-verrucosum
8 12 0.7947042445107984 0.032725694783688225 Penicillium-brevicompactum
8 12 0.5391160913152776 0.2117538246065964 Penicillium-polonicum
8 12 0.6366212564687409 0.12419892530991236 Penicillium-commune
8 12 0.6424098594182281 0.11973389130120794 Penicillium-mb
8 12 0.28292853472108515 0.538676754933512 Penicillium-cvjetkovicii
8 12 0.8992743323622945 0.005854069147223039 Penicillium-solitum
8 12 0.8863868481298912 0.007853567771092647 Penicillium-chrysogenum
8 12 -0.3814246929422315 0.3985294583601275 Penicillium-verrucosum
8 12 0.7862098905415816 0.036039611205156336 Penicillium-brevicompactum
8 12 0.89646927841986 0.006260433709812646 Penicillium-polonicum
8 12 0.75741738182556 0.04860693188449437 Penicillium-commune
8 12 0.7662971728266171 0.04450991673515226 Penicillium-mb
8 12 -0.4739617259734947 0.2826200574515524 Penicillium-cvjetkovicii
12 10 0.383065388362253 0.39633170678142854 Penicillium-solitum
12 10 0.4517416362900172 0.30889317606348526 Penicillium-chrysogenum
12 10 -0.7670858552975599 0.0441556030181651 Penicillium-verrucosum
12 10 0.2695193802977133 0.558885400075221 Penicillium-brevicompactum
12 10 0.3291296392993385 0.47101741629343324 Penicillium-polonicum
12 10 0.6667673109196722 0.10186874121797519 Penicillium-commune
12 10 0.6644707584830195 0.10348924836157683 Penicillium-mb
12 10 -0.3580422964835012 0.4303677234426637 Penicillium-cvjetkovicii
10 12 0.5933432597749392 0.16021735156817465 Penicillium-solitum
10 12 0.8832477947769654 0.008392629662993142 Penicillium-chrysogenum
10 12 -0.05492925447885336 0.9068898169146954 Penicillium-verrucosum
10 12 0.7513892150988463 0.05150136505925824 Penicillium-brevicompactum
10 12 0.8533186431820277 0.014600991734163246 Penicillium-polonicum
10 12 0.6700458698782201 0.09957843616682781 Penicillium-commune
10 12 0.5340185510870953 0.21695397265174626 Penicillium-mb
10 12 -0.769645561990617 0.043016398105143676 Penicillium-cvjetkovicii
10 12 0.6264806966815295 0.13222262649311642 Penicillium-solitum
10 12 0.8760829685683861 0.009701181820679874 Penicillium-chrysogenum
10 12 -0.08238188625425719 0.8606182677261738 Penicillium-verrucosum
10 12 0.7024175756037148 0.07842932702762746 Penicillium-brevicompactum
10 12 0.6636764823806088 0.10405281503930111 Penicillium-polonicum
10 12 0.7294867580084203 0.06279161484152851 Penicillium-commune
10 12 0.6974043738688721 0.08153015994911346 Penicillium-mb
10 12 0.0733932218343374 0.875739098322357 Penicillium-cvjetkovicii
10 12 0.6457325527792238 0.11720887352376719 Penicillium-solitum
10 12 0.7208955791513882 0.06755268308979433 Penicillium-chrysogenum
10 12 -0.540603985688719 0.21024729504673131 Penicillium-verrucosum
10 12 0.7947042445107984 0.032725694783688225 Penicillium-brevicompactum
10 12 0.6502692920736473 0.11380604072478927 Penicillium-polonicum
10 12 0.50040096153648 0.25272804904433754 Penicillium-commune
10 12 0.5265397325680236 0.22469137239761236 Penicillium-mb
10 12 -0.29037766320117653 0.5275570130627876 Penicillium-cvjetkovicii
12 12 0.26121521656856345 0.5715202861803377 Penicillium-solitum
12 12 0.3191151895715806 0.4854108644707348 Penicillium-chrysogenum
12 12 -0.16745682222416988 0.7196855561292985 Penicillium-verrucosum
12 12 0.7947042445107986 0.032725694783688114 Penicillium-brevicompactum
12 12 0.21684792922676754 0.640461476352259 Penicillium-polonicum
12 12 0.005468775262640487 0.9907160575970025 Penicillium-commune
12 12 -0.27272803505182835 0.5540276657958245 Penicillium-mb
12 12 -0.10291870532177122 0.8262036482383657 Penicillium-cvjetkovicii
8 12 0.7697281807741942 0.042979901679077046 Penicillium-solitum
8 12 0.8496820123915048 0.01549106605986407 Penicillium-chrysogenum
8 12 -0.40919031092777053 0.3620017397088507 Penicillium-verrucosum
8 12 0.7876171276685416 0.035478297700527295 Penicillium-brevicompactum
8 12 0.8536392979184454 0.014523951430578842 Penicillium-polonicum
8 12 0.7575062129262194 0.04856496439686031 Penicillium-commune
8 12 0.706839878934034 0.07574710675830601 Penicillium-mb
8 12 -0.4739617259734933 0.282620057451554 Penicillium-cvjetkovicii
12 10 0.8587376545316858 0.013330205413685486 Penicillium-solitum
12 10 0.9330338994138815 0.002149465760457189 Penicillium-chrysogenum
12 10 -0.4779006613925586 0.27807113452511634 Penicillium-verrucosum
12 10 0.6257619365414615 0.13280106646312737 Penicillium-brevicompactum
12 10 0.8718429010206911 0.010527447625249872 Penicillium-polonicum
12 10 0.858230123598293 0.013446419426289208 Penicillium-commune
12 10 0.8359012823795016 0.01913944995528498 Penicillium-mb
12 10 0.5305684891327026 0.22050740647583275 Penicillium-cvjetkovicii
6 12 0.7668832833074515 0.04424645918500202 Penicillium-solitum
6 12 0.8451546187169975 0.016641349053894774 Penicillium-chrysogenum
6 12 -0.3617485641699098 0.4252577390666104 Penicillium-verrucosum
6 12 0.7886188145406645 0.03508173088894546 Penicillium-brevicompactum
6 12 0.8116469935406867 0.026643728283566308 Penicillium-polonicum
6 12 0.8046090390646222 0.029085265001974586 Penicillium-commune
6 12 0.7939364165733538 0.033017941635920374 Penicillium-mb
6 12 -0.47396172597349323 0.282620057451554 Penicillium-cvjetkovicii
6 12 0.5899511593719934 0.1632348053031113 Penicillium-solitum
6 12 0.6024631971534976 0.1522436645520177 Penicillium-chrysogenum
6 12 -0.5351719581154103 0.21577210628125815 Penicillium-verrucosum
6 12 -0.7777686457958259 0.0395096593413356 Penicillium-brevicompactum
6 12 0.569736878202057 0.1817926616521332 Penicillium-polonicum
6 12 0.4827640507368487 0.2725003791366734 Penicillium-commune
6 12 0.4411174886283066 0.3218155550468249 Penicillium-mb
6 12 0.21795175441737993 0.6387188316565258 Penicillium-cvjetkovicii
12 10 0.7521983875838545 0.05110751274721351 Penicillium-solitum
12 10 0.8076253803458723 0.02802416008175622 Penicillium-chrysogenum
12 10 0.33974279501438054 0.45593681610029013 Penicillium-verrucosum
12 10 0.583755553036855 0.1688181275896102 Penicillium-brevicompactum
12 10 0.7061590833260347 0.07615678052153729 Penicillium-polonicum
12 10 0.4963629777291431 0.2571949482752224 Penicillium-commune
12 10 -0.32656483403916714 0.47468877697766876 Penicillium-mb
12 10 0.5812405881030774 0.1711110166938687 Penicillium-cvjetkovicii
4 12 0.4439230044751089 0.3183808637904511 Penicillium-solitum
4 12 0.36392133859047027 0.42227300215602914 Penicillium-chrysogenum
4 12 -0.4069067780323181 0.3649516678493417 Penicillium-verrucosum
4 12 0.7947042445107985 0.03272569478368817 Penicillium-brevicompactum
4 12 0.4429278700023376 0.3195973498549858 Penicillium-polonicum
4 12 0.3935759912999956 0.3823683107004403 Penicillium-commune
4 12 0.37052211327082396 0.41325568756292 Penicillium-mb
4 12 -0.24424231295431492 0.5976173955963427 Penicillium-cvjetkovicii
12 8 0.6045704388048583 0.15043019416012396 Penicillium-solitum
12 8 0.652568067950639 0.11210157877816464 Penicillium-chrysogenum
12 8 -0.6054904537863718 0.1496418532479009 Penicillium-verrucosum
12 8 0.5936412688333332 0.1599535930598079 Penicillium-brevicompactum
12 8 0.3706849716251276 0.4130341674765733 Penicillium-polonicum
12 8 0.5010805105247768 0.25197984972602744 Penicillium-commune
12 8 0.5070989429649156 0.24539803304424754 Penicillium-mb
12 8 0.16609021408364266 0.7219094660856482 Penicillium-cvjetkovicii
12 12 0.8632057584412516 0.012331943789541252 Penicillium-solitum
12 12 0.2833145680307497 0.5380986008287333 Penicillium-chrysogenum
12 12 -0.8823885320931363 0.008543804074375891 Penicillium-verrucosum
12 12 0.9062735012541115 0.004908487022528429 Penicillium-brevicompactum
12 12 0.8525834707462678 0.014778503454789147 Penicillium-polonicum
12 12 0.8687890269089413 0.011146755589813411 Penicillium-commune
12 12 0.8911043951166135 0.0070821017087333345 Penicillium-mb
12 12 -0.4018437129528565 0.37152741164005737 Penicillium-cvjetkovicii
12 10 0.38801121212130596 0.38973607754697553 Penicillium-solitum
12 10 0.8086332193121233 0.02767453920524608 Penicillium-chrysogenum
12 10 -0.4028823118591475 0.37017458067670705 Penicillium-verrucosum
12 10 0.7756983341827669 0.040387778974778174 Penicillium-brevicompactum
12 10 0.8088492869121964 0.027599905477361845 Penicillium-polonicum
12 10 0.6756228875516129 0.09574506163761302 Penicillium-commune
12 10 0.6434977882633911 0.11890409034619072 Penicillium-mb
12 10 0.12466273922779463 0.7900066012577343 Penicillium-cvjetkovicii
8 12 0.5010812103399018 0.2519790797387342 Penicillium-solitum
8 12 0.5023233472702981 0.25061409634948434 Penicillium-chrysogenum
8 12 -0.6371950822074157 0.12375256038483594 Penicillium-verrucosum
8 12 0.795858001766866 0.03228928048203214 Penicillium-brevicompactum
8 12 0.6410642929848458 0.12076430626726596 Penicillium-polonicum
8 12 0.30879226357103046 0.5004093073844939 Penicillium-commune
8 12 0.5925248821073625 0.16094278310558188 Penicillium-mb
8 12 0.18576044378744558 0.6900559946227185 Penicillium-cvjetkovicii
10 12 0.7921953879137886 0.03368597406939403 Penicillium-solitum
10 12 0.8467324436602092 0.016235134088692437 Penicillium-chrysogenum
10 12 0.30506663679421825 0.5058617592509151 Penicillium-verrucosum
10 12 0.48457646226941187 0.2704373644894572 Penicillium-brevicompactum
10 12 0.7697622192293267 0.0429648703338425 Penicillium-polonicum
10 12 0.5924635295667493 0.16099723323047815 Penicillium-commune
10 12 -0.2819394651412657 0.5401590032356609 Penicillium-mb
10 12 0.5741529288194157 0.17765468936517934 Penicillium-cvjetkovicii
12 12 0.33510593322946963 0.4625032397194044 Penicillium-solitum
12 12 0.5628051196619778 0.18838164343863478 Penicillium-chrysogenum
12 12 -0.18375892535754465 0.6932813836573077 Penicillium-verrucosum
12 12 0.7947042445107984 0.032725694783688225 Penicillium-brevicompactum
12 12 0.44387636402461444 0.31843783387137253 Penicillium-polonicum
12 12 0.39872976497826534 0.37559559615773264 Penicillium-commune
12 12 0.40340205307201227 0.3694983500317313 Penicillium-mb
12 12 -0.2631759307372306 0.5685289529282521 Penicillium-cvjetkovicii
4 12 0.7196101403070553 0.06828119592133314 Penicillium-solitum
4 12 0.8664417005980848 0.01163666110901307 Penicillium-chrysogenum
4 12 -0.11714804049186753 0.8024851542289366 Penicillium-verrucosum
4 12 0.8780197091035599 0.00933666104263584 Penicillium-brevicompactum
4 12 0.7462663679384758 0.054033221616227006 Penicillium-polonicum
4 12 0.8349549845567933 0.019406145877692384 Penicillium-commune
4 12 0.8288751261871989 0.02116975229178046 Penicillium-mb
4 12 -0.4739617259734951 0.28262005745155194 Penicillium-cvjetkovicii
10 10 0.45864477061441256 0.3006206616803661 Penicillium-solitum
10 10 0.6250368654868869 0.13338588650943428 Penicillium-chrysogenum
10 10 -0.28124599667171496 0.5411990591285372 Penicillium-verrucosum
10 10 0.7947042445107985 0.03272569478368817 Penicillium-brevicompactum
10 10 0.6127118734492972 0.14352622351898214 Penicillium-polonicum
10 10 0.4747332684361832 0.2817264299027805 Penicillium-commune
10 10 0.4642701095852705 0.2939525131539776 Penicillium-mb
10 10 -0.26798884531469247 0.5612073526157157 Penicillium-cvjetkovicii
10 12 0.9178188371624343 0.003556243390991661 Penicillium-solitum
10 12 0.9216912556169996 0.003158731437246719 Penicillium-chrysogenum
10 12 -0.43524440571443374 0.32905704965858534 Penicillium-verrucosum
10 12 0.7696223187367519 0.04302666877289802 Penicillium-brevicompactum
10 12 0.9381767599759907 0.0017652076111511566 Penicillium-polonicum
10 12 0.9179270049598957 0.0035447643352515532 Penicillium-commune
10 12 0.8673428610717053 0.011447149813025121 Penicillium-mb
10 12 -0.4739617259734933 0.282620057451554 Penicillium-cvjetkovicii
12 8 0.1241817828339781 0.7908042115785131 Penicillium-solitum
12 8 0.2967713354984274 0.5180753667876853 Penicillium-chrysogenum
12 8 -0.43025135413995613 0.3352676342148948 Penicillium-verrucosum
12 8 0.7947042445107986 0.032725694783688114 Penicillium-brevicompactum
12 8 0.23981230035165868 0.6044869696888734 Penicillium-polonicum
12 8 0.1035728707351647 0.8251108123074278 Penicillium-commune
12 8 0.06630429648865112 0.8876855922204243 Penicillium-mb
12 8 -0.2980672699713986 0.5161606847601923 Penicillium-cvjetkovicii
0 12 0.7687589579597893 0.043409126370750055 Penicillium-solitum
0 12 0.8052198600151651 0.028868601670945293 Penicillium-chrysogenum
0 12 -0.3822455569304174 0.39742928569271213 Penicillium-verrucosum
0 12 0.7898471026789704 0.03459883485588109 Penicillium-brevicompactum
0 12 0.7454640722012035 0.05443574914545989 Penicillium-polonicum
0 12 0.7454600821625417 0.05443775509650038 Penicillium-commune
0 12 0.7084518764286328 0.07478178127172519 Penicillium-mb
0 12 -0.47396172597349323 0.282620057451554 Penicillium-cvjetkovicii
10 12 0.0482003566334454 0.9182675538459968 Penicillium-solitum
10 12 0.13856064717839256 0.7670236977460627 Penicillium-chrysogenum
10 12 0.3546077418195179 0.43512396895040134 Penicillium-verrucosum
10 12 0.3447241824934732 0.4489214942591468 Penicillium-brevicompactum
10 12 -0.014101228209154774 0.9760633914851082 Penicillium-polonicum
10 12 -0.27016957202351966 0.5578999397714379 Penicillium-commune
10 12 0.25418709900626546 0.5822829449375386 Penicillium-mb
10 12 -0.7075185443732487 0.07533988955439354 Penicillium-cvjetkovicii
8 12 0.6336824025051446 0.12649788836877054 Penicillium-solitum
8 12 0.6686930624644399 0.10052016947674725 Penicillium-chrysogenum
8 12 -0.3774204853774636 0.40391345197712775 Penicillium-verrucosum
8 12 0.7947042445107985 0.03272569478368817 Penicillium-brevicompactum
8 12 0.6075807212863218 0.14785847165814378 Penicillium-polonicum
8 12 0.44088791395557164 0.3220973184490565 Penicillium-commune
8 12 0.3344655843747399 0.46341278667465313 Penicillium-mb
8 12 -0.2649744737986409 0.565789404107444 Penicillium-cvjetkovicii
6 12 0.5582112796221603 0.19281108591939705 Penicillium-solitum
6 12 0.6137745790353821 0.14263708699987304 Penicillium-chrysogenum
6 12 -0.45364379016469775 0.3066038808473156 Penicillium-verrucosum
6 12 0.7947042445107986 0.032725694783688114 Penicillium-brevicompactum
6 12 0.5595855344911201 0.19148078246955105 Penicillium-polonicum
6 12 0.4930152238912537 0.2609254403994268 Penicillium-commune
6 12 0.47135954899981786 0.2856433115518421 Penicillium-mb
6 12 -0.2705936687416056 0.5572574611094782 Penicillium-cvjetkovicii
8 10 0.406635505688274 0.36530276148085816 Penicillium-solitum
8 10 0.6363344385102678 0.12442234256469062 Penicillium-chrysogenum
8 10 -0.6494123687735419 0.11444482190850502 Penicillium-verrucosum
8 10 0.6368020958981084 0.12405816590799813 Penicillium-brevicompactum
8 10 0.7989320876800858 0.031142431293378226 Penicillium-polonicum
8 10 0.8530960214476578 0.014654615707819015 Penicillium-commune
8 10 0.8105304856618586 0.02702304955171238 Penicillium-mb
8 10 -0.4739617259734952 0.2826200574515519 Penicillium-cvjetkovicii
8 10 0.8797198364777964 0.00902329222211973 Penicillium-solitum
8 10 0.8666839742124912 0.011585536014989167 Penicillium-chrysogenum
8 10 -0.3691726875069055 0.4150929645686638 Penicillium-verrucosum
8 10 0.7876430516268759 0.035468003179858765 Penicillium-brevicompactum
8 10 0.8060896772756371 0.02856163594441643 Penicillium-polonicum
8 10 0.7565652435668352 0.049010527158060015 Penicillium-commune
8 10 0.8096202252461541 0.027334530578562947 Penicillium-mb
8 10 -0.47396172597349523 0.2826200574515519 Penicillium-cvjetkovicii
12 12 -0.24013233940508213 0.6039899038387353 Penicillium-solitum
12 12 0.6621563602870393 0.10513584209223509 Penicillium-chrysogenum
12 12 -0.003305603829689827 0.994388263306302 Penicillium-verrucosum
12 12 0.03917556264683063 0.9335445221019687 Penicillium-brevicompactum
12 12 0.652714665708063 0.11199333292789496 Penicillium-polonicum
12 12 0.5100948846603525 0.24215165997879773 Penicillium-commune
12 12 0.42174326096738735 0.3459637552464158 Penicillium-mb
12 12 0.3964269032187148 0.3786157673364388 Penicillium-cvjetkovicii
10 12 0.3987644407108158 0.3755501947757244 Penicillium-solitum
10 12 0.47259867202549605 0.28420188561416887 Penicillium-chrysogenum
10 12 0.1006225652326918 0.8300412916062317 Penicillium-verrucosum
10 12 0.08961673817577852 0.8484720861375847 Penicillium-brevicompactum
10 12 0.34277952428443104 0.45165533168154903 Penicillium-polonicum
10 12 0.09135921031775149 0.8455502320550763 Penicillium-commune
10 12 0.1310073451925966 0.7794986596178282 Penicillium-mb
10 12 -0.6865376515991838 0.08847117814832116 Penicillium-cvjetkovicii
4 12 0.704757303425639 0.07700402884473184 Penicillium-solitum
4 12 0.7615467085176508 0.04667706477153275 Penicillium-chrysogenum
4 12 -0.5318659315635039 0.21916788535391196 Penicillium-verrucosum
4 12 0.7903574158171421 0.034399302175432925 Penicillium-brevicompactum
4 12 0.838073610211418 0.01853513098613241 Penicillium-polonicum
4 12 0.6321963846638626 0.1276685586098414 Penicillium-commune
4 12 0.7539548290532715 0.050258278792095296 Penicillium-mb
4 12 -0.4739617259734968 0.2826200574515502 Penicillium-cvjetkovicii
8 12 0.4985031714804046 0.254822953583393 Penicillium-solitum
8 12 0.46048948723855154 0.29842670983517067 Penicillium-chrysogenum
8 12 -0.4109943156154259 0.3596782874775364 Penicillium-verrucosum
8 12 0.7165044206430298 0.07005869327282015 Penicillium-brevicompactum
8 12 0.4072264517736227 0.3645381096288991 Penicillium-polonicum
8 12 0.46628491259659816 0.2915802998143999 Penicillium-commune
8 12 0.29247991637279186 0.5244329874665155 Penicillium-mb
8 12 -0.17091524213385076 0.7140646408326512 Penicillium-cvjetkovicii
8 12 0.601375730096655 0.15318378252244444 Penicillium-solitum
8 12 0.7832738658552002 0.03722650465714277 Penicillium-chrysogenum
8 12 -0.27970648565926826 0.5435103602121287 Penicillium-verrucosum
8 12 0.8113321597022418 0.026750384724286057 Penicillium-brevicompactum
8 12 0.6316342019750686 0.12811287710646357 Penicillium-polonicum
8 12 0.6874488495890646 0.0878776215047184 Penicillium-commune
8 12 0.6579107430106265 0.10819159819441233 Penicillium-mb
8 12 0.17133738474025412 0.7133792375651996 Penicillium-cvjetkovicii
12 12 0.730047810111628 0.06248721777527904 Penicillium-solitum
12 12 0.5576890819183766 0.1933177510028313 Penicillium-chrysogenum
12 12 -0.7516445020811529 0.051376929528820364 Penicillium-verrucosum
12 12 0.7947042445107986 0.032725694783688114 Penicillium-brevicompactum
12 12 0.7441526962296258 0.05509719963218392 Penicillium-polonicum
12 12 0.7342824302798606 0.060215531899396095 Penicillium-commune
12 12 0.7188364134563661 0.06872172705229548 Penicillium-mb
12 12 -0.2633019849667544 0.5683368099478385 Penicillium-cvjetkovicii
12 8 0.7042132885600789 0.07733418405335732 Penicillium-solitum
12 8 0.755972151396738 0.049292511157653596 Penicillium-chrysogenum
12 8 -0.1584459209036674 0.7343775605664398 Penicillium-verrucosum
12 8 0.6477890399679058 0.11565997174934675 Penicillium-brevicompactum
12 8 0.2518636559417286 0.5858546794453826 Penicillium-polonicum
12 8 0.5143678172105447 0.237556271750253 Penicillium-commune
12 8 0.4971903803234672 0.25627673757077557 Penicillium-mb
12 8 -0.44575601762679995 0.31614538011107174 Penicillium-cvjetkovicii
6 12 0.8470963180713736 0.016142264794095206 Penicillium-solitum
6 12 0.68928097189157 0.08669056255443548 Penicillium-chrysogenum
6 12 -0.5221735823477988 0.22926750567302648 Penicillium-verrucosum
6 12 0.7865206212578745 0.035915246749852726 Penicillium-brevicompactum
6 12 0.798215118964737 0.03140784052091448 Penicillium-polonicum
6 12 0.8124624821003681 0.026368577426781035 Penicillium-commune
6 12 0.581774387471561 0.1706230779363487 Penicillium-mb
6 12 -0.4739617259734932 0.28262005745155405 Penicillium-cvjetkovicii
10 12 0.682221920492086 0.09131112526585944 Penicillium-solitum
10 12 0.6090524581392512 0.14660925139005382 Penicillium-chrysogenum
10 12 -0.5064674439342872 0.24608487129898923 Penicillium-verrucosum
10 12 -0.6161595601122155 0.14065178803112455 Penicillium-brevicompactum
10 12 0.6602436272618198 0.10650688525900373 Penicillium-polonicum
10 12 0.4135634825245654 0.3563800762761027 Penicillium-commune
10 12 0.5691649270792236 0.18233200258791668 Penicillium-mb
10 12 0.19512969907863828 0.6750078591324193 Penicillium-cvjetkovicii
12 8 0.18519975044723946 0.6909591618863175 Penicillium-solitum
12 8 0.23982287426074558 0.6044705449738562 Penicillium-chrysogenum
12 8 -0.8205590061462582 0.023723544635667723 Penicillium-verrucosum
12 8 0.7947042445107985 0.03272569478368817 Penicillium-brevicompactum
12 8 0.4299877305918627 0.33559691562356164 Penicillium-polonicum
12 8 0.43027279645706856 0.33524085753675437 Penicillium-commune
12 8 0.4188579918572023 0.3496231512952817 Penicillium-mb
12 8 -0.21378965746490128 0.6452965113383213 Penicillium-cvjetkovicii
10 12 0.7074137112640869 0.0754027155973497 Penicillium-solitum
10 12 0.727291160013912 0.06399052077158986 Penicillium-chrysogenum
10 12 -0.45875608293268233 0.3004880756480346 Penicillium-verrucosum
10 12 0.7965619896629136 0.03202459868036161 Penicillium-brevicompactum
10 12 0.6581854452744975 0.1079925059600513 Penicillium-polonicum
10 12 0.6104856513657535 0.14539786845782218 Penicillium-commune
10 12 0.5359504457631885 0.2149761412505782 Penicillium-mb
10 12 -0.23903092143394242 0.6057010714249604 Penicillium-cvjetkovicii
12 12 0.9131291712043583 0.0040749495437532555 Penicillium-solitum
12 12 0.5716525378366755 0.17999190891131414 Penicillium-chrysogenum
12 12 -0.3010589061392288 0.5117499927055835 Penicillium-verrucosum
12 12 0.7812363334832941 0.03806274380617322 Penicillium-brevicompactum
12 12 0.5556850195413351 0.1952681681717717 Penicillium-polonicum
12 12 0.5345130161202528 0.21644693227157802 Penicillium-commune
12 12 0.48235694243231386 0.2729647519828398 Penicillium-mb
12 12 -0.16743693727638842 0.7197179040919061 Penicillium-cvjetkovicii
12 12 0.348635644936157 0.44344159222418156 Penicillium-solitum
12 12 0.17848824872613347 0.7017924559089899 Penicillium-chrysogenum
12 12 -0.47342314130133534 0.2832446151001636 Penicillium-verrucosum
12 12 0.7947042445107986 0.032725694783688114 Penicillium-brevicompactum
12 12 0.34035404154235893 0.4550738095593136 Penicillium-polonicum
12 12 0.24665658801198007 0.5938835448369456 Penicillium-commune
12 12 -0.06023429420790219 0.8979284879649965 Penicillium-mb
12 12 -0.24908730622239494 0.5901314322288496 Penicillium-cvjetkovicii
12 10 0.24915419830069654 0.5900282784048015 Penicillium-solitum
12 10 0.7137252246769359 0.07167012773207876 Penicillium-chrysogenum
12 10 -0.17400394025313104 0.7090532942273917 Penicillium-verrucosum
12 10 0.4824232028079928 0.27288914700480504 Penicillium-brevicompactum
12 10 0.2761304870541918 0.5488915656881821 Penicillium-polonicum
12 10 0.5752475262093337 0.17663623218299665 Penicillium-commune
12 10 0.5420686098315979 0.20876933526932712 Penicillium-mb
12 10 0.2953746046715377 0.5201416845630119 Penicillium-cvjetkovicii
8 10 0.5308030021718595 0.22026500206271402 Penicillium-solitum
8 10 0.5561532574274718 0.19481161746886802 Penicillium-chrysogenum
8 10 -0.3650221586931801 0.42076391522979495 Penicillium-verrucosum
8 10 0.7947042445107987 0.03272569478368807 Penicillium-brevicompactum
8 10 0.4511910853038741 0.30955716638121106 Penicillium-polonicum
8 10 0.47590196821847036 0.28037521394479953 Penicillium-commune
8 10 0.4594641081499864 0.299645336899824 Penicillium-mb
8 10 -0.2572608925802373 0.5775681223093466 Penicillium-cvjetkovicii
10 12 0.5375936905192696 0.21330059167044332 Penicillium-solitum
10 12 0.3742238749078936 0.40823206202514317 Penicillium-chrysogenum
10 12 -0.6818023140702714 0.09158976979194647 Penicillium-verrucosum
10 12 0.648803778186223 0.1148996086734675 Penicillium-brevicompactum
10 12 0.7130735418251141 0.07205083287220873 Penicillium-polonicum
10 12 0.4879350995314523 0.26663308723378937 Penicillium-commune
10 12 0.467981239716515 0.2895896689920675 Penicillium-mb
10 12 -0.2825957967982819 0.5391752549183415 Penicillium-cvjetkovicii
10 12 0.6539955443337712 0.11104985179843234 Penicillium-solitum
10 12 0.7460440988063773 0.05414457530458455 Penicillium-chrysogenum
10 12 -0.4336148692921061 0.33107849326618277 Penicillium-verrucosum
10 12 0.7947042445107984 0.032725694783688225 Penicillium-brevicompactum
10 12 0.6584691356958489 0.10778709938791982 Penicillium-polonicum
10 12 0.6585824076982233 0.1077051413283149 Penicillium-commune
10 12 0.5764607073733092 0.17551079475586318 Penicillium-mb
10 12 -0.3256204995901461 0.4760431419834821 Penicillium-cvjetkovicii
12 12 0.6690264114837682 0.10028768402856335 Penicillium-solitum
12 12 0.5041604052697449 0.24860161285782328 Penicillium-chrysogenum
12 12 -0.4389236422132297 0.3245124621542795 Penicillium-verrucosum
12 12 0.7947042445107984 0.032725694783688225 Penicillium-brevicompactum
12 12 0.6706755061229245 0.09914170673856489 Penicillium-polonicum
12 12 0.5988963388521737 0.15533803921929612 Penicillium-commune
12 12 0.2450252667826846 0.5964057274653677 Penicillium-mb
12 12 -0.277323637599861 0.547094166909601 Penicillium-cvjetkovicii
6 12 0.8313592206569004 0.02043867913845248 Penicillium-solitum
6 12 0.6319369089100847 0.1278735361171698 Penicillium-chrysogenum
6 12 -0.7110417581143968 0.07324471715925407 Penicillium-verrucosum
6 12 0.7887858821937038 0.03501583013992479 Penicillium-brevicompactum
6 12 0.7816107056065993 0.037908322122009466 Penicillium-polonicum
6 12 0.8336267806597562 0.019784010235741525 Penicillium-commune
6 12 0.8372398911858717 0.018765761454602094 Penicillium-mb
6 12 -0.47396172597349323 0.282620057451554 Penicillium-cvjetkovicii
12 8 0.5409290624111949 0.20991882915258164 Penicillium-solitum
12 8 0.5747904135733449 0.17706119905279996 Penicillium-chrysogenum
12 8 -0.7455799424403455 0.05437751414307083 Penicillium-verrucosum
12 8 0.5086772518792743 0.24368529785992254 Penicillium-brevicompactum
12 8 0.4805737676465415 0.27500295072810105 Penicillium-polonicum
12 8 0.4231569550198395 0.3441766751943937 Penicillium-commune
12 8 0.4326379218814694 0.3322929333347308 Penicillium-mb
12 8 0.18830480159813806 0.6859612167306366 Penicillium-cvjetkovicii
10 12 0.7575705821091244 0.04853456614972654 Penicillium-solitum
10 12 0.7667255387646217 0.04431728089514428 Penicillium-chrysogenum
10 12 -0.5029327164002162 0.24994570861167195 Penicillium-verrucosum
10 12 0.8237948072197155 0.022710331937559582 Penicillium-brevicompactum
10 12 0.739147136559574 0.057662016582060806 Penicillium-polonicum
10 12 0.8833199333432842 0.008380008877213373 Penicillium-commune
10 12 0.5402766314025594 0.2105783095992187 Penicillium-mb
10 12 -0.4739617259735002 0.282620057451546 Penicillium-cvjetkovicii
12 12 0.1359126739313243 0.771392635619064 Penicillium-solitum
12 12 0.5879229477588863 0.16505234747077 Penicillium-chrysogenum
12 12 0.02218949669884033 0.9623392136232207 Penicillium-verrucosum
12 12 0.3575879765679229 0.43099572639466854 Penicillium-brevicompactum
12 12 0.1541383026035595 0.741424078645724 Penicillium-polonicum
12 12 0.3911233296569849 0.3856086408817467 Penicillium-commune
12 12 0.22493599834567674 0.6277234381831015 Penicillium-mb
12 12 0.27006722471904415 0.5580550249159156 Penicillium-cvjetkovicii
8 12 0.4247583699648882 0.34215700795307313 Penicillium-solitum
8 12 0.5513989663384301 0.19947118404396355 Penicillium-chrysogenum
8 12 -0.5513680038837846 0.19950170343546406 Penicillium-verrucosum
8 12 0.8168854177723571 0.02490415907114382 Penicillium-brevicompactum
8 12 0.6665289932786621 0.10203628381135801 Penicillium-polonicum
8 12 0.3415398961914261 0.45340126310935064 Penicillium-commune
8 12 0.7005832133464254 0.07955651844565585 Penicillium-mb
8 12 -0.312987870899616 0.49429390666761863 Penicillium-cvjetkovicii
10 12 0.5248989674216863 0.22640596222753384 Penicillium-solitum
10 12 0.7992082075604511 0.03104055212664325 Penicillium-chrysogenum
10 12 -0.21074134642374232 0.6501256986259502 Penicillium-verrucosum
10 12 0.7947042445107984 0.032725694783688225 Penicillium-brevicompactum
10 12 0.7929111032982755 0.03341045140906982 Penicillium-polonicum
10 12 0.5911990896158711 0.16212145527958652 Penicillium-commune
10 12 0.5895763252059564 0.16356995433096852 Penicillium-mb
10 12 -0.32843768436577986 0.4720068844858837 Penicillium-cvjetkovicii
10 12 0.5366862952580463 0.21422505554411028 Penicillium-solitum
10 12 0.6438411073058188 0.1186428453024615 Penicillium-chrysogenum
10 12 -0.5007806288723792 0.25230990076459986 Penicillium-verrucosum
10 12 -0.7762407537605029 0.040156679958287124 Penicillium-brevicompactum
10 12 0.618285653494771 0.13889384351173736 Penicillium-polonicum
10 12 0.49104056327949963 0.2631373447348446 Penicillium-commune
10 12 0.450189123156666 0.31076717433807055 Penicillium-mb
10 12 0.21612484020443304 0.6416037529927217 Penicillium-cvjetkovicii
10 10 0.7302323904849478 0.06238724912791094 Penicillium-solitum
10 10 0.7824804570056803 0.03755090876258106 Penicillium-chrysogenum
10 10 0.10942800884103343 0.8153394967527031 Penicillium-verrucosum
10 10 0.4633417686362146 0.29504839712751124 Penicillium-brevicompactum
10 10 0.4118356813982308 0.35859677995845163 Penicillium-polonicum
10 10 0.5021910867895746 0.250759275034193 Penicillium-commune
10 10 0.5587805399477715 0.19225949087545058 Penicillium-mb
10 10 0.46117657110723104 0.2976113592773546 Penicillium-cvjetkovicii
10 12 0.6341608323075741 0.1261221590999061 Penicillium-solitum
10 12 0.7915833211746763 0.033922596494187614 Penicillium-chrysogenum
10 12 -0.30542321239908266 0.5053390188243895 Penicillium-verrucosum
10 12 0.8174166032218023 0.024731447892231247 Penicillium-brevicompactum
10 12 0.7689480867176942 0.04332518517460372 Penicillium-polonicum
10 12 0.7941849739295919 0.032923178364850474 Penicillium-commune
10 12 0.5672272560139208 0.18416498862229422 Penicillium-mb
10 12 -0.47396172597349323 0.282620057451554 Penicillium-cvjetkovicii
10 12 0.8439131664341709 0.01696498955668591 Penicillium-solitum
10 12 0.8795876947586382 0.009047427614591656 Penicillium-chrysogenum
10 12 -0.023546763693855086 0.9600368533544038 Penicillium-verrucosum
10 12 0.7998487718740609 0.03080492313411862 Penicillium-brevicompactum
10 12 0.8446145374500599 0.01678170936434865 Penicillium-polonicum
10 12 0.6676269005098443 0.10126562493776321 Penicillium-commune
10 12 0.568258401822865 0.18318843873048737 Penicillium-mb
10 12 0.5655929665723092 0.1857179285391655 Penicillium-cvjetkovicii
6 12 0.672188174190317 0.09809659271908407 Penicillium-solitum
6 12 0.7070243321008132 0.07563631391499857 Penicillium-chrysogenum
6 12 -0.43916901489649973 0.3242103433756799 Penicillium-verrucosum
6 12 0.7965442899543036 0.03203123842781386 Penicillium-brevicompactum
6 12 0.6394119240676128 0.12203587218563339 Penicillium-polonicum
6 12 0.6196153157172163 0.13780010728783001 Penicillium-commune
6 12 0.592823465050273 0.16067792261837 Penicillium-mb
6 12 -0.2450265056481023 0.5964038108337482 Penicillium-cvjetkovicii
8 12 0.853841573423591 0.014475472619366537 Penicillium-solitum
8 12 0.8328542930615529 0.020005679467428244 Penicillium-chrysogenum
8 12 -0.3611922170850732 0.42602329780464077 Penicillium-verrucosum
8 12 0.7896272816993912 0.034684982931950464 Penicillium-brevicompactum
8 12 0.8693879424200388 0.011023692971820638 Penicillium-polonicum
8 12 0.7858932837691214 0.036166573179116035 Penicillium-commune
8 12 0.6491830409405612 0.11461608434378114 Penicillium-mb
8 12 -0.473961725973496 0.2826200574515509 Penicillium-cvjetkovicii
10 12 0.6027679076649333 0.15198076090140053 Penicillium-solitum
10 12 0.8772426753442177 0.009481942640859234 Penicillium-chrysogenum
10 12 -0.07707596183430536 0.8695401019268783 Penicillium-verrucosum
10 12 0.7208241895940112 0.06759303231425628 Penicillium-brevicompactum
10 12 0.6413859191046075 0.12051759700283039 Penicillium-polonicum
10 12 0.6904780469403644 0.08591957117225835 Penicillium-commune
10 12 0.7198797606316364 0.06812804214247425 Penicillium-mb
10 12 0.004959403398274291 0.9915807588394117 Penicillium-cvjetkovicii
10 12 0.459275692047537 0.2998695005957866 Penicillium-solitum
10 12 0.5087736064962627 0.24358091645761326 Penicillium-chrysogenum
10 12 -0.5070571677589905 0.24544344166422935 Penicillium-verrucosum
10 12 0.7947042445107987 0.03272569478368807 Penicillium-brevicompactum
10 12 0.36960070406251705 0.41450986427116404 Penicillium-polonicum
10 12 0.32883071167071126 0.47144477808163143 Penicillium-commune
10 12 0.30420578497399453 0.5071245444034096 Penicillium-mb
10 12 -0.24935045098881384 0.5897256701918732 Penicillium-cvjetkovicii
