#SPECIES: Penicillium-brevicompactum Penicillium-polonicum Penicillium-mb Penicillium-solitum Penicillium-commune Penicillium-verrucosum Penicillium-cvjetkovicii Penicillium-chrysogenum 
#GENE_TREEs p: 0.24956677741636282 0.5686468083315177 0.3758591234580066 0.42623387896407344 0.7666689977275831 0.7776203976748008 0.6908606402705144 0.6782777674523237 
#GENE_TREEs r: 0.5032785212933268 0.26309861908857723 -0.3985285272830045 0.36103925112811885 -0.1387757573012852 -0.13214309826543602 0.18526090464235515 -0.19308933970660627 
7 8 -0.16489758580995462 0.7238515283948568 Penicillium-brevicompactum
7 8 -0.25161967419731596 0.5862301324561431 Penicillium-polonicum
7 8 -0.5022035048035516 0.25074564247661746 Penicillium-mb
7 8 -0.46554781263500483 0.2924471677006064 Penicillium-solitum
7 8 -0.4936383311693838 0.2602292374348804 Penicillium-commune
7 8 0.4284882380082516 0.33747248218241765 Penicillium-verrucosum
7 8 0.448692844000123 0.3125779639413292 Penicillium-cvjetkovicii
7 8 -0.3628132300711547 0.42379419339480745 Penicillium-chrysogenum
9 12 -0.13588564386736918 0.7714372579484021 Penicillium-brevicompactum
9 12 -0.3629078096683059 0.4236642736358614 Penicillium-polonicum
9 12 0.019178324915006442 0.9674478516653069 Penicillium-mb
9 12 -0.38197593628543075 0.3977905143719554 Penicillium-solitum
9 12 -0.06574048624061546 0.8886364947236867 Penicillium-commune
9 12 -0.14150624888663177 0.7621694589432364 Penicillium-verrucosum
9 12 0.2773633977138725 0.5470343042658661 Penicillium-cvjetkovicii
9 12 -0.16791413599580027 0.7189417099261838 Penicillium-chrysogenum
9 10 0.33250624814639734 0.4661998976700976 Penicillium-brevicompactum
9 10 0.37884334739660847 0.4019970124349112 Penicillium-polonicum
9 10 0.13703690213203676 0.7695371589270288 Penicillium-mb
9 10 0.20699930126769445 0.6560672274540121 Penicillium-solitum
9 10 -0.5304626018815307 0.22061689811849491 Penicillium-commune
9 10 -0.07604030892275308 0.8712828459326368 Penicillium-verrucosum
9 10 -0.1584901425357788 0.7343052976257087 Penicillium-cvjetkovicii
9 10 0.24303149546083946 0.5994926636726307 Penicillium-chrysogenum
9 12 0.18733915834236797 0.6875145670120033 Penicillium-brevicompactum
9 12 -0.44089599939089513 0.3220873931637772 Penicillium-polonicum
9 12 0.19097240178672437 0.6816746469454611 Penicillium-mb
9 12 -0.5550735976006035 0.19586510563896117 Penicillium-solitum
9 12 0.07568201118326899 0.8718858678471568 Penicillium-commune
9 12 0.050130107559466 0.9150033796531444 Penicillium-verrucosum
9 12 -0.4132011585630224 0.3568444505027368 Penicillium-cvjetkovicii
9 12 0.1608130798609096 0.7305115676507592 Penicillium-chrysogenum
9 12 0.13403618723571217 0.774491600735742 Penicillium-brevicompactum
9 12 -0.06999382144318317 0.8814656545328943 Penicillium-polonicum
9 12 -0.4546156772170849 0.3054370618418563 Penicillium-mb
9 12 -0.159906928278444 0.7319909433039538 Penicillium-solitum
9 12 -0.1559891408279415 0.7383946412554749 Penicillium-commune
9 12 -0.4773865346233 0.2786630013349001 Penicillium-verrucosum
9 12 -0.18007832138687624 0.699222161800136 Penicillium-cvjetkovicii
9 12 0.09102671267605558 0.8461076709594593 Penicillium-chrysogenum
9 10 -0.6859504672109892 0.08885478992977136 Penicillium-brevicompactum
9 10 -0.04651622481017303 0.9211170106925344 Penicillium-polonicum
9 10 -0.2947053298203499 0.5211328013644716 Penicillium-mb
9 10 -0.15510605010300987 0.739839743776364 Penicillium-solitum
9 10 -0.2743682210573808 0.55154981514797 Penicillium-commune
9 10 -0.24260772271009554 0.6001494030482983 Penicillium-verrucosum
9 10 -0.4359562578478222 0.3281756577283912 Penicillium-cvjetkovicii
9 10 -0.546034036373161 0.20479280219434076 Penicillium-chrysogenum
7 10 -0.204211297049629 0.6605033556767846 Penicillium-brevicompactum
7 10 -0.333529372886928 0.46474375922061983 Penicillium-polonicum
7 10 -0.4190606241453202 0.3493656246111303 Penicillium-mb
7 10 -0.5025174601814184 0.25040109403099275 Penicillium-solitum
7 10 -0.07431089871968552 0.874193929873022 Penicillium-commune
7 10 -0.45251629192753323 0.307959958713304 Penicillium-verrucosum
7 10 -0.10267079036105092 0.8266178684936092 Penicillium-cvjetkovicii
7 10 0.0073591283912807556 0.987507093917388 Penicillium-chrysogenum
9 10 0.2695331411787247 0.5588645376621805 Penicillium-brevicompactum
9 10 0.21159844024238023 0.6487668846813588 Penicillium-polonicum
9 10 -0.8032215353049336 0.02958079857221778 Penicillium-mb
9 10 -0.1663702923711848 0.7214535615137174 Penicillium-solitum
9 10 0.25742753259040796 0.5773128576027331 Penicillium-commune
9 10 0.21752969784458995 0.6393849905659141 Penicillium-verrucosum
9 10 0.5241078238701145 0.22723489219900636 Penicillium-cvjetkovicii
9 10 0.3911870416012468 0.38552432818139776 Penicillium-chrysogenum
9 12 -0.13365277379634524 0.775125091416198 Penicillium-brevicompactum
9 12 -0.4233786755159715 0.34389674746627413 Penicillium-polonicum
9 12 0.1005015597791589 0.8302436086209204 Penicillium-mb
9 12 -0.4710261308960757 0.28603171977958386 Penicillium-solitum
9 12 -0.004269319330263781 0.9927522444526333 Penicillium-commune
9 12 -0.0838807073256092 0.8581001217438757 Penicillium-verrucosum
9 12 0.3698293283788983 0.41419853350643765 Penicillium-cvjetkovicii
9 12 0.08644748803111824 0.853789943912887 Penicillium-chrysogenum
11 12 -0.10586052049698161 0.8212908840105605 Penicillium-brevicompactum
11 12 -0.27268375143299833 0.5540946155743228 Penicillium-polonicum
11 12 -0.08922749452305244 0.8491249765853597 Penicillium-mb
11 12 -0.45775819472938434 0.3016775953948069 Penicillium-solitum
11 12 -0.3069551390903703 0.503095356787801 Penicillium-commune
11 12 -0.3064854435201349 0.5037829031587733 Penicillium-verrucosum
11 12 -0.3155070390643618 0.4906348213711518 Penicillium-cvjetkovicii
11 12 -0.3153786372938736 0.49082109115700845 Penicillium-chrysogenum
9 10 -0.1336527737963454 0.7751250914161978 Penicillium-brevicompactum
9 10 -0.5724181697753674 0.17927465293313297 Penicillium-polonicum
9 10 0.14227750173896195 0.7608994812246023 Penicillium-mb
9 10 -0.6210300193951899 0.13664122710187881 Penicillium-solitum
9 10 0.2333382568183136 0.6145679408435575 Penicillium-commune
9 10 0.2257145181683848 0.6265011470240979 Penicillium-verrucosum
9 10 0.39927166117926566 0.374886340538781 Penicillium-cvjetkovicii
9 10 0.340461944512827 0.45492152676236314 Penicillium-chrysogenum
9 10 -0.11477864074265824 0.8064267056188034 Penicillium-brevicompactum
9 10 -0.2707677138761452 0.5569938632046373 Penicillium-polonicum
9 10 -0.1836206085078649 0.6935044138419091 Penicillium-mb
9 10 -0.21515576049742613 0.6431355063638041 Penicillium-solitum
9 10 -0.18429104844132643 0.6924235214603576 Penicillium-commune
9 10 -0.6342946553212923 0.1260171650540578 Penicillium-verrucosum
9 10 0.27736339771387114 0.5470343042658681 Penicillium-cvjetkovicii
9 10 -0.3021047835136935 0.5102110938806776 Penicillium-chrysogenum
7 10 -0.1393084911862377 0.765790700131294 Penicillium-brevicompactum
7 10 -0.3214213580156468 0.4820824363095839 Penicillium-polonicum
7 10 -0.057121160394861106 0.9031862301226257 Penicillium-mb
7 10 -0.3771119720607665 0.40432946146949417 Penicillium-solitum
7 10 -0.18624492732253564 0.6892758217748142 Penicillium-commune
7 10 -0.13747755784796553 0.7688101189274926 Penicillium-verrucosum
7 10 0.2773633977138738 0.5470343042658641 Penicillium-cvjetkovicii
7 10 -0.016205446408283464 0.9724923920316392 Penicillium-chrysogenum
9 12 -0.15084727752394914 0.7468173452289414 Penicillium-brevicompactum
9 12 -0.2465979416467648 0.5939741618485004 Penicillium-polonicum
9 12 -0.30087605932307776 0.5120191970016312 Penicillium-mb
9 12 -0.5592291861668246 0.19182530592701313 Penicillium-solitum
9 12 -0.32669775146610064 0.4744982591895925 Penicillium-commune
9 12 -0.46011056080116725 0.2988767958216957 Penicillium-verrucosum
9 12 0.4394570727835261 0.323855822190334 Penicillium-cvjetkovicii
9 12 -0.3071073936690334 0.5028725550156856 Penicillium-chrysogenum
11 12 -0.4889566246193756 0.26548086882711147 Penicillium-brevicompactum
11 12 0.05433979449312409 0.9078860380447351 Penicillium-polonicum
11 12 -0.049708142931500145 0.9157170530800406 Penicillium-mb
11 12 -0.7683889590726936 0.043573602342228186 Penicillium-solitum
11 12 -0.20405794853735074 0.6607475864614043 Penicillium-commune
11 12 -0.1822895254954164 0.6956516271236367 Penicillium-verrucosum
11 12 0.09863159153925855 0.8333710746583128 Penicillium-cvjetkovicii
11 12 -0.019262061377942855 0.9673057749952609 Penicillium-chrysogenum
11 10 0.47318867670322057 0.2835166992202084 Penicillium-brevicompactum
11 10 0.2633736037623073 0.5682276514162959 Penicillium-polonicum
11 10 -0.3798864367273597 0.40059438101995476 Penicillium-mb
11 10 0.19026403977491696 0.682812255927992 Penicillium-solitum
11 10 -0.38770110887903514 0.3901483193873297 Penicillium-commune
11 10 -0.2860094504217796 0.5340682900304667 Penicillium-verrucosum
11 10 0.18191097078971724 0.6962625819134924 Penicillium-cvjetkovicii
11 10 -0.1930893397066063 0.6782777674523237 Penicillium-chrysogenum
9 12 -0.13219172456782277 0.7775400006442813 Penicillium-brevicompactum
9 12 -0.4142762336652828 0.3554673102840949 Penicillium-polonicum
9 12 -0.04801720296507495 0.9185774063392743 Penicillium-mb
9 12 -0.44659163394219364 0.3151285539961107 Penicillium-solitum
9 12 -0.17816476400834058 0.702315634549113 Penicillium-commune
9 12 -0.08349044415753071 0.8587557054280861 Penicillium-verrucosum
9 12 -0.0314809505523736 0.9465827572372331 Penicillium-cvjetkovicii
9 12 0.04272231528795631 0.9275385154529826 Penicillium-chrysogenum
9 10 0.10734067691861406 0.8188208030569534 Penicillium-brevicompactum
9 10 -0.6286748022125095 0.13046481514937894 Penicillium-polonicum
9 10 -0.045974984065644986 0.9220329034409309 Penicillium-mb
9 10 -0.35194797026714053 0.4388209725737237 Penicillium-solitum
9 10 0.06429266641797073 0.8910788209772579 Penicillium-commune
9 10 0.061290967198629115 0.8961445499342666 Penicillium-verrucosum
9 10 -0.41678706585508574 0.3522596594331882 Penicillium-cvjetkovicii
9 10 -0.04398450527515735 0.9254017938014849 Penicillium-chrysogenum
11 12 -0.23306520635668554 0.6149941910872893 Penicillium-brevicompactum
11 12 -0.2282840799883379 0.6224717146441694 Penicillium-polonicum
11 12 -0.08130467300814166 0.8624286580961823 Penicillium-mb
11 12 -0.40741776158133536 0.3642907069226374 Penicillium-solitum
11 12 -0.4558237527099575 0.30398939780972617 Penicillium-commune
11 12 -0.17174367890130104 0.7127197109842927 Penicillium-verrucosum
11 12 -0.08965532873492774 0.8484073607439355 Penicillium-cvjetkovicii
11 12 -0.274711700898642 0.551031372727431 Penicillium-chrysogenum
9 10 0.09329786754324691 0.8423010606611466 Penicillium-brevicompactum
9 10 0.020128416543468284 0.9658358606144898 Penicillium-polonicum
9 10 -0.4163014762491081 0.3528790653019963 Penicillium-mb
9 10 -0.13181275340494045 0.7781666200609629 Penicillium-solitum
9 10 -0.4206034321517917 0.34740747128904576 Penicillium-commune
9 10 -0.22828016598947853 0.6224778466786434 Penicillium-verrucosum
9 10 0.339515363315315 0.4562580775457709 Penicillium-cvjetkovicii
9 10 -0.03559653537050997 0.939607723584003 Penicillium-chrysogenum
9 10 -0.14199852768124357 0.7613588026303794 Penicillium-brevicompactum
9 10 -0.11741814044990136 0.8020360466582178 Penicillium-polonicum
9 10 -0.1329228317811752 0.7763314040411886 Penicillium-mb
9 10 -0.30592894724416103 0.5045979337238495 Penicillium-solitum
9 10 -0.18876012648369314 0.6852290777520902 Penicillium-commune
9 10 -0.45063475620108223 0.31022875677847894 Penicillium-verrucosum
9 10 0.27736339771387175 0.5470343042658672 Penicillium-cvjetkovicii
9 10 -0.218407167766646 0.638000240078098 Penicillium-chrysogenum
7 10 -0.06931254302190251 0.8826138220589556 Penicillium-brevicompactum
7 10 -0.03568186047560237 0.9394631470761361 Penicillium-polonicum
7 10 0.2658070074382963 0.56452270873454 Penicillium-mb
7 10 -0.129957518954681 0.781235578299214 Penicillium-solitum
7 10 -0.3464647001939734 0.4464799259226176 Penicillium-commune
7 10 0.020218498138518726 0.9656830266945604 Penicillium-verrucosum
7 10 -0.4190102794647347 0.3494296005636359 Penicillium-cvjetkovicii
7 10 0.2813435767007943 0.541052669745892 Penicillium-chrysogenum
7 6 0.049013290819046415 0.9168923620466605 Penicillium-brevicompactum
7 6 -0.005265262476199771 0.9910615367041848 Penicillium-polonicum
7 6 -0.18272448824857876 0.6949497961085125 Penicillium-mb
7 6 0.030545177343009544 0.9481690836316167 Penicillium-solitum
7 6 -0.1356750423365782 0.7717849446731515 Penicillium-commune
7 6 -0.12225313370078815 0.7940041048112587 Penicillium-verrucosum
7 6 0.11206448416580841 0.8109457701368434 Penicillium-cvjetkovicii
7 6 -0.18779216930969642 0.6867857367216645 Penicillium-chrysogenum
9 12 -0.07506213993002436 0.8729292393501084 Penicillium-brevicompactum
9 12 -0.4308060740647626 0.3345752052597599 Penicillium-polonicum
9 12 0.05142080303484094 0.9128206956212587 Penicillium-mb
9 12 -0.534082174000905 0.2168887001431889 Penicillium-solitum
9 12 -0.07362302468762272 0.8753521306407608 Penicillium-commune
9 12 -0.04606632625118022 0.9218783284956134 Penicillium-verrucosum
9 12 -0.41928868950311443 0.34907587004912094 Penicillium-cvjetkovicii
9 12 0.10305607199616093 0.8259741476083351 Penicillium-chrysogenum
9 10 -0.12620837736786802 0.7874443292980088 Penicillium-brevicompactum
9 10 -0.39780079692605247 0.3768127390165643 Penicillium-polonicum
9 10 -0.6780903112390195 0.09407424298978258 Penicillium-mb
9 10 -0.4082206665030138 0.363253143287382 Penicillium-solitum
9 10 -0.08699343437564007 0.8528735521865745 Penicillium-commune
9 10 0.05193257135554014 0.9119553686293357 Penicillium-verrucosum
9 10 -0.11395512775786212 0.8077974053805889 Penicillium-cvjetkovicii
9 10 0.11377073673387608 0.8081043694986092 Penicillium-chrysogenum
11 12 0.3108019630242153 0.49747672005903676 Penicillium-brevicompactum
11 12 0.3021039834990892 0.5102122704057253 Penicillium-polonicum
11 12 0.11429262222476619 0.8072356138034145 Penicillium-mb
11 12 0.23526141177961815 0.6115682116312753 Penicillium-solitum
11 12 -0.2634713901029652 0.568078620067088 Penicillium-commune
11 12 -0.23087497412897506 0.6184163975480427 Penicillium-verrucosum
11 12 -0.13717284558068848 0.7693128508342232 Penicillium-cvjetkovicii
11 12 0.17243871693079324 0.7115918040838104 Penicillium-chrysogenum
7 10 -0.13365277379634513 0.7751250914161981 Penicillium-brevicompactum
7 10 -0.6106731748376573 0.14523974144567964 Penicillium-polonicum
7 10 0.2065606688651287 0.6567646278656791 Penicillium-mb
7 10 -0.2267816014183083 0.6248269089162184 Penicillium-solitum
7 10 0.11880873450675412 0.7997245301076341 Penicillium-commune
7 10 0.13662755982913083 0.7702126550560571 Penicillium-verrucosum
7 10 0.3739969052131444 0.4085393855278945 Penicillium-cvjetkovicii
7 10 -0.247613666749349 0.5924053138803786 Penicillium-chrysogenum
7 10 -0.14154040383603148 0.7621132089550219 Penicillium-brevicompactum
7 10 -0.3787250041042476 0.40215627023138556 Penicillium-polonicum
7 10 -0.2522124975099966 0.5853179905387011 Penicillium-mb
7 10 -0.4420890576004249 0.3206242982837599 Penicillium-solitum
7 10 -0.3509224749305959 0.44024955524675574 Penicillium-commune
7 10 -0.4073835135630978 0.3643349915185571 Penicillium-verrucosum
7 10 0.2773633977138739 0.5470343042658639 Penicillium-cvjetkovicii
7 10 -0.1811444397140137 0.6975000967911769 Penicillium-chrysogenum
7 10 -0.13365277379634527 0.775125091416198 Penicillium-brevicompactum
7 10 -0.3881195121851222 0.38959214798704545 Penicillium-polonicum
7 10 -0.06868944421519034 0.8836640818604077 Penicillium-mb
7 10 -0.3316742336347032 0.4673852756983774 Penicillium-solitum
7 10 0.10975404947159065 0.8147959345254927 Penicillium-commune
7 10 -0.03237881388776794 0.9450608276717319 Penicillium-verrucosum
7 10 0.39451771930280494 0.3811270902700212 Penicillium-cvjetkovicii
7 10 0.30818043353186325 0.5013033012982234 Penicillium-chrysogenum
11 12 0.5515964687325134 0.1992765607064617 Penicillium-brevicompactum
11 12 0.5733415789488523 0.17841145301335126 Penicillium-polonicum
11 12 0.5381383997801455 0.21274654904111429 Penicillium-mb
11 12 -0.5150602030976336 0.23681549109367703 Penicillium-solitum
11 12 0.49329634448056703 0.260611236963891 Penicillium-commune
11 12 0.47376555893129674 0.28284746680661754 Penicillium-verrucosum
11 12 -0.879020269805726 0.009151489678171199 Penicillium-cvjetkovicii
11 12 0.6036154590603872 0.15125069141380995 Penicillium-chrysogenum
11 12 -0.7085827312211834 0.07470371081355325 Penicillium-brevicompactum
11 12 0.16010948623264662 0.7316601914310222 Penicillium-polonicum
11 12 -0.0035252345966239247 0.994015413062374 Penicillium-mb
11 12 0.14429652842300333 0.7575768922209396 Penicillium-solitum
11 12 -0.2582537806994074 0.5760477033545619 Penicillium-commune
11 12 -0.256168674323521 0.5792420879939493 Penicillium-verrucosum
11 12 -0.24283741275698972 0.5997934154829176 Penicillium-cvjetkovicii
11 12 0.0576810731644991 0.902240386719851 Penicillium-chrysogenum
11 10 -0.05862174988039853 0.9006515379510697 Penicillium-brevicompactum
11 10 -0.6166938596662667 0.14020895478240664 Penicillium-polonicum
11 10 -0.11908568160776194 0.7992643127785212 Penicillium-mb
11 10 0.021333396156851 0.9637915426495571 Penicillium-solitum
11 10 0.12010782786787423 0.79756616007436 Penicillium-commune
11 10 0.13828020636165103 0.7674861715998874 Penicillium-verrucosum
11 10 0.678060593012547 0.09409427479604825 Penicillium-cvjetkovicii
11 10 -0.6057108642561205 0.1494532966858404 Penicillium-chrysogenum
9 12 -0.24128628596764068 0.6021986726026518 Penicillium-brevicompactum
9 12 -0.5675666340917983 0.18384330014647327 Penicillium-polonicum
9 12 -0.20647723067244328 0.6568973122469643 Penicillium-mb
9 12 -0.40209346749468466 0.37120190813892995 Penicillium-solitum
9 12 -0.3845797773057755 0.39430745070657547 Penicillium-commune
9 12 -0.46996985992428986 0.2872637524161552 Penicillium-verrucosum
9 12 -0.3399821883358851 0.4555987490522304 Penicillium-cvjetkovicii
9 12 -0.11738259804912979 0.8020951421624645 Penicillium-chrysogenum
7 6 -0.13365277379634535 0.7751250914161978 Penicillium-brevicompactum
7 6 -0.7698927501177034 0.04290725491167377 Penicillium-polonicum
7 6 0.052948786782032596 0.9102372995023689 Penicillium-mb
7 6 -0.17717602938731158 0.7039153143769663 Penicillium-solitum
7 6 0.3507942887082329 0.4404282509528561 Penicillium-commune
7 6 0.3504213466032557 0.44094830051917827 Penicillium-verrucosum
7 6 0.3574050661044999 0.4312486612708729 Penicillium-cvjetkovicii
7 6 0.2612366639490636 0.5714875385476523 Penicillium-chrysogenum
11 12 -0.3215892648620038 0.48184042241178465 Penicillium-brevicompactum
11 12 0.11137243026452599 0.8120987107341933 Penicillium-polonicum
11 12 -0.19449251168693796 0.6760285907026242 Penicillium-mb
11 12 -0.041111694026880724 0.9302655869820188 Penicillium-solitum
11 12 -0.5668578886005752 0.1845154146958036 Penicillium-commune
11 12 -0.2507176731814255 0.5876188235092119 Penicillium-verrucosum
11 12 0.06997218991172424 0.8815021079100924 Penicillium-cvjetkovicii
11 12 0.015815345799179058 0.9731543927613071 Penicillium-chrysogenum
11 12 0.11533368203459012 0.8055030867229334 Penicillium-brevicompactum
11 12 -0.723864786880183 0.06588597802784468 Penicillium-polonicum
11 12 0.1672041293687838 0.7200966505239352 Penicillium-mb
11 12 -0.17557747082047404 0.7065034665904449 Penicillium-solitum
11 12 -0.02699352972581641 0.9541910542840875 Penicillium-commune
11 12 -0.06263357283060447 0.8938783860532589 Penicillium-verrucosum
11 12 0.13448620197430747 0.7737481956631849 Penicillium-cvjetkovicii
11 12 0.15662629240975348 0.7373523769848627 Penicillium-chrysogenum
9 12 -0.1386082474141301 0.7669452058369395 Penicillium-brevicompactum
9 12 -0.3777218349767398 0.403507265844115 Penicillium-polonicum
9 12 -0.0824721072369913 0.8604666621161443 Penicillium-mb
9 12 -0.43002315828961063 0.33555265633959475 Penicillium-solitum
9 12 -0.26311314811672665 0.5686246594045534 Penicillium-commune
9 12 -0.16831845521793448 0.7182842091273489 Penicillium-verrucosum
9 12 0.27736339771387303 0.5470343042658652 Penicillium-cvjetkovicii
9 12 -0.03199211771861779 0.9457162836604367 Penicillium-chrysogenum
5 8 0.026157935470188805 0.9556081004751176 Penicillium-brevicompactum
5 8 -0.453718803016049 0.30651375332408337 Penicillium-polonicum
5 8 -0.03994363032454647 0.9322436696718815 Penicillium-mb
5 8 -0.42739493165636855 0.33884278608595486 Penicillium-solitum
5 8 -0.05119803383973634 0.9131973878880022 Penicillium-commune
5 8 -0.04610171840719546 0.9218184362064408 Penicillium-verrucosum
5 8 -0.41725542189912135 0.3516626672995175 Penicillium-cvjetkovicii
5 8 0.10189483415909735 0.8279145547118624 Penicillium-chrysogenum
7 8 -0.131640599934229 0.7784513031391207 Penicillium-brevicompactum
7 8 -0.5340401038528978 0.21693186003013576 Penicillium-polonicum
7 8 -0.26767745807107873 0.5616801313281705 Penicillium-mb
7 8 -0.3271098329163007 0.4739077770309762 Penicillium-solitum
7 8 -0.014872611479809823 0.9747542629000789 Penicillium-commune
7 8 -0.010693657511598077 0.9818469211541276 Penicillium-verrucosum
7 8 -0.2519980479451432 0.5856479009307165 Penicillium-cvjetkovicii
7 8 -0.0810556479919072 0.862847243882207 Penicillium-chrysogenum
9 12 -0.14280897201155932 0.7600245878481846 Penicillium-brevicompactum
9 12 -0.14807347272838903 0.7513693967232769 Penicillium-polonicum
9 12 -0.2207374084512695 0.6343269122725947 Penicillium-mb
9 12 -0.4392522577856209 0.3241078768073689 Penicillium-solitum
9 12 -0.47796993256809156 0.2779914321906814 Penicillium-commune
9 12 -0.3858000506845904 0.3926793496054203 Penicillium-verrucosum
9 12 0.27736339771387175 0.5470343042658672 Penicillium-cvjetkovicii
9 12 -0.2204797219602743 0.6347328305119089 Penicillium-chrysogenum
11 12 -0.04636206691848114 0.9213778711211585 Penicillium-brevicompactum
11 12 -0.4641982874716399 0.29403723303528123 Penicillium-polonicum
11 12 -0.0017939719348919806 0.9969544635545848 Penicillium-mb
11 12 -0.5237493222508999 0.22761098503744312 Penicillium-solitum
11 12 -0.111282780538117 0.8122480842184217 Penicillium-commune
11 12 -0.5478010403131011 0.20303263931960236 Penicillium-verrucosum
11 12 0.016636383435487193 0.9717611065120602 Penicillium-cvjetkovicii
11 12 -0.006218498096311116 0.9894433538672519 Penicillium-chrysogenum
9 12 -0.14134201982159006 0.7624399403804645 Penicillium-brevicompactum
9 12 -0.2663576035950552 0.5636854764610348 Penicillium-polonicum
9 12 -0.06833796544959374 0.8842565742694798 Penicillium-mb
9 12 -0.4461181545655248 0.31570453666110554 Penicillium-solitum
9 12 -0.255255838602018 0.5806422811091281 Penicillium-commune
9 12 -0.18495245236689958 0.6913576033607169 Penicillium-verrucosum
9 12 0.2773633977138739 0.5470343042658639 Penicillium-cvjetkovicii
9 12 -0.07956044796468523 0.8653610572219723 Penicillium-chrysogenum
9 10 0.11021986307098951 0.8140194507647966 Penicillium-brevicompactum
9 10 -0.544790012033141 0.20603637441079437 Penicillium-polonicum
9 10 -0.11970934886504507 0.7982281019035754 Penicillium-mb
9 10 -0.6278342042653403 0.13113684592908897 Penicillium-solitum
9 10 -0.26588182853241227 0.564408913110011 Penicillium-commune
9 10 -0.36829142516104174 0.41629454346061884 Penicillium-verrucosum
9 10 0.03722438615583788 0.9368496928500831 Penicillium-cvjetkovicii
9 10 -0.0482968310698347 0.9181043453253581 Penicillium-chrysogenum
9 10 -0.14941051450093415 0.7491744736954962 Penicillium-brevicompactum
9 10 -0.4549170759222059 0.3050756069888612 Penicillium-polonicum
9 10 -0.10052984965734685 0.8301963082357777 Penicillium-mb
9 10 -0.5328440167046695 0.21816063129693528 Penicillium-solitum
9 10 -0.2171844117593064 0.6399301209679805 Penicillium-commune
9 10 -0.3257124000614949 0.47591127680011197 Penicillium-verrucosum
9 10 -0.04622345513615565 0.921612429770194 Penicillium-cvjetkovicii
9 10 -0.18423422613720944 0.6925151150898337 Penicillium-chrysogenum
9 12 -0.14137931168356724 0.7623785198666682 Penicillium-brevicompactum
9 12 -0.18147846694440667 0.6969607657512061 Penicillium-polonicum
9 12 0.014267232010183976 0.9757816597254974 Penicillium-mb
9 12 -0.5224814043564572 0.22894346015205896 Penicillium-solitum
9 12 -0.10602564894475389 0.8210152596061437 Penicillium-commune
9 12 -0.43070009523473546 0.3347074462341681 Penicillium-verrucosum
9 12 0.27736339771387175 0.5470343042658672 Penicillium-cvjetkovicii
9 12 0.006515345942649816 0.9889394399599815 Penicillium-chrysogenum
9 12 -0.13975203790063043 0.7650595940322293 Penicillium-brevicompactum
9 12 -0.12657626395196273 0.7868346913616964 Penicillium-polonicum
9 12 -0.04110928078523096 0.9302696734467254 Penicillium-mb
9 12 -0.28855445831135257 0.5302714281953017 Penicillium-solitum
9 12 -0.30140834339960326 0.5112356542765792 Penicillium-commune
9 12 -0.3285462333133843 0.47185161372065615 Penicillium-verrucosum
9 12 0.2773633977138731 0.5470343042658652 Penicillium-cvjetkovicii
9 12 -0.0015582256420183882 0.9973546772021292 Penicillium-chrysogenum
9 12 0.14021599207378005 0.7642949983226365 Penicillium-brevicompactum
9 12 -0.08555942492861608 0.8552808705705602 Penicillium-polonicum
9 12 -0.24994495696297064 0.5888092718886969 Penicillium-mb
9 12 -0.8799603428502287 0.008979459723176503 Penicillium-solitum
9 12 -0.25712600041769873 0.5777747803579392 Penicillium-commune
9 12 -0.24119135230264996 0.6023459749888189 Penicillium-verrucosum
9 12 -0.07222754560306094 0.8777022959204688 Penicillium-cvjetkovicii
9 12 -0.08674459422593686 0.8532912235859788 Penicillium-chrysogenum
7 8 -0.05073070929724727 0.9139876537075087 Penicillium-brevicompactum
7 8 -0.501606748713877 0.25140114981018385 Penicillium-polonicum
7 8 -0.1312757088151061 0.7790547735869672 Penicillium-mb
7 8 -0.4237641424746378 0.34341031431960667 Penicillium-solitum
7 8 0.04028881231413793 0.9316590845480993 Penicillium-commune
7 8 0.03085382225535828 0.9476458523196234 Penicillium-verrucosum
7 8 -0.41836972773031433 0.3502440159974634 Penicillium-cvjetkovicii
7 8 0.13054032444158312 0.7802712473960445 Penicillium-chrysogenum
9 12 -0.1445736293268948 0.7571211146074461 Penicillium-brevicompactum
9 12 -0.3968103189516673 0.3781122396208662 Penicillium-polonicum
9 12 -0.22415569108970895 0.6289492145174276 Penicillium-mb
9 12 -0.6112350611722723 0.14476645583018083 Penicillium-solitum
9 12 -0.3371207815772045 0.45964566985860117 Penicillium-commune
9 12 -0.3964003417822956 0.3786506597227683 Penicillium-verrucosum
9 12 -0.4181547251013342 0.35051755441123933 Penicillium-cvjetkovicii
9 12 -0.15964962885384368 0.73241112872483 Penicillium-chrysogenum
11 12 -0.13365277379634535 0.7751250914161978 Penicillium-brevicompactum
11 12 -0.21550759303967004 0.6425792739895564 Penicillium-polonicum
11 12 0.08205749057259784 0.8611634041051249 Penicillium-mb
11 12 -0.2958530044156059 0.5194336256635077 Penicillium-solitum
11 12 -0.4094839436708678 0.36162313572238397 Penicillium-commune
11 12 0.26564674524147847 0.56476647656756 Penicillium-verrucosum
11 12 0.3844837786604113 0.39443564739398335 Penicillium-cvjetkovicii
11 12 0.4923436831953073 0.26167670803402804 Penicillium-chrysogenum
9 6 0.4602364640376032 0.29872721575141 Penicillium-brevicompactum
9 6 0.2814214545111877 0.5409358469899263 Penicillium-polonicum
9 6 -0.21997400239075204 0.6355296718908581 Penicillium-mb
9 6 0.3084155996688371 0.5009596150197971 Penicillium-solitum
9 6 -0.11574011838357869 0.8048268684897545 Penicillium-commune
9 6 -0.1485694054690633 0.750555104279509 Penicillium-verrucosum
9 6 0.19020374450882999 0.6829091104570628 Penicillium-cvjetkovicii
9 6 -0.19308933970660624 0.6782777674523239 Penicillium-chrysogenum
11 12 0.4866332192626932 0.26810480946018617 Penicillium-brevicompactum
11 12 0.41859917432823507 0.3499521998349428 Penicillium-polonicum
11 12 0.34716348427465665 0.44550109311020664 Penicillium-mb
11 12 0.18874562664694025 0.6852523897284521 Penicillium-solitum
11 12 -0.7579325992230455 0.04836379849526214 Penicillium-commune
11 12 0.07563531427652173 0.871964463269204 Penicillium-verrucosum
11 12 -0.21338313150097493 0.6459399686062989 Penicillium-cvjetkovicii
11 12 0.3719644822332983 0.41129539527347736 Penicillium-chrysogenum
7 4 0.477208951881408 0.2788675672275097 Penicillium-brevicompactum
7 4 0.2560925725023777 0.5793587800065125 Penicillium-polonicum
7 4 -0.28012402506512846 0.5428831782588275 Penicillium-mb
7 4 0.27724134048084653 0.5472180798864807 Penicillium-solitum
7 4 -0.14466909124460234 0.7569641110908055 Penicillium-commune
7 4 -0.13660747361707687 0.7702458042723657 Penicillium-verrucosum
7 4 0.188332431410718 0.6859167838445301 Penicillium-cvjetkovicii
7 4 -0.1930893397066065 0.6782777674523235 Penicillium-chrysogenum
11 12 0.10102382372723252 0.8293704544846389 Penicillium-brevicompactum
11 12 -0.33885521757334625 0.45719105084855594 Penicillium-polonicum
11 12 -0.07075451886746094 0.880183836215829 Penicillium-mb
11 12 -0.5840248712284721 0.16857349514690342 Penicillium-solitum
11 12 -0.5233462015107808 0.2280342352235285 Penicillium-commune
11 12 -0.24151961555756146 0.6018366759508176 Penicillium-verrucosum
11 12 -0.25045395499548434 0.5880250254955153 Penicillium-cvjetkovicii
11 12 -0.15296117530713385 0.7433521755774042 Penicillium-chrysogenum
9 12 -0.1394082246358853 0.765626295615353 Penicillium-brevicompactum
9 12 -0.1637047246603479 0.7257951484317509 Penicillium-polonicum
9 12 -0.1767441909950509 0.704614261043448 Penicillium-mb
9 12 -0.33752646564693367 0.4590710987180072 Penicillium-solitum
9 12 -0.3620286673752595 0.4248725055606284 Penicillium-commune
9 12 -0.28156396566133324 0.5407220908110162 Penicillium-verrucosum
9 12 0.27736339771387175 0.5470343042658672 Penicillium-cvjetkovicii
9 12 -0.16218992266177365 0.728265017035512 Penicillium-chrysogenum
7 10 -0.13502005440989118 0.7728664725854535 Penicillium-brevicompactum
7 10 -0.19805444527783433 0.6703277074569665 Penicillium-polonicum
7 10 -0.09344584485904334 0.8420531246384386 Penicillium-mb
7 10 -0.29616704019740697 0.5189690138590908 Penicillium-solitum
7 10 -0.1529960102216736 0.7432951017430638 Penicillium-commune
7 10 -0.28448376578952794 0.5363487767039912 Penicillium-verrucosum
7 10 0.27736339771387175 0.5470343042658672 Penicillium-cvjetkovicii
7 10 -0.10228890483033103 0.827255991428057 Penicillium-chrysogenum
9 10 -0.46801793971597455 0.28954666866437967 Penicillium-brevicompactum
9 10 -0.18456724851521675 0.6919783484614579 Penicillium-polonicum
9 10 0.615808371794503 0.1409432410243174 Penicillium-mb
9 10 -0.012213721741944926 0.9792668884980377 Penicillium-solitum
9 10 0.6818244627919476 0.09157505049449156 Penicillium-commune
9 10 0.6927629185389317 0.08445808975227197 Penicillium-verrucosum
9 10 0.775375864221787 0.04052551565489907 Penicillium-cvjetkovicii
9 10 0.6213198454279523 0.13640442305045186 Penicillium-chrysogenum
11 12 0.7213543885561198 0.06729367448365413 Penicillium-brevicompactum
11 12 0.620245789231351 0.1372830308802106 Penicillium-polonicum
11 12 0.3540110320993208 0.43595234110303954 Penicillium-mb
11 12 0.37004636969507176 0.4139030606086992 Penicillium-solitum
11 12 -0.6757854220230339 0.09563452597099845 Penicillium-commune
11 12 0.055382026075433695 0.9061246728419011 Penicillium-verrucosum
11 12 -0.29296147521729504 0.5237182580047203 Penicillium-cvjetkovicii
11 12 0.39550771940195983 0.3798240115302373 Penicillium-chrysogenum
5 6 -0.14191011149038904 0.761504388547598 Penicillium-brevicompactum
5 6 -0.11934951308366999 0.7988259333188039 Penicillium-polonicum
5 6 -0.2167964516169217 0.6405427778359705 Penicillium-mb
5 6 -0.21896456855536742 0.6371210301179845 Penicillium-solitum
5 6 -0.2406830552973247 0.603134849018234 Penicillium-commune
5 6 -0.26043983087077116 0.5727046054917013 Penicillium-verrucosum
5 6 0.2773633977138711 0.5470343042658681 Penicillium-cvjetkovicii
5 6 -0.20714327659536594 0.655838358162631 Penicillium-chrysogenum
11 12 -0.1639852067012292 0.7253380320118545 Penicillium-brevicompactum
11 12 -0.20518744562096003 0.6589492528843337 Penicillium-polonicum
11 12 0.0632519896933312 0.8928347618223993 Penicillium-mb
11 12 -0.24898725003532976 0.5902857384629914 Penicillium-solitum
11 12 -0.75201019729622 0.05119896396714698 Penicillium-commune
11 12 0.05742420125743371 0.9026743011626297 Penicillium-verrucosum
11 12 0.27736339771387386 0.547034304265864 Penicillium-cvjetkovicii
11 12 -0.4334271679893656 0.33131167683163915 Penicillium-chrysogenum
5 6 -0.12797530637593124 0.7845170809167035 Penicillium-brevicompactum
5 6 -0.4449341263926027 0.3171468889864202 Penicillium-polonicum
5 6 -0.11981020630757053 0.7980605513312568 Penicillium-mb
5 6 -0.38157112927389125 0.39833310659940935 Penicillium-solitum
5 6 -0.021158970500952216 0.9640874563622812 Penicillium-commune
5 6 -0.03431626491020932 0.9417771952150484 Penicillium-verrucosum
5 6 -0.44622184579403074 0.3155783583784566 Penicillium-cvjetkovicii
5 6 0.05528891683429116 0.9062820145489784 Penicillium-chrysogenum
11 12 -0.06874771097538158 0.883565864971529 Penicillium-brevicompactum
11 12 -0.5248183445264724 0.22649037066515346 Penicillium-polonicum
11 12 0.09389882170513159 0.8412942264033101 Penicillium-mb
11 12 -0.6779519093679492 0.09416755295859809 Penicillium-solitum
11 12 -0.5577386551444313 0.19326962469445227 Penicillium-commune
11 12 -0.06126409350084342 0.8961899154192667 Penicillium-verrucosum
11 12 0.025051304513087652 0.9574849280726188 Penicillium-cvjetkovicii
11 12 -0.21673923547455332 0.6406331458584064 Penicillium-chrysogenum
7 8 -0.4144140486146166 0.3552909337052624 Penicillium-brevicompactum
7 8 -0.09604110055669152 0.8377064744837974 Penicillium-polonicum
7 8 -0.2025606198614313 0.6631335643317042 Penicillium-mb
7 8 -0.04696438094338742 0.9203586890415351 Penicillium-solitum
7 8 -0.11984768905003741 0.7979982842698193 Penicillium-commune
7 8 -0.10219257477044338 0.827416968941076 Penicillium-verrucosum
7 8 -0.3027051807607104 0.5093283968680371 Penicillium-cvjetkovicii
7 8 -0.3872304801596142 0.39077429327329455 Penicillium-chrysogenum
9 12 0.15706698560881158 0.7366316699850525 Penicillium-brevicompactum
9 12 -0.35303475678949775 0.4373089330785065 Penicillium-polonicum
9 12 0.26151564760780166 0.5710616170828634 Penicillium-mb
9 12 -0.41419877947622996 0.35556645273085535 Penicillium-solitum
9 12 -0.2275609437523779 0.623604941160574 Penicillium-commune
9 12 0.046122219812269695 0.921783742888377 Penicillium-verrucosum
9 12 -0.40909787578046686 0.3621209576099178 Penicillium-cvjetkovicii
9 12 0.2866243418008289 0.5331501110991543 Penicillium-chrysogenum
9 10 -0.16330098672797758 0.7264532550757827 Penicillium-brevicompactum
9 10 -0.3184259779193478 0.48640717657708205 Penicillium-polonicum
9 10 -0.4406711590473638 0.3223634452866716 Penicillium-mb
9 10 -0.5589164158341454 0.19212794453446116 Penicillium-solitum
9 10 -0.46564089664246944 0.2923376331430704 Penicillium-commune
9 10 -0.30268554673623144 0.5093572542091904 Penicillium-verrucosum
9 10 0.5509459244126312 0.19991796703406647 Penicillium-cvjetkovicii
9 10 -0.2755553783086035 0.5497586149801268 Penicillium-chrysogenum
9 10 -0.13365277379634538 0.7751250914161978 Penicillium-brevicompactum
9 10 -0.5096386129195554 0.2426447788218644 Penicillium-polonicum
9 10 0.14029998415060227 0.7641565957751701 Penicillium-mb
9 10 -0.3755041717064582 0.40650020996812275 Penicillium-solitum
9 10 0.049277494110188086 0.9164454605962563 Penicillium-commune
9 10 0.06543151744273433 0.8891576357177517 Penicillium-verrucosum
9 10 0.38650128538636797 0.3917449759859496 Penicillium-cvjetkovicii
9 10 0.1014220277612001 0.8287048053876297 Penicillium-chrysogenum
9 12 -0.13365277379634538 0.7751250914161978 Penicillium-brevicompactum
9 12 -0.5382109832605562 0.21267277361449774 Penicillium-polonicum
9 12 0.08048835308782912 0.8638009042050452 Penicillium-mb
9 12 -0.48868587576164485 0.265786036489044 Penicillium-solitum
9 12 -0.04874659058178289 0.9173435047471521 Penicillium-commune
9 12 -0.055461057794026304 0.9059911221114936 Penicillium-verrucosum
9 12 0.3843739651118086 0.39458231294404533 Penicillium-cvjetkovicii
9 12 0.012631338278725332 0.9785580847660222 Penicillium-chrysogenum
9 12 -0.13365277379634521 0.775125091416198 Penicillium-brevicompactum
9 12 -0.21740861342399503 0.6395761414321532 Penicillium-polonicum
9 12 0.415938103163609 0.3533428722246828 Penicillium-mb
9 12 -0.19972544709005055 0.667657574573103 Penicillium-solitum
9 12 0.22962301855261327 0.6203750285039293 Penicillium-commune
9 12 -0.10273875743776452 0.8265043048379862 Penicillium-verrucosum
9 12 0.3962682344757576 0.37882422168814267 Penicillium-cvjetkovicii
9 12 0.4379380278691694 0.3257272324872908 Penicillium-chrysogenum
7 10 -0.13851284926829383 0.7671025172099338 Penicillium-brevicompactum
7 10 -0.4308068594761103 0.3345742253021172 Penicillium-polonicum
7 10 -0.11828054340024283 0.8006023802638379 Penicillium-mb
7 10 -0.2900010577333217 0.528117324400335 Penicillium-solitum
7 10 -0.204556555785713 0.659953566388546 Penicillium-commune
7 10 -0.3130580265807184 0.49419187534425424 Penicillium-verrucosum
7 10 0.27736339771387175 0.5470343042658672 Penicillium-cvjetkovicii
7 10 -0.11404881254978043 0.8076414515581196 Penicillium-chrysogenum
9 10 -0.21928094932057385 0.6366221407733765 Penicillium-brevicompactum
9 10 -0.10025811292858958 0.8306506660819866 Penicillium-polonicum
9 10 -0.1518159675381424 0.7452290131509013 Penicillium-mb
9 10 -0.14150698497410905 0.7621682466676398 Penicillium-solitum
9 10 -0.21165299812331784 0.6486804162170705 Penicillium-commune
9 10 -0.1562716125856544 0.7379325293766266 Penicillium-verrucosum
9 10 0.2773633977138719 0.547034304265867 Penicillium-cvjetkovicii
9 10 -0.2579587471791672 0.5764993603644974 Penicillium-chrysogenum
7 8 -0.7012749955881353 0.07913042112025434 Penicillium-brevicompactum
7 8 -0.04767599353124479 0.9191546734648208 Penicillium-polonicum
7 8 -0.14761464612821976 0.7521229264362078 Penicillium-mb
7 8 0.04380233263206305 0.9257101663526115 Penicillium-solitum
7 8 -0.05399425522123694 0.9084700639074266 Penicillium-commune
7 8 -0.0417131469477898 0.929247154365338 Penicillium-verrucosum
7 8 -0.4164923088786529 0.3526355897666639 Penicillium-cvjetkovicii
7 8 -0.4093172111833551 0.36183809702145764 Penicillium-chrysogenum
9 10 -0.14569653168707858 0.7552747302858872 Penicillium-brevicompactum
9 10 -0.39075663009691053 0.3860940545055826 Penicillium-polonicum
9 10 -0.15294481681309546 0.7433789778021511 Penicillium-mb
9 10 -0.5118854105337095 0.24022103390770677 Penicillium-solitum
9 10 -0.27056170129626866 0.5573058813775973 Penicillium-commune
9 10 -0.31060372951995296 0.4977657161729928 Penicillium-verrucosum
9 10 0.5703629146073212 0.1812032133831272 Penicillium-cvjetkovicii
9 10 -0.21557467840367428 0.6424732299193054 Penicillium-chrysogenum
9 12 -0.12720444309194445 0.7857939135712563 Penicillium-brevicompactum
9 12 -0.4588899056190907 0.30032871117849197 Penicillium-polonicum
9 12 -0.009630429949881796 0.9836516324807736 Penicillium-mb
9 12 -0.46392407163579463 0.2943607917077602 Penicillium-solitum
9 12 -0.23805605267828348 0.6072168281499286 Penicillium-commune
9 12 -0.20648963672972076 0.6568775835374376 Penicillium-verrucosum
9 12 -0.4433933279882504 0.31902810873885806 Penicillium-cvjetkovicii
9 12 8.45136048683505e-05 0.999856525248797 Penicillium-chrysogenum
9 10 -0.25781453994460146 0.5767201626341836 Penicillium-brevicompactum
9 10 -0.2864789666245836 0.533367143089214 Penicillium-polonicum
9 10 -0.18067911871188694 0.6982515876475328 Penicillium-mb
9 10 -0.786579531419498 0.03589169593890178 Penicillium-solitum
9 10 -0.16847747027488166 0.7180256578983824 Penicillium-commune
9 10 -0.16826332717827136 0.7183738497939011 Penicillium-verrucosum
9 10 -0.12378529825630075 0.7914618443881476 Penicillium-cvjetkovicii
9 10 -0.25429874352529613 0.5821114880932442 Penicillium-chrysogenum
11 12 0.18273350482972456 0.6949352492989569 Penicillium-brevicompactum
11 12 -0.6818721004618726 0.09154339631943892 Penicillium-polonicum
11 12 0.056592356702893636 0.9040796055392833 Penicillium-mb
11 12 -0.11703419430167641 0.8026744644589717 Penicillium-solitum
11 12 -0.14638093940275326 0.7541498147120568 Penicillium-commune
11 12 -0.2122704536310469 0.647702033375532 Penicillium-verrucosum
11 12 -0.03366730682316244 0.9428769917402218 Penicillium-cvjetkovicii
11 12 -0.03523498870353095 0.940220349845299 Penicillium-chrysogenum
9 12 -0.12860400853805695 0.7834760035698873 Penicillium-brevicompactum
9 12 -0.36050534681739027 0.4269691946619619 Penicillium-polonicum
9 12 0.06204444734806365 0.8948726921705539 Penicillium-mb
9 12 -0.5240848284859563 0.22725900716950323 Penicillium-solitum
9 12 -0.15100872721799688 0.7465525713777668 Penicillium-commune
9 12 -0.13825670482271363 0.7675249303884493 Penicillium-verrucosum
9 12 -0.4485149113698879 0.3127936015359683 Penicillium-cvjetkovicii
9 12 0.0707134082451414 0.8802531046500824 Penicillium-chrysogenum
7 10 -0.14503652387228383 0.7563598670748277 Penicillium-brevicompactum
7 10 -0.23247852469206107 0.6159103318432968 Penicillium-polonicum
7 10 -0.20731249108040717 0.6555693949850314 Penicillium-mb
7 10 -0.41953620885323467 0.34876151350767 Penicillium-solitum
7 10 -0.28628408678573125 0.5336581274064522 Penicillium-commune
7 10 -0.2987462675292665 0.5151584688689886 Penicillium-verrucosum
7 10 0.2773633977138754 0.5470343042658614 Penicillium-cvjetkovicii
7 10 -0.15308392692044864 0.7431510623960164 Penicillium-chrysogenum
9 8 0.20261767237726147 0.6630426101252676 Penicillium-brevicompactum
9 8 -0.0014172688848373843 0.9975939720301735 Penicillium-polonicum
9 8 -0.49338934089896846 0.2605073345498516 Penicillium-mb
9 8 0.11327428932648002 0.8089309252608852 Penicillium-solitum
9 8 -0.46854939332921597 0.2889242979357769 Penicillium-commune
9 8 -0.23430820591230034 0.6130544819485533 Penicillium-verrucosum
9 8 -0.12000781196613801 0.7977322945547726 Penicillium-cvjetkovicii
9 8 0.41038622717353385 0.3604607769579845 Penicillium-chrysogenum
9 12 -0.13365277379634508 0.7751250914161983 Penicillium-brevicompactum
9 12 -0.20578692895471065 0.6579953125639768 Penicillium-polonicum
9 12 -0.3646980446779067 0.42120801746721104 Penicillium-mb
9 12 -0.42200839609514235 0.34562829557175373 Penicillium-solitum
9 12 0.058063299547968496 0.9015947562107252 Penicillium-commune
9 12 0.04232435377774233 0.9282122842455423 Penicillium-verrucosum
9 12 0.34039622589385016 0.45501427278454004 Penicillium-cvjetkovicii
9 12 0.2267882516543404 0.624816478802839 Penicillium-chrysogenum
11 12 -0.1336527737963453 0.7751250914161979 Penicillium-brevicompactum
11 12 -0.5350475328213371 0.21589945434226862 Penicillium-polonicum
11 12 -0.12371825003380729 0.7915730642719193 Penicillium-mb
11 12 -0.5306812781726699 0.22039080635461766 Penicillium-solitum
11 12 -0.2983955658412004 0.5156760290624556 Penicillium-commune
11 12 -0.34098128927149424 0.4541888443520779 Penicillium-verrucosum
11 12 0.453330985478097 0.30697983880899965 Penicillium-cvjetkovicii
11 12 -0.07983920897325995 0.864892319741607 Penicillium-chrysogenum
5 10 -0.1336527737963453 0.7751250914161979 Penicillium-brevicompactum
5 10 -0.35143661854946145 0.43953309898439713 Penicillium-polonicum
5 10 -0.21203767137990318 0.6480708388831079 Penicillium-mb
5 10 -0.8079941970633353 0.02789593131397045 Penicillium-solitum
5 10 -0.18630744089607357 0.689175170926746 Penicillium-commune
5 10 -0.2628188539567718 0.5690733523763605 Penicillium-verrucosum
5 10 0.36376167854880587 0.42249204997889084 Penicillium-cvjetkovicii
5 10 -0.06485189758741586 0.8901353722760996 Penicillium-chrysogenum
5 6 0.20335346278446575 0.6618698941224734 Penicillium-brevicompactum
5 6 -0.4602052267301481 0.29876432433914657 Penicillium-polonicum
5 6 0.12258602597161447 0.7934516257798402 Penicillium-mb
5 6 -0.42750712702450777 0.33870205677313564 Penicillium-solitum
5 6 0.030594333922943816 0.9480857497807749 Penicillium-commune
5 6 0.017517938675776324 0.9702651866203928 Penicillium-verrucosum
5 6 -0.41396399329730776 0.3558670526997121 Penicillium-cvjetkovicii
5 6 0.11731748043183161 0.8022034136212531 Penicillium-chrysogenum
9 12 -0.09143882644322146 0.8454167616328228 Penicillium-brevicompactum
9 12 -0.39410211161489955 0.38167466965364844 Penicillium-polonicum
9 12 0.16433072264322157 0.724775015512094 Penicillium-mb
9 12 -0.471646651843228 0.28530904587630396 Penicillium-solitum
9 12 -0.02361068224985635 0.9599284323224901 Penicillium-commune
9 12 0.04521280959814839 0.9233227783382731 Penicillium-verrucosum
9 12 -0.4204915062210092 0.3475493737709514 Penicillium-cvjetkovicii
9 12 0.14355240070905456 0.7588011149999631 Penicillium-chrysogenum
11 12 0.5112806138907136 0.24087235081921227 Penicillium-brevicompactum
11 12 0.4062313537274848 0.3658260924769244 Penicillium-polonicum
11 12 0.219433290053956 0.6363819590933223 Penicillium-mb
11 12 -0.9280160285544091 0.002567951093373261 Penicillium-solitum
11 12 -0.6493582279134098 0.11448524247249289 Penicillium-commune
11 12 -0.4440255885649223 0.31825557553544126 Penicillium-verrucosum
11 12 -0.179081277138986 0.7008335817692015 Penicillium-cvjetkovicii
11 12 0.246599920159924 0.593971104694814 Penicillium-chrysogenum
9 12 0.1163298785206647 0.8038458129875814 Penicillium-brevicompactum
9 12 -0.09986009388568676 0.8313162421672357 Penicillium-polonicum
9 12 -0.27595873998253684 0.5491504493769543 Penicillium-mb
9 12 -0.8523065849584394 0.01484567700643236 Penicillium-solitum
9 12 -0.2554631296899709 0.580324226539602 Penicillium-commune
9 12 -0.29772801746122235 0.516661679574506 Penicillium-verrucosum
9 12 -0.009210410901585211 0.9843645840313628 Penicillium-cvjetkovicii
9 12 -0.11545446833781237 0.8053021155304141 Penicillium-chrysogenum
7 6 -0.13365277379634552 0.7751250914161976 Penicillium-brevicompactum
7 6 -0.4535370311223387 0.30673217122000296 Penicillium-polonicum
7 6 0.016095492686578925 0.9726789822383357 Penicillium-mb
7 6 -0.07677393776799266 0.8700482895428816 Penicillium-solitum
7 6 0.23917084148643003 0.6054836113998001 Penicillium-commune
7 6 0.24821739988479558 0.5914734090510481 Penicillium-verrucosum
7 6 0.4124595417101923 0.3577957315398389 Penicillium-cvjetkovicii
7 6 0.2181212921957256 0.6384512936349054 Penicillium-chrysogenum
11 12 -0.13365277379634535 0.7751250914161978 Penicillium-brevicompactum
11 12 -0.4886973264993631 0.2657731268583198 Penicillium-polonicum
11 12 0.40374832967516994 0.36904809448421805 Penicillium-mb
11 12 -0.467624198995841 0.2900081513055623 Penicillium-solitum
11 12 -0.07294251792103656 0.8764981009631061 Penicillium-commune
11 12 0.31023202922336296 0.4983077613186445 Penicillium-verrucosum
11 12 0.3795605525878551 0.4010323851046318 Penicillium-cvjetkovicii
11 12 0.4092213118999025 0.3619617599538724 Penicillium-chrysogenum
7 10 -0.13881113254974262 0.7666106697682954 Penicillium-brevicompactum
7 10 -0.11756683850285245 0.8017888180803991 Penicillium-polonicum
7 10 -0.246132800683269 0.5946930192710442 Penicillium-mb
7 10 -0.23082422455242826 0.6184957582803777 Penicillium-solitum
7 10 -0.29022453755463323 0.5277848082733287 Penicillium-commune
7 10 -0.2576303549795732 0.5770022149943965 Penicillium-verrucosum
7 10 0.27736339771387175 0.5470343042658672 Penicillium-cvjetkovicii
7 10 -0.1673605405242109 0.7198421860757914 Penicillium-chrysogenum
7 10 -0.12757813862612066 0.7851748887211845 Penicillium-brevicompactum
7 10 -0.34429565273001167 0.4495233952239953 Penicillium-polonicum
7 10 0.029957300289057322 0.9491657250094412 Penicillium-mb
7 10 -0.39312218931323356 0.38296701644429704 Penicillium-solitum
7 10 -0.1849674349692546 0.691333462094621 Penicillium-commune
7 10 -0.05113591128987141 0.9133024365146407 Penicillium-verrucosum
7 10 -0.4447379200888225 0.31738617734379676 Penicillium-cvjetkovicii
7 10 0.0030130688570689603 0.9948848786593294 Penicillium-chrysogenum
11 12 -0.1336527737963452 0.775125091416198 Penicillium-brevicompactum
11 12 -0.535783755400962 0.21514645642023672 Penicillium-polonicum
11 12 0.0498262435404091 0.915517303664968 Penicillium-mb
11 12 -0.5803772879019801 0.17190160022387146 Penicillium-solitum
11 12 0.04817178797548643 0.918315884687289 Penicillium-commune
11 12 0.09016156152729754 0.8475583527711144 Penicillium-verrucosum
11 12 0.33396718931356184 0.46412115907221974 Penicillium-cvjetkovicii
11 12 0.15075211392039886 0.7469734206635894 Penicillium-chrysogenum
9 12 -0.13365277379634538 0.7751250914161978 Penicillium-brevicompactum
9 12 -0.46043934879909637 0.29848624674307667 Penicillium-polonicum
9 12 0.10366962381110767 0.8249491975384485 Penicillium-mb
9 12 -0.4954700021643368 0.2581876142867847 Penicillium-solitum
9 12 -0.0534673946253113 0.9093606196852155 Penicillium-commune
9 12 0.02267147802316497 0.9615215941753441 Penicillium-verrucosum
9 12 0.390852074843994 0.38596768708067003 Penicillium-cvjetkovicii
9 12 0.24809122117849053 0.5916681379540576 Penicillium-chrysogenum
9 10 -0.1487529896154872 0.7502537165296013 Penicillium-brevicompactum
9 10 -0.26713467033456395 0.5625045494250207 Penicillium-polonicum
9 10 -0.3017908051136911 0.5106729118558364 Penicillium-mb
9 10 -0.4966166904762233 0.2569132305575364 Penicillium-solitum
9 10 -0.372098290664319 0.41111372439803834 Penicillium-commune
9 10 -0.35947611981201893 0.4283880668924503 Penicillium-verrucosum
9 10 0.27736339771387036 0.5470343042658691 Penicillium-cvjetkovicii
9 10 -0.20528679087898888 0.6587911422401536 Penicillium-chrysogenum
7 10 -0.13100103656281237 0.7795090949611412 Penicillium-brevicompactum
7 10 -0.44560886491745205 0.31632459101470656 Penicillium-polonicum
7 10 -0.13964024703360858 0.765243847895216 Penicillium-mb
7 10 -0.5219638053835088 0.2294884619016334 Penicillium-solitum
7 10 -0.15437788733630695 0.7410317778763964 Penicillium-commune
7 10 -0.15966538731254254 0.7323853926864511 Penicillium-verrucosum
7 10 -0.39781777647804073 0.37679047784354397 Penicillium-cvjetkovicii
7 10 0.00591758900370628 0.9899541647886343 Penicillium-chrysogenum
11 12 -0.13695648680346048 0.7696698510637744 Penicillium-brevicompactum
11 12 -0.2759981578308502 0.5490910291894001 Penicillium-polonicum
11 12 -0.00038216116675545054 0.9993512231007424 Penicillium-mb
11 12 -0.38968375692388435 0.3875156699295569 Penicillium-solitum
11 12 -0.46107790126024406 0.29772838860620615 Penicillium-commune
11 12 -0.5552773027827853 0.19566612851896642 Penicillium-verrucosum
11 12 0.35663489408129956 0.432314305266169 Penicillium-cvjetkovicii
11 12 -0.31137594877349745 0.49664026443253617 Penicillium-chrysogenum
7 10 -0.14417830317099384 0.757771366988693 Penicillium-brevicompactum
7 10 -0.1745468494192884 0.7081732919545081 Penicillium-polonicum
7 10 -0.20231588704760345 0.6635237593364878 Penicillium-mb
7 10 -0.3453912810257569 0.44798510864294566 Penicillium-solitum
7 10 -0.35082552281612245 0.4403847070709864 Penicillium-commune
7 10 -0.2914612038998739 0.5259460480700693 Penicillium-verrucosum
7 10 0.2773633977138743 0.5470343042658633 Penicillium-cvjetkovicii
7 10 -0.18767256404581834 0.6869781458878061 Penicillium-chrysogenum
3 8 0.15812580781449323 0.7349007064925033 Penicillium-brevicompactum
3 8 -0.5062706101899426 0.24629913523383298 Penicillium-polonicum
3 8 -0.056350092755056216 0.9044889197994774 Penicillium-mb
3 8 -0.44089634081951423 0.3220869740455891 Penicillium-solitum
3 8 0.02495674782061487 0.9576453019826127 Penicillium-commune
3 8 -0.10466665992125544 0.8232840517542283 Penicillium-verrucosum
3 8 -0.4094057077884707 0.36172399542378014 Penicillium-cvjetkovicii
3 8 0.13761857396307295 0.7685774841790498 Penicillium-chrysogenum
7 10 0.2990427787280307 0.5147210214896443 Penicillium-brevicompactum
7 10 -0.428424979654869 0.3375517033297857 Penicillium-polonicum
7 10 0.00610083936847875 0.9896430861592265 Penicillium-mb
7 10 -0.4589891335323313 0.30021056834936466 Penicillium-solitum
7 10 -0.06050646358077536 0.8974689625525306 Penicillium-commune
7 10 -0.05191787321861562 0.9119802201138185 Penicillium-verrucosum
7 10 -0.4157869932331469 0.35353582280037177 Penicillium-cvjetkovicii
7 10 0.11031391809357004 0.8138626812701735 Penicillium-chrysogenum
11 12 -0.21393103713344352 0.6450727740067048 Penicillium-brevicompactum
11 12 -0.5209140742839635 0.2305956328854336 Penicillium-polonicum
11 12 -0.24237622169852902 0.6005082613455082 Penicillium-mb
11 12 0.08996999400647318 0.8478796187877664 Penicillium-solitum
11 12 -0.43500429554744957 0.3293545743288917 Penicillium-commune
11 12 0.04861608434001444 0.9175642719075018 Penicillium-verrucosum
11 12 0.6026610670755179 0.15207291686969657 Penicillium-cvjetkovicii
11 12 -0.15522314281204966 0.739648096491341 Penicillium-chrysogenum
9 8 0.5810476650714735 0.17128753389590926 Penicillium-brevicompactum
9 8 0.5413794615806697 0.209464138896186 Penicillium-polonicum
9 8 0.47238852944080195 0.2844461075366122 Penicillium-mb
9 8 0.42886843560330096 0.33699651069207676 Penicillium-solitum
9 8 -0.4327716087656298 0.33212663556801164 Penicillium-commune
9 8 -0.4002735340854545 0.3735764910538762 Penicillium-verrucosum
9 8 0.011508568883256133 0.9804637404803722 Penicillium-cvjetkovicii
9 8 0.5220067869323018 0.22944318168616812 Penicillium-chrysogenum
9 10 0.399653248076581 0.374387232660163 Penicillium-brevicompactum
9 10 0.10774227192314087 0.8181508271119226 Penicillium-polonicum
9 10 -0.7903402185463346 0.03440601585858938 Penicillium-mb
9 10 -0.15427794813209114 0.7411954148848041 Penicillium-solitum
9 10 0.20153533093532905 0.6647686591355355 Penicillium-commune
9 10 0.1949944840195973 0.6752244315743364 Penicillium-verrucosum
9 10 -0.5154955921504177 0.2363502221990343 Penicillium-cvjetkovicii
9 10 0.16780667163428256 0.7191164908377253 Penicillium-chrysogenum
