#SPECIES: Penicillium-brevicompactum Penicillium-verrucosum Penicillium-cvjetkovicii Penicillium-chrysogenum Penicillium-polonicum Penicillium-commune Penicillium-mb Penicillium-solitum 
#GENE_TREEs p: 0.2457398471221116 0.17853389689217403 0.4170293733822202 0.13619368501962584 0.13225623945838483 0.13463872945188787 0.1801828981471103 0.4538730211110456 
#GENE_TREEs r: 0.5067845672017083 0.5732104615676742 0.36775297496368275 0.6215779837099717 0.6264388860296243 0.6234889855146338 0.5714489188284609 0.3412052494698094 
9 12 0.5013439248857563 0.251690098590788 Penicillium-brevicompactum
9 12 0.6287527873017866 0.1304025577734898 Penicillium-verrucosum
9 12 0.4471452952245308 0.3144556095711921 Penicillium-cvjetkovicii
9 12 0.5806150122876372 0.17168372057014916 Penicillium-chrysogenum
9 12 0.6066471108018691 0.1486536865534097 Penicillium-polonicum
9 12 0.5580038381519276 0.19301228011439325 Penicillium-commune
9 12 0.5024193194773642 0.25050877452945025 Penicillium-mb
9 12 0.20384741987588184 0.6610829242796987 Penicillium-solitum
9 10 0.9946554724727747 3.999286845382838e-06 Penicillium-brevicompactum
9 10 0.8696217646714774 0.010975861234772809 Penicillium-verrucosum
9 10 -0.007818404123665969 0.9867274705906091 Penicillium-cvjetkovicii
9 10 0.9092000299550922 0.004541600249947103 Penicillium-chrysogenum
9 10 0.8444386473553076 0.01682756595936928 Penicillium-polonicum
9 10 0.8421938752354463 0.017419070619426925 Penicillium-commune
9 10 0.93952071668567 0.001672061767269134 Penicillium-mb
9 10 0.8791469537365871 0.009128197113933135 Penicillium-solitum
9 12 0.4787044019155916 0.2771469945361994 Penicillium-brevicompactum
9 12 0.21118933900554476 0.6494153666629003 Penicillium-verrucosum
9 12 -0.021180823949723718 0.9640503817326687 Penicillium-cvjetkovicii
9 12 0.3714461034377174 0.411999492109415 Penicillium-chrysogenum
9 12 0.34526007626470945 0.44816921871868914 Penicillium-polonicum
9 12 0.42799751504730504 0.33808724231863796 Penicillium-commune
9 12 0.32125738407167576 0.4823188236653519 Penicillium-mb
9 12 0.29934119711629986 0.514280889415127 Penicillium-solitum
9 10 0.9943390536368477 4.616981168944531e-06 Penicillium-brevicompactum
9 10 0.8594236655016106 0.013174040544043489 Penicillium-verrucosum
9 10 -0.007818404123664873 0.986727470590611 Penicillium-cvjetkovicii
9 10 0.8920532392726315 0.006932494575224254 Penicillium-chrysogenum
9 10 0.8969795149047568 0.00618533654415809 Penicillium-polonicum
9 10 0.9017382191309762 0.005510136956676398 Penicillium-commune
9 10 0.9059149982689377 0.0049545759506784155 Penicillium-mb
9 10 0.8750432452957426 0.009900198032618115 Penicillium-solitum
9 12 0.9801104759018017 0.00010601604403486702 Penicillium-brevicompactum
9 12 0.5368742452811835 0.2140334140823521 Penicillium-verrucosum
9 12 -0.4001769993750636 0.37370261904172114 Penicillium-cvjetkovicii
9 12 0.9697274643872014 0.0003012978792846804 Penicillium-chrysogenum
9 12 0.678731464824579 0.09364261424289823 Penicillium-polonicum
9 12 0.6876428819139934 0.08775150099029584 Penicillium-commune
9 12 0.7050836350566331 0.07680634424381737 Penicillium-mb
9 12 0.5474621878485223 0.20336961554197203 Penicillium-solitum
9 12 0.9952337055398386 3.004665949876371e-06 Penicillium-brevicompactum
9 12 0.37109963032184423 0.412470358312193 Penicillium-verrucosum
9 12 0.19016360798569676 0.6829735851641936 Penicillium-cvjetkovicii
9 12 0.29155457645529537 0.5258073034275722 Penicillium-chrysogenum
9 12 0.245224993674414 0.5960967567305593 Penicillium-polonicum
9 12 0.25965663913301323 0.573901629305856 Penicillium-commune
9 12 0.2988224704835738 0.5150460333247775 Penicillium-mb
9 12 0.268184520512536 0.5609103245266934 Penicillium-solitum
9 12 0.7694468186061417 0.04310426195573484 Penicillium-brevicompactum
9 12 0.524206709330517 0.22713120595836025 Penicillium-verrucosum
9 12 0.20165395418776877 0.6645794287733433 Penicillium-cvjetkovicii
9 12 0.523574202995721 0.2277948033505522 Penicillium-chrysogenum
9 12 0.6033888588212277 0.15144570945103314 Penicillium-polonicum
9 12 0.41571513764948537 0.35362758981758685 Penicillium-commune
9 12 0.6648085280622159 0.10325007251503247 Penicillium-mb
9 12 0.44752772435765753 0.3139911528454514 Penicillium-solitum
9 12 0.9952337055398386 3.004665949876371e-06 Penicillium-brevicompactum
9 12 0.42719493855464935 0.3390937036092077 Penicillium-verrucosum
9 12 0.03668153708352006 0.9377693750346773 Penicillium-cvjetkovicii
9 12 0.9088400146734952 0.004585839158864863 Penicillium-chrysogenum
9 12 0.6282592497460876 0.13079681601338988 Penicillium-polonicum
9 12 0.7053202092083154 0.07666320232382579 Penicillium-commune
9 12 0.6879259652493617 0.08756766926236229 Penicillium-mb
9 12 0.7567302786366127 0.04893221933575895 Penicillium-solitum
7 8 0.9941236788176252 5.068145895125198e-06 Penicillium-brevicompactum
7 8 0.906389540371605 0.004893622836426931 Penicillium-verrucosum
7 8 -0.007818404123665985 0.9867274705906091 Penicillium-cvjetkovicii
7 8 0.9770125177625153 0.00015198931492251797 Penicillium-chrysogenum
7 8 0.9500734905066388 0.0010412763907003894 Penicillium-polonicum
7 8 0.9476634470835844 0.0011699845679203058 Penicillium-commune
7 8 0.9076689294926246 0.004731475818201726 Penicillium-mb
7 8 0.9163792283102568 0.0037110903286595373 Penicillium-solitum
9 10 0.9937392742155684 5.936867842442996e-06 Penicillium-brevicompactum
9 10 0.8813375609062647 0.008730829654608769 Penicillium-verrucosum
9 10 -0.007818404123665688 0.9867274705906096 Penicillium-cvjetkovicii
9 10 0.9317216590920621 0.002254695494660662 Penicillium-chrysogenum
9 10 0.9643214785037281 0.00045302184918961886 Penicillium-polonicum
9 10 0.9670088976414659 0.00037301539104738315 Penicillium-commune
9 10 0.9743430280766524 0.00019974309013429087 Penicillium-mb
9 10 0.897603209392012 0.006094254535733889 Penicillium-solitum
11 12 0.9933441073479642 6.917024374258795e-06 Penicillium-brevicompactum
11 12 0.7391169355422298 0.0576776841066018 Penicillium-verrucosum
11 12 0.2302743363619747 0.6193558464281362 Penicillium-cvjetkovicii
11 12 0.7887301603868115 0.0350378022506096 Penicillium-chrysogenum
11 12 0.6304120261577704 0.1290815372068033 Penicillium-polonicum
11 12 0.9748970354015655 0.0001891911516469685 Penicillium-commune
11 12 0.9784812851617942 0.0001289643581370404 Penicillium-mb
11 12 0.5845930475040584 0.16805797249624593 Penicillium-solitum
9 10 0.7083056881144526 0.07486905156697579 Penicillium-brevicompactum
9 10 0.40187471700344 0.3714869979024257 Penicillium-verrucosum
9 10 0.00974192265683543 0.9834623832198871 Penicillium-cvjetkovicii
9 10 0.713199323181412 0.0719772687346115 Penicillium-chrysogenum
9 10 0.5198548367988566 0.2317153598859488 Penicillium-polonicum
9 10 0.5245294081929608 0.22679299508710107 Penicillium-commune
9 10 0.5369379120624582 0.2139685153278159 Penicillium-mb
9 10 0.387543259267275 0.39035822710074314 Penicillium-solitum
11 8 0.9444788050232884 0.0013538157027777646 Penicillium-brevicompactum
11 8 0.846388944120213 0.016323081967383274 Penicillium-verrucosum
11 8 -0.7333487103641433 0.060712517510097354 Penicillium-cvjetkovicii
11 8 0.7655389826360035 0.044852002253693124 Penicillium-chrysogenum
11 8 0.693318207528615 0.08410491435320179 Penicillium-polonicum
11 8 0.6756050389543106 0.09575720411015451 Penicillium-commune
11 8 0.7021078233966026 0.07861906445532292 Penicillium-mb
11 8 0.7352474034795953 0.05970423692422825 Penicillium-solitum
11 12 0.8837417735530633 0.008306426741368602 Penicillium-brevicompactum
11 12 0.8502894581880203 0.015340298499244755 Penicillium-verrucosum
11 12 -0.6082691863483503 0.1472734348239771 Penicillium-cvjetkovicii
11 12 0.764460997355534 0.04534085789420237 Penicillium-chrysogenum
11 12 0.5056691726036198 0.24695436552081898 Penicillium-polonicum
11 12 0.45328784375190934 0.3070317063783224 Penicillium-commune
11 12 0.3345140191981841 0.46334396717078674 Penicillium-mb
11 12 0.8435916201184778 0.017049394207611233 Penicillium-solitum
11 10 0.6577791944297974 0.10828700630409525 Penicillium-brevicompactum
11 10 0.5993363297723633 0.15495464973838532 Penicillium-verrucosum
11 10 0.18306371314829187 0.6944025623390301 Penicillium-cvjetkovicii
11 10 0.6766250943151313 0.09506455314292674 Penicillium-chrysogenum
11 10 0.7570952586156727 0.048759282932359725 Penicillium-polonicum
11 10 0.7856091614319388 0.036280719837846157 Penicillium-commune
11 10 0.733456109346863 0.06065524022213059 Penicillium-mb
11 10 0.635749665754972 0.12487848920540572 Penicillium-solitum
9 6 0.995233705539839 3.0046659498756765e-06 Penicillium-brevicompactum
9 6 0.6195632933714795 0.13784281685937316 Penicillium-verrucosum
9 6 0.23380076160052954 0.6138461362005134 Penicillium-cvjetkovicii
9 6 0.6531305316502415 0.11168655755866466 Penicillium-chrysogenum
9 6 0.5953488605749434 0.1584464246753874 Penicillium-polonicum
9 6 0.606034695319249 0.14917648226739108 Penicillium-commune
9 6 0.6334471626977717 0.12668284079001668 Penicillium-mb
9 6 0.6045836235188846 0.150418881798882 Penicillium-solitum
9 12 0.9943977496333575 4.498373062348877e-06 Penicillium-brevicompactum
9 12 0.7467312322407823 0.053800735230577816 Penicillium-verrucosum
9 12 -0.3361179859460553 0.4610670722226177 Penicillium-cvjetkovicii
9 12 0.788308436710006 0.03520434411235656 Penicillium-chrysogenum
9 12 0.6623053287925807 0.10502944976643089 Penicillium-polonicum
9 12 0.7939677261123497 0.0330059964156701 Penicillium-commune
9 12 0.7524093807594319 0.05100508675127127 Penicillium-mb
9 12 0.7000561642381454 0.07988196758634879 Penicillium-solitum
11 10 0.39476124438964627 0.3808063846047982 Penicillium-brevicompactum
11 10 0.33846052579433666 0.45774920043172135 Penicillium-verrucosum
11 10 0.12137718299681025 0.7954581882911714 Penicillium-cvjetkovicii
11 10 0.47930281352757836 0.2764598394367027 Penicillium-chrysogenum
11 10 0.3150882493773577 0.4912424435542345 Penicillium-polonicum
11 10 0.5299175683424232 0.22118089072615568 Penicillium-commune
11 10 0.38388482850067907 0.3952358621087082 Penicillium-mb
11 10 0.3678836741504172 0.4168509600844557 Penicillium-solitum
11 12 0.5362549315655682 0.21466519948858637 Penicillium-brevicompactum
11 12 0.4019897893190498 0.37133701704880273 Penicillium-verrucosum
11 12 0.3279136820627789 0.47275669046989766 Penicillium-cvjetkovicii
11 12 0.5181437462331177 0.23352952430829932 Penicillium-chrysogenum
11 12 0.7476253905518226 0.05335508859189831 Penicillium-polonicum
11 12 0.6128606414215854 0.1434015857510306 Penicillium-commune
11 12 0.5943640411102193 0.1593147875219295 Penicillium-mb
11 12 0.5542795110794273 0.19664169255084496 Penicillium-solitum
7 12 0.994911479466956 3.5379179400536607e-06 Penicillium-brevicompactum
7 12 0.8983084782346344 0.00599220398356339 Penicillium-verrucosum
7 12 -0.00781840412366226 0.9867274705906155 Penicillium-cvjetkovicii
7 12 0.9626892415053897 0.0005061773195753058 Penicillium-chrysogenum
7 12 0.8507206144350848 0.015233796233451185 Penicillium-polonicum
7 12 0.8815763688515773 0.00868812716860414 Penicillium-commune
7 12 0.7681225740634019 0.043692231014535 Penicillium-mb
7 12 0.9091548081935157 0.004547143398607232 Penicillium-solitum
9 12 0.9899210016182358 1.948266126934375e-05 Penicillium-brevicompactum
9 12 0.7039443981429087 0.07749764828244335 Penicillium-verrucosum
9 12 -0.31936739734460284 0.48504646018095915 Penicillium-cvjetkovicii
9 12 0.7535071164117524 0.05047400721625514 Penicillium-chrysogenum
9 12 0.7789735309984873 0.03900352263118296 Penicillium-polonicum
9 12 0.6666151883906858 0.10197567014220321 Penicillium-commune
9 12 0.8658257405152485 0.011767224830285278 Penicillium-mb
9 12 0.7265561250025575 0.06439462439401009 Penicillium-solitum
9 12 0.15905673124276906 0.7333795683137898 Penicillium-brevicompactum
9 12 0.27664009517139043 0.5481236404454785 Penicillium-verrucosum
9 12 -0.12275060999225479 0.793178502046084 Penicillium-cvjetkovicii
9 12 0.25115018755670965 0.586952812913748 Penicillium-chrysogenum
9 12 0.2005950978716292 0.6662690389276007 Penicillium-polonicum
9 12 0.42523376910630933 0.3415584117519839 Penicillium-commune
9 12 0.14535357399131998 0.7558385565339643 Penicillium-mb
9 12 0.24621148544657384 0.594571396518145 Penicillium-solitum
11 12 0.9782787469423718 0.00013200597551967872 Penicillium-brevicompactum
11 12 0.7424676906200078 0.055953498215531784 Penicillium-verrucosum
11 12 -0.007818404123662241 0.9867274705906155 Penicillium-cvjetkovicii
11 12 0.835250696843447 0.01932258006952316 Penicillium-chrysogenum
11 12 0.8903455369768778 0.007203087354054653 Penicillium-polonicum
11 12 0.8962804916234942 0.006288352997452694 Penicillium-commune
11 12 0.9043046705848667 0.005164700937726733 Penicillium-mb
11 12 0.8627908879427838 0.012422761175786848 Penicillium-solitum
11 4 0.9204156554965163 0.0032866327332188305 Penicillium-brevicompactum
11 4 0.8523406524863324 0.014837402705062203 Penicillium-verrucosum
11 4 0.4516436181354121 0.30901134505025346 Penicillium-cvjetkovicii
11 4 0.9307044806971077 0.002338304392622659 Penicillium-chrysogenum
11 4 0.7827720902711143 0.037431486044046364 Penicillium-polonicum
11 4 0.7704984480499059 0.04264046195135066 Penicillium-commune
11 4 0.7364025618473989 0.0590952794980382 Penicillium-mb
11 4 0.7249263391692293 0.06529553919589841 Penicillium-solitum
11 8 0.8704881478986974 0.010799671590158618 Penicillium-brevicompactum
11 8 0.8463889441202129 0.0163230819673833 Penicillium-verrucosum
11 8 -0.2623073308940121 0.5698535075617415 Penicillium-cvjetkovicii
11 8 0.8505730876781086 0.015270189962891088 Penicillium-chrysogenum
11 8 0.919582152748696 0.00337181562394612 Penicillium-polonicum
11 8 0.9144717019730262 0.003922235813541873 Penicillium-commune
11 8 0.6664889967883717 0.10206441631725435 Penicillium-mb
11 8 0.6832681588468632 0.09061830658645337 Penicillium-solitum
7 12 0.9945393460736452 4.2198190212419246e-06 Penicillium-brevicompactum
7 12 0.7883420657416284 0.03519104763618161 Penicillium-verrucosum
7 12 -0.007818404123664873 0.986727470590611 Penicillium-cvjetkovicii
7 12 0.8882384470164641 0.007545265538881133 Penicillium-chrysogenum
7 12 0.8362233286798343 0.019049164758098144 Penicillium-polonicum
7 12 0.8586898997600467 0.013341115649261083 Penicillium-commune
7 12 0.8811482569044576 0.008764766018837128 Penicillium-mb
7 12 0.8066853503435001 0.028352478515767804 Penicillium-solitum
11 10 0.919498514672139 0.0033804338147787327 Penicillium-brevicompactum
11 10 0.5585626893334183 0.19247049083585757 Penicillium-verrucosum
11 10 -0.07447043145049428 0.8739253437431247 Penicillium-cvjetkovicii
11 10 0.7231476504621902 0.06628647383401984 Penicillium-chrysogenum
11 10 0.6849325112553368 0.08952190463121591 Penicillium-polonicum
11 10 0.691496635683126 0.0852664065424451 Penicillium-commune
11 10 0.9840374870547912 6.130318561263733e-05 Penicillium-mb
11 10 0.5805347547080832 0.17175726320377396 Penicillium-solitum
7 12 0.9947503918891147 3.8242704069153415e-06 Penicillium-brevicompactum
7 12 0.7324442808938135 0.06119602353475682 Penicillium-verrucosum
7 12 -0.3766809174076041 0.40491099323787033 Penicillium-cvjetkovicii
7 12 0.9685415838352368 0.00033146476672172963 Penicillium-chrysogenum
7 12 0.45111024195804206 0.309654719600629 Penicillium-polonicum
7 12 0.5554520035794668 0.19549556032393342 Penicillium-commune
7 12 0.36116247798568946 0.4260642351049194 Penicillium-mb
7 12 0.532169166342877 0.21885537254405346 Penicillium-solitum
9 10 -0.9880445060211277 2.9825341508660404e-05 Penicillium-brevicompactum
9 10 0.691576968514371 0.08521500582981245 Penicillium-verrucosum
9 10 -0.282823491120882 0.5388341122186505 Penicillium-cvjetkovicii
9 10 0.7374662658122215 0.05853752787133575 Penicillium-chrysogenum
9 10 0.6872703615489866 0.08799372280475251 Penicillium-polonicum
9 10 0.6988283187473951 0.08064289651683118 Penicillium-commune
9 10 0.7266761246979327 0.06432855778284843 Penicillium-mb
9 10 0.6985329983482976 0.08082648711154003 Penicillium-solitum
9 12 0.9952337055398389 3.0046659498758527e-06 Penicillium-brevicompactum
9 12 0.616480116730838 0.14038602255023794 Penicillium-verrucosum
9 12 0.2078567776300401 0.6547044626340137 Penicillium-cvjetkovicii
9 12 0.7410679687810376 0.05667028759522704 Penicillium-chrysogenum
9 12 0.6643488255395092 0.10357566039532502 Penicillium-polonicum
9 12 0.6546657473306181 0.11055783492174717 Penicillium-commune
9 12 0.7678081645123767 0.04383247506073093 Penicillium-mb
9 12 0.6343578239422387 0.1259676201401751 Penicillium-solitum
11 12 0.7561253599431565 0.04921958366882004 Penicillium-brevicompactum
11 12 0.3905630382059736 0.3863504185366105 Penicillium-verrucosum
11 12 -0.4752302461366003 0.28115148356813435 Penicillium-cvjetkovicii
11 12 0.5851667536910167 0.16753822362510598 Penicillium-chrysogenum
11 12 0.7002966775982442 0.07973336453738337 Penicillium-polonicum
11 12 0.6916867827265609 0.08514476810837701 Penicillium-commune
11 12 0.634079907551013 0.12618567225233315 Penicillium-mb
11 12 0.861348031987627 0.012741589675456836 Penicillium-solitum
5 12 0.3304242451708695 0.469168217580244 Penicillium-brevicompactum
5 12 0.06287736532248386 0.893466953573146 Penicillium-verrucosum
5 12 -0.22602124040938867 0.6260197734458424 Penicillium-cvjetkovicii
5 12 0.6943021317818844 0.08348104484326348 Penicillium-chrysogenum
5 12 0.29408902221317235 0.5220460481740836 Penicillium-polonicum
5 12 0.4855868555553944 0.26929034102939253 Penicillium-commune
5 12 0.24837220396256598 0.5912345298578247 Penicillium-mb
5 12 0.43067139596220844 0.33474326117230707 Penicillium-solitum
9 12 0.9767813075034152 0.00015582054545586728 Penicillium-brevicompactum
9 12 0.9318277125981158 0.0022460810569712325 Penicillium-verrucosum
9 12 -0.007818404123665888 0.9867274705906093 Penicillium-cvjetkovicii
9 12 0.9294666191395663 0.0024424736395386843 Penicillium-chrysogenum
9 12 0.9760381940455145 0.00016852133623433197 Penicillium-polonicum
9 12 0.8065368693410438 0.02840453370692765 Penicillium-commune
9 12 0.9075379975246476 0.0047479237108010155 Penicillium-mb
9 12 0.8894907426069507 0.007340792184041541 Penicillium-solitum
5 12 -0.9771814240426245 0.00014922634165566993 Penicillium-brevicompactum
5 12 0.6714554303208813 0.09860212699274427 Penicillium-verrucosum
5 12 -0.2905566538621625 0.5272907821916661 Penicillium-cvjetkovicii
5 12 0.7911997527546608 0.034071352796883864 Penicillium-chrysogenum
5 12 0.6786964635121604 0.0936661504249148 Penicillium-polonicum
5 12 0.7168180898057664 0.06987805634562766 Penicillium-commune
5 12 0.7166328855721977 0.06998468214467318 Penicillium-mb
5 12 0.6858608906413117 0.0889133880007005 Penicillium-solitum
7 12 0.9948246495943239 3.690609450551588e-06 Penicillium-brevicompactum
7 12 0.7596558806520324 0.04755543021689538 Penicillium-verrucosum
7 12 -0.007818404123664873 0.986727470590611 Penicillium-cvjetkovicii
7 12 0.880090392368161 0.00895580938703673 Penicillium-chrysogenum
7 12 0.8406150322930112 0.017842078744926 Penicillium-polonicum
7 12 0.8487198433394723 0.015731599068139403 Penicillium-commune
7 12 0.9220866489619829 0.003119688758785966 Penicillium-mb
7 12 0.779001673546419 0.03899174395164026 Penicillium-solitum
7 10 0.8508742879169094 0.015195938858492736 Penicillium-brevicompactum
7 10 0.5741415830438369 0.17766526095378518 Penicillium-verrucosum
7 10 0.24771964975405017 0.5922416893547044 Penicillium-cvjetkovicii
7 10 -0.8990197786754013 0.005890293369597568 Penicillium-chrysogenum
7 10 0.7523052752522368 0.05105561040913234 Penicillium-polonicum
7 10 0.7863703538569033 0.03597535878251773 Penicillium-commune
7 10 0.7300205183470743 0.06250200632895266 Penicillium-mb
7 10 0.6013737802572666 0.15318547076311978 Penicillium-solitum
11 12 0.7745786249332328 0.04086715386179154 Penicillium-brevicompactum
11 12 0.6232804428501304 0.13480797718667742 Penicillium-verrucosum
11 12 -0.4860096857604025 0.2688109886114979 Penicillium-cvjetkovicii
11 12 0.29906992851858477 0.5146809733837086 Penicillium-chrysogenum
11 12 0.45878789348700816 0.3004501902709754 Penicillium-polonicum
11 12 0.5362732051871022 0.21464654521198556 Penicillium-commune
11 12 0.6028669495798366 0.1518953566987508 Penicillium-mb
11 12 0.7313099590490093 0.06180536621682281 Penicillium-solitum
9 12 0.9944171718962467 4.4595327030279275e-06 Penicillium-brevicompactum
9 12 0.8238471161805124 0.02269415748446974 Penicillium-verrucosum
9 12 -0.007818404123664057 0.9867274705906124 Penicillium-cvjetkovicii
9 12 0.8894590469728376 0.007345927313479972 Penicillium-chrysogenum
9 12 0.8535409309488562 0.014547560252122135 Penicillium-polonicum
9 12 0.850890053045885 0.01519205816893701 Penicillium-commune
9 12 0.8808787846842067 0.008813205244976507 Penicillium-mb
9 12 0.8396938084403636 0.018091564985549684 Penicillium-solitum
7 12 0.9953565384834968 2.8149926963361763e-06 Penicillium-brevicompactum
7 12 0.6253851632301048 0.13310479716915827 Penicillium-verrucosum
7 12 -0.5813960600490199 0.17096883104154886 Penicillium-cvjetkovicii
7 12 0.8665124937336067 0.01162170882107377 Penicillium-chrysogenum
7 12 0.7639783650129083 0.0455606720258175 Penicillium-polonicum
7 12 0.7560171744211899 0.04927107399530685 Penicillium-commune
7 12 0.8183664658000847 0.024424293353226056 Penicillium-mb
7 12 0.7242685460524343 0.06566106811732918 Penicillium-solitum
7 8 0.9937684591399017 5.868013409414037e-06 Penicillium-brevicompactum
7 8 0.7778818132733406 0.039461967268374754 Penicillium-verrucosum
7 8 -0.007818404123664057 0.9867274705906124 Penicillium-cvjetkovicii
7 8 0.9776088685091335 0.00014236868365778536 Penicillium-chrysogenum
7 8 0.9100256361703111 0.004441092217699257 Penicillium-polonicum
7 8 0.9166846954103863 0.0036779109812224518 Penicillium-commune
7 8 0.9218904901010926 0.0031390227009068196 Penicillium-mb
7 8 0.8068404808705704 0.028298149280420275 Penicillium-solitum
9 12 0.9952337055398387 3.0046659498762004e-06 Penicillium-brevicompactum
9 12 0.4934465901369784 0.26044338090532765 Penicillium-verrucosum
9 12 0.25107565079850336 0.5870675724081231 Penicillium-cvjetkovicii
9 12 0.47578278115667083 0.28051288124454654 Penicillium-chrysogenum
9 12 0.3395636253191825 0.4561898974246679 Penicillium-polonicum
9 12 0.38194432033656367 0.39783288092059654 Penicillium-commune
9 12 0.4527379329760333 0.3076931775324178 Penicillium-mb
9 12 0.49949193875822884 0.2537304973473838 Penicillium-solitum
5 12 0.9945714160726473 4.15820654738828e-06 Penicillium-brevicompactum
5 12 0.6389638959987589 0.12238182654550159 Penicillium-verrucosum
5 12 -0.3384640279212128 0.45774424682121667 Penicillium-cvjetkovicii
5 12 0.8698616478316765 0.010926913889230743 Penicillium-chrysogenum
5 12 0.7318995103184887 0.061488259192246326 Penicillium-polonicum
5 12 0.7274032505111404 0.06392901695818576 Penicillium-commune
5 12 0.7353524980858698 0.05964869484319362 Penicillium-mb
5 12 0.7102083423827447 0.07373747573520259 Penicillium-solitum
3 12 0.99473707823268 3.848536106820325e-06 Penicillium-brevicompactum
3 12 0.7247514115402945 0.065392637283619 Penicillium-verrucosum
3 12 -0.007818404123663822 0.9867274705906128 Penicillium-cvjetkovicii
3 12 0.9583653647036551 0.0006642547791536325 Penicillium-chrysogenum
3 12 0.8611693997095613 0.012781384581722417 Penicillium-polonicum
3 12 0.8213900284261534 0.023460947655126713 Penicillium-commune
3 12 0.8734465860438415 0.010210361223028522 Penicillium-mb
3 12 0.7029194988046659 0.07812239472797682 Penicillium-solitum
9 12 0.9952337055398387 3.0046659498762004e-06 Penicillium-brevicompactum
9 12 0.7160560512271376 0.07031733674650487 Penicillium-verrucosum
9 12 0.2897805416640067 0.5284454999506005 Penicillium-cvjetkovicii
9 12 0.8261218102516205 0.021997087296853825 Penicillium-chrysogenum
9 12 0.7522519961589951 0.05108147797859472 Penicillium-polonicum
9 12 0.6202898263542926 0.13724695108012042 Penicillium-commune
9 12 0.7018409013750374 0.07878276239744153 Penicillium-mb
9 12 0.7392915599057891 0.05758712537234908 Penicillium-solitum
9 12 0.8110522244136398 0.026845419651594732 Penicillium-brevicompactum
9 12 0.4788884024063449 0.2769356254254601 Penicillium-verrucosum
9 12 -0.34592599775402716 0.44723507364982584 Penicillium-cvjetkovicii
9 12 0.9697274643872011 0.0003012978792846858 Penicillium-chrysogenum
9 12 0.628341901863664 0.13073074780392416 Penicillium-polonicum
9 12 0.651232000989624 0.11309060692114109 Penicillium-commune
9 12 0.6281600438028896 0.13087613902715478 Penicillium-mb
9 12 0.47661442997558795 0.27955291501024526 Penicillium-solitum
7 10 0.9952337055398388 3.0046659498760293e-06 Penicillium-brevicompactum
7 10 0.4846198542663797 0.2703880595059336 Penicillium-verrucosum
7 10 0.2977553538111476 0.5166213041503664 Penicillium-cvjetkovicii
7 10 0.6886149560548165 0.08712109648438891 Penicillium-chrysogenum
7 10 0.6358928907743504 0.12476668880093919 Penicillium-polonicum
7 10 0.6336699581875609 0.12650766899460458 Penicillium-commune
7 10 0.63549110717391 0.12508044796183446 Penicillium-mb
7 10 0.5856595956767457 0.16709236878648503 Penicillium-solitum
9 8 0.9952337055398388 3.0046659498760293e-06 Penicillium-brevicompactum
9 8 0.7915688491891957 0.033928202469512114 Penicillium-verrucosum
9 8 0.19959599979146062 0.6678643222803805 Penicillium-cvjetkovicii
9 8 0.7733792969520401 0.04138408526452862 Penicillium-chrysogenum
9 8 0.7607277314304178 0.047056408716804 Penicillium-polonicum
9 8 0.7702948972154301 0.04273001799270102 Penicillium-commune
9 8 0.7527367631478175 0.05084638240569507 Penicillium-mb
9 8 0.7942698347632081 0.03289085967982875 Penicillium-solitum
11 10 0.9096416647359729 0.004487673130096718 Penicillium-brevicompactum
11 10 0.5395382388120915 0.2113258693441593 Penicillium-verrucosum
11 10 -0.007818404123666326 0.9867274705906085 Penicillium-cvjetkovicii
11 10 0.7205692643270803 0.06773722136245816 Penicillium-chrysogenum
11 10 0.782060277068152 0.0377233419562275 Penicillium-polonicum
11 10 0.7853561381374764 0.03638254062592589 Penicillium-commune
11 10 0.8235732318927877 0.02277891741507591 Penicillium-mb
11 10 0.7860486508373571 0.0361042386829967 Penicillium-solitum
11 12 0.7908928621668814 0.03419063282442683 Penicillium-brevicompactum
11 12 0.46634132986623666 0.2915139971793684 Penicillium-verrucosum
11 12 0.26657294950400146 0.5633581309239892 Penicillium-cvjetkovicii
11 12 0.5829194863705425 0.1695786755096541 Penicillium-chrysogenum
11 12 0.45532268833239203 0.30458946885986543 Penicillium-polonicum
11 12 0.6342942762879009 0.1260174623706117 Penicillium-commune
11 12 0.6032408104462995 0.15157319168195627 Penicillium-mb
11 12 0.5845893065614642 0.16806136421102558 Penicillium-solitum
5 10 0.9938058699997521 5.780454569918582e-06 Penicillium-brevicompactum
5 10 0.8408536773818543 0.01777776982640923 Penicillium-verrucosum
5 10 -0.007818404123664873 0.986727470590611 Penicillium-cvjetkovicii
5 10 0.9641190274945383 0.0004594252452358138 Penicillium-chrysogenum
5 10 0.9172118945523793 0.003621056803411947 Penicillium-polonicum
5 10 0.9489313002695473 0.001101170621789718 Penicillium-commune
5 10 0.9295095039554955 0.0024388201359834714 Penicillium-mb
5 10 0.8180638168807722 0.024521925415629326 Penicillium-solitum
9 12 0.9846044114193958 5.602130712050418e-05 Penicillium-brevicompactum
9 12 0.7760130886861911 0.04025358783399811 Penicillium-verrucosum
9 12 0.4336245127130379 0.33106651502276174 Penicillium-cvjetkovicii
9 12 0.8500120366848086 0.01540904989903725 Penicillium-chrysogenum
9 12 0.8044688612647986 0.029135115307958 Penicillium-polonicum
9 12 0.8064997208593218 0.028417565774665022 Penicillium-commune
9 12 0.6921224204329515 0.0848664343129625 Penicillium-mb
9 12 0.7837373447631608 0.037037722671138425 Penicillium-solitum
11 8 0.48279052531293876 0.2724701929579772 Penicillium-brevicompactum
11 8 0.8655041071297203 0.011835733357404019 Penicillium-verrucosum
11 8 -0.9453384191976529 0.0013026322549054433 Penicillium-cvjetkovicii
11 8 0.775957713270702 0.040277178457733126 Penicillium-chrysogenum
11 8 0.4437065852365918 0.31864525139949207 Penicillium-polonicum
11 8 0.4107646695908332 0.3599737135882251 Penicillium-commune
11 8 0.7176051111831467 0.06942592616949267 Penicillium-mb
11 8 0.8331340505216517 0.019925239920348538 Penicillium-solitum
5 12 0.4402400575074684 0.32289302343759746 Penicillium-brevicompactum
5 12 0.5347166932621671 0.2162382387260495 Penicillium-verrucosum
5 12 -0.2693226639378152 0.5591836625513174 Penicillium-cvjetkovicii
5 12 0.7154157227284534 0.07068759981404617 Penicillium-chrysogenum
5 12 0.5900539080018412 0.1631429945863319 Penicillium-polonicum
5 12 0.4454579501173926 0.3165084293009381 Penicillium-commune
5 12 0.6157994037047277 0.14095068767915592 Penicillium-mb
5 12 0.2867345227463847 0.5329856406010633 Penicillium-solitum
9 12 0.6902292007923907 0.08607954359908088 Penicillium-brevicompactum
9 12 0.8463889441202131 0.01632308196738323 Penicillium-verrucosum
9 12 -0.5274061085174929 0.22378848993669256 Penicillium-cvjetkovicii
9 12 0.5474054832617367 0.20342603232264111 Penicillium-chrysogenum
9 12 0.6765900605104701 0.09508829846452428 Penicillium-polonicum
9 12 0.6881429702428766 0.08742688618066616 Penicillium-commune
9 12 0.5815048277344353 0.17086939302539278 Penicillium-mb
9 12 0.517881280606543 0.2338083854228897 Penicillium-solitum
9 12 0.9952337055398389 3.0046659498758527e-06 Penicillium-brevicompactum
9 12 0.616890246355066 0.14004636475255441 Penicillium-verrucosum
9 12 0.22801065856294886 0.6229001237574432 Penicillium-cvjetkovicii
9 12 0.6783805926851015 0.09387869436932979 Penicillium-chrysogenum
9 12 0.5256568522849263 0.22561321506843154 Penicillium-polonicum
9 12 0.6440079115508585 0.11851602409580861 Penicillium-commune
9 12 0.6784987253501278 0.09379917532052659 Penicillium-mb
9 12 0.4646734852706866 0.293476900278742 Penicillium-solitum
7 12 0.993647491776871 6.156549352612777e-06 Penicillium-brevicompactum
7 12 0.8507599065861472 0.015224111517476355 Penicillium-verrucosum
7 12 -0.007818404123665452 0.98672747059061 Penicillium-cvjetkovicii
7 12 0.9694570722072317 0.0003080258561522982 Penicillium-chrysogenum
7 12 0.9379731330203412 0.0017795803547884152 Penicillium-polonicum
7 12 0.9681490860151392 0.00034182802965671157 Penicillium-commune
7 12 0.9522390364005703 0.0009331104993252608 Penicillium-mb
7 12 0.8743521238638863 0.010033777274404963 Penicillium-solitum
9 12 0.9952337055398389 3.0046659498758527e-06 Penicillium-brevicompactum
9 12 0.6276268176375239 0.1313029152940048 Penicillium-verrucosum
9 12 0.22217298052186996 0.6320668756724006 Penicillium-cvjetkovicii
9 12 0.7089386892657428 0.0744915601047426 Penicillium-chrysogenum
9 12 0.6524943500355449 0.11215603156469661 Penicillium-polonicum
9 12 0.6608169093165296 0.10609498792998273 Penicillium-commune
9 12 0.6911736420135598 0.08547323874651162 Penicillium-mb
9 12 0.6768272319001265 0.0949276085228268 Penicillium-solitum
11 10 0.2715000265529217 0.5558851889347165 Penicillium-brevicompactum
11 10 0.8463889441202133 0.016323081967383222 Penicillium-verrucosum
11 10 -0.48974157623547143 0.2645970309159484 Penicillium-cvjetkovicii
11 10 0.22662868507647002 0.6250667539418764 Penicillium-chrysogenum
11 10 0.4215368400690543 0.34622502209593015 Penicillium-polonicum
11 10 0.4049627652331699 0.36747077555169244 Penicillium-commune
11 10 0.29403977162546735 0.5221190513466394 Penicillium-mb
11 10 0.02830559575638182 0.9519661761032887 Penicillium-solitum
9 12 0.9945883843189781 4.125826757289673e-06 Penicillium-brevicompactum
9 12 0.7162284172005317 0.07021784627683493 Penicillium-verrucosum
9 12 -0.007818404123664132 0.9867274705906122 Penicillium-cvjetkovicii
9 12 0.9096133641976771 0.004491117588052789 Penicillium-chrysogenum
9 12 0.7746129779115944 0.04085240000961981 Penicillium-polonicum
9 12 0.8121191644701266 0.026484219288148914 Penicillium-commune
9 12 0.8030224107895282 0.029652298750269604 Penicillium-mb
9 12 0.6644167432849122 0.103527523477051 Penicillium-solitum
3 12 0.9945303423510863 4.237214534881245e-06 Penicillium-brevicompactum
3 12 0.7850270713004474 0.0365151997456562 Penicillium-verrucosum
3 12 -0.007818404123664077 0.9867274705906124 Penicillium-cvjetkovicii
3 12 0.9545430469101711 0.0008256498083151257 Penicillium-chrysogenum
3 12 0.893903620556749 0.006646051550376033 Penicillium-polonicum
3 12 0.8786821532930427 0.009213824754883963 Penicillium-commune
3 12 0.911668346402203 0.004245001958338541 Penicillium-mb
3 12 0.8007439225004049 0.030477326008032678 Penicillium-solitum
7 12 0.9952337055398388 3.0046659498760293e-06 Penicillium-brevicompactum
7 12 0.7240982782553318 0.06575586349013089 Penicillium-verrucosum
7 12 0.15865410003065436 0.7340373869100452 Penicillium-cvjetkovicii
7 12 0.8576186088357507 0.013587211234698061 Penicillium-chrysogenum
7 12 0.7790165330354735 0.03898552550999122 Penicillium-polonicum
7 12 0.7199818736242605 0.06807008668835299 Penicillium-commune
7 12 0.7780854724784264 0.03937621966251383 Penicillium-mb
7 12 0.7657405198544063 0.044760930606861184 Penicillium-solitum
7 12 0.9949079301958265 3.5440837105074097e-06 Penicillium-brevicompactum
7 12 0.8171550718999752 0.024816398356292034 Penicillium-verrucosum
7 12 -0.34521808649577956 0.44822814590132315 Penicillium-cvjetkovicii
7 12 0.8148221865218135 0.025581430727578985 Penicillium-chrysogenum
7 12 0.76037315918537 0.04722116703845843 Penicillium-polonicum
7 12 0.7344371123893758 0.06013341387410058 Penicillium-commune
7 12 0.7190960083085407 0.06857375361908817 Penicillium-mb
7 12 0.8243724467127315 0.022532080801022706 Penicillium-solitum
9 12 0.9875508337979408 3.2991490611479966e-05 Penicillium-brevicompactum
9 12 0.779798476736975 0.03865907029269291 Penicillium-verrucosum
9 12 -0.00781840412366489 0.9867274705906109 Penicillium-cvjetkovicii
9 12 0.9802314108629141 0.00010441866381068378 Penicillium-chrysogenum
9 12 0.8405968656171682 0.017846979620956698 Penicillium-polonicum
9 12 0.8416946703546553 0.017552195070708078 Penicillium-commune
9 12 0.9965336893836424 1.3561745553656514e-06 Penicillium-mb
9 12 0.5849382431384 0.16774514736604684 Penicillium-solitum
9 12 0.9943208590118854 4.654123334899083e-06 Penicillium-brevicompactum
9 12 0.3036604649329385 0.5079250414343057 Penicillium-verrucosum
9 12 0.10613363278064604 0.8208350261354167 Penicillium-cvjetkovicii
9 12 0.5227210723900194 0.22869130945950225 Penicillium-chrysogenum
9 12 0.4614417277479028 0.29729696551997603 Penicillium-polonicum
9 12 0.4580836834398601 0.301289373801408 Penicillium-commune
9 12 0.5088856253723131 0.24345959192579572 Penicillium-mb
9 12 0.44566726076994784 0.31625346797244286 Penicillium-solitum
11 12 0.8530495709832989 0.014665818620652773 Penicillium-brevicompactum
11 12 0.5616249257601438 0.18951483846199843 Penicillium-verrucosum
11 12 -0.15035243065782322 0.7476290061470751 Penicillium-cvjetkovicii
11 12 0.6167645559549105 0.1401504138030998 Penicillium-chrysogenum
11 12 0.5870923926876503 0.16579950955854666 Penicillium-polonicum
11 12 0.5952287093684351 0.15855224127903195 Penicillium-commune
11 12 0.6020574615615807 0.15259408540341565 Penicillium-mb
11 12 0.4764999868359976 0.27968492836589376 Penicillium-solitum
9 12 0.9949722302592076 3.433377331853941e-06 Penicillium-brevicompactum
9 12 0.5247128926333361 0.22660079623537813 Penicillium-verrucosum
9 12 -0.007818404123665731 0.9867274705906095 Penicillium-cvjetkovicii
9 12 0.9213584918075312 0.0031918104224841477 Penicillium-chrysogenum
9 12 0.8059127630251224 0.02862392148427926 Penicillium-polonicum
9 12 0.8164275302054563 0.025053581339820205 Penicillium-commune
9 12 0.7620483286432731 0.04644555078503694 Penicillium-mb
9 12 0.8648579230057049 0.01197406240156669 Penicillium-solitum
9 12 -0.9914340081193149 1.2983809152301e-05 Penicillium-brevicompactum
9 12 0.6644915887726821 0.10347449001052736 Penicillium-verrucosum
9 12 -0.27443033749878293 0.5514560459381342 Penicillium-cvjetkovicii
9 12 0.6941068751677072 0.08360465381246444 Penicillium-chrysogenum
9 12 0.6295254700864773 0.12978652494477036 Penicillium-polonicum
9 12 0.6487807478337755 0.11491683705428324 Penicillium-commune
9 12 0.6938903457891936 0.08374184314930537 Penicillium-mb
9 12 0.6278035381872926 0.13116139571636543 Penicillium-solitum
11 12 0.9648798987939033 0.00043563516696706384 Penicillium-brevicompactum
11 12 0.508742749167383 0.24361434209061822 Penicillium-verrucosum
11 12 0.7201391066965638 0.06798089905638637 Penicillium-cvjetkovicii
11 12 0.6916965505854313 0.0851385220226351 Penicillium-chrysogenum
11 12 0.8286164898765637 0.02124670611432998 Penicillium-polonicum
11 12 0.7968910511162816 0.031901296735142824 Penicillium-commune
11 12 0.7186215474178572 0.06884433403743484 Penicillium-mb
11 12 0.4924328771993738 0.2615768679998389 Penicillium-solitum
7 12 0.9952337055398386 3.004665949876371e-06 Penicillium-brevicompactum
7 12 0.5479866490074682 0.20284817194821927 Penicillium-verrucosum
7 12 0.23336211183330402 0.6145307056421774 Penicillium-cvjetkovicii
7 12 0.6610946988607644 0.10589569755017951 Penicillium-chrysogenum
7 12 0.5384957242887748 0.21238347418193224 Penicillium-polonicum
7 12 0.5999680838196152 0.1544049932159102 Penicillium-commune
7 12 0.6377455574944918 0.12332513316070083 Penicillium-mb
7 12 0.5621543070589143 0.18900613081677378 Penicillium-solitum
9 12 0.9943801203343356 4.533802704558152e-06 Penicillium-brevicompactum
9 12 0.7762626157877192 0.04014738096999343 Penicillium-verrucosum
9 12 -0.007818404123667699 0.9867274705906062 Penicillium-cvjetkovicii
9 12 0.9177071449420339 0.0035681192534142286 Penicillium-chrysogenum
9 12 0.9005423530724525 0.005675555060366782 Penicillium-polonicum
9 12 0.8720302714328841 0.010490111934100705 Penicillium-commune
9 12 0.8808812151949856 0.00881276765731603 Penicillium-mb
9 12 0.820614435711919 0.02370597797294538 Penicillium-solitum
11 12 0.8701559577982791 0.010867032722000442 Penicillium-brevicompactum
11 12 0.520530404865305 0.23100091906475922 Penicillium-verrucosum
11 12 -0.31792712978364457 0.48712875820394336 Penicillium-cvjetkovicii
11 12 0.5663931344754338 0.18495679698641707 Penicillium-chrysogenum
11 12 0.5757699214571421 0.17615118673405775 Penicillium-polonicum
11 12 0.6403768476366165 0.12129249299386818 Penicillium-commune
11 12 0.7580313670130862 0.04831726588996155 Penicillium-mb
11 12 0.6412069360470911 0.12065485727836235 Penicillium-solitum
11 12 0.9952337055398386 3.004665949876371e-06 Penicillium-brevicompactum
11 12 0.5982364732950015 0.15591390449617526 Penicillium-verrucosum
11 12 -0.0019341739545404339 0.9967164504548447 Penicillium-cvjetkovicii
11 12 0.6649087556995998 0.1031791564820791 Penicillium-chrysogenum
11 12 0.6460684572823512 0.11695515159333826 Penicillium-polonicum
11 12 0.6372726428129862 0.12369229107261288 Penicillium-commune
11 12 0.6429555427511194 0.11931730870218313 Penicillium-mb
11 12 0.6147041508554907 0.1418616249694955 Penicillium-solitum
7 12 -0.9658861058124395 0.000405320601447796 Penicillium-brevicompactum
7 12 0.6621300997212616 0.10515460302988221 Penicillium-verrucosum
7 12 -0.29328746481697443 0.5232346121041533 Penicillium-cvjetkovicii
7 12 0.7814745595106402 0.037964439635808644 Penicillium-chrysogenum
7 12 0.7163004433089698 0.07017629486512529 Penicillium-polonicum
7 12 0.7451254674533021 0.05460612257964283 Penicillium-commune
7 12 0.7696594377094881 0.04301026738356436 Penicillium-mb
7 12 0.7439666276925029 0.055191404189810674 Penicillium-solitum
11 10 0.4915817691643381 0.2625302701346152 Penicillium-brevicompactum
11 10 0.12626340574366998 0.7873531343254804 Penicillium-verrucosum
11 10 -0.5130901431700404 0.2389260763460644 Penicillium-cvjetkovicii
11 10 0.5218185459929214 0.2296415208092838 Penicillium-chrysogenum
11 10 0.5377920467621665 0.21309875735009084 Penicillium-polonicum
11 10 0.5443194982268 0.2065076559610463 Penicillium-commune
11 10 0.6491580505129263 0.11463475523159286 Penicillium-mb
11 10 0.6759358031702816 0.09553231516805372 Penicillium-solitum
5 12 0.994880514305421 3.5919273560504946e-06 Penicillium-brevicompactum
5 12 0.8135148435019995 0.026015874981870416 Penicillium-verrucosum
5 12 -0.00781840412366226 0.9867274705906155 Penicillium-cvjetkovicii
5 12 0.8584805477383992 0.013389005329455275 Penicillium-chrysogenum
5 12 0.807271382890087 0.0281475468609087 Penicillium-polonicum
5 12 0.7572913863787439 0.04866649143398464 Penicillium-commune
5 12 0.7867743649059542 0.03581386752244046 Penicillium-mb
5 12 0.8067228306892558 0.028339346935847103 Penicillium-solitum
3 12 -0.9904995019876874 1.6811474779975197e-05 Penicillium-brevicompactum
3 12 0.5220373490253953 0.22941098767114135 Penicillium-verrucosum
3 12 -0.2776921613946387 0.546539401430964 Penicillium-cvjetkovicii
3 12 0.6922120482376851 0.08480922999617782 Penicillium-chrysogenum
3 12 0.5858961098230505 0.16687861221728792 Penicillium-polonicum
3 12 0.6144093538521489 0.14210731783899772 Penicillium-commune
3 12 0.6251980340958603 0.13325577992351906 Penicillium-mb
3 12 0.6313319044711138 0.12835212243173885 Penicillium-solitum
9 12 0.9952162837943543 3.032169534763935e-06 Penicillium-brevicompactum
9 12 0.862980947556336 0.01238110866427314 Penicillium-verrucosum
9 12 -0.007818404123665936 0.9867274705906092 Penicillium-cvjetkovicii
9 12 0.9025366383186516 0.005401276984711893 Penicillium-chrysogenum
9 12 0.9205952703165861 0.003268443251595745 Penicillium-polonicum
9 12 0.881852819137428 0.008638844601474382 Penicillium-commune
9 12 0.9005316835763183 0.005677043733932971 Penicillium-mb
9 12 0.8793696582139835 0.009087332871973743 Penicillium-solitum
9 10 0.9954465843855768 2.68062991499883e-06 Penicillium-brevicompactum
9 10 0.4977090784625312 0.2557018787808173 Penicillium-verrucosum
9 10 -0.4566189196559082 0.30303817671741606 Penicillium-cvjetkovicii
9 10 0.75461973683572 0.04993882885023414 Penicillium-chrysogenum
9 10 0.7433676326231401 0.055495264469970156 Penicillium-polonicum
9 10 0.7498876277253096 0.052236620989473896 Penicillium-commune
9 10 0.8726312541741804 0.010370874042151987 Penicillium-mb
9 10 0.8306063716156961 0.02065870799604747 Penicillium-solitum
5 10 0.9952337055398388 3.0046659498760293e-06 Penicillium-brevicompactum
5 10 0.4935736570944229 0.26030145884886785 Penicillium-verrucosum
5 10 0.2792086381010712 0.5442584838870144 Penicillium-cvjetkovicii
5 10 0.8597081088155714 0.01310959826451327 Penicillium-chrysogenum
5 10 0.6491940038491049 0.1146078942138314 Penicillium-polonicum
5 10 0.711434222205167 0.07301328458524896 Penicillium-commune
5 10 0.648361860291508 0.11523042815593174 Penicillium-mb
5 10 0.6511613722583326 0.11314301513703921 Penicillium-solitum
11 10 0.8121173264365542 0.02648483917012013 Penicillium-brevicompactum
11 10 0.6015411857413437 0.15304055899889163 Penicillium-verrucosum
11 10 0.22802680582434504 0.622874821145099 Penicillium-cvjetkovicii
11 10 0.1485444325327779 0.7505961039795066 Penicillium-chrysogenum
11 10 0.6420361209674087 0.12001963947867529 Penicillium-polonicum
11 10 0.8138133707629274 0.025916308552987728 Penicillium-commune
11 10 0.6570958477273314 0.10878331900130972 Penicillium-mb
11 10 0.41184500247247374 0.35858480604671117 Penicillium-solitum
7 12 0.9952337055398389 3.0046659498758527e-06 Penicillium-brevicompactum
7 12 0.2629085651112486 0.5689365632063412 Penicillium-verrucosum
7 12 0.25750124319093 0.577199956475776 Penicillium-cvjetkovicii
7 12 0.20605486194108816 0.6575690777501975 Penicillium-chrysogenum
7 12 0.17991830131928385 0.6994807254693981 Penicillium-polonicum
7 12 0.19449093871830933 0.6760311109817587 Penicillium-commune
7 12 0.22614284440345642 0.6258289558686432 Penicillium-mb
7 12 0.24398463763983833 0.5980163254725845 Penicillium-solitum
5 12 0.994497979914319 4.300094282748257e-06 Penicillium-brevicompactum
5 12 0.6732422084420372 0.09737178078921477 Penicillium-verrucosum
5 12 -0.007818404123664873 0.986727470590611 Penicillium-cvjetkovicii
5 12 0.9502672381128553 0.0010313125730424747 Penicillium-chrysogenum
5 12 0.8391363415357727 0.018243495425666084 Penicillium-polonicum
5 12 0.9365975476162597 0.001878477937216969 Penicillium-commune
5 12 0.8481879048654448 0.01586548672124923 Penicillium-mb
5 12 0.8820525474182577 0.008603339915716933 Penicillium-solitum
11 12 0.9752070178919734 0.00018343531217977551 Penicillium-brevicompactum
11 12 0.5723558206294271 0.17933301019222944 Penicillium-verrucosum
11 12 -0.00781840412366226 0.9867274705906155 Penicillium-cvjetkovicii
11 12 0.9746413794299834 0.00019401814769778 Penicillium-chrysogenum
11 12 0.8485258200795214 0.01578035929283121 Penicillium-polonicum
11 12 0.8689870537820764 0.011105978953904456 Penicillium-commune
11 12 0.8398981967625102 0.018036042426664792 Penicillium-mb
11 12 0.8868766175149239 0.007771322939119331 Penicillium-solitum
9 10 0.9954348445197787 2.6979247136183864e-06 Penicillium-brevicompactum
9 10 0.7705774315221486 0.042605739588855863 Penicillium-verrucosum
9 10 -0.4961917338453144 0.2573851740185703 Penicillium-cvjetkovicii
9 10 0.8677756766972172 0.011356764926931644 Penicillium-chrysogenum
9 10 0.8352822824018711 0.019313666348310422 Penicillium-polonicum
9 10 0.8318636170219729 0.020292009632520612 Penicillium-commune
9 10 0.8231136144811035 0.02292155789634016 Penicillium-mb
9 10 0.8557519756836084 0.01402217458895924 Penicillium-solitum
3 12 0.547891430609925 0.2029427947946223 Penicillium-brevicompactum
3 12 0.1414159855618156 0.7623181181523959 Penicillium-verrucosum
3 12 0.011709937759026092 0.980121955168853 Penicillium-cvjetkovicii
3 12 0.5436234383241306 0.20720579573174056 Penicillium-chrysogenum
3 12 0.2435008286553028 0.5987655689094715 Penicillium-polonicum
3 12 0.22976901951282283 0.6201465241759574 Penicillium-commune
3 12 0.23766440071511918 0.6078260963452418 Penicillium-mb
3 12 0.13842741518440504 0.7672434032593345 Penicillium-solitum
9 12 0.656728127266023 0.10905088081088805 Penicillium-brevicompactum
9 12 0.8463889441202131 0.01632308196738323 Penicillium-verrucosum
9 12 -0.300715140258379 0.5122561576182811 Penicillium-cvjetkovicii
9 12 0.5592102019590034 0.19184366858625773 Penicillium-chrysogenum
9 12 0.8098739730581388 0.027247499385861153 Penicillium-polonicum
9 12 0.529264603507946 0.22185746418787938 Penicillium-commune
9 12 0.5506605807492007 0.20019961527526828 Penicillium-mb
9 12 0.45522391381831767 0.3047078216749262 Penicillium-solitum
9 12 0.9942174335418568 4.8686520063334915e-06 Penicillium-brevicompactum
9 12 0.7774643310188745 0.03963806462184694 Penicillium-verrucosum
9 12 -0.007818404123664873 0.986727470590611 Penicillium-cvjetkovicii
9 12 0.9088130955409108 0.0045891570502632 Penicillium-chrysogenum
9 12 0.8826366868068884 0.008499984803154488 Penicillium-polonicum
9 12 0.8772500593111577 0.00948055597431535 Penicillium-commune
9 12 0.9158168560206407 0.0037726303939088967 Penicillium-mb
9 12 0.7935763508797683 0.03315548719570604 Penicillium-solitum
11 10 0.48771069737866174 0.2668865026123567 Penicillium-brevicompactum
11 10 0.25260430320607197 0.5847153821549764 Penicillium-verrucosum
11 10 -0.46751083278530925 0.29014108235584957 Penicillium-cvjetkovicii
11 10 0.40675142292169497 0.36515271881733863 Penicillium-chrysogenum
11 10 0.526315143764937 0.22492570407301857 Penicillium-polonicum
11 10 0.5073161873193625 0.24516195641351574 Penicillium-commune
11 10 0.44073244418450813 0.322288191164035 Penicillium-mb
11 10 0.8613480319876272 0.01274158967545678 Penicillium-solitum
11 12 0.7650558431820479 0.045070740645254376 Penicillium-brevicompactum
11 12 0.9285061943632799 0.0025251383466065513 Penicillium-verrucosum
11 12 -0.6260701401278495 0.1325528747103876 Penicillium-cvjetkovicii
11 12 0.8662521365776243 0.01167675348615951 Penicillium-chrysogenum
11 12 -0.9739729097688453 0.00020698336089251598 Penicillium-polonicum
11 12 0.7437888410564274 0.05528149759879159 Penicillium-commune
11 12 0.8282880030270416 0.021344670868229224 Penicillium-mb
11 12 0.9257368516563709 0.002772597385514282 Penicillium-solitum
9 12 0.9942104753426423 4.8832931881109424e-06 Penicillium-brevicompactum
9 12 0.8579722712758688 0.013505683577378035 Penicillium-verrucosum
9 12 -0.00781840412366595 0.9867274705906092 Penicillium-cvjetkovicii
9 12 0.9450824738901926 0.00131775020141197 Penicillium-chrysogenum
9 12 0.9563859892954315 0.0007452389247193519 Penicillium-polonicum
9 12 0.8670870616716136 0.011500762009467686 Penicillium-commune
9 12 0.9582801010114439 0.0006676298919272292 Penicillium-mb
9 12 0.9041325573982183 0.005187460290974349 Penicillium-solitum
5 12 0.9952337055398389 3.0046659498758527e-06 Penicillium-brevicompactum
5 12 0.6581075422205768 0.10804894735534545 Penicillium-verrucosum
5 12 0.20576121437606967 0.6580362238630635 Penicillium-cvjetkovicii
5 12 0.7227053499497976 0.06653413556947262 Penicillium-chrysogenum
5 12 0.6489249636242153 0.11480897511315583 Penicillium-polonicum
5 12 0.6895210905272665 0.08653561887372899 Penicillium-commune
5 12 0.69899587041848 0.08053883409078319 Penicillium-mb
5 12 0.6911979732710845 0.0854576487407539 Penicillium-solitum
11 12 -0.04136669268776733 0.9298337916726558 Penicillium-brevicompactum
11 12 0.35012857443071865 0.44135671992923636 Penicillium-verrucosum
11 12 0.05442610898903893 0.9077401555786442 Penicillium-cvjetkovicii
11 12 0.6871863499206248 0.08804839797146484 Penicillium-chrysogenum
11 12 0.6535321870723678 0.11139067853527193 Penicillium-polonicum
11 12 0.670272158425375 0.09942136188200972 Penicillium-commune
11 12 0.7089155816667894 0.0745053224223213 Penicillium-mb
11 12 0.288471093804752 0.5303956545643187 Penicillium-solitum
9 10 0.9952337055398386 3.004665949876371e-06 Penicillium-brevicompactum
9 10 0.607431993395477 0.14798500916179516 Penicillium-verrucosum
9 10 0.20129579252013038 0.6651508190825187 Penicillium-cvjetkovicii
9 10 0.7612917172917847 0.04679499398160471 Penicillium-chrysogenum
9 10 0.5914476836549484 0.16190012190260972 Penicillium-polonicum
9 10 0.7311390460086359 0.061897461768220224 Penicillium-commune
9 10 0.669945024395347 0.09964847810142037 Penicillium-mb
9 10 0.6568793088010405 0.10894083638286017 Penicillium-solitum
9 12 0.9954434959953152 2.6851731742101146e-06 Penicillium-brevicompactum
9 12 0.531202206284679 0.21985265453423952 Penicillium-verrucosum
9 12 -0.468691209119953 0.28875832198181506 Penicillium-cvjetkovicii
9 12 0.8557671811420159 0.014018599709407121 Penicillium-chrysogenum
9 12 0.8519313443481594 0.014936989620694268 Penicillium-polonicum
9 12 0.7631392378860042 0.04594424349681266 Penicillium-commune
9 12 0.8440895015071941 0.01691880351542385 Penicillium-mb
9 12 0.8704949859855773 0.010798287500656673 Penicillium-solitum
9 12 0.9944522291417054 4.3899358317756935e-06 Penicillium-brevicompactum
9 12 0.7742764969796374 0.04099703803536194 Penicillium-verrucosum
9 12 -0.007818404123667798 0.986727470590606 Penicillium-cvjetkovicii
9 12 0.9593067258049102 0.0006276629534808634 Penicillium-chrysogenum
9 12 0.9441785186742443 0.001371970306780725 Penicillium-polonicum
9 12 0.9088595093674833 0.004583437232934983 Penicillium-commune
9 12 0.9675473970869967 0.000358084253237375 Penicillium-mb
9 12 0.8752620980057687 0.00985811329357933 Penicillium-solitum
9 12 0.8764360396506459 0.009634128821614973 Penicillium-brevicompactum
9 12 0.5408705565368352 0.20997792692904238 Penicillium-verrucosum
9 12 0.18985526238223938 0.6834689579654678 Penicillium-cvjetkovicii
9 12 0.6926822582986811 0.0845094566106188 Penicillium-chrysogenum
9 12 0.6631954011063754 0.10439493469647279 Penicillium-polonicum
9 12 0.47885792845876857 0.2769706271239785 Penicillium-commune
9 12 0.6255874513096851 0.13294168150467314 Penicillium-mb
9 12 0.5497311543706407 0.20111832610383623 Penicillium-solitum
9 12 0.9909093199365469 1.5060051928210848e-05 Penicillium-brevicompactum
9 12 0.7562119772700296 0.04917837987223929 Penicillium-verrucosum
9 12 -0.32091331061896644 0.48281498064006967 Penicillium-cvjetkovicii
9 12 0.7614784641928345 0.04670861062040932 Penicillium-chrysogenum
9 12 0.7675634718005261 0.04394179291361492 Penicillium-polonicum
9 12 0.7522669037533602 0.05107423946015904 Penicillium-commune
9 12 0.7932020300577272 0.03329881625026766 Penicillium-mb
9 12 0.7869716622434224 0.03573515056774944 Penicillium-solitum
3 12 0.9940061269645938 5.325087387314498e-06 Penicillium-brevicompactum
3 12 0.7885442926460076 0.035111148688227095 Penicillium-verrucosum
3 12 -0.007818404123664077 0.9867274705906124 Penicillium-cvjetkovicii
3 12 0.9593582744334795 0.0006256946166701374 Penicillium-chrysogenum
3 12 0.9023175740746732 0.0054310193988061604 Penicillium-polonicum
3 12 0.9219252600071716 0.0031355905839020822 Penicillium-commune
3 12 0.9249453857678418 0.0028458234975624213 Penicillium-mb
3 12 0.8310512163814955 0.02052853567402413 Penicillium-solitum
9 12 0.9952337055398389 3.0046659498758527e-06 Penicillium-brevicompactum
9 12 0.34200826369238346 0.4527413037935959 Penicillium-verrucosum
9 12 0.02123924778317521 0.9639512652738319 Penicillium-cvjetkovicii
9 12 0.07406985455740321 0.8745997652407598 Penicillium-chrysogenum
9 12 0.16576242260387153 0.7224431201179808 Penicillium-polonicum
9 12 0.1630034979574763 0.726938257551824 Penicillium-commune
9 12 0.12280860132964395 0.793082270639747 Penicillium-mb
9 12 0.33177570393284195 0.4672406510030184 Penicillium-solitum
11 10 0.9946375673922337 4.032828036709579e-06 Penicillium-brevicompactum
11 10 0.6637512974477132 0.10399966307940842 Penicillium-verrucosum
11 10 -0.007818404123663822 0.9867274705906128 Penicillium-cvjetkovicii
11 10 0.7653601724166526 0.04493288921112586 Penicillium-chrysogenum
11 10 0.7001831699861922 0.07980347774606283 Penicillium-polonicum
11 10 0.7137011706900612 0.07168416055769997 Penicillium-commune
11 10 0.6923361200319743 0.08473007577450258 Penicillium-mb
11 10 0.553350202310032 0.1975524032011324 Penicillium-solitum
