#SPECIES: Penicillium-cvjetkovicii Penicillium-commune Penicillium-verrucosum Penicillium-polonicum Penicillium-mb Penicillium-chrysogenum Penicillium-solitum Penicillium-brevicompactum 
#GENE_TREEs p: 0.42226523668176086 0.1621478908056529 0.5190493397686571 0.3819290182879397 0.38711925330418895 0.42655859186415035 0.837467329407829 0.0109629630270651 
#GENE_TREEs r: 0.36392699929453265 0.591169409406114 0.29611274024456724 0.39390914557677886 0.38998276723439607 0.3608034370752924 0.09618394334705171 0.8696849169489952 
10 10 -0.5056840331289423 0.24693816618083447 Penicillium-cvjetkovicii
10 10 0.7529769292454369 0.050730129689351006 Penicillium-commune
10 10 0.2778440035862668 0.5463108760787979 Penicillium-verrucosum
10 10 0.6438918519215419 0.11860425680114295 Penicillium-polonicum
10 10 0.5406069399255966 0.21024430890745052 Penicillium-mb
10 10 0.7862518160982876 0.03602281730337785 Penicillium-chrysogenum
10 10 0.04242503395970934 0.9280418244132895 Penicillium-solitum
10 10 0.7079900087761095 0.07505768885726476 Penicillium-brevicompactum
10 8 -0.3840378074317075 0.39503141622169763 Penicillium-cvjetkovicii
10 8 0.5582059650275919 0.19281623919361313 Penicillium-commune
10 8 0.09834189554139301 0.8338557397633276 Penicillium-verrucosum
10 8 0.6543844655939753 0.11076419475495744 Penicillium-polonicum
10 8 0.5294240554199416 0.22169215711177645 Penicillium-mb
10 8 0.5039382637826397 0.2488445698299627 Penicillium-chrysogenum
10 8 -0.10547753645778073 0.8219301986448014 Penicillium-solitum
10 8 0.8643085763499962 0.012092387456957286 Penicillium-brevicompactum
10 12 0.3545444048904685 0.43521186686053887 Penicillium-cvjetkovicii
10 12 0.2630506076379188 0.5687200018239147 Penicillium-commune
10 12 -0.49173713864522073 0.26235610900901113 Penicillium-verrucosum
10 12 0.6266685341368966 0.1320716713927358 Penicillium-polonicum
10 12 0.6203672878960352 0.13718349817360714 Penicillium-mb
10 12 0.6271046989074195 0.13172148714676268 Penicillium-chrysogenum
10 12 0.17778252037645983 0.7029339656345817 Penicillium-solitum
10 12 -0.10258905746220372 0.8267544361303298 Penicillium-brevicompactum
10 10 -0.7342106847922667 0.060253640943623975 Penicillium-cvjetkovicii
10 10 0.8188798539119774 0.024259180253221792 Penicillium-commune
10 10 0.43560178805892485 0.3286144240896248 Penicillium-verrucosum
10 10 0.6031161421921283 0.15168058329688996 Penicillium-polonicum
10 10 0.3666214358645565 0.41857524423203496 Penicillium-mb
10 10 0.8789813784882272 0.009158647247875877 Penicillium-chrysogenum
10 10 0.26542767954168855 0.5650997420317259 Penicillium-solitum
10 10 0.8939952061575054 0.006632055734001867 Penicillium-brevicompactum
8 10 0.22768093540722048 0.6234168613989333 Penicillium-cvjetkovicii
8 10 0.727787404287356 0.06371847491927482 Penicillium-commune
8 10 0.16895187027348776 0.7172544322934529 Penicillium-verrucosum
8 10 0.8384618292943439 0.018428290961840753 Penicillium-polonicum
8 10 0.769139826352341 0.043240176609468765 Penicillium-mb
8 10 0.8329796222178895 0.019969620463932847 Penicillium-chrysogenum
8 10 -0.03802138852535168 0.935499531485569 Penicillium-solitum
8 10 0.8315617663524882 0.020379710541913794 Penicillium-brevicompactum
8 12 -0.08147383096653481 0.8621443353236248 Penicillium-cvjetkovicii
8 12 0.5586489042627144 0.19238697367927307 Penicillium-commune
8 12 -0.632410682736244 0.12749939665942212 Penicillium-verrucosum
8 12 0.6321082699385202 0.127738147578296 Penicillium-polonicum
8 12 0.5245400385030305 0.22678185781123686 Penicillium-mb
8 12 -0.0010829746529797144 0.9981614862059768 Penicillium-chrysogenum
8 12 -0.02764085335366557 0.9530933534713328 Penicillium-solitum
8 12 0.7473930187126787 0.05347070777215064 Penicillium-brevicompactum
10 12 0.2276809354072205 0.6234168613989333 Penicillium-cvjetkovicii
10 12 0.5804900742534775 0.17179821207875695 Penicillium-commune
10 12 -0.3194238902280154 0.48496484945288115 Penicillium-verrucosum
10 12 0.8099474826523744 0.02722231594753934 Penicillium-polonicum
10 12 0.6555965622446438 0.10987637278210272 Penicillium-mb
10 12 0.7081758069297421 0.07494663261975008 Penicillium-chrysogenum
10 12 -0.19084375821983565 0.6818812092577435 Penicillium-solitum
10 12 0.8669806896239891 0.011523098564458226 Penicillium-brevicompactum
12 10 -0.23043934978845496 0.6190977102425426 Penicillium-cvjetkovicii
12 10 0.2388308026731656 0.6060121308980655 Penicillium-commune
12 10 -0.32626087533193104 0.4751245619079636 Penicillium-verrucosum
12 10 0.6289404602279288 0.13025279602880377 Penicillium-polonicum
12 10 0.6270373565822929 0.13177552348564625 Penicillium-mb
12 10 0.556422708548131 0.19454912576704533 Penicillium-chrysogenum
12 10 -0.4538337593958046 0.3063756563592959 Penicillium-solitum
12 10 -0.8702425131750285 0.010849457913635584 Penicillium-brevicompactum
6 10 0.22768093540722048 0.6234168613989333 Penicillium-cvjetkovicii
6 10 0.625912326303281 0.13267993032818495 Penicillium-commune
6 10 0.07018257364643789 0.8811475770808114 Penicillium-verrucosum
6 10 0.7934949006861864 0.033186645489971495 Penicillium-polonicum
6 10 0.6999210220211459 0.07996553088139398 Penicillium-mb
6 10 0.7760875311790961 0.040221886440115914 Penicillium-chrysogenum
6 10 -0.09414472472984002 0.8408822917653853 Penicillium-solitum
6 10 0.866702745236435 0.011581580309340095 Penicillium-brevicompactum
10 12 -0.049479025507122666 0.9161045807891871 Penicillium-cvjetkovicii
10 12 -0.06187369874550875 0.8951608964080714 Penicillium-commune
10 12 -0.10297515794475001 0.8261093307754686 Penicillium-verrucosum
10 12 0.5519096168342513 0.198968164826032 Penicillium-polonicum
10 12 0.481796042620601 0.2736051330699992 Penicillium-mb
10 12 0.18662712677880283 0.6886605132050851 Penicillium-chrysogenum
10 12 -0.3565436186812568 0.43244066468578873 Penicillium-solitum
10 12 0.4709143874164565 0.2861619455739244 Penicillium-brevicompactum
12 12 -0.3827525813155219 0.3967503457099881 Penicillium-cvjetkovicii
12 12 0.671910145837256 0.09828824969240625 Penicillium-commune
12 12 0.43849750575215735 0.32503743638425414 Penicillium-verrucosum
12 12 0.42541673559626775 0.3413281485443795 Penicillium-polonicum
12 12 0.07118171237805304 0.8794640819739219 Penicillium-mb
12 12 0.5074164111157051 0.24505307993052367 Penicillium-chrysogenum
12 12 0.3543118801643742 0.4355346187788048 Penicillium-solitum
12 12 -0.8504847085269417 0.015292016173685603 Penicillium-brevicompactum
8 8 0.34431710054444326 0.44949326303193493 Penicillium-cvjetkovicii
8 8 0.6848471470118367 0.08957796755534173 Penicillium-commune
8 8 0.2389963609137279 0.6057547880310892 Penicillium-verrucosum
8 8 0.5774453123221279 0.17459999716567343 Penicillium-polonicum
8 8 0.4321286714594909 0.3329267327904787 Penicillium-mb
8 8 0.49497634455209694 0.25873713342727866 Penicillium-chrysogenum
8 8 0.1178964830071614 0.8012407909483688 Penicillium-solitum
8 8 0.8696849169489951 0.01096296302706513 Penicillium-brevicompactum
12 12 -0.04431422063815619 0.924843687372295 Penicillium-cvjetkovicii
12 12 0.15259470104682218 0.7439526668419008 Penicillium-commune
12 12 -0.4618247530674307 0.296843074799211 Penicillium-verrucosum
12 12 0.25006411012720464 0.5886256562050789 Penicillium-polonicum
12 12 0.19337870426919632 0.6778137823901466 Penicillium-mb
12 12 0.2071857524202519 0.655770840874927 Penicillium-chrysogenum
12 12 -0.3791101602573367 0.40163804684960513 Penicillium-solitum
12 12 0.19047955180173426 0.6824660992217655 Penicillium-brevicompactum
8 10 -0.379468849287377 0.40115567303590594 Penicillium-cvjetkovicii
8 10 0.38742676472770654 0.3905131700986704 Penicillium-commune
8 10 0.19005554363971605 0.6831471857172999 Penicillium-verrucosum
8 10 0.7207252175541624 0.06764899255023403 Penicillium-polonicum
8 10 0.6520119846187684 0.11251267536363066 Penicillium-mb
8 10 0.6069915165325975 0.14836008520232696 Penicillium-chrysogenum
8 10 0.03038491084886729 0.9484407817898575 Penicillium-solitum
8 10 -0.8048959829657307 0.028983370551310516 Penicillium-brevicompactum
10 10 -0.38349312402100316 0.39575954093035914 Penicillium-cvjetkovicii
10 10 0.5981508927750254 0.15598866858258575 Penicillium-commune
10 10 0.14456569979935974 0.7571341563758738 Penicillium-verrucosum
10 10 0.6942997325260122 0.08348256312517514 Penicillium-polonicum
10 10 0.579201637940697 0.17298110870870054 Penicillium-mb
10 10 0.4793270779329593 0.2764319928388118 Penicillium-chrysogenum
10 10 -0.3007704073747112 0.512174770019103 Penicillium-solitum
10 10 0.8573794452331153 0.013642503400256644 Penicillium-brevicompactum
8 8 0.36744852578378545 0.4174450826180921 Penicillium-cvjetkovicii
8 8 0.48694055175990525 0.2677570515347299 Penicillium-commune
8 8 0.1443068994490038 0.7575598328742958 Penicillium-verrucosum
8 8 0.29647464975574306 0.5185140473145634 Penicillium-polonicum
8 8 0.20442266490936828 0.6601667595205489 Penicillium-mb
8 8 0.16373115043604208 0.7257520781845053 Penicillium-chrysogenum
8 8 0.20335034368170626 0.6618748642472998 Penicillium-solitum
8 8 0.8696849169489954 0.010962963027065054 Penicillium-brevicompactum
10 8 0.3687795595162592 0.41562881713189 Penicillium-cvjetkovicii
10 8 0.19265383445339365 0.6789762358128917 Penicillium-commune
10 8 0.3252696608863349 0.4765466714886019 Penicillium-verrucosum
10 8 -0.010331176689818899 0.9824621856950905 Penicillium-polonicum
10 8 -0.12327959412225523 0.7923007778917441 Penicillium-mb
10 8 -0.13829290539346303 0.7674652284896285 Penicillium-chrysogenum
10 8 0.23087784874743697 0.6184119023903073 Penicillium-solitum
10 8 0.869684916948995 0.01096296302706514 Penicillium-brevicompactum
10 12 0.0888218375460349 0.8498054705815724 Penicillium-cvjetkovicii
10 12 -0.17302616869131796 0.7106388138602631 Penicillium-commune
10 12 -0.02401300591636927 0.9592460072851372 Penicillium-verrucosum
10 12 -0.1761639925813927 0.7055535940252056 Penicillium-polonicum
10 12 -0.2118284650512155 0.6484023409809003 Penicillium-mb
10 12 0.24454516973882082 0.597148618694614 Penicillium-chrysogenum
10 12 -0.4249073932816745 0.3419693184226428 Penicillium-solitum
10 12 0.3124494431373723 0.49507722015234545 Penicillium-brevicompactum
12 12 0.4632571103462028 0.29514842389393703 Penicillium-cvjetkovicii
12 12 0.6848218121108357 0.08959460980288947 Penicillium-commune
12 12 0.23597785648432673 0.6104518035018947 Penicillium-verrucosum
12 12 0.592499268322887 0.16096551412027557 Penicillium-polonicum
12 12 0.44023885819802433 0.32289449722754054 Penicillium-mb
12 12 0.8151018608638416 0.02548902601699431 Penicillium-chrysogenum
12 12 -0.22598512643274898 0.6260764456790218 Penicillium-solitum
12 12 0.19402386420389392 0.6767795844564575 Penicillium-brevicompactum
10 12 -0.1169829634917915 0.8027596566064198 Penicillium-cvjetkovicii
10 12 -0.2466265187582557 0.5939300056061785 Penicillium-commune
10 12 -0.2431462687183837 0.5993148315703254 Penicillium-verrucosum
10 12 -0.11813803072670805 0.8008392640112072 Penicillium-polonicum
10 12 0.04982240216841124 0.9155238007123012 Penicillium-mb
10 12 -0.0935901058133143 0.8418114253681594 Penicillium-chrysogenum
10 12 -0.19393946647547175 0.6769148519618045 Penicillium-solitum
10 12 -0.10896352581745396 0.816113966401284 Penicillium-brevicompactum
8 8 0.3299606306793997 0.4698301331970465 Penicillium-cvjetkovicii
8 8 0.5992493839120692 0.15503037318740584 Penicillium-commune
8 8 0.2016843757530555 0.6645309019186467 Penicillium-verrucosum
8 8 0.6016389009356305 0.1529560051716748 Penicillium-polonicum
8 8 0.5132794695265044 0.23872286681440238 Penicillium-mb
8 8 0.4946009832602226 0.2591553272921587 Penicillium-chrysogenum
8 8 0.03985157633048825 0.9323995723903133 Penicillium-solitum
8 8 0.8696849169489953 0.010962963027065079 Penicillium-brevicompactum
4 10 0.17859291321327822 0.7016231998646354 Penicillium-cvjetkovicii
4 10 0.519546542713048 0.2320417365353094 Penicillium-commune
4 10 -0.07879279835804479 0.8666520242579597 Penicillium-verrucosum
4 10 0.6976933699637858 0.08134966831718592 Penicillium-polonicum
4 10 0.6127201944629922 0.14351925073479896 Penicillium-mb
4 10 0.6519297752202692 0.11257351649512137 Penicillium-chrysogenum
4 10 -0.021144735174545737 0.9641116067865143 Penicillium-solitum
4 10 0.8697827455206492 0.010942999755602244 Penicillium-brevicompactum
12 12 0.5107295244741635 0.2414665421743637 Penicillium-cvjetkovicii
12 12 0.20420883115562108 0.6605072827979677 Penicillium-commune
12 12 0.1773780166165995 0.7035884472795462 Penicillium-verrucosum
12 12 0.6993652753442401 0.08030965781503026 Penicillium-polonicum
12 12 0.013328133566510957 0.9773754673403965 Penicillium-mb
12 12 0.8198116818748832 0.023961102323614484 Penicillium-chrysogenum
12 12 0.08190849779486245 0.8614137963148812 Penicillium-solitum
12 12 0.8334642695755631 0.019830527333165173 Penicillium-brevicompactum
2 10 0.22768093540722437 0.6234168613989273 Penicillium-cvjetkovicii
2 10 0.4614847706639451 0.2972459437632221 Penicillium-commune
2 10 -0.12418676199214183 0.7907959534783797 Penicillium-verrucosum
2 10 0.8479135394150067 0.015934796911450253 Penicillium-polonicum
2 10 0.7681427683895585 0.04368323169166814 Penicillium-mb
2 10 0.7310001652469732 0.061972351551683146 Penicillium-chrysogenum
2 10 -0.2516627474475691 0.5861638435159084 Penicillium-solitum
2 10 0.8670436915013321 0.011509866097233465 Penicillium-brevicompactum
8 6 0.3635044714953598 0.4228450212951871 Penicillium-cvjetkovicii
8 6 0.5826284690405922 0.16984380200865598 Penicillium-commune
8 6 0.2998733779698441 0.5134963067278906 Penicillium-verrucosum
8 6 0.38798536119291266 0.389770436296695 Penicillium-polonicum
8 6 0.28807022310489655 0.5309931521289799 Penicillium-mb
8 6 0.2556138546738361 0.5800929974234381 Penicillium-chrysogenum
8 6 0.15202586188851264 0.7448849500280408 Penicillium-solitum
8 6 0.8696849169489949 0.010962963027065169 Penicillium-brevicompactum
8 12 -0.05700339401323462 0.90338518086476 Penicillium-cvjetkovicii
8 12 -0.035755999188209354 0.9393375260814179 Penicillium-commune
8 12 -0.3404610394114224 0.45492280404745705 Penicillium-verrucosum
8 12 0.14130694011699638 0.7624977183271765 Penicillium-polonicum
8 12 0.14355004874660826 0.7588049850338013 Penicillium-mb
8 12 0.12875107799027116 0.7832325060645616 Penicillium-chrysogenum
8 12 -0.18407191807396156 0.6927767608744331 Penicillium-solitum
8 12 0.25563608006798744 0.580058903581937 Penicillium-brevicompactum
4 12 0.22768093540722567 0.6234168613989253 Penicillium-cvjetkovicii
4 12 0.546300920530751 0.20452648459386816 Penicillium-commune
4 12 -0.587646077340947 0.16530123274861686 Penicillium-verrucosum
4 12 0.7392353866938596 0.05761624789494144 Penicillium-polonicum
4 12 0.7579331071151265 0.04836355914853267 Penicillium-mb
4 12 0.7989361537506625 0.031140929693505407 Penicillium-chrysogenum
4 12 0.22575059862029073 0.626444516458027 Penicillium-solitum
4 12 0.8956650243470375 0.00637987445092975 Penicillium-brevicompactum
12 12 0.30164765290319195 0.5108835165356452 Penicillium-cvjetkovicii
12 12 -0.056000749850059504 0.9050791776679896 Penicillium-commune
12 12 -0.23010577797031406 0.619619560209115 Penicillium-verrucosum
12 12 0.047824680705690334 0.9189031170956308 Penicillium-polonicum
12 12 0.5867726337876583 0.16608760786013693 Penicillium-mb
12 12 0.5927447230684373 0.1607477503061329 Penicillium-chrysogenum
12 12 -0.03804056062140338 0.935467054511893 Penicillium-solitum
12 12 0.7556060029006929 0.04946703801038694 Penicillium-brevicompactum
8 8 0.22768093540722453 0.6234168613989268 Penicillium-cvjetkovicii
8 8 0.4928303819012934 0.2611321290537915 Penicillium-commune
8 8 -0.07060376734881166 0.8804378446224362 Penicillium-verrucosum
8 8 0.8756731741713016 0.009779343637173393 Penicillium-polonicum
8 8 0.7579349583568693 0.04836268674693316 Penicillium-mb
8 8 0.7229259617866627 0.06641054397750992 Penicillium-chrysogenum
8 8 -0.33397623665953285 0.46410829646536045 Penicillium-solitum
8 8 0.8661456547294141 0.01169930890415694 Penicillium-brevicompactum
10 12 0.2276809354072278 0.6234168613989218 Penicillium-cvjetkovicii
10 12 0.36519491193079673 0.4205272823685636 Penicillium-commune
10 12 -0.2857551180352859 0.5344482230580774 Penicillium-verrucosum
10 12 0.7004423358141806 0.07964344008176333 Penicillium-polonicum
10 12 0.6194087158083436 0.13796976228677502 Penicillium-mb
10 12 0.39599699703930086 0.3791806735208479 Penicillium-chrysogenum
10 12 -0.6028116375890976 0.15194304946658094 Penicillium-solitum
10 12 0.49513396986765956 0.25856161344855105 Penicillium-brevicompactum
8 12 0.22768093540722048 0.6234168613989333 Penicillium-cvjetkovicii
8 12 0.7201709865751263 0.06796282343967688 Penicillium-commune
8 12 0.23164714734540154 0.6172092590680753 Penicillium-verrucosum
8 12 0.7237293951708965 0.06596148942644403 Penicillium-polonicum
8 12 0.5364552004497131 0.21446080084713168 Penicillium-mb
8 12 0.872282428188262 0.010439987277506895 Penicillium-chrysogenum
8 12 0.0309092924263135 0.9475518179100183 Penicillium-solitum
8 12 0.892073387235925 0.006929337847474993 Penicillium-brevicompactum
10 6 0.3610904617390522 0.4261633752156838 Penicillium-cvjetkovicii
10 6 0.5687936450801643 0.182682533054628 Penicillium-commune
10 6 0.1981263975816228 0.6702126761499376 Penicillium-verrucosum
10 6 0.5277646231202209 0.22341536957777364 Penicillium-polonicum
10 6 0.41375548851372745 0.35613409293162557 Penicillium-mb
10 6 0.36080831084230824 0.4265518797853645 Penicillium-chrysogenum
10 6 0.022398256984666666 0.9619850753399862 Penicillium-solitum
10 6 0.869684916948995 0.01096296302706514 Penicillium-brevicompactum
12 12 0.5594013178760113 0.1916588487001102 Penicillium-cvjetkovicii
12 12 0.0909603920259597 0.8462188649588753 Penicillium-commune
12 12 0.3320725175538199 0.466817699476936 Penicillium-verrucosum
12 12 0.3718043829602125 0.41151280243292226 Penicillium-polonicum
12 12 0.6657254294563828 0.10260226629587921 Penicillium-mb
12 12 0.7830363754789471 0.03732344450181618 Penicillium-chrysogenum
12 12 0.18347079744822944 0.693745997803102 Penicillium-solitum
12 12 0.8462062156708684 0.016369977194433914 Penicillium-brevicompactum
10 10 -0.3771313857075244 0.4043032784773958 Penicillium-cvjetkovicii
10 10 0.5267761933417 0.22444477800715482 Penicillium-commune
10 10 0.1024785957763835 0.826939012261428 Penicillium-verrucosum
10 10 0.60169813718835 0.15290475889250293 Penicillium-polonicum
10 10 0.53750304188385 0.21339286002632815 Penicillium-mb
10 10 0.4864089085875854 0.2683587542726234 Penicillium-chrysogenum
10 10 -0.04368039770351065 0.9259165757094661 Penicillium-solitum
10 10 -0.8513735598789582 0.015073314506895068 Penicillium-brevicompactum
12 12 0.3097153620649617 0.49906155419761933 Penicillium-cvjetkovicii
12 12 0.42554725209440697 0.3411639337284553 Penicillium-commune
12 12 0.09440013275569961 0.8404544649914663 Penicillium-verrucosum
12 12 0.8734851304170524 0.01020280873398457 Penicillium-polonicum
12 12 0.33097688772859657 0.46837964011268524 Penicillium-mb
12 12 0.398541647895756 0.37584193929163884 Penicillium-chrysogenum
12 12 -0.022605542952726317 0.9616334429881196 Penicillium-solitum
12 12 0.8156561556540716 0.025306442199071074 Penicillium-brevicompactum
12 10 0.3127215605734331 0.49468128445679305 Penicillium-cvjetkovicii
12 10 0.0032633202001808655 0.9944600450636456 Penicillium-commune
12 10 0.3216580489271758 0.4817412925634543 Penicillium-verrucosum
12 10 0.3521000780960833 0.4386092264878079 Penicillium-polonicum
12 10 0.4005349194897683 0.3732350638290323 Penicillium-mb
12 10 0.4139846439236215 0.35584060917526256 Penicillium-chrysogenum
12 10 0.18413315773095487 0.6926780377376844 Penicillium-solitum
12 10 0.8696849169489953 0.010962963027065079 Penicillium-brevicompactum
4 10 -0.39454225983039193 0.3810947671337435 Penicillium-cvjetkovicii
4 10 0.37972675426807184 0.40080897824727607 Penicillium-commune
4 10 -0.041300948594474515 0.9299451164064074 Penicillium-verrucosum
4 10 0.7909019274878132 0.034187106053423365 Penicillium-polonicum
4 10 0.7099768353660959 0.07387466856925114 Penicillium-mb
4 10 0.4720633096951476 0.2848242535547673 Penicillium-chrysogenum
4 10 -0.13239645877756434 0.7772015175650803 Penicillium-solitum
4 10 0.8704540751145674 0.01080656974507605 Penicillium-brevicompactum
6 8 0.32496590628420224 0.4769827808578446 Penicillium-cvjetkovicii
6 8 0.5539372253790565 0.1969768921860848 Penicillium-commune
6 8 0.08681725032890486 0.853169269479815 Penicillium-verrucosum
6 8 0.6440349085105591 0.1184955048811521 Penicillium-polonicum
6 8 0.5602604426333929 0.19082909215769597 Penicillium-mb
6 8 0.5059738422700425 0.24662234565323973 Penicillium-chrysogenum
6 8 -0.02921908804036925 0.9504173075921678 Penicillium-solitum
6 8 0.8696849169489953 0.010962963027065079 Penicillium-brevicompactum
10 12 -0.18238650518482863 0.6954951312705069 Penicillium-cvjetkovicii
10 12 0.5349632058913485 0.21598578238611332 Penicillium-commune
10 12 -0.2738279374822209 0.5523656303886266 Penicillium-verrucosum
10 12 0.42909982238469946 0.33670697588922444 Penicillium-polonicum
10 12 0.8544715285075349 0.014325086218708497 Penicillium-mb
10 12 0.49672318789079656 0.25679501999706067 Penicillium-chrysogenum
10 12 0.11386195812980411 0.8079525066466187 Penicillium-solitum
10 12 0.6932123322908422 0.08417219268010033 Penicillium-brevicompactum
8 10 0.2276809354072235 0.6234168613989285 Penicillium-cvjetkovicii
8 10 0.49529009832133086 0.25838781392668775 Penicillium-commune
8 10 -0.10297417941415896 0.8261109656281768 Penicillium-verrucosum
8 10 0.7943824793587847 0.03284798707280977 Penicillium-polonicum
8 10 0.7669978804125375 0.04419504826121107 Penicillium-mb
8 10 0.810803029102762 0.026930177999863157 Penicillium-chrysogenum
8 10 -0.5221002871338275 0.22934469553338147 Penicillium-solitum
8 10 0.8872967299033897 0.007701174172677643 Penicillium-brevicompactum
12 12 0.4054921275806095 0.366784105348063 Penicillium-cvjetkovicii
12 12 0.5883328026356326 0.16468426023381552 Penicillium-commune
12 12 0.042007252636334654 0.9287491768109704 Penicillium-verrucosum
12 12 0.5509272792291549 0.1999363649263717 Penicillium-polonicum
12 12 0.5682930399510684 0.18315567852565412 Penicillium-mb
12 12 0.5125645492934676 0.2394906330148799 Penicillium-chrysogenum
12 12 -0.6759952073836819 0.09549195522118599 Penicillium-solitum
12 12 0.7591149103057655 0.04780838726138274 Penicillium-brevicompactum
12 12 0.1994870523848778 0.6680383413697623 Penicillium-cvjetkovicii
12 12 0.4799166671243368 0.27575574947496445 Penicillium-commune
12 12 -0.22800085360395622 0.6229154881832257 Penicillium-verrucosum
12 12 0.784882735471943 0.03657347151369601 Penicillium-polonicum
12 12 0.33297309057893304 0.4655352674051714 Penicillium-mb
12 12 0.8054488740635929 0.028787602347764275 Penicillium-chrysogenum
12 12 -0.3272852847994617 0.4736564486192676 Penicillium-solitum
12 12 0.8189794567593555 0.024227219613856148 Penicillium-brevicompactum
12 12 -0.07760528591177043 0.8686495440629672 Penicillium-cvjetkovicii
12 12 0.4339171442118695 0.33070312090549436 Penicillium-commune
12 12 -0.24188693040416556 0.6012669410273583 Penicillium-verrucosum
12 12 0.5792002733646574 0.17298236362514693 Penicillium-polonicum
12 12 0.37006032176820347 0.41388406953688034 Penicillium-mb
12 12 0.4293198273739025 0.3364317811637911 Penicillium-chrysogenum
12 12 -0.4003722211343269 0.3734475689113707 Penicillium-solitum
12 12 0.7834084450228059 0.03717163364427486 Penicillium-brevicompactum
8 6 -0.3785604036065622 0.4023778191790027 Penicillium-cvjetkovicii
8 6 0.7497620267879584 0.05229837994038591 Penicillium-commune
8 6 0.3430413156396147 0.4512869384954402 Penicillium-verrucosum
8 6 0.5770083226375481 0.17500394232550967 Penicillium-polonicum
8 6 0.54291686439338 0.20791563246535189 Penicillium-mb
8 6 0.5474633420267654 0.203368467299706 Penicillium-chrysogenum
8 6 0.14564272947457502 0.7553631760135214 Penicillium-solitum
8 6 -0.8351599712607642 0.019348196602062235 Penicillium-brevicompactum
12 12 -0.3329088162985552 0.4656267521882718 Penicillium-cvjetkovicii
12 12 0.4380502353579733 0.32558883836559294 Penicillium-commune
12 12 0.15314308874414387 0.7430541372851978 Penicillium-verrucosum
12 12 -0.065243452093762 0.8894748631152776 Penicillium-polonicum
12 12 0.23501934061857765 0.6119455569676009 Penicillium-mb
12 12 0.10135544299042291 0.8288161047040971 Penicillium-chrysogenum
12 12 -0.48095892822412234 0.27456212723772644 Penicillium-solitum
12 12 0.0949220450663924 0.8395803215922267 Penicillium-brevicompactum
10 8 0.3391127171089848 0.4568270466800627 Penicillium-cvjetkovicii
10 8 0.5481102052055324 0.2027254200949428 Penicillium-commune
10 8 0.08891453049405293 0.8496499706042644 Penicillium-verrucosum
10 8 0.6658947949949793 0.10248283941216375 Penicillium-polonicum
10 8 0.566406408871246 0.1849441830165709 Penicillium-mb
10 8 0.5162156333565583 0.235581701997793 Penicillium-chrysogenum
10 8 -0.07671409969941276 0.8701489776830471 Penicillium-solitum
10 8 0.8696849169489952 0.0109629630270651 Penicillium-brevicompactum
8 12 0.5610724816009771 0.19004641550218676 Penicillium-cvjetkovicii
8 12 0.564208037788176 0.18703888706900554 Penicillium-commune
8 12 -0.48883651968244846 0.26561622239233923 Penicillium-verrucosum
8 12 0.7334554867699595 0.06065557216617258 Penicillium-polonicum
8 12 0.6989281842683558 0.08058086377212684 Penicillium-mb
8 12 0.5475498203115524 0.20328244261693687 Penicillium-chrysogenum
8 12 0.18755734124379678 0.6871635176822833 Penicillium-solitum
8 12 0.8676070540592287 0.011391929447068499 Penicillium-brevicompactum
6 12 -0.16482527926420612 0.723969309514852 Penicillium-cvjetkovicii
6 12 0.15269473071525458 0.7437887516552617 Penicillium-commune
6 12 -0.2154290230218175 0.642703478367532 Penicillium-verrucosum
6 12 0.4502245748061467 0.31072432647004183 Penicillium-polonicum
6 12 0.4029951198425532 0.370027764095519 Penicillium-mb
6 12 0.29413526141808166 0.5219775118751151 Penicillium-chrysogenum
6 12 -0.25470731917001554 0.5814841556960431 Penicillium-solitum
6 12 0.5309726629950781 0.22008971069607003 Penicillium-brevicompactum
12 12 0.7058566094993689 0.07633917504817427 Penicillium-cvjetkovicii
12 12 0.6074273545428813 0.14798895676599966 Penicillium-commune
12 12 0.5412762583336439 0.20956828386673157 Penicillium-verrucosum
12 12 0.8686918665911675 0.011166793740909401 Penicillium-polonicum
12 12 -0.10266178189422111 0.8266329205854992 Penicillium-mb
12 12 0.9011917831888493 0.005585369662055358 Penicillium-chrysogenum
12 12 0.4628658236322242 0.2956109376624755 Penicillium-solitum
12 12 0.8596960874257202 0.01311231811714032 Penicillium-brevicompactum
10 8 0.3592387049808835 0.4287156193753069 Penicillium-cvjetkovicii
10 8 0.5159533373630354 0.2358615227587499 Penicillium-commune
10 8 0.1538744444480696 0.741856176710755 Penicillium-verrucosum
10 8 0.5423243289828364 0.20851179783198298 Penicillium-polonicum
10 8 0.37978479482569827 0.40073097227464194 Penicillium-mb
10 8 0.35290333858797124 0.437491668925576 Penicillium-chrysogenum
10 8 0.026047694755421187 0.9557950596830033 Penicillium-solitum
10 8 0.8696849169489951 0.01096296302706513 Penicillium-brevicompactum
8 8 0.34343664302327814 0.45073084639221683 Penicillium-cvjetkovicii
8 8 0.5163112506883405 0.23547973471736147 Penicillium-commune
8 8 0.08042929143675889 0.8639001983274244 Penicillium-verrucosum
8 8 0.6497460130523528 0.11419589197632922 Penicillium-polonicum
8 8 0.5992511663640596 0.15502882061738182 Penicillium-mb
8 8 0.5108977961792719 0.24128503751200908 Penicillium-chrysogenum
8 8 -0.08043885547621141 0.8638841192203195 Penicillium-solitum
8 8 0.8696849169489953 0.010962963027065079 Penicillium-brevicompactum
8 8 0.3499197440586871 0.4416481273771459 Penicillium-cvjetkovicii
8 8 0.5213782502646811 0.23010574986538224 Penicillium-commune
8 8 0.17148167694608965 0.7131449955709144 Penicillium-verrucosum
8 8 0.6038477437225005 0.15105091184216315 Penicillium-polonicum
8 8 0.528986119312808 0.22214631393468082 Penicillium-mb
8 8 0.5010686773472939 0.2519928696088176 Penicillium-chrysogenum
8 8 0.0002861948422529712 0.9995141405656902 Penicillium-solitum
8 8 0.8696849169489955 0.010962963027065033 Penicillium-brevicompactum
8 12 0.227680935407223 0.6234168613989295 Penicillium-cvjetkovicii
8 12 0.42620559548697445 0.34033612077391395 Penicillium-commune
8 12 -0.3978827582926667 0.3767052878829241 Penicillium-verrucosum
8 12 0.7713146815775827 0.04228238549657962 Penicillium-polonicum
8 12 0.7680709545533264 0.04371523917990578 Penicillium-mb
8 12 0.7624121777112144 0.046278018311477466 Penicillium-chrysogenum
8 12 -0.31155562543504756 0.4963785279517411 Penicillium-solitum
8 12 0.8447488060796462 0.01674675192387058 Penicillium-brevicompactum
10 12 -0.5424466615471147 0.20838864908285437 Penicillium-cvjetkovicii
10 12 0.8171377401625564 0.024822033838543988 Penicillium-commune
10 12 0.48056340996161306 0.27501480968966646 Penicillium-verrucosum
10 12 0.6153932579524004 0.14128813916055175 Penicillium-polonicum
10 12 0.4540288739121726 0.30614132782405973 Penicillium-mb
10 12 0.6566023491206178 0.10914247814760919 Penicillium-chrysogenum
10 12 0.3076309590568844 0.5021066589245325 Penicillium-solitum
10 12 0.8037154168660158 0.02940387615519968 Penicillium-brevicompactum
12 10 0.3262906766957306 0.4750818293397283 Penicillium-cvjetkovicii
12 10 0.4340192982356684 0.33057630467362503 Penicillium-commune
12 10 0.29635471245356554 0.5186914230439141 Penicillium-verrucosum
12 10 0.5112555111784464 0.24089940210049474 Penicillium-polonicum
12 10 0.5040231706031212 0.2487516940069458 Penicillium-mb
12 10 0.5415230453604175 0.2093192859960445 Penicillium-chrysogenum
12 10 -0.5830894834438723 0.169423897024185 Penicillium-solitum
12 10 0.061404453820926214 0.8959529756676687 Penicillium-brevicompactum
6 12 0.08718578493779747 0.8525507157422431 Penicillium-cvjetkovicii
6 12 0.26940830985134545 0.559053799439692 Penicillium-commune
6 12 -0.10994376936572994 0.8144796680864266 Penicillium-verrucosum
6 12 0.59796849915105 0.1561480693247561 Penicillium-polonicum
6 12 0.5209453035023083 0.23056265881493998 Penicillium-mb
6 12 0.5307624820191161 0.22030687671663748 Penicillium-chrysogenum
6 12 -0.1847588474836059 0.6916695749966408 Penicillium-solitum
6 12 0.6934478006487753 0.08402260334281418 Penicillium-brevicompactum
10 12 0.22768093540722179 0.6234168613989313 Penicillium-cvjetkovicii
10 12 0.5775024807074677 0.17454718568178285 Penicillium-commune
10 12 -0.4533651774056793 0.3069387339448081 Penicillium-verrucosum
10 12 0.6710666027891826 0.09887093926832674 Penicillium-polonicum
10 12 0.5895426510803627 0.16360007993003817 Penicillium-mb
10 12 0.5430256429129887 0.207806276110058 Penicillium-chrysogenum
10 12 -0.08946126039336856 0.8487328655985287 Penicillium-solitum
10 12 0.8629836650234096 0.012380513699543452 Penicillium-brevicompactum
6 10 -0.3640820597529094 0.4220525429602695 Penicillium-cvjetkovicii
6 10 0.545664475826755 0.2051618521916756 Penicillium-commune
6 10 0.033436472460814326 0.9432682067880186 Penicillium-verrucosum
6 10 0.767567152547607 0.043940147407696445 Penicillium-polonicum
6 10 0.6994637316191894 0.080248634855187 Penicillium-mb
6 10 0.6399739979516851 0.12160256571784603 Penicillium-chrysogenum
6 10 -0.08910366448208015 0.8493326949450948 Penicillium-solitum
6 10 0.8703162273711454 0.010834503365698469 Penicillium-brevicompactum
10 10 -0.37658191851196626 0.40504459835280443 Penicillium-cvjetkovicii
10 10 0.5733285222607235 0.17842364414899053 Penicillium-commune
10 10 -0.08404217683620298 0.8578288960896446 Penicillium-verrucosum
10 10 0.5886839491992862 0.1643692221652701 Penicillium-polonicum
10 10 0.5387818822152175 0.21209292393402795 Penicillium-mb
10 10 0.49652265904811876 0.2570176247542987 Penicillium-chrysogenum
10 10 -0.012271510791286248 0.9791688048164618 Penicillium-solitum
10 10 -0.8544014754880733 0.014341765310244116 Penicillium-brevicompactum
10 12 -0.6481079747310474 0.11542070879960982 Penicillium-cvjetkovicii
10 12 0.8877229714700154 0.00763037790533096 Penicillium-commune
10 12 0.5349105370547796 0.21603970938121414 Penicillium-verrucosum
10 12 0.47339490316166255 0.2832773778273472 Penicillium-polonicum
10 12 0.4656822493399479 0.29228897809978316 Penicillium-mb
10 12 0.8433713670483907 0.01710734742544493 Penicillium-chrysogenum
10 12 0.36794390917326164 0.41676874519097196 Penicillium-solitum
10 12 0.22922648725851266 0.6209957572022204 Penicillium-brevicompactum
12 12 0.21767534265518976 0.6391550882527355 Penicillium-cvjetkovicii
12 12 0.17078400429055288 0.7142777536514815 Penicillium-commune
12 12 0.30790337954369534 0.5017083110072129 Penicillium-verrucosum
12 12 0.5400761460914165 0.21078115912933726 Penicillium-polonicum
12 12 0.6139142249008258 0.1425204562872289 Penicillium-mb
12 12 0.5245013155572281 0.2268224287143794 Penicillium-chrysogenum
12 12 0.2040784015450391 0.6607150105587579 Penicillium-solitum
12 12 0.8416875856882267 0.017554088509792985 Penicillium-brevicompactum
8 8 0.2814310663931685 0.5409214289996835 Penicillium-cvjetkovicii
8 8 0.6197683053530955 0.13767454391841683 Penicillium-commune
8 8 0.0275748620705424 0.9532052556942076 Penicillium-verrucosum
8 8 0.622389482301948 0.13553227300543008 Penicillium-polonicum
8 8 0.7406895472407123 0.05686492756218445 Penicillium-mb
8 8 0.5390049527681707 0.21186656069854254 Penicillium-chrysogenum
8 8 0.06198770988939339 0.8949684575344252 Penicillium-solitum
8 8 0.8696849169489952 0.0109629630270651 Penicillium-brevicompactum
10 12 -0.1328571584150377 0.7764399543441616 Penicillium-cvjetkovicii
10 12 0.48318995401011955 0.27201494955275246 Penicillium-commune
10 12 -0.5719941212136541 0.179671735196505 Penicillium-verrucosum
10 12 0.9219286213026582 0.0031352589089644394 Penicillium-polonicum
10 12 0.5049324643257921 0.2477580602374803 Penicillium-mb
10 12 0.5171380469336008 0.234598889899973 Penicillium-chrysogenum
10 12 0.13152069519940768 0.7786495962810351 Penicillium-solitum
10 12 0.7090190962770603 0.07444368226391435 Penicillium-brevicompactum
8 8 -0.37726734387738464 0.40411993183761113 Penicillium-cvjetkovicii
8 8 0.6605100361010762 0.10631536997233468 Penicillium-commune
8 8 0.23270321226120724 0.6155594210219505 Penicillium-verrucosum
8 8 0.6181449396300586 0.13900984618160428 Penicillium-polonicum
8 8 0.51434313815411 0.2375826956490557 Penicillium-mb
8 8 0.5179746918860779 0.23370912118613918 Penicillium-chrysogenum
8 8 0.038174884449189705 0.935239515848171 Penicillium-solitum
8 8 -0.8504553424881608 0.015299272381200876 Penicillium-brevicompactum
12 12 -0.40697589326010086 0.36486223788340066 Penicillium-cvjetkovicii
12 12 0.48709515592468544 0.2675821886283007 Penicillium-commune
12 12 -0.11866268482806783 0.7999672469814978 Penicillium-verrucosum
12 12 0.30741493534877945 0.5024226190868073 Penicillium-polonicum
12 12 0.25615838472740754 0.5792578652929479 Penicillium-mb
12 12 0.44647334533146277 0.31527240810544666 Penicillium-chrysogenum
12 12 -0.19992349436118184 0.66734129424013 Penicillium-solitum
12 12 0.4391159659461761 0.3242756504386216 Penicillium-brevicompactum
10 8 -0.3952373310959866 0.3801797278778865 Penicillium-cvjetkovicii
10 8 0.4697830198732577 0.2874819277919763 Penicillium-commune
10 8 -0.04921602803334483 0.9165494292752353 Penicillium-verrucosum
10 8 0.7740394644867193 0.04109909726813001 Penicillium-polonicum
10 8 0.6403323558528649 0.1213267182767591 Penicillium-mb
10 8 0.6535768951536125 0.11135776951275672 Penicillium-chrysogenum
10 8 -0.17490177699382006 0.7075981287406115 Penicillium-solitum
10 8 0.8716956991194298 0.01055683283427418 Penicillium-brevicompactum
12 10 0.5364332618327192 0.21448318735171776 Penicillium-cvjetkovicii
12 10 0.6246794450041014 0.13367465163012213 Penicillium-commune
12 10 0.5083827658399718 0.24400444429734455 Penicillium-verrucosum
12 10 0.06752043107709432 0.8856348683353956 Penicillium-polonicum
12 10 0.6000336043019525 0.15434804306608618 Penicillium-mb
12 10 0.5330370714488909 0.21796207870898496 Penicillium-chrysogenum
12 10 -0.8907949891532498 0.0071312873018822024 Penicillium-solitum
12 10 0.6178716425910263 0.13923528868496937 Penicillium-brevicompactum
6 10 0.22768093540722056 0.6234168613989332 Penicillium-cvjetkovicii
6 10 0.5255364501645917 0.22573906824994786 Penicillium-commune
6 10 -0.15285328168195997 0.7435289553809457 Penicillium-verrucosum
6 10 0.9357772698601614 0.0019389552171199186 Penicillium-polonicum
6 10 0.8730195259496839 0.010294255954746727 Penicillium-mb
6 10 0.8466895932022368 0.016246090520563344 Penicillium-chrysogenum
6 10 -0.252861760371013 0.5843195096805192 Penicillium-solitum
6 10 0.8650020253241953 0.011943134382771142 Penicillium-brevicompactum
12 12 -0.002914692131882895 0.9950518859741856 Penicillium-cvjetkovicii
12 12 -0.016683536741744543 0.9716810898981508 Penicillium-commune
12 12 -0.29698574700658414 0.5177584162962092 Penicillium-verrucosum
12 12 -0.03210948856659339 0.9455173356700073 Penicillium-polonicum
12 12 -0.06192654554406696 0.8950716960365204 Penicillium-mb
12 12 0.1018187732523057 0.8280416754677635 Penicillium-chrysogenum
12 12 -0.33838197130460757 0.45786031766598995 Penicillium-solitum
12 12 0.20019099387390757 0.6669141612108709 Penicillium-brevicompactum
12 12 0.030406871749127228 0.948403551463531 Penicillium-cvjetkovicii
12 12 0.2666685655793687 0.563212805168156 Penicillium-commune
12 12 -0.1932872015007807 0.6779604948548004 Penicillium-verrucosum
12 12 0.6302667225692805 0.12919694815573113 Penicillium-polonicum
12 12 0.4897759807307074 0.2645583228664361 Penicillium-mb
12 12 0.19182698025804742 0.6803028562823311 Penicillium-chrysogenum
12 12 -0.41116146447661317 0.3594633235712525 Penicillium-solitum
12 12 0.7307975089495903 0.062081719445996456 Penicillium-brevicompactum
10 8 -0.376880717477593 0.40464140377261876 Penicillium-cvjetkovicii
10 8 0.26741642304998425 0.562076558488837 Penicillium-commune
10 8 -0.16149833814300057 0.7293932611606027 Penicillium-verrucosum
10 8 0.7524137645324289 0.051002959853612896 Penicillium-polonicum
10 8 0.7286718945767933 0.06323514105400257 Penicillium-mb
10 8 0.537010636501256 0.2138943950885167 Penicillium-chrysogenum
10 8 -0.3086940221071376 0.5005528181521337 Penicillium-solitum
10 8 0.9278014925006193 0.002586822431249677 Penicillium-brevicompactum
10 10 -0.3485926292126427 0.4435017186159496 Penicillium-cvjetkovicii
10 10 0.497478225617404 0.2559576535768304 Penicillium-commune
10 10 0.09560725780332507 0.8384328678086193 Penicillium-verrucosum
10 10 0.6893053928275789 0.0866747975216202 Penicillium-polonicum
10 10 0.5787319758488012 0.1734132923842077 Penicillium-mb
10 10 0.5911657807652315 0.16215112290499087 Penicillium-chrysogenum
10 10 -0.09095995370030385 0.846219599867692 Penicillium-solitum
10 10 0.8702799571234218 0.010841860101674747 Penicillium-brevicompactum
6 12 0.22768093540722523 0.6234168613989258 Penicillium-cvjetkovicii
6 12 0.7927931511194672 0.03345577165389136 Penicillium-commune
6 12 0.3169178871195426 0.48858979100188954 Penicillium-verrucosum
6 12 0.7236902721711485 0.06598331800131782 Penicillium-polonicum
6 12 0.5816343673473959 0.1707510020060546 Penicillium-mb
6 12 0.8397278710933973 0.018082305051200606 Penicillium-chrysogenum
6 12 0.12457674461660029 0.7901492026509479 Penicillium-solitum
6 12 0.8779108531547516 0.009356935884492896 Penicillium-brevicompactum
12 10 -0.5168414777463383 0.23491466898125182 Penicillium-cvjetkovicii
12 10 0.743897696227788 0.05522632572238926 Penicillium-commune
12 10 0.32665581773614377 0.4745583620894706 Penicillium-verrucosum
12 10 0.44560316461211036 0.3163315340545813 Penicillium-polonicum
12 10 0.16571830910932966 0.7225149449991629 Penicillium-mb
12 10 0.35058883007100367 0.4407147242244084 Penicillium-chrysogenum
12 10 -0.7952853912129932 0.03250546465816433 Penicillium-solitum
12 10 0.3629318615986913 0.4236312370326793 Penicillium-brevicompactum
8 8 0.2276809354072205 0.6234168613989333 Penicillium-cvjetkovicii
8 8 0.5311522873920782 0.21990419697961003 Penicillium-commune
8 8 -0.053582805730331334 0.9091655330868869 Penicillium-verrucosum
8 8 0.8595960934636883 0.013134954386826906 Penicillium-polonicum
8 8 0.8229266581046805 0.022979722949150565 Penicillium-mb
8 8 0.779498854278485 0.03878398056718687 Penicillium-chrysogenum
8 8 -0.2605824552140012 0.5724867041036131 Penicillium-solitum
8 8 0.866329649193997 0.011660350166720245 Penicillium-brevicompactum
10 12 -0.6567680645075685 0.10902180505105154 Penicillium-cvjetkovicii
10 12 0.5484683489294666 0.20236980928530923 Penicillium-commune
10 12 -0.6085073762903993 0.14707129953432668 Penicillium-verrucosum
10 12 0.615329275978644 0.14134133657311426 Penicillium-polonicum
10 12 0.555516740911239 0.19543237260469992 Penicillium-mb
10 12 0.6454863037843861 0.1173950551028451 Penicillium-chrysogenum
10 12 0.21899053934196996 0.6370800736218748 Penicillium-solitum
10 12 0.8892743920167618 0.007375885321006143 Penicillium-brevicompactum
10 10 -0.3777415204655707 0.40348073759638126 Penicillium-cvjetkovicii
10 10 0.5376499399192891 0.2132433467374939 Penicillium-commune
10 10 0.07209711694335974 0.8779219911887954 Penicillium-verrucosum
10 10 0.6252927469009485 0.133179351228601 Penicillium-polonicum
10 10 0.4980354991639219 0.255340418977792 Penicillium-mb
10 10 0.49947370617334913 0.25375062243696034 Penicillium-chrysogenum
10 10 -0.06731020181466782 0.8859893343338379 Penicillium-solitum
10 10 -0.8465128561914436 0.016291324926088063 Penicillium-brevicompactum
12 10 0.1786860853548148 0.7014725366810015 Penicillium-cvjetkovicii
12 10 0.2900291927511928 0.5280754583588675 Penicillium-commune
12 10 -0.22592822692688175 0.6261657387867052 Penicillium-verrucosum
12 10 0.7572998342273167 0.048662496784670994 Penicillium-polonicum
12 10 0.6906082693435912 0.08583591960383004 Penicillium-mb
12 10 0.6650597554041359 0.1030723646651804 Penicillium-chrysogenum
12 10 -0.4642721634794277 0.2939500905817424 Penicillium-solitum
12 10 0.40655175362030344 0.36541118554189583 Penicillium-brevicompactum
8 8 0.22768093540722217 0.6234168613989306 Penicillium-cvjetkovicii
8 8 0.592060467059894 0.16135517701954352 Penicillium-commune
8 8 0.07667780721711119 0.8702100468869477 Penicillium-verrucosum
8 8 0.7899490972155276 0.034558903579201064 Penicillium-polonicum
8 8 0.874344389651826 0.010035277971832563 Penicillium-mb
8 8 0.8461311389524889 0.016389267022956382 Penicillium-chrysogenum
8 8 -0.11463847610125916 0.8066599755312562 Penicillium-solitum
8 8 0.866804568293208 0.011560136178154188 Penicillium-brevicompactum
8 12 -0.10086128728825913 0.8296421783258013 Penicillium-cvjetkovicii
8 12 0.07280181587016457 0.8767350640390625 Penicillium-commune
8 12 -0.1739188427660939 0.7091912522088701 Penicillium-verrucosum
8 12 0.5583231530261126 0.192702623807594 Penicillium-polonicum
8 12 0.37757920018540275 0.40369950170809304 Penicillium-mb
8 12 0.18338715970970074 0.6938808802329898 Penicillium-chrysogenum
8 12 -0.24968871974405335 0.5892041941260844 Penicillium-solitum
8 12 0.8789573576557995 0.00916306966202125 Penicillium-brevicompactum
12 8 0.22634169198024637 0.6255169655758084 Penicillium-cvjetkovicii
12 8 0.5166431354052216 0.23512596930117846 Penicillium-commune
12 8 0.17090331323230057 0.7140840111735212 Penicillium-verrucosum
12 8 0.33628986231074764 0.4608233325921144 Penicillium-polonicum
12 8 0.23062296963955622 0.6188105039412508 Penicillium-mb
12 8 0.5378776499685077 0.2130116811984155 Penicillium-chrysogenum
12 8 -0.20313585669458833 0.6622166615420848 Penicillium-solitum
12 8 0.8696849169489951 0.01096296302706513 Penicillium-brevicompactum
8 6 0.3388861441594881 0.4571473269970467 Penicillium-cvjetkovicii
8 6 0.6436420441437101 0.11879428431768115 Penicillium-commune
8 6 0.2715141081832725 0.5558638772404654 Penicillium-verrucosum
8 6 0.6582006954696766 0.10798145886232824 Penicillium-polonicum
8 6 0.5747822606829194 0.1770687831472701 Penicillium-mb
8 6 0.49224224545426737 0.26179027429665247 Penicillium-chrysogenum
8 6 0.1088041687250099 0.8163797026567134 Penicillium-solitum
8 6 0.8696849169489952 0.0109629630270651 Penicillium-brevicompactum
10 10 0.2276809354072235 0.6234168613989285 Penicillium-cvjetkovicii
10 10 0.6433710472248638 0.11900060734601334 Penicillium-commune
10 10 -0.0987899636726463 0.8331061337843307 Penicillium-verrucosum
10 10 0.6105519112989584 0.14534198563703005 Penicillium-polonicum
10 10 0.8532717718590258 0.014612272521817791 Penicillium-mb
10 10 0.8439378002509313 0.01695853310940015 Penicillium-chrysogenum
10 10 0.0011455505360638792 0.9980552542853531 Penicillium-solitum
10 10 0.8346413517464947 0.019494999492858697 Penicillium-brevicompactum
12 8 0.6140021385704352 0.14244705643108402 Penicillium-cvjetkovicii
12 8 0.6357361641223838 0.12488903112560781 Penicillium-commune
12 8 0.5546584045910888 0.19627096398514104 Penicillium-verrucosum
12 8 0.42958001413756686 0.3361064481597714 Penicillium-polonicum
12 8 -0.12185149472947134 0.7946707692796184 Penicillium-mb
12 8 0.40578859945008977 0.36639976353491277 Penicillium-chrysogenum
12 8 0.36725655064307555 0.4177072974506584 Penicillium-solitum
12 8 0.8696849169489954 0.010962963027065054 Penicillium-brevicompactum
8 8 -0.3940222427247807 0.38177993654890524 Penicillium-cvjetkovicii
8 8 0.6013910552976769 0.15317051373924068 Penicillium-commune
8 8 0.1801598611949303 0.6990904170085939 Penicillium-verrucosum
8 8 0.786540484121905 0.03590730511371456 Penicillium-polonicum
8 8 0.7200102975052957 0.06805395909464448 Penicillium-mb
8 8 0.5013579160246779 0.2516747128724211 Penicillium-chrysogenum
8 8 -0.13172879282013084 0.7783054597471549 Penicillium-solitum
8 8 0.871819492223232 0.010532117459602247 Penicillium-brevicompactum
10 10 -0.39472013327653627 0.38086051740785737 Penicillium-cvjetkovicii
10 10 0.536338107288581 0.21458029736692363 Penicillium-commune
10 10 0.0626733926947752 0.8938111834047247 Penicillium-verrucosum
10 10 0.5833148960082829 0.1692187715071238 Penicillium-polonicum
10 10 0.5384160359739001 0.2124644193447059 Penicillium-mb
10 10 0.6407090219696585 0.12103712476680292 Penicillium-chrysogenum
10 10 -0.11173242994570767 0.8114989284984019 Penicillium-solitum
10 10 0.8717477355345525 0.010546439668580269 Penicillium-brevicompactum
8 6 0.2276809354072252 0.6234168613989259 Penicillium-cvjetkovicii
8 6 0.6231295997531553 0.13493046475728288 Penicillium-commune
8 6 0.08082821457922881 0.8632295586684638 Penicillium-verrucosum
8 6 0.8116930566148658 0.026628143542346484 Penicillium-polonicum
8 6 0.795745098099464 0.03233184258527459 Penicillium-mb
8 6 0.7504407804985717 0.051965105787455244 Penicillium-chrysogenum
8 6 -0.11766324553564343 0.8016285367004964 Penicillium-solitum
8 6 0.8668498489166372 0.011550607323749422 Penicillium-brevicompactum
10 12 -0.73684489993231 0.05886299151024055 Penicillium-cvjetkovicii
10 12 -0.35993583614518854 0.4277540870360928 Penicillium-commune
10 12 0.4451394485884207 0.3168965667664651 Penicillium-verrucosum
10 12 0.5283282392684631 0.22282938524274282 Penicillium-polonicum
10 12 0.5905538796114987 0.16269661211972294 Penicillium-mb
10 12 0.6264350536442495 0.132259320657184 Penicillium-chrysogenum
10 12 0.3774665420460215 0.403851362183441 Penicillium-solitum
10 12 0.6092565978875452 0.14643639689268634 Penicillium-brevicompactum
10 12 -0.44391310285666125 0.31839295798792366 Penicillium-cvjetkovicii
10 12 0.37917410497982423 0.4015520355747929 Penicillium-commune
10 12 -0.5069717133786151 0.24553634057078422 Penicillium-verrucosum
10 12 0.193011377663931 0.6784027904411991 Penicillium-polonicum
10 12 0.15162964916893118 0.7455344582518495 Penicillium-mb
10 12 0.24819641753623878 0.5915057893102591 Penicillium-chrysogenum
10 12 0.04834114433563705 0.9180293800919097 Penicillium-solitum
10 12 -0.02685987025572134 0.9544177149143089 Penicillium-brevicompactum
10 10 -0.37788268108159434 0.40329052917915853 Penicillium-cvjetkovicii
10 10 0.5666844450100085 0.1846800759788269 Penicillium-commune
10 10 0.07750583909188058 0.8688168493204763 Penicillium-verrucosum
10 10 0.649852882754929 0.11411621636099498 Penicillium-polonicum
10 10 0.45689653755648524 0.30270638338995626 Penicillium-mb
10 10 0.4679444245853764 0.28963280706654476 Penicillium-chrysogenum
10 10 -0.06650812154848273 0.8873418543665892 Penicillium-solitum
10 10 -0.8450560878627836 0.016666905912600734 Penicillium-brevicompactum
8 10 0.2276809354072235 0.6234168613989285 Penicillium-cvjetkovicii
8 10 0.5349155892294221 0.21603453624283805 Penicillium-commune
8 10 0.15930161451720984 0.7329795415756234 Penicillium-verrucosum
8 10 0.9434494751984103 0.0014166415911273334 Penicillium-polonicum
8 10 0.9087952432000029 0.004591358194817173 Penicillium-mb
8 10 0.3820404358957116 0.3977040880656745 Penicillium-chrysogenum
8 10 -0.17066778978906272 0.714466482882703 Penicillium-solitum
8 10 0.9223339615712332 0.0030954126166574383 Penicillium-brevicompactum
6 10 0.22768093540722523 0.6234168613989258 Penicillium-cvjetkovicii
6 10 0.506446802212323 0.2461073368603251 Penicillium-commune
6 10 -0.050710791759807305 0.9140213363722514 Penicillium-verrucosum
6 10 0.7921176697851232 0.03371596843487957 Penicillium-polonicum
6 10 0.65120970692298 0.11310714829824292 Penicillium-mb
6 10 0.6515239085158763 0.11287413770762125 Penicillium-chrysogenum
6 10 -0.1954080714321159 0.674562049380836 Penicillium-solitum
6 10 0.8690565160169303 0.011091696009149369 Penicillium-brevicompactum
10 8 -0.3921818600826665 0.38420880899364085 Penicillium-cvjetkovicii
10 8 0.5831255908265829 0.16939103104662495 Penicillium-commune
10 8 0.14651129954060813 0.7539355895154861 Penicillium-verrucosum
10 8 0.6415604521950382 0.12038382667679731 Penicillium-polonicum
10 8 0.5503459585319654 0.20051038383378827 Penicillium-mb
10 8 0.5246184142333773 0.22669975222917946 Penicillium-chrysogenum
10 8 -0.11039521199823252 0.813727185794394 Penicillium-solitum
10 8 0.8720125327921628 0.010493643289511531 Penicillium-brevicompactum
8 10 -0.5327335210075548 0.2182743122213245 Penicillium-cvjetkovicii
8 10 0.0797620226061863 0.8650221057031696 Penicillium-commune
8 10 -0.3389091777796212 0.45711476319017796 Penicillium-verrucosum
8 10 0.610940368704485 0.14501458290737296 Penicillium-polonicum
8 10 0.5988923179483416 0.15534154504554848 Penicillium-mb
8 10 0.626886067385922 0.13189696100395504 Penicillium-chrysogenum
8 10 -0.3086940221071375 0.5005528181521339 Penicillium-solitum
8 10 0.6060009910956089 0.1492052810123779 Penicillium-brevicompactum
8 12 0.2932159379282033 0.5233407181022436 Penicillium-cvjetkovicii
8 12 0.3232605340021377 0.4794339117853456 Penicillium-commune
8 12 0.16321476324202958 0.7265938196509547 Penicillium-verrucosum
8 12 0.641357598972142 0.12053931007620124 Penicillium-polonicum
8 12 0.6210362235053088 0.13663615581629981 Penicillium-mb
8 12 0.0426769699188195 0.9276152857048394 Penicillium-chrysogenum
8 12 0.11044836916283994 0.8136385888323185 Penicillium-solitum
8 12 0.27402549834793455 0.5520672727736403 Penicillium-brevicompactum
10 12 0.22768093540722437 0.6234168613989273 Penicillium-cvjetkovicii
10 12 0.5081345785366426 0.24427356507161155 Penicillium-commune
10 12 -0.07355494986526476 0.8754667605654882 Penicillium-verrucosum
10 12 0.9055880472884134 0.004996827490479751 Penicillium-polonicum
10 12 0.8022247643674482 0.02993968091115049 Penicillium-mb
10 12 0.8240654819993031 0.02262670687150856 Penicillium-chrysogenum
10 12 -0.3515280965650225 0.4394056712816953 Penicillium-solitum
10 12 0.865827572205511 0.011766835330523893 Penicillium-brevicompactum
8 12 0.22768093540722217 0.6234168613989306 Penicillium-cvjetkovicii
8 12 0.5004244910807272 0.2527021254313471 Penicillium-commune
8 12 0.01661759326920953 0.9717929924618685 Penicillium-verrucosum
8 12 0.9272378215969743 0.0026367917803530572 Penicillium-polonicum
8 12 0.8757220907343775 0.009769994573056138 Penicillium-mb
8 12 0.6728354017550067 0.09765118971446007 Penicillium-chrysogenum
8 12 -0.15757451134105832 0.7358018555834172 Penicillium-solitum
8 12 0.8087536311806688 0.027632932776809976 Penicillium-brevicompactum
6 12 0.22768093540722553 0.6234168613989255 Penicillium-cvjetkovicii
6 12 0.7331879526308537 0.06079830645079694 Penicillium-commune
6 12 0.2294976504281891 0.6205712599935576 Penicillium-verrucosum
6 12 0.7946425434700205 0.03274912559489868 Penicillium-polonicum
6 12 0.6629015375984717 0.1046042027923097 Penicillium-mb
6 12 0.823732249611925 0.022729683920051248 Penicillium-chrysogenum
6 12 0.01791538465171921 0.9695907790383997 Penicillium-solitum
6 12 0.8070296051950533 0.02823199388958809 Penicillium-brevicompactum
12 6 0.06439519223296396 0.8909058475360232 Penicillium-cvjetkovicii
12 6 0.7195906589106471 0.06829226920257378 Penicillium-commune
12 6 0.451227695729031 0.309512993192092 Penicillium-verrucosum
12 6 0.433442882790815 0.33129215145789886 Penicillium-polonicum
12 6 0.027658817817191213 0.9530628910176979 Penicillium-mb
12 6 -0.012675232143208493 0.9784835861223913 Penicillium-chrysogenum
12 6 -0.44661929319319105 0.3150949209097232 Penicillium-solitum
12 6 0.8696849169489951 0.01096296302706513 Penicillium-brevicompactum
8 12 -0.7582660680878796 0.04820678938144545 Penicillium-cvjetkovicii
8 12 0.7816891625678972 0.03787600416532872 Penicillium-commune
8 12 0.05418546869229786 0.908146873387444 Penicillium-verrucosum
8 12 0.4482268732753274 0.31314281358855006 Penicillium-polonicum
8 12 0.32728393891750995 0.47365837636147734 Penicillium-mb
8 12 0.27235773304273503 0.5545875840818133 Penicillium-chrysogenum
8 12 0.3012886931644356 0.5114117479367741 Penicillium-solitum
8 12 0.2390382347889008 0.6056897046298396 Penicillium-brevicompactum
