#SPECIES: Penicillium-brevicompactum Penicillium-cvjetkovicii Penicillium-chrysogenum Penicillium-verrucosum Penicillium-commune Penicillium-polonicum Penicillium-solitum Penicillium-mb 
#GENE_TREEs p: 0.2689850873626396 0.31889512420159116 0.24952470413909816 0.10624052792735242 0.09884554003776296 0.08854466888447582 0.29236363849647523 0.2628140054890898 
#GENE_TREEs r: -0.48585607619057075 -0.44350211868458955 0.5033169314221995 0.6606142135332166 0.6711033181931898 0.6864250573095706 -0.46561879552850965 -0.4913287487831388 
7 12 -0.2558356761416773 0.5797527502946543 Penicillium-brevicompactum
7 12 -0.3292733897731302 0.47081195383033525 Penicillium-cvjetkovicii
7 12 0.4627671085717295 0.2957276726574873 Penicillium-chrysogenum
7 12 0.4519428106176696 0.3086507055594183 Penicillium-verrucosum
7 12 -0.12335185886150718 0.7921808851539627 Penicillium-commune
7 12 -0.07197187697599626 0.8781329524381626 Penicillium-polonicum
7 12 -0.36470969960667504 0.4211920446902636 Penicillium-solitum
7 12 -0.698934926264535 0.080576676809926 Penicillium-mb
7 8 -0.4858560761905709 0.2689850873626392 Penicillium-brevicompactum
7 8 -0.46461101248021824 0.29355053849140544 Penicillium-cvjetkovicii
7 8 0.5715937008935705 0.18004708623163582 Penicillium-chrysogenum
7 8 0.5983180335002465 0.15584266924204915 Penicillium-verrucosum
7 8 0.5964286751728484 0.1574970157391818 Penicillium-commune
7 8 0.5928151720588802 0.16068527605897262 Penicillium-polonicum
7 8 -0.7610183255347983 0.04692161471534143 Penicillium-solitum
7 8 -0.7177352103414618 0.06935133830549252 Penicillium-mb
5 10 -0.467261608009285 0.2904334136562504 Penicillium-brevicompactum
5 10 0.48253249688761984 0.2727644599905891 Penicillium-cvjetkovicii
5 10 0.5081344581889435 0.24427369560339882 Penicillium-chrysogenum
5 10 0.5756276895981708 0.17628318460641523 Penicillium-verrucosum
5 10 0.511231782675332 0.24092497379767874 Penicillium-commune
5 10 0.5858050565881866 0.16696088822592978 Penicillium-polonicum
5 10 -0.7501046605190315 0.05212999823057023 Penicillium-solitum
5 10 -0.6826729230929033 0.0910121304797962 Penicillium-mb
11 10 -0.4858560761905709 0.2689850873626392 Penicillium-brevicompactum
11 10 -0.44971391710028374 0.3113417701898972 Penicillium-cvjetkovicii
11 10 0.4628389871759613 0.2956426709626826 Penicillium-chrysogenum
11 10 0.5303010364453807 0.22078401270576178 Penicillium-verrucosum
11 10 0.4249502868957755 0.34191530351444327 Penicillium-commune
11 10 0.5504537564027682 0.2004038802363101 Penicillium-polonicum
11 10 -0.8174073611324629 0.02473444710660691 Penicillium-solitum
11 10 -0.6124458589026031 0.14374922648859476 Penicillium-mb
9 6 -0.4858560761905709 0.2689850873626392 Penicillium-brevicompactum
9 6 -0.4325219226116804 0.33243725763101745 Penicillium-cvjetkovicii
9 6 0.32676778564099684 0.47439788656713006 Penicillium-chrysogenum
9 6 0.28177706052766305 0.5404025164195361 Penicillium-verrucosum
9 6 0.5129166161269852 0.23911239862536668 Penicillium-commune
9 6 0.5277308915763287 0.2234504628285832 Penicillium-polonicum
9 6 -0.468792636992626 0.2886396405636183 Penicillium-solitum
9 6 -0.32979548403774966 0.47006600014584665 Penicillium-mb
11 8 -0.5313975533949954 0.2196510089041593 Penicillium-brevicompactum
11 8 -0.3855421719923556 0.39302318926066926 Penicillium-cvjetkovicii
11 8 0.4985849390796117 0.2547325296175531 Penicillium-chrysogenum
11 8 0.4995712162777954 0.2536429995032282 Penicillium-verrucosum
11 8 0.19434980292236884 0.6762572547095584 Penicillium-commune
11 8 0.21507932558358317 0.6432563642530269 Penicillium-polonicum
11 8 -0.07731001145819709 0.8691463130857034 Penicillium-solitum
11 8 -0.31343657341471504 0.4936414621906037 Penicillium-mb
9 8 -0.4768742102442228 0.2792533549535857 Penicillium-brevicompactum
9 8 0.48387415167439796 0.27123594341229845 Penicillium-cvjetkovicii
9 8 0.11519833434493736 0.8057282961001906 Penicillium-chrysogenum
9 8 0.6070171657307707 0.14833823125697085 Penicillium-verrucosum
9 8 0.6162395145009955 0.14058547607019642 Penicillium-commune
9 8 0.6213340267651956 0.13639284145055286 Penicillium-polonicum
9 8 -0.5877697347761123 0.1651900512533729 Penicillium-solitum
9 8 -0.9024834910717618 0.005408484071436859 Penicillium-mb
9 12 -0.7311721046863313 0.06187964249308972 Penicillium-brevicompactum
9 12 0.20021460404280134 0.6668764648243557 Penicillium-cvjetkovicii
9 12 0.04404938424888831 0.9252919717784847 Penicillium-chrysogenum
9 12 0.18856510010904062 0.6855426461874574 Penicillium-verrucosum
9 12 -0.024468069308673842 0.9584741485171445 Penicillium-commune
9 12 0.21444341044140378 0.6442621070811625 Penicillium-polonicum
9 12 -0.30352708205909557 0.508120906196237 Penicillium-solitum
9 12 -0.055712247757963775 0.9055666636993485 Penicillium-mb
11 12 -0.44344601484917384 0.31896370191424717 Penicillium-brevicompactum
11 12 -0.3952226594797611 0.38019903337035177 Penicillium-cvjetkovicii
11 12 0.474306640101225 0.2822204093355547 Penicillium-chrysogenum
11 12 0.027916863483124783 0.9526253263902102 Penicillium-verrucosum
11 12 0.026438299405493793 0.9551326335503662 Penicillium-commune
11 12 0.46601051514974234 0.2919028721874542 Penicillium-polonicum
11 12 -0.5936941316090155 0.1599068284307907 Penicillium-solitum
11 12 -0.6120097401011749 0.14411520726429605 Penicillium-mb
11 8 -0.46341484737281824 0.2949620640660653 Penicillium-brevicompactum
11 8 0.5749175866757852 0.1769429189445116 Penicillium-cvjetkovicii
11 8 0.4343283911808931 0.33019271653598953 Penicillium-chrysogenum
11 8 0.4805143537443551 0.27507097940289976 Penicillium-verrucosum
11 8 0.5008447994738476 0.25223925762564425 Penicillium-commune
11 8 0.5205878329954955 0.23094023410187803 Penicillium-polonicum
11 8 -0.8961890457530781 0.006301902673321415 Penicillium-solitum
11 8 -0.5829523892915274 0.1695487127043862 Penicillium-mb
7 8 -0.48585607619057103 0.268985087362639 Penicillium-brevicompactum
7 8 -0.46067440690079264 0.2982071721638328 Penicillium-cvjetkovicii
7 8 0.4689512692375966 0.2884540674368785 Penicillium-chrysogenum
7 8 0.6458807838182039 0.11709687383788217 Penicillium-verrucosum
7 8 0.6477375818208879 0.11569859929610762 Penicillium-commune
7 8 0.5207253102278966 0.2307949906652505 Penicillium-polonicum
7 8 -0.7262411141773406 0.06456822985462164 Penicillium-solitum
7 8 -0.7091922662938701 0.07434062519409002 Penicillium-mb
9 12 -0.21626228247029317 0.6413865896837958 Penicillium-brevicompactum
9 12 0.3684068586128683 0.41613707573342773 Penicillium-cvjetkovicii
9 12 -0.13237580033758387 0.7772356704912458 Penicillium-chrysogenum
9 12 -0.18980579105901563 0.6835484445535134 Penicillium-verrucosum
9 12 0.46858280120068924 0.2888851947813146 Penicillium-commune
9 12 0.44103870694482483 0.32191223403154545 Penicillium-polonicum
9 12 -0.3466209065943944 0.4462610471517054 Penicillium-solitum
9 12 -0.9454608680066215 0.0012954359436120832 Penicillium-mb
7 8 -0.4858560761905708 0.26898508736263943 Penicillium-brevicompactum
7 8 -0.4663362623423107 0.29151995235532885 Penicillium-cvjetkovicii
7 8 0.6944773046809716 0.08337023261814583 Penicillium-chrysogenum
7 8 0.7178649094662167 0.06927702266983324 Penicillium-verrucosum
7 8 0.20151777305260765 0.6647966690495883 Penicillium-commune
7 8 0.727633246412768 0.06380291871027106 Penicillium-polonicum
7 8 -0.5908544915387552 0.16242851314658435 Penicillium-solitum
7 8 -0.5191052258175837 0.23250931221064516 Penicillium-mb
5 12 -0.4761416338076136 0.280098479307728 Penicillium-brevicompactum
5 12 -0.2519262141627605 0.5857584231902437 Penicillium-cvjetkovicii
5 12 0.34061399606156945 0.4547069695716761 Penicillium-chrysogenum
5 12 0.2968624802338299 0.5179406253834538 Penicillium-verrucosum
5 12 0.2554501184310543 0.5803441886176521 Penicillium-commune
5 12 0.3315969754984044 0.46749540202164647 Penicillium-polonicum
5 12 -0.672421531580398 0.09793588060904314 Penicillium-solitum
5 12 -0.7892807530879425 0.034821030009848264 Penicillium-mb
9 10 -0.4858560761905708 0.26898508736263943 Penicillium-brevicompactum
9 10 -0.44546609514742463 0.31649850617473413 Penicillium-cvjetkovicii
9 10 0.5910253942148737 0.16227619241822144 Penicillium-chrysogenum
9 10 0.11221022591945991 0.8107030034094315 Penicillium-verrucosum
9 10 0.3712763711746857 0.4122301364458608 Penicillium-commune
9 10 0.5149585192519788 0.2369242146941674 Penicillium-polonicum
9 10 -0.7232047794122618 0.06625452134172577 Penicillium-solitum
9 10 -0.6693338274511761 0.10007353432344214 Penicillium-mb
9 12 -0.3828912780733982 0.3965647019823631 Penicillium-brevicompactum
9 12 0.24782991831988083 0.59207146303121 Penicillium-cvjetkovicii
9 12 -0.15361612935160404 0.7422792496036743 Penicillium-chrysogenum
9 12 0.27676234604530975 0.5479394736482492 Penicillium-verrucosum
9 12 0.29854015914708715 0.5154626188462927 Penicillium-commune
9 12 0.3654292732681671 0.4202063429504057 Penicillium-polonicum
9 12 -0.6255691341116527 0.13295644745019197 Penicillium-solitum
9 12 -0.6804650771185309 0.0924807612118338 Penicillium-mb
9 8 -0.48585607619057075 0.2689850873626396 Penicillium-brevicompactum
9 8 -0.4591158177412982 0.30005976519961264 Penicillium-cvjetkovicii
9 8 0.6003654916783226 0.15405972907276175 Penicillium-chrysogenum
9 8 0.6061644235360278 0.1490656613611426 Penicillium-verrucosum
9 8 0.5631241695823825 0.188075865547804 Penicillium-commune
9 8 0.6164655904044928 0.14039806046985845 Penicillium-polonicum
9 8 -0.7523183075062018 0.051049284201188094 Penicillium-solitum
9 8 -0.6225346334772659 0.13541413975825728 Penicillium-mb
11 12 -0.3536552159376067 0.4364465826605315 Penicillium-brevicompactum
11 12 0.3553001329220079 0.4341635224066103 Penicillium-cvjetkovicii
11 12 0.31239995269791243 0.49514924165191976 Penicillium-chrysogenum
11 12 0.24953285229400496 0.5894444623325769 Penicillium-verrucosum
11 12 0.24974268983052578 0.5891210067177577 Penicillium-commune
11 12 0.35204426202643213 0.43868692234616086 Penicillium-polonicum
11 12 -0.3960921230936505 0.3790556462920471 Penicillium-solitum
11 12 -0.219001843401779 0.6370622471026197 Penicillium-mb
9 10 -0.48766614972262406 0.26693682288001414 Penicillium-brevicompactum
9 10 -0.38734212214607167 0.3906257640390414 Penicillium-cvjetkovicii
9 10 0.5002168717864823 0.2529309116020554 Penicillium-chrysogenum
9 10 0.513083496729983 0.23893321162598932 Penicillium-verrucosum
9 10 0.49071336040311747 0.2635046801430239 Penicillium-commune
9 10 0.4451721805521637 0.3168566689170136 Penicillium-polonicum
9 10 -0.6877047070514369 0.08771133492004872 Penicillium-solitum
9 10 -0.585325499588428 0.16739454833210518 Penicillium-mb
11 6 -0.5984560887398518 0.15572212784355213 Penicillium-brevicompactum
11 6 -0.5287723406384308 0.22236817003796464 Penicillium-cvjetkovicii
11 6 -0.22261905288161501 0.6313650814927394 Penicillium-chrysogenum
11 6 0.16426625943003828 0.7248800505231896 Penicillium-verrucosum
11 6 0.18427125894730664 0.6924554204198514 Penicillium-commune
11 6 0.20668608543163136 0.6565652024694654 Penicillium-polonicum
11 6 0.09338494006795424 0.8421551693728204 Penicillium-solitum
11 6 0.2363084851899921 0.6099367996044012 Penicillium-mb
11 12 -0.47811975180788646 0.2778190876031965 Penicillium-brevicompactum
11 12 0.02887445618275401 0.9510016325099326 Penicillium-cvjetkovicii
11 12 0.592814665471957 0.16068572525777408 Penicillium-chrysogenum
11 12 -0.21071480036779458 0.6501677963641669 Penicillium-verrucosum
11 12 0.6010630759557727 0.1534546085075373 Penicillium-commune
11 12 0.6007146953842457 0.1537566629972208 Penicillium-polonicum
11 12 -0.5257323849770675 0.22553427957668354 Penicillium-solitum
11 12 -0.660954761334394 0.1059960664625683 Penicillium-mb
9 10 -0.20815020617569688 0.6542382989938648 Penicillium-brevicompactum
9 10 0.03562977186770161 0.9395514068635148 Penicillium-cvjetkovicii
9 10 0.32465385068087566 0.4774309586072789 Penicillium-chrysogenum
9 10 0.09007425209799871 0.8477047719246393 Penicillium-verrucosum
9 10 0.08979391951694048 0.8481749171731471 Penicillium-commune
9 10 -0.18458011879643477 0.6919576061525872 Penicillium-polonicum
9 10 -0.25017119964888035 0.5884606455989481 Penicillium-solitum
9 10 -0.6260229657241497 0.1325908482471664 Penicillium-mb
11 10 -0.4858560761905706 0.26898508736263976 Penicillium-brevicompactum
11 10 -0.47940014186569313 0.2763481499802016 Penicillium-cvjetkovicii
11 10 0.5963003903516165 0.15760965925938494 Penicillium-chrysogenum
11 10 0.15984747353923714 0.7320880317404361 Penicillium-verrucosum
11 10 0.42915302099995223 0.33664042328252924 Penicillium-commune
11 10 0.2399102815058095 0.6043347782121584 Penicillium-polonicum
11 10 -0.8193156362913832 0.02411952136601464 Penicillium-solitum
11 10 -0.5640047149854361 0.18723320154020107 Penicillium-mb
9 10 -0.4858560761905711 0.268985087362639 Penicillium-brevicompactum
9 10 -0.47243015842160874 0.2843977200433695 Penicillium-cvjetkovicii
9 10 0.6583531320394873 0.10787106750223259 Penicillium-chrysogenum
9 10 0.44450853560121556 0.31766602801688903 Penicillium-verrucosum
9 10 0.31111023208100097 0.4970274253064437 Penicillium-commune
9 10 0.6742277173197639 0.0966966386468322 Penicillium-polonicum
9 10 -0.5560644642031569 0.1948981547724474 Penicillium-solitum
9 10 -0.38239699358188306 0.39722645330426787 Penicillium-mb
5 12 -0.39464002317004215 0.38096601086163434 Penicillium-brevicompactum
5 12 -0.3154257260150146 0.49075277760711844 Penicillium-cvjetkovicii
5 12 -0.15919464428303978 0.7331542758779126 Penicillium-chrysogenum
5 12 0.37119363683751916 0.4123425801173126 Penicillium-verrucosum
5 12 0.23443794226169465 0.6128521306550303 Penicillium-commune
5 12 0.37629901976880226 0.40542648361730116 Penicillium-polonicum
5 12 -0.6625075571631229 0.10488510934090145 Penicillium-solitum
5 12 -0.786913463597456 0.035758360435928976 Penicillium-mb
9 10 -0.43469246698691605 0.3297411381647685 Penicillium-brevicompactum
9 10 0.15196042851119998 0.7449922061470833 Penicillium-cvjetkovicii
9 10 -0.10026488892852375 0.8306393358036264 Penicillium-chrysogenum
9 10 0.34987707678973556 0.4417076753760049 Penicillium-verrucosum
9 10 0.33330405658776857 0.4650642916190242 Penicillium-commune
9 10 0.3457070689019621 0.44754210306641895 Penicillium-polonicum
9 10 -0.7150827007878137 0.07088057876808737 Penicillium-solitum
9 10 -0.7385253330140669 0.057985058933587005 Penicillium-mb
11 12 -0.0906975280427169 0.8466596058196301 Penicillium-brevicompactum
11 12 0.06953648093226283 0.8822363984280717 Penicillium-cvjetkovicii
11 12 -0.20462207568250346 0.659849246359256 Penicillium-chrysogenum
11 12 -0.15515139735027977 0.739765522028559 Penicillium-verrucosum
11 12 0.20037859452780282 0.6666146502721944 Penicillium-commune
11 12 -0.12835385863007562 0.7838901998721974 Penicillium-polonicum
11 12 -0.49268688649844766 0.261292635775572 Penicillium-solitum
11 12 -0.4512181353315773 0.30952452825443555 Penicillium-mb
7 12 -0.5236036471251314 0.22776389170984074 Penicillium-brevicompactum
7 12 -0.18871311990255477 0.6853046528626507 Penicillium-cvjetkovicii
7 12 0.31178641983233574 0.4960423992640667 Penicillium-chrysogenum
7 12 -0.05351913224011143 0.909273163915508 Penicillium-verrucosum
7 12 0.12817697952775262 0.7841830994237167 Penicillium-commune
7 12 0.17691548006013186 0.7043370034624603 Penicillium-polonicum
7 12 -0.5393591222682659 0.2115073997691265 Penicillium-solitum
7 12 -0.6551501272598472 0.11020294129266878 Penicillium-mb
9 12 -0.3098052585743742 0.4989303706671291 Penicillium-brevicompactum
9 12 -0.38734212214607683 0.3906257640390347 Penicillium-cvjetkovicii
9 12 0.7244753459736875 0.06554603291092106 Penicillium-chrysogenum
9 12 0.7515605797349656 0.05141781796921602 Penicillium-verrucosum
9 12 0.7628448909760177 0.046079210687430115 Penicillium-commune
9 12 0.7644684972157497 0.045337446708369956 Penicillium-polonicum
9 12 -0.3639220170727231 0.422272071396722 Penicillium-solitum
9 12 -0.7678956129418079 0.043793443365241 Penicillium-mb
9 12 -0.3461193811175274 0.44696393554550845 Penicillium-brevicompactum
9 12 -0.11258897428274561 0.8100721665192235 Penicillium-cvjetkovicii
9 12 -0.25058138874957814 0.5878287300706304 Penicillium-chrysogenum
9 12 0.06691788533319244 0.8866508566301174 Penicillium-verrucosum
9 12 0.07876683581349765 0.8666956899648626 Penicillium-commune
9 12 0.08805806665689306 0.8510869055190997 Penicillium-polonicum
9 12 -0.44537300276508196 0.3166119290677826 Penicillium-solitum
9 12 -0.7105671293797527 0.07352512545682151 Penicillium-mb
11 10 0.5597996806178883 0.19127388672260456 Penicillium-brevicompactum
11 10 0.5968579766577335 0.1571203492580448 Penicillium-cvjetkovicii
11 10 -0.9819231893739686 8.356792660037402e-05 Penicillium-chrysogenum
11 10 0.6957874537954184 0.08254392462721223 Penicillium-verrucosum
11 10 0.7010391459747377 0.07927555376940991 Penicillium-commune
11 10 0.7064627947197654 0.07597387413983453 Penicillium-polonicum
11 10 0.4922971207114759 0.26172883502732247 Penicillium-solitum
11 10 -0.8768407690288557 0.009557594798882279 Penicillium-mb
7 10 0.40100911836431746 0.3726159811173207 Penicillium-brevicompactum
7 10 0.48041586497133976 0.27518376533297323 Penicillium-cvjetkovicii
7 10 0.6305096821040568 0.12900400113618016 Penicillium-chrysogenum
7 10 0.6125886463070556 0.14362950451591092 Penicillium-verrucosum
7 10 0.25427861238222804 0.5821424031215927 Penicillium-commune
7 10 0.6183656812042697 0.13882789157435 Penicillium-polonicum
7 10 -0.7555226508699532 0.04950681546995388 Penicillium-solitum
7 10 -0.5649218257543247 0.1863575005345522 Penicillium-mb
7 12 -0.2252371149528339 0.6272505989407571 Penicillium-brevicompactum
7 12 -0.28457421032721675 0.5362134962269575 Penicillium-cvjetkovicii
7 12 0.006014557315631229 0.9897895550587987 Penicillium-chrysogenum
7 12 -0.2713315371291902 0.5561402079328177 Penicillium-verrucosum
7 12 0.010440770570835145 0.9822761634474311 Penicillium-commune
7 12 0.030851975358586404 0.9476489832331568 Penicillium-polonicum
7 12 -0.30543185509653037 0.505326350952491 Penicillium-solitum
7 12 -0.4750159399109417 0.28139934687055923 Penicillium-mb
9 10 -0.46381561764676515 0.2944888045189456 Penicillium-brevicompactum
9 10 0.32480480385957156 0.4772141389388677 Penicillium-cvjetkovicii
9 10 0.32465385068087554 0.4774309586072794 Penicillium-chrysogenum
9 10 0.257755922192357 0.5768099224887528 Penicillium-verrucosum
9 10 0.28961952386042694 0.5286851726185475 Penicillium-commune
9 10 0.32765368095153463 0.47312889240148354 Penicillium-polonicum
9 10 -0.5952443344754194 0.15853847833133475 Penicillium-solitum
9 10 -0.6838585929889718 0.09022854895097697 Penicillium-mb
7 12 -0.4031927417695355 0.36977062205014105 Penicillium-brevicompactum
7 12 -0.3145400151579822 0.49203828054089194 Penicillium-cvjetkovicii
7 12 -0.13830575513410243 0.7674440369464516 Penicillium-chrysogenum
7 12 0.4842355549139107 0.2708248683629489 Penicillium-verrucosum
7 12 0.4842820486830892 0.2707720048771193 Penicillium-commune
7 12 0.4785890231671219 0.2772795719326272 Penicillium-polonicum
7 12 -0.6576611864744873 0.10837263097268128 Penicillium-solitum
7 12 -0.859934399436769 0.013058460057776257 Penicillium-mb
7 8 -0.4858560761905709 0.2689850873626392 Penicillium-brevicompactum
7 8 -0.4680111613608121 0.2895546104534275 Penicillium-cvjetkovicii
7 8 0.5895617961273895 0.16358295202072298 Penicillium-chrysogenum
7 8 0.5594897679568828 0.19157334167276482 Penicillium-verrucosum
7 8 0.605677889254982 0.14948149852686127 Penicillium-commune
7 8 0.6003965235860462 0.15403278510227109 Penicillium-polonicum
7 8 -0.7844743896081089 0.0367386098657904 Penicillium-solitum
7 8 -0.6933970784501524 0.08405481443399089 Penicillium-mb
5 10 -0.48404330191346695 0.27104350983203424 Penicillium-brevicompactum
5 10 0.4363399900027655 0.3277009531310181 Penicillium-cvjetkovicii
5 10 0.49790650979281686 0.2554832265027065 Penicillium-chrysogenum
5 10 0.5156830632534589 0.23615001667786775 Penicillium-verrucosum
5 10 0.3815488025982225 0.3983630412312989 Penicillium-commune
5 10 0.5001007908528908 0.25305886848331416 Penicillium-polonicum
5 10 -0.7511810244203692 0.051602966081514566 Penicillium-solitum
5 10 -0.6517238039229046 0.11272602544992495 Penicillium-mb
9 6 -0.4858560761905709 0.2689850873626392 Penicillium-brevicompactum
9 6 -0.46350935068961163 0.29485043719946785 Penicillium-cvjetkovicii
9 6 0.5317585431304626 0.21927861011433095 Penicillium-chrysogenum
9 6 0.5796364890156941 0.17258143108494378 Penicillium-verrucosum
9 6 0.5726268393744689 0.17907941094403312 Penicillium-commune
9 6 0.5792189947524472 0.17296514710981567 Penicillium-polonicum
9 6 -0.7633773303340202 0.045835229926261954 Penicillium-solitum
9 6 -0.632151394996559 0.12770408696548666 Penicillium-mb
9 8 -0.48435335877986513 0.27069093425327423 Penicillium-brevicompactum
9 8 0.3803349926676772 0.3999918109681858 Penicillium-cvjetkovicii
9 8 0.6005996019320348 0.1538565170787226 Penicillium-chrysogenum
9 8 0.5737710128298508 0.17801071444577762 Penicillium-verrucosum
9 8 0.3603339679937878 0.42720532838796266 Penicillium-commune
9 8 0.3768544592885441 0.40467682979583397 Penicillium-polonicum
9 8 -0.8629295404278075 0.012392366877438882 Penicillium-solitum
9 8 -0.44283204265170273 0.3197145982244876 Penicillium-mb
9 10 -0.4904107139324051 0.26384465477023294 Penicillium-brevicompactum
9 10 -0.38734212214607533 0.39062576403903676 Penicillium-cvjetkovicii
9 10 0.3287942274609497 0.4714969473997865 Penicillium-chrysogenum
9 10 0.37786556343908584 0.4033135926424344 Penicillium-verrucosum
9 10 0.3713716094297434 0.4121007136650207 Penicillium-commune
9 10 0.36212251421118075 0.42474346562581305 Penicillium-polonicum
9 10 -0.6884700797741333 0.08721489852724369 Penicillium-solitum
9 10 -0.576882724916558 0.17512012733333276 Penicillium-mb
9 10 0.4993840450402039 0.2538496008698965 Penicillium-brevicompactum
9 10 0.47852801427384045 0.2773496864814679 Penicillium-cvjetkovicii
9 10 0.5819768476947268 0.1704381913928095 Penicillium-chrysogenum
9 10 0.5368739391584297 0.21403372615127056 Penicillium-verrucosum
9 10 0.5920577000076673 0.16135763569317663 Penicillium-commune
9 10 0.5596395852303658 0.1914285515146501 Penicillium-polonicum
9 10 -0.7998187964316918 0.030815927099718653 Penicillium-solitum
9 10 -0.6215121204711028 0.13624743851985052 Penicillium-mb
11 12 -0.045864177820360466 0.922220419301786 Penicillium-brevicompactum
11 12 0.16477921241709842 0.724044350688932 Penicillium-cvjetkovicii
11 12 -0.5157959468371729 0.23602950335525838 Penicillium-chrysogenum
11 12 0.47495030329945703 0.28147528073131206 Penicillium-verrucosum
11 12 0.4604440204286644 0.29848069919379094 Penicillium-commune
11 12 -0.45408284309151553 0.30607652579268657 Penicillium-polonicum
11 12 -0.1921088063035133 0.6798506154828401 Penicillium-solitum
11 12 -0.4331056495936276 0.3317112658018954 Penicillium-mb
7 10 -0.483129969725302 0.27208329389288155 Penicillium-brevicompactum
7 10 0.4767849652119141 0.27935624971036793 Penicillium-cvjetkovicii
7 10 0.49521022034521267 0.25847672604949656 Penicillium-chrysogenum
7 10 0.4498755349993656 0.31114629789682136 Penicillium-verrucosum
7 10 0.4392741792739664 0.3240808952011829 Penicillium-commune
7 10 0.4713008713117399 0.2857116497963682 Penicillium-polonicum
7 10 -0.8672005978452303 0.01147694855671832 Penicillium-solitum
7 10 -0.520889228135893 0.23062186882564234 Penicillium-mb
7 10 0.5043326975759815 0.24841325146599605 Penicillium-brevicompactum
7 10 0.47996950333191557 0.2756951841116929 Penicillium-cvjetkovicii
7 10 0.5574334281526254 0.1935660348563658 Penicillium-chrysogenum
7 10 0.52075436924596 0.23076429555706252 Penicillium-verrucosum
7 10 0.5697046976826731 0.1818229866700375 Penicillium-commune
7 10 0.47507627416476567 0.2813295553057655 Penicillium-polonicum
7 10 -0.7241027668528413 0.06575336354940546 Penicillium-solitum
7 10 -0.706846005997358 0.07574342511172517 Penicillium-mb
9 12 -0.08508403942489011 0.8560791134757647 Penicillium-brevicompactum
9 12 0.07300635844038447 0.8763905864990524 Penicillium-cvjetkovicii
9 12 0.32465385068087593 0.4774309586072785 Penicillium-chrysogenum
9 12 -0.023143063693870796 0.9607216355703873 Penicillium-verrucosum
9 12 -0.017694218798636457 0.969966063324966 Penicillium-commune
9 12 -0.145124575728775 0.7562150801895775 Penicillium-polonicum
9 12 -0.3606487900781344 0.42677159052410885 Penicillium-solitum
9 12 -0.6203059809358759 0.1372337167681899 Penicillium-mb
5 12 -0.3231020461003993 0.4796619368199162 Penicillium-brevicompactum
5 12 0.25306579234911886 0.5840058437436753 Penicillium-cvjetkovicii
5 12 -0.2826217095623288 0.5391364275456019 Penicillium-chrysogenum
5 12 0.39675759084796863 0.3781814695985463 Penicillium-verrucosum
5 12 0.35143880426058277 0.43953005415329993 Penicillium-commune
5 12 0.4006007499815083 0.373149094756506 Penicillium-polonicum
5 12 -0.6752115731730256 0.0960250857330973 Penicillium-solitum
5 12 -0.8219317810055728 0.023290645148038448 Penicillium-mb
9 12 -0.31748160252414476 0.48777353439394233 Penicillium-brevicompactum
9 12 -0.5907517146212459 0.16252014945487883 Penicillium-cvjetkovicii
9 12 0.6462978647629223 0.11678203391911567 Penicillium-chrysogenum
9 12 0.6518739930209088 0.11261480920362173 Penicillium-verrucosum
9 12 0.6565887632556572 0.10915237437698944 Penicillium-commune
9 12 -0.05458202088080928 0.907476649898443 Penicillium-polonicum
9 12 -0.35205045237722193 0.4386783051323474 Penicillium-solitum
9 12 -0.7226957641242169 0.06653950856606 Penicillium-mb
11 8 0.3794842404153669 0.4011349798152435 Penicillium-brevicompactum
11 8 0.7419156551648021 0.0562355995541459 Penicillium-cvjetkovicii
11 8 -0.3316138317731452 0.4674713737144866 Penicillium-chrysogenum
11 8 -0.3423754001043231 0.4522242364768553 Penicillium-verrucosum
11 8 0.4834399568179495 0.2717301871567857 Penicillium-commune
11 8 0.5051017584488472 0.24757326610770208 Penicillium-polonicum
11 8 0.2940387790326765 0.5221205226830041 Penicillium-solitum
11 8 0.44226105035881635 0.3204136136400132 Penicillium-mb
11 12 0.6461036251904005 0.11692860427077888 Penicillium-brevicompactum
11 12 0.7300923551747586 0.062463084264160175 Penicillium-cvjetkovicii
11 12 0.8667035746361983 0.011581405543947251 Penicillium-chrysogenum
11 12 0.8713478892032539 0.010626451773554903 Penicillium-verrucosum
11 12 0.7984447395394819 0.031322702040356976 Penicillium-commune
11 12 0.8778760703014359 0.00936341967336463 Penicillium-polonicum
11 12 0.659993477452639 0.10668687546470924 Penicillium-solitum
11 12 -0.7160854664074033 0.07030035281072998 Penicillium-mb
7 10 -0.4858560761905706 0.26898508736263976 Penicillium-brevicompactum
7 10 -0.46130862578084847 0.2974547649623021 Penicillium-cvjetkovicii
7 10 0.6193017199417996 0.13805766633257874 Penicillium-chrysogenum
7 10 0.4828974850404946 0.272348253380352 Penicillium-verrucosum
7 10 0.4817275365272589 0.2736833930604334 Penicillium-commune
7 10 0.4792918056363662 0.27647247285621157 Penicillium-polonicum
7 10 -0.7448343770319155 0.05475282050934085 Penicillium-solitum
7 10 -0.7310917046469266 0.061922984524608586 Penicillium-mb
9 12 -0.48936125637132816 0.26502509531505647 Penicillium-brevicompactum
9 12 -0.05003637687742393 0.915161903479907 Penicillium-cvjetkovicii
9 12 0.14809394277944168 0.7513357824676974 Penicillium-chrysogenum
9 12 0.4957653011677949 0.2578591550158025 Penicillium-verrucosum
9 12 0.5020271698001552 0.25093925588354643 Penicillium-commune
9 12 0.05875324102606967 0.9004294639174732 Penicillium-polonicum
9 12 -0.4108178960058657 0.3599052319773351 Penicillium-solitum
9 12 -0.4950461307132561 0.2586594179675497 Penicillium-mb
11 10 0.21519561280373833 0.6430724948961437 Penicillium-brevicompactum
11 10 0.3100181691455026 0.4986197244282269 Penicillium-cvjetkovicii
11 10 0.04360325835837057 0.9260471575776721 Penicillium-chrysogenum
11 10 -0.009723559546718935 0.9834935529744233 Penicillium-verrucosum
11 10 -0.026693766650264284 0.9546993979310041 Penicillium-commune
11 10 -0.0019290776149044273 0.9967251022212997 Penicillium-polonicum
11 10 -0.7687442279160361 0.04341566777942887 Penicillium-solitum
11 10 0.5378962945372291 0.21299271806317546 Penicillium-mb
9 10 0.5007160902256721 0.2523809582404933 Penicillium-brevicompactum
9 10 0.4787957723260372 0.27704202443918846 Penicillium-cvjetkovicii
9 10 0.5904119364289255 0.1628232795474823 Penicillium-chrysogenum
9 10 0.3734102930427048 0.4093340967288933 Penicillium-verrucosum
9 10 0.3836019591768265 0.39561400890553505 Penicillium-commune
9 10 0.6226467255173511 0.135322947908386 Penicillium-polonicum
9 10 -0.6676859788965998 0.10122424229117957 Penicillium-solitum
9 10 -0.544372162727596 0.20645487993445572 Penicillium-mb
9 6 -0.427320907788182 0.3389356495441337 Penicillium-brevicompactum
9 6 0.48138011922931395 0.2740804309450146 Penicillium-cvjetkovicii
9 6 0.3736477039426696 0.4090123917997373 Penicillium-chrysogenum
9 6 0.6571589637938168 0.10873742860694133 Penicillium-verrucosum
9 6 0.6641535901275263 0.10371409907778452 Penicillium-commune
9 6 0.6437205307513527 0.11873456308329947 Penicillium-polonicum
9 6 -0.4796983094914462 0.27600611308537587 Penicillium-solitum
9 6 -0.3871994297465443 0.3908156069757301 Penicillium-mb
9 12 0.15803438706755904 0.7350501261309611 Penicillium-brevicompactum
9 12 0.21334253383483112 0.6460042370299486 Penicillium-cvjetkovicii
9 12 -0.6285422602250226 0.13057066135073228 Penicillium-chrysogenum
9 12 0.3158095397768486 0.4901960892535253 Penicillium-verrucosum
9 12 0.3081674771765931 0.5013222389144948 Penicillium-commune
9 12 0.3020257246631412 0.5103273646925572 Penicillium-polonicum
9 12 -0.6624703877687553 0.10491163122975028 Penicillium-solitum
9 12 -0.7523266994248323 0.051045210764217586 Penicillium-mb
9 12 -0.3871062974741114 0.39093953336051906 Penicillium-brevicompactum
9 12 0.07282274611936704 0.8766998139381197 Penicillium-cvjetkovicii
9 12 0.32465385068087527 0.4774309586072795 Penicillium-chrysogenum
9 12 0.23603239393037556 0.6103668444364347 Penicillium-verrucosum
9 12 0.235312559288512 0.6114884906083579 Penicillium-commune
9 12 0.2159856681471618 0.6418236701153812 Penicillium-polonicum
9 12 -0.6045720488209324 0.1504288127585472 Penicillium-solitum
9 12 -0.7585073864789461 0.04809334263207657 Penicillium-mb
7 10 -0.48599432944395227 0.26882839093094896 Penicillium-brevicompactum
7 10 -0.3873421221460752 0.3906257640390368 Penicillium-cvjetkovicii
7 10 0.45817380867996055 0.3011819171590974 Penicillium-chrysogenum
7 10 0.42726632070660064 0.3390041363250572 Penicillium-verrucosum
7 10 0.4242816311968224 0.3427577354233142 Penicillium-commune
7 10 0.4610932133620639 0.2977102260542651 Penicillium-polonicum
7 10 -0.7001053726120923 0.07985155182629024 Penicillium-solitum
7 10 -0.6905373202900558 0.08588149012730496 Penicillium-mb
11 12 -0.46624139768566436 0.2916314439228653 Penicillium-brevicompactum
11 12 -0.38734212214607294 0.3906257640390399 Penicillium-cvjetkovicii
11 12 0.30638198855638166 0.5039343859213767 Penicillium-chrysogenum
11 12 0.2468932251479616 0.593517949202047 Penicillium-verrucosum
11 12 0.25663938650033175 0.5785204759077596 Penicillium-commune
11 12 0.33417543979148484 0.46382512274122834 Penicillium-polonicum
11 12 -0.4885368049135435 0.2659541258402002 Penicillium-solitum
11 12 -0.4673370742028264 0.2903448808491163 Penicillium-mb
9 6 -0.4858560761905709 0.2689850873626392 Penicillium-brevicompactum
9 6 -0.4567872727397572 0.30283695153029017 Penicillium-cvjetkovicii
9 6 0.5674920914520807 0.1839139338680957 Penicillium-chrysogenum
9 6 0.5807550823166933 0.17155540699223354 Penicillium-verrucosum
9 6 0.29411520799404595 0.5220072349226207 Penicillium-commune
9 6 0.2917315975704244 0.5255442972699121 Penicillium-polonicum
9 6 -0.6223072283804283 0.1355992396759955 Penicillium-solitum
9 6 -0.7221233622203664 0.06686077201753823 Penicillium-mb
11 10 -0.48585607619057103 0.268985087362639 Penicillium-brevicompactum
11 10 -0.44101018829442623 0.32194723451704194 Penicillium-cvjetkovicii
11 10 0.5923013551041528 0.16114120644985933 Penicillium-chrysogenum
11 10 0.31377832115857757 0.49314474207002723 Penicillium-verrucosum
11 10 0.49824423329293366 0.25510940146399536 Penicillium-commune
11 10 0.3174587014353499 0.48780668554678686 Penicillium-polonicum
11 10 -0.6584882127855232 0.10777329387473276 Penicillium-solitum
11 10 -0.6442207750362011 0.11835428545933384 Penicillium-mb
7 10 -0.4882834238403095 0.26623994403163126 Penicillium-brevicompactum
7 10 -0.3873421221460752 0.3906257640390368 Penicillium-cvjetkovicii
7 10 0.34776975540427063 0.4446525051889114 Penicillium-chrysogenum
7 10 0.5797112931955761 0.17251272338153376 Penicillium-verrucosum
7 10 0.5562640689818034 0.19470364727663583 Penicillium-commune
7 10 0.5846091070760637 0.16804341251581345 Penicillium-polonicum
7 10 -0.6360473653049673 0.12464616458155667 Penicillium-solitum
7 10 -0.8003129334103319 0.03063481008291239 Penicillium-mb
9 10 -0.48847343007415683 0.2660256006756717 Penicillium-brevicompactum
9 10 -0.3873421221460752 0.3906257640390368 Penicillium-cvjetkovicii
9 10 0.41534130538244407 0.35410517269716557 Penicillium-chrysogenum
9 10 0.20294901837072543 0.6625144370891285 Penicillium-verrucosum
9 10 0.43492643909133355 0.3294510723078431 Penicillium-commune
9 10 0.18285299438078706 0.6947424790723503 Penicillium-polonicum
9 10 -0.6552589079030492 0.11012332163200503 Penicillium-solitum
9 10 -0.6488309845681738 0.11487925803678921 Penicillium-mb
9 10 -0.48585607619057103 0.268985087362639 Penicillium-brevicompactum
9 10 -0.3792520452531902 0.40144720893376695 Penicillium-cvjetkovicii
9 10 0.46979285287786204 0.2874704438359026 Penicillium-chrysogenum
9 10 0.11009771466751532 0.8142230532499197 Penicillium-verrucosum
9 10 0.5656337252230259 0.18567912153328026 Penicillium-commune
9 10 0.446355355884337 0.31541592675484237 Penicillium-polonicum
9 10 -0.6633660063534647 0.10427354227626091 Penicillium-solitum
9 10 -0.8110728050654729 0.026838426300382447 Penicillium-mb
9 8 0.49971374432200166 0.25348572749667264 Penicillium-brevicompactum
9 8 0.47859849068834553 0.2772686920856994 Penicillium-cvjetkovicii
9 8 0.3616057886597655 0.4254541539401515 Penicillium-chrysogenum
9 8 0.24958615613331125 0.5893622916013291 Penicillium-verrucosum
9 8 0.3316077143062521 0.4674800939978014 Penicillium-commune
9 8 0.355372249386776 0.4340635330505293 Penicillium-polonicum
9 8 -0.8956526543533141 0.006381721770793395 Penicillium-solitum
9 8 -0.10395201332533165 0.8244775268023875 Penicillium-mb
9 8 -0.4858560761905708 0.26898508736263943 Penicillium-brevicompactum
9 8 -0.47421969131844405 0.28232113206646214 Penicillium-cvjetkovicii
9 8 0.6268822203844872 0.13190004967531657 Penicillium-chrysogenum
9 8 0.6249867051820818 0.1334263925900421 Penicillium-verrucosum
9 8 0.5583363310513912 0.19268984955606508 Penicillium-commune
9 8 0.5013754673935621 0.251655412666496 Penicillium-polonicum
9 8 -0.7170249614785091 0.06975905939856007 Penicillium-solitum
9 8 -0.48563428750492466 0.269236549318956 Penicillium-mb
9 12 -0.03823623107921723 0.9351355985170338 Penicillium-brevicompactum
9 12 0.3550479857259138 0.4345131932050922 Penicillium-cvjetkovicii
9 12 0.08024910483974437 0.8642031358378802 Penicillium-chrysogenum
9 12 -0.09154078267293064 0.8452458440056467 Penicillium-verrucosum
9 12 0.3403267789000899 0.455112288161572 Penicillium-commune
9 12 -0.1055703031307356 0.8217753361867594 Penicillium-polonicum
9 12 -0.213641679477168 0.6455307134687432 Penicillium-solitum
9 12 -0.440193397520416 0.32295036441880626 Penicillium-mb
11 12 -0.5141106923771339 0.23783164278116659 Penicillium-brevicompactum
11 12 -0.16487740290611755 0.7238844041669728 Penicillium-cvjetkovicii
11 12 0.09980539645150874 0.831407714676759 Penicillium-chrysogenum
11 12 0.1488625172946801 0.7500739183602645 Penicillium-verrucosum
11 12 0.14844076214891289 0.7507663114053058 Penicillium-commune
11 12 0.09320307946007038 0.8424598835580047 Penicillium-polonicum
11 12 -0.38123987463144754 0.39877733024766177 Penicillium-solitum
11 12 -0.3944942476334501 0.38115800661827054 Penicillium-mb
11 10 0.1897411980611128 0.6836522309421929 Penicillium-brevicompactum
11 10 -0.6181368691396003 0.13901650087418535 Penicillium-cvjetkovicii
11 10 0.4661172201109333 0.2917774146469444 Penicillium-chrysogenum
11 10 0.5206322156904406 0.23089333951428626 Penicillium-verrucosum
11 10 0.4952320095162247 0.2584524711508172 Penicillium-commune
11 10 0.5525932297128275 0.19829572490006603 Penicillium-polonicum
11 10 -0.756325490079864 0.049124410539088365 Penicillium-solitum
11 10 0.046676045249333165 0.9208465742429326 Penicillium-mb
7 10 0.5052653467084586 0.24739476070200037 Penicillium-brevicompactum
7 10 0.4799190424823837 0.27575302650865213 Penicillium-cvjetkovicii
7 10 0.5352849641469135 0.21565647661127174 Penicillium-chrysogenum
7 10 0.5786378488612821 0.17349997194854128 Penicillium-verrucosum
7 10 0.5514717072363828 0.19939949288215617 Penicillium-commune
7 10 0.49387148504409323 0.2599689508733191 Penicillium-polonicum
7 10 -0.7278040005761033 0.06370938749326197 Penicillium-solitum
7 10 -0.6870451641790968 0.08814032274213694 Penicillium-mb
11 10 -0.495848281318338 0.2577668911150686 Penicillium-brevicompactum
11 10 -0.3873421221460752 0.3906257640390368 Penicillium-cvjetkovicii
11 10 0.4438001692875886 0.31853091321396704 Penicillium-chrysogenum
11 10 0.32896719081198084 0.4712496431818185 Penicillium-verrucosum
11 10 0.5208971128333988 0.2306135429389036 Penicillium-commune
11 10 0.5374487232600832 0.2134481583104742 Penicillium-polonicum
11 10 -0.6192348399228398 0.13811262700616891 Penicillium-solitum
11 10 -0.47472943762422715 0.2817308637556521 Penicillium-mb
9 12 -0.3357427278983918 0.46159939497835695 Penicillium-brevicompactum
9 12 0.03375967336286134 0.9427204526954065 Penicillium-cvjetkovicii
9 12 0.3246538506808757 0.47743095860727885 Penicillium-chrysogenum
9 12 -0.05820074848709391 0.901362597448143 Penicillium-verrucosum
9 12 0.19138740147061176 0.6810083918412226 Penicillium-commune
9 12 0.19842715869813565 0.6697318999638895 Penicillium-polonicum
9 12 -0.48776228793218845 0.26682823218615886 Penicillium-solitum
9 12 -0.8307770408947506 0.020608710945384433 Penicillium-mb
7 8 -0.485856076190571 0.268985087362639 Penicillium-brevicompactum
7 8 -0.4689305887439774 0.2884782571378961 Penicillium-cvjetkovicii
7 8 0.6079123459648399 0.14757652155915457 Penicillium-chrysogenum
7 8 0.6162342183797862 0.14058986803814338 Penicillium-verrucosum
7 8 0.6147466329798845 0.14182623675307987 Penicillium-commune
7 8 0.6138380303981095 0.14258408714384516 Penicillium-polonicum
7 8 -0.7799424141015221 0.03859914329460375 Penicillium-solitum
7 8 -0.6608381024736999 0.10607977677312275 Penicillium-mb
9 12 -0.48553103800052755 0.2693536489319055 Penicillium-brevicompactum
9 12 0.4207706972398491 0.3471954538250771 Penicillium-cvjetkovicii
9 12 0.2780727753572269 0.5459666294499628 Penicillium-chrysogenum
9 12 0.36066649926440797 0.42674719720061066 Penicillium-verrucosum
9 12 0.33562950154948484 0.4617600569046533 Penicillium-commune
9 12 0.274060983818835 0.552013687949486 Penicillium-polonicum
9 12 -0.7321721289847245 0.06134192195023237 Penicillium-solitum
9 12 -0.7441242987904726 0.055111571291181105 Penicillium-mb
11 12 -0.42069884654922374 0.34728652176366004 Penicillium-brevicompactum
11 12 -0.39565650985029194 0.3796283240867064 Penicillium-cvjetkovicii
11 12 0.4277666260858644 0.338376655875401 Penicillium-chrysogenum
11 12 0.07315500552545263 0.8761402542989354 Penicillium-verrucosum
11 12 0.4297243925579731 0.33592597759006815 Penicillium-commune
11 12 0.04682124707255589 0.9206008796032373 Penicillium-polonicum
11 12 -0.45186258451315564 0.3087473901639149 Penicillium-solitum
11 12 -0.5812126556656201 0.1711365682564774 Penicillium-mb
9 10 -0.492797580930038 0.261168814601653 Penicillium-brevicompactum
9 10 -0.38734212214606956 0.3906257640390444 Penicillium-cvjetkovicii
9 10 0.24521453630001344 0.5961129327365522 Penicillium-chrysogenum
9 10 0.3224197942439461 0.48064397552780164 Penicillium-verrucosum
9 10 0.3228075873659682 0.4800856942134236 Penicillium-commune
9 10 0.33777826031579333 0.45871461535921193 Penicillium-polonicum
9 10 -0.5240254901234795 0.22732124011769886 Penicillium-solitum
9 10 -0.5762569420581491 0.17569957606086126 Penicillium-mb
9 10 0.49868429632301803 0.2546226736774105 Penicillium-brevicompactum
9 10 0.478367511067412 0.27753418303704197 Penicillium-cvjetkovicii
9 10 0.5760546081900826 0.17588712972325884 Penicillium-chrysogenum
9 10 0.5045412184300566 0.24818537068240798 Penicillium-verrucosum
9 10 0.5342589793421016 0.2167073595286044 Penicillium-commune
9 10 0.5930252350281834 0.16049906361179755 Penicillium-polonicum
9 10 -0.7301267324402746 0.06244446288352131 Penicillium-solitum
9 10 -0.5979221353471034 0.15618860136573356 Penicillium-mb
11 12 0.01147309453533956 0.9805239516764904 Penicillium-brevicompactum
11 12 0.27131860459243495 0.5561597836749244 Penicillium-cvjetkovicii
11 12 0.6975421400186776 0.08144409200177784 Penicillium-chrysogenum
11 12 0.6683993544731265 0.1007252415213285 Penicillium-verrucosum
11 12 0.6542400556404651 0.11087021728908406 Penicillium-commune
11 12 -0.7163627090905258 0.0701403847678968 Penicillium-polonicum
11 12 -0.35238444186005474 0.43821347388661297 Penicillium-solitum
11 12 -0.31433634571085134 0.49233405108480677 Penicillium-mb
9 12 0.7222272554139337 0.06680239952349067 Penicillium-brevicompactum
9 12 0.7149329694737894 0.07096743680998767 Penicillium-cvjetkovicii
9 12 0.9125282728701356 0.004144407911149186 Penicillium-chrysogenum
9 12 0.9102717679196776 0.004411382134619754 Penicillium-verrucosum
9 12 0.9086352089486708 0.004611117471882923 Penicillium-commune
9 12 0.8893642874326313 0.007361292069270793 Penicillium-polonicum
9 12 0.7743969352984827 0.04094523455292989 Penicillium-solitum
9 12 -0.7675204465802271 0.043961030182535756 Penicillium-mb
9 10 -0.48485098958082146 0.2701254961019404 Penicillium-brevicompactum
9 10 0.10047857916266427 0.8302820322751765 Penicillium-cvjetkovicii
9 10 0.5363622397873367 0.21455566695808373 Penicillium-chrysogenum
9 10 0.3893510653657012 0.3879569319441154 Penicillium-verrucosum
9 10 0.5011822317365353 0.2518679400282156 Penicillium-commune
9 10 0.5637084999319647 0.1875164681057764 Penicillium-polonicum
9 10 -0.6817576267602058 0.09161947127259716 Penicillium-solitum
9 10 -0.5955455940453137 0.15827323837089863 Penicillium-mb
9 10 -0.4858560761905709 0.2689850873626392 Penicillium-brevicompactum
9 10 -0.3470801154808031 0.4456178307533268 Penicillium-cvjetkovicii
9 10 0.3883506757152315 0.389285005752968 Penicillium-chrysogenum
9 10 0.39176489683868776 0.38475996799567114 Penicillium-verrucosum
9 10 0.6011976371840635 0.153338020115638 Penicillium-commune
9 10 0.4273447025188896 0.3389057977128357 Penicillium-polonicum
9 10 -0.6406057674875251 0.12111647490482258 Penicillium-solitum
9 10 -0.7051624160273701 0.07675866108098793 Penicillium-mb
9 4 -0.48585607619057075 0.2689850873626396 Penicillium-brevicompactum
9 4 -0.4383775302311665 0.32518530470107576 Penicillium-cvjetkovicii
9 4 0.3088514146620016 0.5003229066519383 Penicillium-chrysogenum
9 4 0.25396624015029196 0.5826221724673015 Penicillium-verrucosum
9 4 0.5173084476319441 0.234417541394565 Penicillium-commune
9 4 0.5309456105949389 0.22011765646584644 Penicillium-polonicum
9 4 -0.3896973405527171 0.38749765772126515 Penicillium-solitum
9 4 -0.25288623103123126 0.5842818872876867 Penicillium-mb
9 10 -0.49068326384850863 0.26353847985109674 Penicillium-brevicompactum
9 10 -0.387342122146073 0.39062576403903976 Penicillium-cvjetkovicii
9 10 0.38020674562806367 0.40016405554348805 Penicillium-chrysogenum
9 10 0.3686657397473532 0.4157840093878774 Penicillium-verrucosum
9 10 0.36742298329713846 0.41747996686791194 Penicillium-commune
9 10 0.39768078630079484 0.37697009515381413 Penicillium-polonicum
9 10 -0.592539510236453 0.16092980205270052 Penicillium-solitum
9 10 -0.5436036094423438 0.20722570036092255 Penicillium-mb
9 12 0.03356974880865409 0.9430423306723753 Penicillium-brevicompactum
9 12 0.4125992341543513 0.35761646582890433 Penicillium-cvjetkovicii
9 12 -0.32322263304072246 0.4794884383693405 Penicillium-chrysogenum
9 12 -0.2723232456290445 0.5546397403870846 Penicillium-verrucosum
9 12 0.46422281923776804 0.2940082946561141 Penicillium-commune
9 12 0.4520146694912142 0.30856411595484645 Penicillium-polonicum
9 12 -0.1724236923525666 0.7116161815384843 Penicillium-solitum
9 12 -0.9312145225856687 0.002296156981107339 Penicillium-mb
11 12 -0.14800843292907181 0.7514762018739427 Penicillium-brevicompactum
11 12 0.007130257824898739 0.9878956060669012 Penicillium-cvjetkovicii
11 12 -0.4323197449494335 0.3326888674791924 Penicillium-chrysogenum
11 12 0.42240015847197754 0.34513287272820076 Penicillium-verrucosum
11 12 -0.08289503077380403 0.8597560349941993 Penicillium-commune
11 12 0.4476836261520664 0.3138018970464929 Penicillium-polonicum
11 12 -0.25839546291880255 0.5758308460577208 Penicillium-solitum
11 12 -0.22605905234964013 0.6259604382328368 Penicillium-mb
9 12 -0.39815784270957894 0.3763447442539338 Penicillium-brevicompactum
9 12 0.001184995665405619 0.9979882902903914 Penicillium-cvjetkovicii
9 12 0.32465385068087566 0.4774309586072789 Penicillium-chrysogenum
9 12 0.20203028843318452 0.6639791860194768 Penicillium-verrucosum
9 12 0.08895740648807175 0.8495780439393724 Penicillium-commune
9 12 0.10328517301360908 0.8255914069131064 Penicillium-polonicum
9 12 -0.6952584556869165 0.08287703665787662 Penicillium-solitum
9 12 -0.6688815917392336 0.10038865015538215 Penicillium-mb
9 12 -0.4929312068543633 0.2610193782445993 Penicillium-brevicompactum
9 12 -0.22391499720222266 0.629327454784178 Penicillium-cvjetkovicii
9 12 0.10988107841179195 0.8145841728076874 Penicillium-chrysogenum
9 12 0.28734818130569273 0.5320699244078522 Penicillium-verrucosum
9 12 0.08510676979230601 0.8560409435855512 Penicillium-commune
9 12 0.19506605215145018 0.6751097994819266 Penicillium-polonicum
9 12 -0.6952151921525678 0.08290431136862235 Penicillium-solitum
9 12 -0.3684169261722319 0.41612334324537076 Penicillium-mb
7 10 -0.40934979539117317 0.36179608339271946 Penicillium-brevicompactum
7 10 0.48123019592578514 0.27425184747300346 Penicillium-cvjetkovicii
7 10 0.3752998111034767 0.40677645303982574 Penicillium-chrysogenum
7 10 0.3435670963643215 0.4505473989276553 Penicillium-verrucosum
7 10 0.13273359293723955 0.7766442012970003 Penicillium-commune
7 10 0.36246284265536893 0.42427563910719823 Penicillium-polonicum
7 10 -0.5257499035664034 0.2255159736192601 Penicillium-solitum
7 10 -0.2684599916159128 0.5604922544470712 Penicillium-mb
11 12 -0.2985983401503912 0.5153767560684386 Penicillium-brevicompactum
11 12 -0.06838396833333213 0.8841790241547698 Penicillium-cvjetkovicii
11 12 -0.4083254191221866 0.3631178656291627 Penicillium-chrysogenum
11 12 0.5109239886657093 0.24125679093364222 Penicillium-verrucosum
11 12 0.49622036666736247 0.25735336285603777 Penicillium-commune
11 12 0.5139476989689198 0.23800627949005188 Penicillium-polonicum
11 12 -0.27887320836701107 0.5447627304979636 Penicillium-solitum
11 12 -0.785213436979691 0.03644003585819881 Penicillium-mb
11 12 0.11429287473397845 0.8072351935024957 Penicillium-brevicompactum
11 12 0.3277325415585705 0.4730159890418163 Penicillium-cvjetkovicii
11 12 0.6536327698213988 0.11131664799409088 Penicillium-chrysogenum
11 12 0.6617261473747431 0.10544341215366108 Penicillium-verrucosum
11 12 0.6623559929143898 0.10499327856458619 Penicillium-commune
11 12 -0.6756448242640785 0.09573013911089297 Penicillium-polonicum
11 12 -0.026781484492491032 0.9545506431571329 Penicillium-solitum
11 12 -0.3155023379905587 0.4906416406781372 Penicillium-mb
9 12 -0.14049186957487558 0.7638404247821814 Penicillium-brevicompactum
9 12 -0.42048513255009423 0.3475574552022044 Penicillium-cvjetkovicii
9 12 -0.357619813231444 0.43095170737521216 Penicillium-chrysogenum
9 12 -0.2076089872702303 0.6550981913053706 Penicillium-verrucosum
9 12 0.39754852172866706 0.37714354948616047 Penicillium-commune
9 12 0.3783650460928938 0.4026408291915508 Penicillium-polonicum
9 12 -0.17878356992922234 0.7013149084371171 Penicillium-solitum
9 12 -0.8352686068151579 0.01931752543220311 Penicillium-mb
7 10 -0.48534366664146894 0.2695662135402989 Penicillium-brevicompactum
7 10 -0.256080849780151 0.5793767558896588 Penicillium-cvjetkovicii
7 10 0.42418157462605616 0.3428838708648336 Penicillium-chrysogenum
7 10 0.4054801324393899 0.3667996591675192 Penicillium-verrucosum
7 10 0.42785434299874714 0.33826669254435726 Penicillium-commune
7 10 0.3528388962562595 0.4375812860313726 Penicillium-polonicum
7 10 -0.790578964310985 0.034312876551610236 Penicillium-solitum
7 10 -0.7024569468499617 0.07840522783392521 Penicillium-mb
9 4 -0.4858560761905709 0.2689850873626392 Penicillium-brevicompactum
9 4 -0.45250809059789077 0.3079698322895013 Penicillium-cvjetkovicii
9 4 0.5193369830190081 0.2322637103452108 Penicillium-chrysogenum
9 4 0.5649149846076529 0.18636402539717262 Penicillium-verrucosum
9 4 0.5760816408166511 0.17586206610960511 Penicillium-commune
9 4 0.5859801848429701 0.16680265954935128 Penicillium-polonicum
9 4 -0.7486464089836223 0.052848687464968055 Penicillium-solitum
9 4 -0.624872961715667 0.13351826730714914 Penicillium-mb
11 12 -0.3360257905568179 0.46119783507426426 Penicillium-brevicompactum
11 12 -0.10457468195791088 0.8234376417712364 Penicillium-cvjetkovicii
11 12 0.32465385068087566 0.4774309586072789 Penicillium-chrysogenum
11 12 0.2934960665095358 0.5229252053003675 Penicillium-verrucosum
11 12 0.2864994533649427 0.5333365564501445 Penicillium-commune
11 12 -0.21423621252173142 0.6445898978462083 Penicillium-polonicum
11 12 -0.5893139494380191 0.16380475411268672 Penicillium-solitum
11 12 -0.5174726165245526 0.2342428869933613 Penicillium-mb
11 12 -0.573115715516601 0.17862240102433052 Penicillium-brevicompactum
11 12 -0.286863975079913 0.5327924248071636 Penicillium-cvjetkovicii
11 12 -0.15603740774048436 0.7383156741843782 Penicillium-chrysogenum
11 12 0.6038987242685723 0.15100708303204366 Penicillium-verrucosum
11 12 0.5608695628704865 0.19024185081179507 Penicillium-commune
11 12 0.6191090838472775 0.13821600085019256 Penicillium-polonicum
11 12 -0.4439560000111716 0.3183405632744872 Penicillium-solitum
11 12 -0.8527598040778628 0.0147358149934742 Penicillium-mb
9 12 -0.3437543576717323 0.45028411525498657 Penicillium-brevicompactum
9 12 -0.00335339289248722 0.9943071354226198 Penicillium-cvjetkovicii
9 12 0.47065691594531284 0.2864621032531482 Penicillium-chrysogenum
9 12 -0.016312958612855023 0.9723099460162138 Penicillium-verrucosum
9 12 -0.01635344967817808 0.9722412337538847 Penicillium-commune
9 12 0.41732924612402345 0.351568605560139 Penicillium-polonicum
9 12 -0.4823201292953044 0.2730067609046612 Penicillium-solitum
9 12 -0.6553126172920054 0.11008402119607935 Penicillium-mb
11 12 -0.03892692253378238 0.9339656614688083 Penicillium-brevicompactum
11 12 -0.6651939394229166 0.10297751383629966 Penicillium-cvjetkovicii
11 12 0.4505687172259705 0.31030851994608327 Penicillium-chrysogenum
11 12 0.34933016144492374 0.442471239426525 Penicillium-verrucosum
11 12 0.42019943508530616 0.34791978345025154 Penicillium-commune
11 12 0.3198618224709148 0.4843323708948603 Penicillium-polonicum
11 12 -0.9828592462384232 7.320301917193869e-05 Penicillium-solitum
11 12 -0.19969489444821836 0.6677063704448771 Penicillium-mb
9 12 -0.39815111427584776 0.37635356130023806 Penicillium-brevicompactum
9 12 0.20357072280956376 0.661523726078646 Penicillium-cvjetkovicii
9 12 0.6528358949307603 0.11190385975419678 Penicillium-chrysogenum
9 12 0.6605457297455172 0.10628972423615464 Penicillium-verrucosum
9 12 0.6616416254753107 0.1055038939582697 Penicillium-commune
9 12 -0.3149767123769688 0.49140431770460025 Penicillium-polonicum
9 12 -0.19765305536632857 0.670969509847988 Penicillium-solitum
9 12 -0.5106814527980822 0.2415184058564591 Penicillium-mb
7 10 -0.4825211596836947 0.2727773927266341 Penicillium-brevicompactum
7 10 0.4818997342855789 0.2734866969831879 Penicillium-cvjetkovicii
7 10 0.5830481795287771 0.16946149689183662 Penicillium-chrysogenum
7 10 0.5941562552830555 0.15949830399735618 Penicillium-verrucosum
7 10 0.35968594031688644 0.4280986654398204 Penicillium-commune
7 10 0.3726326631162011 0.41038852436706685 Penicillium-polonicum
7 10 -0.6978757065564919 0.08123589993805537 Penicillium-solitum
7 10 -0.7308484461361417 0.06205422026470527 Penicillium-mb
9 10 -0.4858560761905705 0.26898508736263976 Penicillium-brevicompactum
9 10 -0.47132320332700284 0.2856856402314828 Penicillium-cvjetkovicii
9 10 0.635045204225314 0.12542913289929125 Penicillium-chrysogenum
9 10 0.5917146622221311 0.16166258719780577 Penicillium-verrucosum
9 10 0.48156277303998996 0.27387165688648635 Penicillium-commune
9 10 0.6002103955000868 0.1541944292051824 Penicillium-polonicum
9 10 -0.7296393628251703 0.06270874038032616 Penicillium-solitum
9 10 -0.6361117247520269 0.12459596761398878 Penicillium-mb
7 8 -0.485856076190571 0.268985087362639 Penicillium-brevicompactum
7 8 -0.47438729997476786 0.28212698614345066 Penicillium-cvjetkovicii
7 8 0.6341749453825175 0.12611108423986414 Penicillium-chrysogenum
7 8 0.6314083152283917 0.1282916276477338 Penicillium-verrucosum
7 8 0.5739556023654871 0.17783859503809685 Penicillium-commune
7 8 0.5640771540556118 0.18716396067841135 Penicillium-polonicum
7 8 -0.6870183335035037 0.0881577976852991 Penicillium-solitum
7 8 -0.49582649674298396 0.2577911114688732 Penicillium-mb
