#SPECIES: Penicillium-cvjetkovicii Penicillium-solitum Penicillium-verrucosum Penicillium-commune Penicillium-mb Penicillium-polonicum Penicillium-chrysogenum Penicillium-brevicompactum 
#GENE_TREEs p: 0.7976947038145592 0.16379482647899768 0.15976379166960838 0.22342485521200534 0.04198963355781029 0.2664084459884385 0.15432510311386569 0.1443063948647021 
#GENE_TREEs r: -0.12003044193803215 0.5893250392438222 0.5938558682156688 0.5277555053063544 -0.7719848468102828 0.4881341027885353 0.6000599998609694 0.6117821344271682 
10 10 0.253706365227161 0.5830214047564768 Penicillium-cvjetkovicii
10 10 0.2959827883966852 0.5192415947554125 Penicillium-solitum
10 10 0.2945434015458102 0.5213726945367421 Penicillium-verrucosum
10 10 0.3115151862423108 0.4964374318147252 Penicillium-commune
10 10 -0.7588879820818757 0.047914717875236934 Penicillium-mb
10 10 0.4019883902091896 0.3713388404460071 Penicillium-polonicum
10 10 0.5200724467074925 0.23148511578210526 Penicillium-chrysogenum
10 10 0.6081254589264706 0.14739547381017085 Penicillium-brevicompactum
12 10 -0.16002287534936246 0.7318016121607225 Penicillium-cvjetkovicii
12 10 0.2546686414840925 0.5815435329531389 Penicillium-solitum
12 10 0.2604330183191641 0.5727150143560362 Penicillium-verrucosum
12 10 0.22939009564246726 0.620739623542425 Penicillium-commune
12 10 -0.625852051487506 0.13272847381122027 Penicillium-mb
12 10 0.49596218551466 0.25764026800271533 Penicillium-polonicum
12 10 0.5013813045427479 0.25164899404837626 Penicillium-chrysogenum
12 10 0.5189103075893168 0.23271596838998837 Penicillium-brevicompactum
12 12 -0.31406028614912035 0.4927350478098049 Penicillium-cvjetkovicii
12 12 0.13457650098886448 0.7735990421015178 Penicillium-solitum
12 12 0.13086274377630921 0.7797378569050606 Penicillium-verrucosum
12 12 0.14193269938997713 0.7614671948267676 Penicillium-commune
12 12 -0.5287986873803306 0.22234082216461049 Penicillium-mb
12 12 -0.14238526162120385 0.7607220731412613 Penicillium-polonicum
12 12 0.015382825491483041 0.9738883940337554 Penicillium-chrysogenum
12 12 0.4334804628337998 0.3312454608853295 Penicillium-brevicompactum
8 12 -0.33929007953916446 0.45657638785568716 Penicillium-cvjetkovicii
8 12 0.6384732950649578 0.12276123080700849 Penicillium-solitum
8 12 0.6390731243283249 0.12229743725533512 Penicillium-verrucosum
8 12 0.6422860194882851 0.11982853646009282 Penicillium-commune
8 12 -0.4086163157481779 0.36274231063195217 Penicillium-mb
8 12 -0.3301033174891619 0.46962637883298014 Penicillium-polonicum
8 12 -0.17732279320760602 0.7036778093055096 Penicillium-chrysogenum
8 12 0.6669091009953131 0.1017691278447801 Penicillium-brevicompactum
8 8 -0.12003044193803085 0.7976947038145613 Penicillium-cvjetkovicii
8 8 0.4539117619731272 0.30628196745387687 Penicillium-solitum
8 8 0.6274549092266988 0.13144065583368206 Penicillium-verrucosum
8 8 0.6243753551623682 0.1339205800394891 Penicillium-commune
8 8 -0.8437680533473217 0.017003051649306225 Penicillium-mb
8 8 0.5813526221751745 0.1710085509476079 Penicillium-polonicum
8 8 0.5465789973379105 0.2042491746815238 Penicillium-chrysogenum
8 8 0.6118338786467266 0.14426291877061878 Penicillium-brevicompactum
12 12 -0.1566182300956696 0.7373655634711854 Penicillium-cvjetkovicii
12 12 0.4708152010422589 0.28627755945654587 Penicillium-solitum
12 12 0.47033518634688826 0.2868373694671745 Penicillium-verrucosum
12 12 0.46637626320587705 0.2914729462147073 Penicillium-commune
12 12 -0.7037408081848849 0.0776215374383299 Penicillium-mb
12 12 0.3781253135787326 0.4029636743343953 Penicillium-polonicum
12 12 0.49092021032670147 0.26327243226927644 Penicillium-chrysogenum
12 12 0.612820330109372 0.14343535316640066 Penicillium-brevicompactum
12 12 0.08020446746360811 0.8642781841731255 Penicillium-cvjetkovicii
12 12 0.2583845915676907 0.5758474847282199 Penicillium-solitum
12 12 0.6323517174137372 0.12754593109808532 Penicillium-verrucosum
12 12 0.5146533888514141 0.2372506093425671 Penicillium-commune
12 12 -0.8197104322780293 0.023993389990020063 Penicillium-mb
12 12 0.5243934239763438 0.2269354871433733 Penicillium-polonicum
12 12 0.23963118278436923 0.6047683246730653 Penicillium-chrysogenum
12 12 0.5695971311339598 0.18192436894493375 Penicillium-brevicompactum
10 12 -0.056778654949692434 0.903764858967777 Penicillium-cvjetkovicii
10 12 0.5290163206633188 0.22211497987688722 Penicillium-solitum
10 12 0.2589174959527494 0.5750320481948625 Penicillium-verrucosum
10 12 0.24003620465220055 0.6041392019170919 Penicillium-commune
10 12 -0.5748887749417522 0.1769697125294563 Penicillium-mb
10 12 -0.06219466575768817 0.8946191481679209 Penicillium-polonicum
10 12 0.16630876816106963 0.7215537035014863 Penicillium-chrysogenum
10 12 0.5429609392195609 0.20787132020079477 Penicillium-brevicompactum
6 8 0.2474504008851714 0.5926574028414757 Penicillium-cvjetkovicii
6 8 0.3469604363710835 0.4457854322713398 Penicillium-solitum
6 8 0.3660137810886896 0.4194063201697431 Penicillium-verrucosum
6 8 0.3385992542915343 0.4575529900498697 Penicillium-commune
6 8 -0.7355697472423939 0.05953396839509444 Penicillium-mb
6 8 0.2601943536408372 0.5730797064555408 Penicillium-polonicum
6 8 0.42055986313014126 0.34746270628581194 Penicillium-chrysogenum
6 8 -0.5857834519543702 0.16698041318820217 Penicillium-brevicompactum
12 6 -0.39383386489669703 0.3820282644109736 Penicillium-cvjetkovicii
12 6 0.6072757710545142 0.14811798147156854 Penicillium-solitum
12 6 0.6021585653368758 0.15250672759992706 Penicillium-verrucosum
12 6 0.06500722942002077 0.8898733385846443 Penicillium-commune
12 6 -0.5183371069532817 0.2333241843517502 Penicillium-mb
12 6 0.04001533822493369 0.9321222263073607 Penicillium-polonicum
12 6 0.1156409805735387 0.8049918024955043 Penicillium-chrysogenum
12 6 0.5422284406209422 0.20860835022599292 Penicillium-brevicompactum
10 8 0.24435307965294645 0.597445932512176 Penicillium-cvjetkovicii
10 8 0.11988226293561458 0.7979408502128978 Penicillium-solitum
10 8 0.13497823916805238 0.7729355286102111 Penicillium-verrucosum
10 8 0.4599447911521309 0.2990737897113967 Penicillium-commune
10 8 -0.8412877085650008 0.017661147548690716 Penicillium-mb
10 8 0.4503875134089702 0.3105274273524603 Penicillium-polonicum
10 8 0.2872374835012092 0.5322350713658361 Penicillium-chrysogenum
10 8 -0.6074936070285127 0.1479325817643026 Penicillium-brevicompactum
4 6 -0.12003044193802984 0.797694703814563 Penicillium-cvjetkovicii
4 6 0.4749216260228568 0.2815084598554014 Penicillium-solitum
4 6 0.4629772231436546 0.29547922718999187 Penicillium-verrucosum
4 6 0.46718206542281976 0.29052674163519476 Penicillium-commune
4 6 -0.8240885743936064 0.02261958053362191 Penicillium-mb
4 6 0.4108714722875961 0.35983630568226704 Penicillium-polonicum
4 6 0.5237230140212725 0.22763859568207231 Penicillium-chrysogenum
4 6 0.6125760938997891 0.14364002723090918 Penicillium-brevicompactum
10 10 -0.3175231322484645 0.48771341885656416 Penicillium-cvjetkovicii
10 10 0.3713292655375259 0.4121582543769931 Penicillium-solitum
10 10 0.6041766640345833 0.15076824572724418 Penicillium-verrucosum
10 10 0.23035123967213994 0.6192355400638891 Penicillium-commune
10 10 -0.5074591841884475 0.24500662091208447 Penicillium-mb
10 10 0.10820525997728249 0.8173785391133104 Penicillium-polonicum
10 10 0.37996219055290087 0.40049259142679294 Penicillium-chrysogenum
10 10 0.5788975214877523 0.17326089655081156 Penicillium-brevicompactum
10 10 0.24973992703367143 0.5891252650990835 Penicillium-cvjetkovicii
10 10 0.3210200578166159 0.48266103061700455 Penicillium-solitum
10 10 0.4947081405294462 0.2590359108123994 Penicillium-verrucosum
10 10 0.3407710477996288 0.4544853962930884 Penicillium-commune
10 10 -0.6734524552839819 0.09722754043048487 Penicillium-mb
10 10 0.2917070937720376 0.5255807007230229 Penicillium-polonicum
10 10 0.4694100352492765 0.2879176869174177 Penicillium-chrysogenum
10 10 0.20447929044779561 0.6600765929998018 Penicillium-brevicompactum
8 6 -0.12003044193803433 0.7976947038145554 Penicillium-cvjetkovicii
8 6 0.5939439644416588 0.1596859078308589 Penicillium-solitum
8 6 0.5993565193023221 0.15493706878537722 Penicillium-verrucosum
8 6 0.5805986237346402 0.17169873667494182 Penicillium-commune
8 6 -0.866031013218926 0.011723620679681643 Penicillium-mb
8 6 0.49861514597297274 0.25469912857923654 Penicillium-polonicum
8 6 0.49255285913724905 0.26144259263288333 Penicillium-chrysogenum
8 6 0.6122427123293744 0.14391964403730373 Penicillium-brevicompactum
12 8 -0.11986060797171844 0.7979768233029129 Penicillium-cvjetkovicii
12 8 0.6298655479065386 0.12951586416317432 Penicillium-solitum
12 8 0.33848827008764276 0.45770995784649743 Penicillium-verrucosum
12 8 0.268083689936688 0.5610633755156293 Penicillium-commune
12 8 -0.6804403260142963 0.09249729550369672 Penicillium-mb
12 8 0.19332461561061492 0.6779005053506122 Penicillium-polonicum
12 8 0.34459655037120374 0.4491007311503288 Penicillium-chrysogenum
12 8 0.6224462940173646 0.1354860297964318 Penicillium-brevicompactum
8 8 -0.12003044193802984 0.797694703814563 Penicillium-cvjetkovicii
8 8 0.6019406468818652 0.1526950492333167 Penicillium-solitum
8 8 0.6047133974156929 0.15030755976167648 Penicillium-verrucosum
8 8 0.6101444609522966 0.14568579545712787 Penicillium-commune
8 8 -0.6704655676904814 0.09928721300215856 Penicillium-mb
8 8 0.6117309471003577 0.14434940954393438 Penicillium-polonicum
8 8 0.6295527596809045 0.12976479509814692 Penicillium-chrysogenum
8 8 0.6194292243396643 0.137952916435791 Penicillium-brevicompactum
12 12 0.2644451869887941 0.5665951802272918 Penicillium-cvjetkovicii
12 12 0.1668823195335552 0.7206202657572383 Penicillium-solitum
12 12 0.402257139014032 0.37098865952529175 Penicillium-verrucosum
12 12 0.3651471864547063 0.42059265031105153 Penicillium-commune
12 12 -0.8793206188185165 0.009096322071491152 Penicillium-mb
12 12 0.6466160266312592 0.11654215835285195 Penicillium-polonicum
12 12 0.4261329361433174 0.34042744219117804 Penicillium-chrysogenum
12 12 0.6600287982861677 0.1066614514964893 Penicillium-brevicompactum
12 12 -0.18429090174984197 0.6924237579130641 Penicillium-cvjetkovicii
12 12 -0.14448270439961278 0.7572706624379212 Penicillium-solitum
12 12 0.3031783063074613 0.5086331863201143 Penicillium-verrucosum
12 12 0.2772781239214276 0.5471626947266384 Penicillium-commune
12 12 -0.5812618991401548 0.17109152340783607 Penicillium-mb
12 12 -0.09474395064069478 0.839878594678247 Penicillium-polonicum
12 12 0.10591520995212138 0.821199597401658 Penicillium-chrysogenum
12 12 0.6128203301093716 0.14343535316640088 Penicillium-brevicompactum
12 10 0.09897365671593727 0.8327988492702517 Penicillium-cvjetkovicii
12 10 -0.002067059282831174 0.9964908586698751 Penicillium-solitum
12 10 0.007745160579143457 0.9868518013992242 Penicillium-verrucosum
12 10 0.006950142944911889 0.9882013558498455 Penicillium-commune
12 10 -0.4852947198830253 0.2696217539961135 Penicillium-mb
12 10 0.5059353053765314 0.24666433060807513 Penicillium-polonicum
12 10 0.5373141629156353 0.21358517484242967 Penicillium-chrysogenum
12 10 0.5724685299833993 0.1792275238076207 Penicillium-brevicompactum
10 10 -0.2236425035529788 0.6297557447400688 Penicillium-cvjetkovicii
10 10 0.38890813531235574 0.3885447213635231 Penicillium-solitum
10 10 0.43300466430416756 0.3318368145951612 Penicillium-verrucosum
10 10 0.4177466487027439 0.3510369780220226 Penicillium-commune
10 10 -0.8368857847172126 0.018864207661032067 Penicillium-mb
10 10 0.3284016313782518 0.4720584595785595 Penicillium-polonicum
10 10 0.30493018597074933 0.506061846164727 Penicillium-chrysogenum
10 10 0.612820330109372 0.14343535316640066 Penicillium-brevicompactum
6 8 -0.1200304419380316 0.7976947038145601 Penicillium-cvjetkovicii
6 8 0.6896485448979947 0.0864534347333011 Penicillium-solitum
6 8 0.6970093506974855 0.0817772143740896 Penicillium-verrucosum
6 8 0.6799635234290583 0.09281611394833972 Penicillium-commune
6 8 -0.8297129359508454 0.02092155744756411 Penicillium-mb
6 8 0.5629417058947214 0.18825070947374348 Penicillium-polonicum
6 8 0.7036476398848664 0.07767826768593783 Penicillium-chrysogenum
6 8 0.612594662623925 0.14362446115989105 Penicillium-brevicompactum
10 10 -0.235790271543384 0.610744052013801 Penicillium-cvjetkovicii
10 10 0.04831943700002806 0.918066102567212 Penicillium-solitum
10 10 0.2568475273655555 0.5782014806187799 Penicillium-verrucosum
10 10 0.23410639134031855 0.6133692932929481 Penicillium-commune
10 10 -0.6617215722850652 0.10544668551387773 Penicillium-mb
10 10 0.11140959712974398 0.8120367850005332 Penicillium-polonicum
10 10 0.20835771307139964 0.6539086911205964 Penicillium-chrysogenum
10 10 0.6128203301093718 0.14343535316640088 Penicillium-brevicompactum
8 12 0.2323486037456765 0.6161132653086584 Penicillium-cvjetkovicii
8 12 0.6789214009492311 0.09351494837030488 Penicillium-solitum
8 12 0.6794504799848323 0.09315980993443941 Penicillium-verrucosum
8 12 0.6824650308623269 0.0911498896387342 Penicillium-commune
8 12 -0.15543467955715692 0.7393018984736962 Penicillium-mb
8 12 -0.6036158979268185 0.1512503138360887 Penicillium-polonicum
8 12 -0.43543349551187716 0.3288228261932872 Penicillium-chrysogenum
8 12 0.702413311591937 0.07843193727195132 Penicillium-brevicompactum
6 8 0.27217529900023557 0.5548635023261503 Penicillium-cvjetkovicii
6 8 0.4435937627444402 0.318783118115065 Penicillium-solitum
6 8 0.33207690815823065 0.46681144403684166 Penicillium-verrucosum
6 8 0.4536291156704067 0.3066215135254725 Penicillium-commune
6 8 -0.7342124023075336 0.06025272849852453 Penicillium-mb
6 8 0.35647219753784565 0.4325395482176064 Penicillium-polonicum
6 8 0.5364085514053967 0.21450840358339276 Penicillium-chrysogenum
6 8 0.6129270627933802 0.1433459555692979 Penicillium-brevicompactum
10 10 -0.21410327613958974 0.6448002296460302 Penicillium-cvjetkovicii
10 10 0.4756030952093725 0.2807204851534838 Penicillium-solitum
10 10 0.26620565457874046 0.5639164893950595 Penicillium-verrucosum
10 10 0.46649213283950086 0.29133680352139674 Penicillium-commune
10 10 -0.8183099957843264 0.024442493465990797 Penicillium-mb
10 10 0.37684660019781757 0.4046874330628186 Penicillium-polonicum
10 10 0.503856486460866 0.2489340375412178 Penicillium-chrysogenum
10 10 0.6128203301093716 0.14343535316640088 Penicillium-brevicompactum
10 10 0.5557041936277235 0.19524946253780354 Penicillium-cvjetkovicii
10 10 0.6484734800409384 0.1151468233294721 Penicillium-solitum
10 10 0.6727573877568496 0.09770482037388446 Penicillium-verrucosum
10 10 -0.2563092237412948 0.5790265933730008 Penicillium-commune
10 10 0.014398116392264945 0.9755595319615585 Penicillium-mb
10 10 -0.2354100140347059 0.6113366012826084 Penicillium-polonicum
10 10 0.6867260764714201 0.08834826459132333 Penicillium-chrysogenum
10 10 0.6154761189485598 0.1412192599322294 Penicillium-brevicompactum
4 10 -0.6080116844860347 0.14749211572903922 Penicillium-cvjetkovicii
4 10 0.4259593890250088 0.3406456056863326 Penicillium-solitum
4 10 0.28055537514602613 0.5422355021678158 Penicillium-verrucosum
4 10 0.43373688799342736 0.3309269455799293 Penicillium-commune
4 10 -0.3954831343880574 0.3798563493939113 Penicillium-mb
4 10 0.3009750995933965 0.5118733745255063 Penicillium-polonicum
4 10 0.3538328381945468 0.4361998322278528 Penicillium-chrysogenum
4 10 0.6002664906404963 0.15414570411120287 Penicillium-brevicompactum
10 12 0.04048721666369258 0.9313230866597608 Penicillium-cvjetkovicii
10 12 0.5349209428466215 0.21602905450860932 Penicillium-solitum
10 12 -0.2772788266215678 0.5471616366825383 Penicillium-verrucosum
10 12 0.5443601066167585 0.20646696100681727 Penicillium-commune
10 12 -0.4654611793491618 0.29254912784901205 Penicillium-mb
10 12 -0.40934313353747254 0.36180467293088336 Penicillium-polonicum
10 12 -0.26563235853916806 0.5647883611914497 Penicillium-chrysogenum
10 12 0.5953795934940195 0.15841936398609696 Penicillium-brevicompactum
8 8 -0.23109420205669085 0.6180736090665813 Penicillium-cvjetkovicii
8 8 0.0809982512126384 0.8629437256657253 Penicillium-solitum
8 8 0.1699599932926168 0.7156161748707237 Penicillium-verrucosum
8 8 0.26643961210726197 0.5635608088478546 Penicillium-commune
8 8 -0.5226621577072086 0.2287532805200979 Penicillium-mb
8 8 0.03387465414547231 0.942525590002758 Penicillium-polonicum
8 8 0.3252478580562208 0.47657796963618465 Penicillium-chrysogenum
8 8 0.612820330109372 0.14343535316640066 Penicillium-brevicompactum
8 8 -0.12003044193802984 0.797694703814563 Penicillium-cvjetkovicii
8 8 0.6546362682141158 0.1105794526583235 Penicillium-solitum
8 8 0.3027398275198323 0.5092774757631441 Penicillium-verrucosum
8 8 0.24971104888334825 0.5891697764175284 Penicillium-commune
8 8 -0.4595658361301082 0.29952433906201326 Penicillium-mb
8 8 0.2232480751944234 0.6303758306977092 Penicillium-polonicum
8 8 0.6659351559974057 0.1024543898517316 Penicillium-chrysogenum
8 8 0.6146730849022427 0.1418875061733083 Penicillium-brevicompactum
0 6 -0.12003044193803498 0.7976947038145544 Penicillium-cvjetkovicii
0 6 0.5957109493587218 0.15812774749138048 Penicillium-solitum
0 6 0.5548234431467505 0.1961095874134934 Penicillium-verrucosum
0 6 0.5916843602522108 0.1616895385892635 Penicillium-commune
0 6 -0.7805781258373701 0.038335086562014176 Penicillium-mb
0 6 0.4625639715861969 0.2959679553230105 Penicillium-polonicum
0 6 0.5975919799048456 0.1564773806780521 Penicillium-chrysogenum
0 6 0.6119007963416392 0.14420670353216153 Penicillium-brevicompactum
4 6 -0.12003044193802755 0.7976947038145668 Penicillium-cvjetkovicii
4 6 0.4556187790572487 0.3042348100852229 Penicillium-solitum
4 6 0.5689721794265413 0.1825139362705334 Penicillium-verrucosum
4 6 0.5658937602441639 0.1854316306720847 Penicillium-commune
4 6 -0.6645274838139278 0.10344906079204194 Penicillium-mb
4 6 0.40010669627992396 0.37379448491392797 Penicillium-polonicum
4 6 0.6165486364039982 0.14032924755248113 Penicillium-chrysogenum
4 6 0.6121370623694968 0.14400831290750682 Penicillium-brevicompactum
6 4 -0.12003044193802984 0.797694703814563 Penicillium-cvjetkovicii
6 4 0.5066344374432251 0.24590315760217712 Penicillium-solitum
6 4 0.474938127017412 0.28148936826989324 Penicillium-verrucosum
6 4 0.4103370780165703 0.36052405299117213 Penicillium-commune
6 4 -0.6434095631221189 0.11897127210407837 Penicillium-mb
6 4 0.46861068654417787 0.28885255742206745 Penicillium-polonicum
6 4 0.627653124815069 0.1312818433203925 Penicillium-chrysogenum
6 4 0.6120290867044768 0.1440989621049229 Penicillium-brevicompactum
8 8 -0.12003044193803777 0.7976947038145498 Penicillium-cvjetkovicii
8 8 0.2805148851841687 0.542296287368988 Penicillium-solitum
8 8 0.3316314734529768 0.4674462263117818 Penicillium-verrucosum
8 8 0.46674226601166746 0.29104300215271656 Penicillium-commune
8 8 -0.6186175348118532 0.13862043898955667 Penicillium-mb
8 8 0.47677332022189967 0.2793696770159475 Penicillium-polonicum
8 8 0.594632444827087 0.15907788888809654 Penicillium-chrysogenum
8 8 0.47806119672013436 0.2778864407441938 Penicillium-brevicompactum
10 10 0.3842563287503824 0.3947394507184679 Penicillium-cvjetkovicii
10 10 0.12772299030147938 0.7849349668080776 Penicillium-solitum
10 10 0.059298219022675014 0.8995091114155229 Penicillium-verrucosum
10 10 0.14954947943335917 0.7489464221603341 Penicillium-commune
10 10 -0.26846742822649683 0.5604809696233591 Penicillium-mb
10 10 0.16886753508874475 0.717391520917984 Penicillium-polonicum
10 10 0.6220455550203338 0.13581239153074662 Penicillium-chrysogenum
10 10 0.6114790175137875 0.14456120976266174 Penicillium-brevicompactum
12 10 -0.3742910543156106 0.40814111663323016 Penicillium-cvjetkovicii
12 10 -0.02464704075263271 0.9581705919661146 Penicillium-solitum
12 10 -0.012697068984515442 0.9784465236981668 Penicillium-verrucosum
12 10 0.15114533882945574 0.7463285468985379 Penicillium-commune
12 10 -0.3827254250382941 0.3967866980743281 Penicillium-mb
12 10 0.14272044410244186 0.7601703062350663 Penicillium-polonicum
12 10 0.12137181075211409 0.7954671077059592 Penicillium-chrysogenum
12 10 0.21893333019874114 0.6371702946590367 Penicillium-brevicompactum
2 8 0.24658334320254588 0.5939967191808722 Penicillium-cvjetkovicii
2 8 0.3240315735769663 0.47832513445196273 Penicillium-solitum
2 8 0.27345358533788494 0.5529311228171816 Penicillium-verrucosum
2 8 0.32519229929657734 0.47665772807315887 Penicillium-commune
2 8 -0.4908308926718921 0.26337270530993495 Penicillium-mb
2 8 0.22184537796812906 0.6325824241866462 Penicillium-polonicum
2 8 0.5642602794450154 0.18698897584489863 Penicillium-chrysogenum
2 8 -0.5983049615804227 0.15585408525539227 Penicillium-brevicompactum
6 4 -0.12003044193802755 0.7976947038145668 Penicillium-cvjetkovicii
6 4 0.5012964531608382 0.25174230532586983 Penicillium-solitum
6 4 0.5476093860249635 0.20322319949138593 Penicillium-verrucosum
6 4 0.47580429594185675 0.28048802830113245 Penicillium-commune
6 4 -0.7142068923431442 0.07138943831932931 Penicillium-mb
6 4 0.4462028488151969 0.31560147351133583 Penicillium-polonicum
6 4 0.595827493719549 0.15802524384554628 Penicillium-chrysogenum
6 4 0.6123579355284952 0.14382297200406635 Penicillium-brevicompactum
6 6 -0.12003044193803498 0.7976947038145544 Penicillium-cvjetkovicii
6 6 0.5583397545925033 0.1926865309790475 Penicillium-solitum
6 6 0.6201046096144611 0.1373987323301241 Penicillium-verrucosum
6 6 0.4682324897433132 0.2892953433834072 Penicillium-commune
6 6 -0.690545561479922 0.08587619615999102 Penicillium-mb
6 6 0.3997379475047939 0.3742764843723475 Penicillium-polonicum
6 6 0.6292430837057075 0.13001148926405273 Penicillium-chrysogenum
6 6 0.6120937946525012 0.14404463415824847 Penicillium-brevicompactum
12 12 -0.394245682967149 0.3814854727440565 Penicillium-cvjetkovicii
12 12 0.5184252012167393 0.23323066038909274 Penicillium-solitum
12 12 -0.4094782342746832 0.3616304957362239 Penicillium-verrucosum
12 12 0.5238067293921961 0.2275507413589535 Penicillium-commune
12 12 -0.4822012516262389 0.2731424368113907 Penicillium-mb
12 12 0.5183207431203054 0.2333415587008083 Penicillium-polonicum
12 12 0.518239105014064 0.23342824723711778 Penicillium-chrysogenum
12 12 0.559970710572145 0.19110872517099484 Penicillium-brevicompactum
12 12 0.4001842232160199 0.3736931800877088 Penicillium-cvjetkovicii
12 12 0.4679784411473322 0.28959294811103775 Penicillium-solitum
12 12 -0.33278935875300464 0.4657967996042085 Penicillium-verrucosum
12 12 -0.3296371790006216 0.47029213632443156 Penicillium-commune
12 12 0.23430007924049454 0.6130671578630923 Penicillium-mb
12 12 0.35427360621575005 0.4355877530163098 Penicillium-polonicum
12 12 0.4821363953741082 0.2732164705199923 Penicillium-chrysogenum
12 12 -0.3386363516703539 0.4575005267352613 Penicillium-brevicompactum
6 8 -0.12003044193803049 0.7976947038145619 Penicillium-cvjetkovicii
6 8 0.525651613364314 0.2256186904878818 Penicillium-solitum
6 8 0.47444475925058965 0.2820604431649915 Penicillium-verrucosum
6 8 0.5220553418638217 0.22939203506095152 Penicillium-commune
6 8 -0.803212806289131 0.029583930898443436 Penicillium-mb
6 8 0.5193835466743956 0.2322143797250172 Penicillium-polonicum
6 8 0.6089658923648172 0.14668258156206115 Penicillium-chrysogenum
6 8 0.611930457611992 0.1441817896564184 Penicillium-brevicompactum
6 6 -0.12003044193802984 0.797694703814563 Penicillium-cvjetkovicii
6 6 0.5801065354741765 0.17214991649957473 Penicillium-solitum
6 6 0.5858618129376435 0.16690960064459723 Penicillium-verrucosum
6 6 0.577779568136179 0.1742913267673564 Penicillium-commune
6 6 -0.6700550923196611 0.09957203203284924 Penicillium-mb
6 6 0.26256878728539085 0.5694547022075283 Penicillium-polonicum
6 6 0.5839940173363007 0.1686015120848952 Penicillium-chrysogenum
6 6 0.6122419547658841 0.14392027973986607 Penicillium-brevicompactum
8 8 0.27077908785057436 0.5569766382919639 Penicillium-cvjetkovicii
8 8 0.33205661120453855 0.4668403620391669 Penicillium-solitum
8 8 0.5867322347847423 0.1661240244032532 Penicillium-verrucosum
8 8 0.23127312997949417 0.6177938751385188 Penicillium-commune
8 8 -0.4936769173792566 0.2601861526449492 Penicillium-mb
8 8 0.20797316261180215 0.6545195536335864 Penicillium-polonicum
8 8 0.6046676346352293 0.15034681106104392 Penicillium-chrysogenum
8 8 0.6129115741117428 0.14335892689963137 Penicillium-brevicompactum
8 10 -0.012250951388757947 0.9792036996717115 Penicillium-cvjetkovicii
8 10 0.46281022996542936 0.2956766771671783 Penicillium-solitum
8 10 0.48729192274200545 0.26735971313335866 Penicillium-verrucosum
8 10 0.48833640782440235 0.26618016566680774 Penicillium-commune
8 10 -0.4001541309303542 0.37373250049145734 Penicillium-mb
8 10 0.06759303019875809 0.8855124630154085 Penicillium-polonicum
8 10 0.6220455550203337 0.1358123915307467 Penicillium-chrysogenum
8 10 0.6131627991546709 0.14314860611202349 Penicillium-brevicompactum
12 12 0.022550819292795708 0.9617262737292167 Penicillium-cvjetkovicii
12 12 0.7084205535698567 0.07480047555288973 Penicillium-solitum
12 12 0.7013740853955408 0.07906948737115474 Penicillium-verrucosum
12 12 0.7119520433191819 0.07270853020690518 Penicillium-commune
12 12 -0.898846458836441 0.005915031960526222 Penicillium-mb
12 12 0.7078296117063964 0.07515363292806294 Penicillium-polonicum
12 12 -0.01472714842879107 0.9750011275138311 Penicillium-chrysogenum
12 12 0.6550291488890859 0.11029152385299547 Penicillium-brevicompactum
12 12 0.6236821749774083 0.1344820383100858 Penicillium-cvjetkovicii
12 12 0.5228760016189874 0.22852838040408302 Penicillium-solitum
12 12 0.4326568406746208 0.33226939743283285 Penicillium-verrucosum
12 12 0.4203146130778737 0.3477736929347736 Penicillium-commune
12 12 -0.47486039354769927 0.2815793106529332 Penicillium-mb
12 12 0.47351045331002145 0.2831433238317879 Penicillium-polonicum
12 12 0.5580947871270676 0.1929240576503084 Penicillium-chrysogenum
12 12 0.4406693651180489 0.32236564822802083 Penicillium-brevicompactum
10 12 0.24118356105512317 0.6023580646373741 Penicillium-cvjetkovicii
10 12 0.44106711802468535 0.32187736719597565 Penicillium-solitum
10 12 -0.09763289303354922 0.8350420862291552 Penicillium-verrucosum
10 12 0.4408857948667655 0.322099919760709 Penicillium-commune
10 12 -0.14133836318904003 0.7624459629877526 Penicillium-mb
10 12 -0.11855652425524205 0.8001436810278089 Penicillium-polonicum
10 12 -0.3504794025255357 0.4408673290847019 Penicillium-chrysogenum
10 12 -0.2817603352574831 0.5404275967342933 Penicillium-brevicompactum
8 6 -0.12003044193802909 0.7976947038145642 Penicillium-cvjetkovicii
8 6 0.600483803338672 0.15395701562969524 Penicillium-solitum
8 6 0.5417773711460577 0.20906282957718375 Penicillium-verrucosum
8 6 0.4628087534072169 0.2956784232851365 Penicillium-commune
8 6 -0.7847835587575624 0.036613541395233595 Penicillium-mb
8 6 0.4068759236198783 0.36499159408458653 Penicillium-polonicum
8 6 0.4904227630232838 0.2638311157435092 Penicillium-chrysogenum
8 6 0.612346955417828 0.14383218288389812 Penicillium-brevicompactum
6 10 -0.2287628283562212 0.6217217938113475 Penicillium-cvjetkovicii
6 10 0.3713153758787486 0.41217712958782965 Penicillium-solitum
6 10 0.2921817452187997 0.5248756986035561 Penicillium-verrucosum
6 10 0.3589777257551288 0.42907579382666783 Penicillium-commune
6 10 -0.7589639278380593 0.04787911792548315 Penicillium-mb
6 10 0.18101801386428687 0.6977042544261727 Penicillium-polonicum
6 10 0.37937238024907954 0.4012853843589418 Penicillium-chrysogenum
6 10 0.6128203301093716 0.14343535316640088 Penicillium-brevicompactum
10 12 -0.1662156801412149 0.721705227415239 Penicillium-cvjetkovicii
10 12 0.4039611467751279 0.36877148518485375 Penicillium-solitum
10 12 0.5514098278249484 0.19946047851407606 Penicillium-verrucosum
10 12 0.3995403998028049 0.374534807618246 Penicillium-commune
10 12 -0.8100273988550523 0.02719495251981856 Penicillium-mb
10 12 0.3524246822649982 0.4381574817797712 Penicillium-polonicum
10 12 0.532763177714198 0.21824379785690426 Penicillium-chrysogenum
10 12 0.6128203301093716 0.14343535316640088 Penicillium-brevicompactum
6 10 -0.23070534023273964 0.6186816777026247 Penicillium-cvjetkovicii
6 10 0.3767843030190966 0.40477148657128664 Penicillium-solitum
6 10 0.1626768563118495 0.7274708720859469 Penicillium-verrucosum
6 10 0.36176044069188623 0.4252414022286494 Penicillium-commune
6 10 -0.6909980165633879 0.0855858136355064 Penicillium-mb
6 10 0.0851329273491956 0.8559970188755066 Penicillium-polonicum
6 10 0.39780666368137885 0.37680504730100367 Penicillium-chrysogenum
6 10 0.6128203301093718 0.14343535316640088 Penicillium-brevicompactum
8 12 -0.12221808248534456 0.7940622809566652 Penicillium-cvjetkovicii
8 12 -0.13115836816374968 0.7792488546661662 Penicillium-solitum
8 12 -0.13950994639656808 0.7654586206935914 Penicillium-verrucosum
8 12 0.048585711192352714 0.9176156523807882 Penicillium-commune
8 12 -0.3016871789241454 0.5108253630887054 Penicillium-mb
8 12 -0.3182389870324231 0.4866776132745133 Penicillium-polonicum
8 12 0.11614173570476323 0.8041587630338451 Penicillium-chrysogenum
8 12 0.6128203301093719 0.14343535316640066 Penicillium-brevicompactum
10 8 -0.3787831404110709 0.4020780314929548 Penicillium-cvjetkovicii
10 8 0.25558976344752066 0.5801299541609488 Penicillium-solitum
10 8 0.26084098171532166 0.5720917939152195 Penicillium-verrucosum
10 8 0.09123702660053087 0.8457550695418318 Penicillium-commune
10 8 -0.2659583920748501 0.564292474955719 Penicillium-mb
10 8 0.084874507044806 0.8564309804927593 Penicillium-polonicum
10 8 0.2388324441359619 0.6060095792579054 Penicillium-chrysogenum
10 8 0.2690596702542637 0.559582494933612 Penicillium-brevicompactum
10 10 -0.20161389050448855 0.6646433376395056 Penicillium-cvjetkovicii
10 10 -0.006348785289566239 0.9892221845585587 Penicillium-solitum
10 10 0.5889629859789803 0.16411909189535726 Penicillium-verrucosum
10 10 0.5817090025229291 0.17068280853203585 Penicillium-commune
10 10 -0.6800558853094066 0.09275431024231899 Penicillium-mb
10 10 0.5015366596229731 0.25147819090211954 Penicillium-polonicum
10 10 0.6075228511292537 0.14790770105442083 Penicillium-chrysogenum
10 10 0.6128203301093719 0.14343535316640066 Penicillium-brevicompactum
8 10 0.28586708824034057 0.5342809458671564 Penicillium-cvjetkovicii
8 10 0.6158772711685357 0.14088603704635871 Penicillium-solitum
8 10 0.26582018005732283 0.5645026739291434 Penicillium-verrucosum
8 10 0.26084793243217097 0.5720811775835112 Penicillium-commune
8 10 -0.5080878341419646 0.24432426750914374 Penicillium-mb
8 10 0.26375152950708475 0.5676517419253306 Penicillium-polonicum
8 10 0.6295837125442616 0.12974015055105834 Penicillium-chrysogenum
8 10 0.6129290634471265 0.1433442801218407 Penicillium-brevicompactum
8 8 -0.23006347202023042 0.6196857540042962 Penicillium-cvjetkovicii
8 8 0.05199613031901395 0.9118479043333835 Penicillium-solitum
8 8 0.4221134390222282 0.3454954288966271 Penicillium-verrucosum
8 8 0.4104863103819196 0.36033194120124457 Penicillium-commune
8 8 -0.7184197593963431 0.06895958542769857 Penicillium-mb
8 8 0.3263446598897843 0.4750044256789414 Penicillium-polonicum
8 8 0.35054802095643584 0.44077163323236523 Penicillium-chrysogenum
8 8 0.6128203301093718 0.14343535316640088 Penicillium-brevicompactum
8 8 -0.12003044193803498 0.7976947038145544 Penicillium-cvjetkovicii
8 8 0.64899294008826 0.11475815225955827 Penicillium-solitum
8 8 0.4749771484994935 0.28144422287522464 Penicillium-verrucosum
8 8 0.4633724841209135 0.2950121094002909 Penicillium-commune
8 8 -0.5866221171667104 0.16622330688101788 Penicillium-mb
8 8 0.3516908149216896 0.43917904136216374 Penicillium-polonicum
8 8 0.6595773799204436 0.10698662000301287 Penicillium-chrysogenum
8 8 0.6105385515041324 0.14535325225508947 Penicillium-brevicompactum
8 8 0.2424879820791281 0.6003350094209468 Penicillium-cvjetkovicii
8 8 0.3498435326508298 0.44175449293510743 Penicillium-solitum
8 8 0.3984992547200358 0.3758974631115217 Penicillium-verrucosum
8 8 0.37971119183745894 0.4008298950347573 Penicillium-commune
8 8 -0.7867000176303698 0.035843555295230894 Penicillium-mb
8 8 0.27565948239772003 0.5496016317777876 Penicillium-polonicum
8 8 0.40767563952870667 0.3639573277535714 Penicillium-chrysogenum
8 8 -0.6096977368987921 0.1460632144612741 Penicillium-brevicompactum
12 12 0.09715023268797167 0.8358498455359649 Penicillium-cvjetkovicii
12 12 0.3719595055742038 0.41130215265994396 Penicillium-solitum
12 12 0.09216616605125107 0.844197568115176 Penicillium-verrucosum
12 12 0.16187285825341985 0.7287822244696962 Penicillium-commune
12 12 -0.7495784780922626 0.05238870394066259 Penicillium-mb
12 12 0.24038246475978595 0.6036015084839355 Penicillium-polonicum
12 12 0.38957127211886894 0.38766484036017435 Penicillium-chrysogenum
12 12 0.2385494739767059 0.6064495009962172 Penicillium-brevicompactum
8 8 -0.12003044193802984 0.797694703814563 Penicillium-cvjetkovicii
8 8 0.5154796100210223 0.23636729361018446 Penicillium-solitum
8 8 0.5105117738689764 0.24170151076385557 Penicillium-verrucosum
8 8 0.49378823487103995 0.26006187542762743 Penicillium-commune
8 8 -0.874251227792947 0.010053364665130364 Penicillium-mb
8 8 0.534453682131475 0.21650774556167415 Penicillium-polonicum
8 8 0.5540770270524537 0.19683995146434174 Penicillium-chrysogenum
8 8 0.6121053396434052 0.14403494221999308 Penicillium-brevicompactum
8 12 0.1059410971161253 0.8211563875942454 Penicillium-cvjetkovicii
8 12 0.5133820861580493 0.2386127589780374 Penicillium-solitum
8 12 0.03799592897265208 0.9355426593380592 Penicillium-verrucosum
8 12 0.5133235279460177 0.23867558915412587 Penicillium-commune
8 12 -0.5613533721460643 0.18977604462037184 Penicillium-mb
8 12 -0.08540596653311429 0.8555385393232073 Penicillium-polonicum
8 12 0.017259064188224277 0.9707044662900617 Penicillium-chrysogenum
8 12 0.48610436110109795 0.2687037104439548 Penicillium-brevicompactum
8 6 -0.12003044193803265 0.7976947038145583 Penicillium-cvjetkovicii
8 6 0.16483307198976582 0.7239566156295898 Penicillium-solitum
8 6 0.5476852733689429 0.2031477351215886 Penicillium-verrucosum
8 6 0.15957623812419694 0.732530989939973 Penicillium-commune
8 6 -0.5787429032207602 0.17340323097671032 Penicillium-mb
8 6 0.5431554756037305 0.2076757897156032 Penicillium-polonicum
8 6 0.6265122673043774 0.13219724870641736 Penicillium-chrysogenum
8 6 0.6120206509426225 0.14410604542073188 Penicillium-brevicompactum
12 12 0.05818077881500016 0.9013963269678122 Penicillium-cvjetkovicii
12 12 -0.057766969530179436 0.9020952927461943 Penicillium-solitum
12 12 -0.09567220135494744 0.8383241254468421 Penicillium-verrucosum
12 12 -0.07301710161551198 0.8763724939577373 Penicillium-commune
12 12 -0.19587944491606818 0.6738073233179023 Penicillium-mb
12 12 -0.06584825619177968 0.8884547254827636 Penicillium-polonicum
12 12 0.30452839637352586 0.506651176848377 Penicillium-chrysogenum
12 12 0.6128203301093718 0.14343535316640088 Penicillium-brevicompactum
10 8 -0.3167103885710448 0.4888903702146784 Penicillium-cvjetkovicii
10 8 0.23404575185076532 0.6134638942969644 Penicillium-solitum
10 8 0.23560702860216573 0.6110295755447623 Penicillium-verrucosum
10 8 0.1897095212249429 0.6837031299248703 Penicillium-commune
10 8 -0.3999766297750079 0.37396446866286615 Penicillium-mb
10 8 0.25294596201557934 0.5841900570773715 Penicillium-polonicum
10 8 -0.15951749002418733 0.7326269400312269 Penicillium-chrysogenum
10 8 -0.27248018551004477 0.5544024085278558 Penicillium-brevicompactum
8 8 -0.4850914690390272 0.2698524404741264 Penicillium-cvjetkovicii
8 8 0.33822724395915293 0.45807921252118294 Penicillium-solitum
8 8 0.33937497204404893 0.4564564309605498 Penicillium-verrucosum
8 8 0.3378371515240456 0.45863125375887576 Penicillium-commune
8 8 -0.47630205347427945 0.2799133159794834 Penicillium-mb
8 8 0.24925141566210007 0.5898783699692427 Penicillium-polonicum
8 8 0.6021126653749026 0.1525463839454471 Penicillium-chrysogenum
8 8 0.6128203301093716 0.14343535316640088 Penicillium-brevicompactum
12 12 -0.4313517817614522 0.33389462032864264 Penicillium-cvjetkovicii
12 12 0.07858630399035148 0.8669993290424156 Penicillium-solitum
12 12 0.019390196839392505 0.967088367339531 Penicillium-verrucosum
12 12 0.222827359496129 0.631037433359217 Penicillium-commune
12 12 -0.36880369563519344 0.4155959106518613 Penicillium-mb
12 12 0.07797377976175027 0.8680296391118659 Penicillium-polonicum
12 12 0.25842022376416834 0.5757929499907051 Penicillium-chrysogenum
12 12 0.27289559637590016 0.5537743634830603 Penicillium-brevicompactum
12 10 -0.6104986532492485 0.14538690197499282 Penicillium-cvjetkovicii
12 10 0.409910314990633 0.36107367342780944 Penicillium-solitum
12 10 0.2843968562808637 0.5364787804420719 Penicillium-verrucosum
12 10 0.2959483365558559 0.5192925680064628 Penicillium-commune
12 10 -0.30467664790466625 0.5064336989993183 Penicillium-mb
12 10 0.45766077218278856 0.30179383732578996 Penicillium-polonicum
12 10 -0.642166365318917 0.11992001915874373 Penicillium-chrysogenum
12 10 0.540090805891154 0.21076632330082662 Penicillium-brevicompactum
10 10 -0.21869829372419405 0.6375409936487235 Penicillium-cvjetkovicii
10 10 0.42710469854046484 0.3392069472809378 Penicillium-solitum
10 10 0.4480704343137417 0.3133325482406556 Penicillium-verrucosum
10 10 0.41824673393273665 0.3504004846628968 Penicillium-commune
10 10 -0.7686924987302585 0.04343864429951729 Penicillium-mb
10 10 0.35416417419083146 0.43573968688515924 Penicillium-polonicum
10 10 0.4643405393572743 0.2938694461408839 Penicillium-chrysogenum
10 10 0.6128203301093719 0.14343535316640066 Penicillium-brevicompactum
8 6 -0.23655837852743203 0.6095476379904277 Penicillium-cvjetkovicii
8 6 0.040245251229285836 0.9317328563540427 Penicillium-solitum
8 6 0.0711191137546257 0.8795695467453779 Penicillium-verrucosum
8 6 0.029306923358876105 0.9502683852179363 Penicillium-commune
8 6 -0.48276625143531565 0.27249786985382146 Penicillium-mb
8 6 -0.05659399343179101 0.9040768402801991 Penicillium-polonicum
8 6 0.07211971555913843 0.8778839254200497 Penicillium-chrysogenum
8 6 0.6128203301093718 0.14343535316640088 Penicillium-brevicompactum
12 12 0.484524555038688 0.270496350409129 Penicillium-cvjetkovicii
12 12 -0.22352910874112414 0.6299339965237563 Penicillium-solitum
12 12 0.6644485818462277 0.10350496181145424 Penicillium-verrucosum
12 12 0.661327990930376 0.10572848092628098 Penicillium-commune
12 12 -0.4912017513440125 0.26295647215822887 Penicillium-mb
12 12 0.5661659248992387 0.18517276740636054 Penicillium-polonicum
12 12 0.6883129893275968 0.08731666910723489 Penicillium-chrysogenum
12 12 0.4942218163644254 0.25957807418930573 Penicillium-brevicompactum
8 8 -0.12003044193803207 0.7976947038145592 Penicillium-cvjetkovicii
8 8 0.22736169463297048 0.6239172881590995 Penicillium-solitum
8 8 0.6083067136780843 0.14724157872236635 Penicillium-verrucosum
8 8 0.5484688635451402 0.2023692985246976 Penicillium-commune
8 8 -0.729918152506614 0.06255749203892665 Penicillium-mb
8 8 0.5313927263154461 0.21965599056768406 Penicillium-polonicum
8 8 0.6132095691170252 0.14310946838655977 Penicillium-chrysogenum
8 8 0.6127239270791796 0.14351612295897395 Penicillium-brevicompactum
10 8 0.2651389264559233 0.5655391187236655 Penicillium-cvjetkovicii
10 8 0.5833787895040096 0.16916065070342304 Penicillium-solitum
10 8 0.4005175404443591 0.37325776074875694 Penicillium-verrucosum
10 8 0.3787351614017766 0.40214260029812565 Penicillium-commune
10 8 -0.7734040240747595 0.04137339118856021 Penicillium-mb
10 8 0.29820434789646866 0.5159583007489619 Penicillium-polonicum
10 8 0.40922074794244434 0.3619624872334861 Penicillium-chrysogenum
10 8 0.6128226038468789 0.1434334484271597 Penicillium-brevicompactum
12 6 -0.37399040443399517 0.40854818911084795 Penicillium-cvjetkovicii
12 6 0.05995210515592565 0.8984049543562352 Penicillium-solitum
12 6 0.06818443817957279 0.884515390695038 Penicillium-verrucosum
12 6 0.07350870356913311 0.8755446348293882 Penicillium-commune
12 6 -0.2739954072279853 0.5521127131840922 Penicillium-mb
12 6 0.1014553768019319 0.8286490618837477 Penicillium-polonicum
12 6 0.16625521412532096 0.7216408751356665 Penicillium-chrysogenum
12 6 0.20484013279953403 0.6595020898612224 Penicillium-brevicompactum
12 12 0.353201321893922 0.43707736752226506 Penicillium-cvjetkovicii
12 12 0.22534744765438836 0.627077370387672 Penicillium-solitum
12 12 0.23749530005950498 0.6080892113031132 Penicillium-verrucosum
12 12 0.2523610190980284 0.5850895376107068 Penicillium-commune
12 12 -0.8544779381796777 0.01432356067850454 Penicillium-mb
12 12 0.6343090846980598 0.1260058468126051 Penicillium-polonicum
12 12 0.3714264898723625 0.4120261418391832 Penicillium-chrysogenum
12 12 0.5942962632565087 0.15937463738350946 Penicillium-brevicompactum
12 12 -0.1126008785469251 0.8100523403008549 Penicillium-cvjetkovicii
12 12 0.6779093748694143 0.09419623930847608 Penicillium-solitum
12 12 0.17248875358309654 0.7115106207688577 Penicillium-verrucosum
12 12 0.6684053096844689 0.10072108131933737 Penicillium-commune
12 12 -0.7613922013351996 0.046748502264531075 Penicillium-mb
12 12 0.6307778567230479 0.1287912003086223 Penicillium-polonicum
12 12 0.6928344872822179 0.08441252649220299 Penicillium-chrysogenum
12 12 0.621654947071332 0.13613088591597278 Penicillium-brevicompactum
8 8 -0.35153730363569546 0.43939284672711665 Penicillium-cvjetkovicii
8 8 0.5483220157712301 0.2025150713345813 Penicillium-solitum
8 8 0.5483025608270613 0.20253438764154658 Penicillium-verrucosum
8 8 0.5465697646206932 0.2042583790434832 Penicillium-commune
8 8 -0.5068496927548344 0.24566901943200065 Penicillium-mb
8 8 0.21240759947741 0.6474847749471018 Penicillium-polonicum
8 8 0.6059771154830582 0.14922568333828756 Penicillium-chrysogenum
8 8 0.48073940652171165 0.2748133349019961 Penicillium-brevicompactum
10 8 -0.19698791965933973 0.6720333784271113 Penicillium-cvjetkovicii
10 8 0.46728442372642637 0.29040664624209167 Penicillium-solitum
10 8 0.46250815120369043 0.2960339981315117 Penicillium-verrucosum
10 8 0.07369050221149237 0.8752385082059937 Penicillium-commune
10 8 -0.4439217166865281 0.3183824367310995 Penicillium-mb
10 8 -0.038343852425294894 0.9349532964986713 Penicillium-polonicum
10 8 0.16610390314924325 0.7218871818384037 Penicillium-chrysogenum
10 8 0.5281531526949604 0.2230113427795763 Penicillium-brevicompactum
10 12 -0.7082167425655971 0.07492217617636035 Penicillium-cvjetkovicii
10 12 -0.023219931966379406 0.9605912451129344 Penicillium-solitum
10 12 0.47764757541878017 0.2783624185055679 Penicillium-verrucosum
10 12 0.44487116680580047 0.31722366443083944 Penicillium-commune
10 12 -0.19941825592816464 0.6681482343935803 Penicillium-mb
10 12 0.03863848905828039 0.9344542170104314 Penicillium-polonicum
10 12 0.5168895204958792 0.23486350086866734 Penicillium-chrysogenum
10 12 0.41002629590701534 0.36092426935814065 Penicillium-brevicompactum
10 10 -0.16770562003015912 0.7192808508648465 Penicillium-cvjetkovicii
10 10 0.6434979020485578 0.11890400371357006 Penicillium-solitum
10 10 0.07059689303783594 0.8804494276705436 Penicillium-verrucosum
10 10 0.6390189837577213 0.12233926227072996 Penicillium-commune
10 10 -0.7632520477964244 0.04589257433697485 Penicillium-mb
10 10 0.5822439663932503 0.17019440994221427 Penicillium-polonicum
10 10 0.6583009743133977 0.10790883243127163 Penicillium-chrysogenum
10 10 0.6128203301093719 0.14343535316640066 Penicillium-brevicompactum
12 12 0.752319880494134 0.05104852065937073 Penicillium-cvjetkovicii
12 12 0.793020420916794 0.033368479350400625 Penicillium-solitum
12 12 0.7972781331496854 0.031756593845257815 Penicillium-verrucosum
12 12 0.7894488602201508 0.03475499416508298 Penicillium-commune
12 12 -0.6509595698101568 0.11329282658800413 Penicillium-mb
12 12 0.7073277039226503 0.07545428033514638 Penicillium-polonicum
12 12 0.8149872367046072 0.025526875212911523 Penicillium-chrysogenum
12 12 0.36975270862547527 0.41430286080423717 Penicillium-brevicompactum
8 10 -0.023138144044395962 0.9607299807191563 Penicillium-cvjetkovicii
8 10 0.4696225584126754 0.2876693594240617 Penicillium-solitum
8 10 0.2084172310461744 0.6538141598905116 Penicillium-verrucosum
8 10 0.4721555353523174 0.2847169963147412 Penicillium-commune
8 10 -0.620236333240591 0.1372907788399129 Penicillium-mb
8 10 0.44914418542937523 0.3120312706832638 Penicillium-polonicum
8 10 0.6220455550203339 0.13581239153074648 Penicillium-chrysogenum
8 10 0.6174142868312483 0.1396129744697025 Penicillium-brevicompactum
8 8 -0.12003044193802984 0.797694703814563 Penicillium-cvjetkovicii
8 8 0.7044973616736516 0.07716168993521828 Penicillium-solitum
8 8 0.7170524737970421 0.06974324194015402 Penicillium-verrucosum
8 8 0.7231892655712412 0.06626319748532329 Penicillium-commune
8 8 -0.8872159571837854 0.007714632716705264 Penicillium-mb
8 8 0.7025121954826313 0.07837141672570813 Penicillium-polonicum
8 8 0.3243456004140359 0.4778738206052689 Penicillium-chrysogenum
8 8 0.6124307933699218 0.14376186131414867 Penicillium-brevicompactum
12 12 -0.3140315035879294 0.4927768632508489 Penicillium-cvjetkovicii
12 12 0.20988218475862008 0.651488564415998 Penicillium-solitum
12 12 0.15731887318020363 0.7362198034524001 Penicillium-verrucosum
12 12 0.16498317854115535 0.7237121108234351 Penicillium-commune
12 12 -0.44788802162097263 0.31355384779317846 Penicillium-mb
12 12 -0.11201591810502236 0.8110266708633812 Penicillium-polonicum
12 12 0.04484837345672725 0.9239395834766658 Penicillium-chrysogenum
12 12 0.2920516803526345 0.5250688527150371 Penicillium-brevicompactum
4 4 -0.12003044193802984 0.797694703814563 Penicillium-cvjetkovicii
4 4 0.5855027648645249 0.16723418378795576 Penicillium-solitum
4 4 0.5909860243411437 0.16231127538826517 Penicillium-verrucosum
4 4 0.5764874680708009 0.17548600932237915 Penicillium-commune
4 4 -0.684771103970944 0.08962792438191701 Penicillium-mb
4 4 0.24403488750446325 0.5979385229434495 Penicillium-polonicum
4 4 0.5601715829066759 0.1909148334535665 Penicillium-chrysogenum
4 4 0.6122204553371238 0.14393832138123805 Penicillium-brevicompactum
8 12 -0.5765474690185166 0.17543044341676084 Penicillium-cvjetkovicii
8 12 0.13839240213736334 0.7673011433959122 Penicillium-solitum
8 12 -0.06844176956113214 0.8840815858307662 Penicillium-verrucosum
8 12 0.1254230679489278 0.7887459818652676 Penicillium-commune
8 12 -0.08654087673046419 0.8536331781335834 Penicillium-mb
8 12 0.031796339795518595 0.9460481395725371 Penicillium-polonicum
8 12 0.20942724884872407 0.6522105300015877 Penicillium-chrysogenum
8 12 0.15753143214915982 0.7358722829773906 Penicillium-brevicompactum
10 12 0.20573475671926153 0.658078318090088 Penicillium-cvjetkovicii
10 12 0.5263259071839542 0.22491447110379426 Penicillium-solitum
10 12 0.28476428248180924 0.5359292369234134 Penicillium-verrucosum
10 12 0.5262869213136535 0.2249551589722572 Penicillium-commune
10 12 -0.6755060029753882 0.09582459336760239 Penicillium-mb
10 12 0.17977532220907388 0.6997117735395348 Penicillium-polonicum
10 12 0.275781427480938 0.5494177639447951 Penicillium-chrysogenum
10 12 0.43812562411465433 0.32549586979806816 Penicillium-brevicompactum
12 12 -0.41257332405232244 0.35764971314431837 Penicillium-cvjetkovicii
12 12 -0.09532624672281996 0.8389034201076441 Penicillium-solitum
12 12 0.7262772451986517 0.06454830489540037 Penicillium-verrucosum
12 12 0.7284425142490615 0.06336029603509573 Penicillium-commune
12 12 -0.5904985583876576 0.16274597392463808 Penicillium-mb
12 12 0.6808343247239953 0.09223428027520031 Penicillium-polonicum
12 12 0.7623702342714286 0.04629731399378763 Penicillium-chrysogenum
12 12 0.7329399030884837 0.060930807726456204 Penicillium-brevicompactum
10 6 0.5935784637271503 0.16000916192880377 Penicillium-cvjetkovicii
10 6 0.33732265581955745 0.45935972170406036 Penicillium-solitum
10 6 0.3321872588474568 0.4666542338411427 Penicillium-verrucosum
10 6 0.2515796346028783 0.5862917547195274 Penicillium-commune
10 6 -0.3413569370192544 0.4536591615422773 Penicillium-mb
10 6 0.39671035102189334 0.37824349805789975 Penicillium-polonicum
10 6 0.6220455550203339 0.13581239153074648 Penicillium-chrysogenum
10 6 0.5635640466075612 0.1876546824010061 Penicillium-brevicompactum
10 8 -0.21692583470073343 0.6403384412904973 Penicillium-cvjetkovicii
10 8 0.42534480475004244 0.34141866563806983 Penicillium-solitum
10 8 0.4349057764961131 0.3294766842717549 Penicillium-verrucosum
10 8 0.4227639730742262 0.3446730606536821 Penicillium-commune
10 8 -0.8612692031485306 0.012759142046308408 Penicillium-mb
10 8 0.2938602518216876 0.5223851793905917 Penicillium-polonicum
10 8 0.3054699218554699 0.5052705566304978 Penicillium-chrysogenum
10 8 0.612820330109372 0.14343535316640066 Penicillium-brevicompactum
12 12 -0.14523506413473966 0.7560334080874678 Penicillium-cvjetkovicii
12 12 0.3418663207115971 0.4529412724960484 Penicillium-solitum
12 12 0.0818723485462677 0.8614745489081148 Penicillium-verrucosum
12 12 0.051401207922779704 0.9128538295174412 Penicillium-commune
12 12 -0.5768396943990904 0.17515994170707083 Penicillium-mb
12 12 -0.08411499034286424 0.8577065924813456 Penicillium-polonicum
12 12 0.11121214738626466 0.8123657756633629 Penicillium-chrysogenum
12 12 0.6128203301093719 0.14343535316640066 Penicillium-brevicompactum
6 10 -0.23080019380850006 0.6185333378963306 Penicillium-cvjetkovicii
6 10 0.3605056701934391 0.42696874914691774 Penicillium-solitum
6 10 0.17626862496653958 0.7053841736809241 Penicillium-verrucosum
6 10 0.3498021999593405 0.4418121835609524 Penicillium-commune
6 10 -0.7516373719583145 0.05138040275859815 Penicillium-mb
6 10 0.06087056327847976 0.8968542594361619 Penicillium-polonicum
6 10 0.24548525411271488 0.5956942151312006 Penicillium-chrysogenum
6 10 0.6128203301093714 0.1434353531664012 Penicillium-brevicompactum
8 8 -0.12003044193803464 0.797694703814555 Penicillium-cvjetkovicii
8 8 0.4399312305844253 0.3232726257859176 Penicillium-solitum
8 8 0.3912138308339077 0.3854888790836582 Penicillium-verrucosum
8 8 0.5351297098023564 0.215815343016283 Penicillium-commune
8 8 -0.848411498332878 0.015809129934406956 Penicillium-mb
8 8 0.4730177506197267 0.2837151237159753 Penicillium-polonicum
8 8 0.5645753680618628 0.18668808023708985 Penicillium-chrysogenum
8 8 0.6125768042803368 0.14363943170671353 Penicillium-brevicompactum
8 8 -0.120030441938038 0.7976947038145494 Penicillium-cvjetkovicii
8 8 0.5406352397884621 0.2102157044625712 Penicillium-solitum
8 8 0.5183107412586728 0.23335217850524817 Penicillium-verrucosum
8 8 0.5670294158693924 0.184352643067151 Penicillium-commune
8 8 -0.7037286373805629 0.07762894699508245 Penicillium-mb
8 8 0.5293221012608299 0.2217978483810807 Penicillium-polonicum
8 8 0.6361772384035784 0.12454488106236446 Penicillium-chrysogenum
8 8 0.6083816994992357 0.14717793532748188 Penicillium-brevicompactum
10 10 -0.12003044193803082 0.7976947038145614 Penicillium-cvjetkovicii
10 10 0.5274328977364818 0.22376059919285107 Penicillium-solitum
10 10 0.5970304719733481 0.15696912951176972 Penicillium-verrucosum
10 10 0.5368560386967569 0.21405197468953727 Penicillium-commune
10 10 -0.8333811043586772 0.01985435646727632 Penicillium-mb
10 10 0.6118889209859163 0.14421667880175804 Penicillium-polonicum
10 10 0.6028904175831544 0.151875123675744 Penicillium-chrysogenum
10 10 0.573190212828975 0.178552809829307 Penicillium-brevicompactum
12 12 0.5675239412740413 0.183883752590966 Penicillium-cvjetkovicii
12 12 -0.04680583348938428 0.9206269605443981 Penicillium-solitum
12 12 0.018540257865809328 0.9685304900212801 Penicillium-verrucosum
12 12 0.4857966504591327 0.2690524532738572 Penicillium-commune
12 12 -0.14619264792691442 0.754459262545053 Penicillium-mb
12 12 0.05799258116544903 0.9017142055936612 Penicillium-polonicum
12 12 0.5307774113339765 0.22029144790938238 Penicillium-chrysogenum
12 12 0.2519703560530696 0.5856905064550164 Penicillium-brevicompactum
10 8 -0.2392827551268017 0.6053096948619427 Penicillium-cvjetkovicii
10 8 0.34048312038084766 0.4548916436184095 Penicillium-solitum
10 8 0.33477466177470516 0.4629736930848504 Penicillium-verrucosum
10 8 0.34703787773431555 0.44567697880354534 Penicillium-commune
10 8 -0.38155042635649183 0.3983608641369175 Penicillium-mb
10 8 0.3958734569269917 0.379343071272247 Penicillium-polonicum
10 8 0.6215776215187068 0.13619398058831014 Penicillium-chrysogenum
10 8 0.5834996594044233 0.16905072818315162 Penicillium-brevicompactum
8 8 0.2830323331555676 0.5385212779098488 Penicillium-cvjetkovicii
8 8 0.6392252547906958 0.122179951749166 Penicillium-solitum
8 8 0.6506571273261388 0.11351754176856109 Penicillium-verrucosum
8 8 0.07350873781719033 0.8755445771586958 Penicillium-commune
8 8 -0.351829376417904 0.4389860914905517 Penicillium-mb
8 8 0.08241754799516954 0.8605583420133196 Penicillium-polonicum
8 8 0.6660804634761406 0.10235200001765397 Penicillium-chrysogenum
8 8 0.6129410777427932 0.14333421895772633 Penicillium-brevicompactum
8 10 0.2537150357789458 0.5830080832784582 Penicillium-cvjetkovicii
8 10 0.3823817931195911 0.3972468107534683 Penicillium-solitum
8 10 0.47913181610383837 0.27665611724440753 Penicillium-verrucosum
8 10 0.3728155388602384 0.41014045807800725 Penicillium-commune
8 10 -0.827385020730502 0.021615282125384144 Penicillium-mb
8 10 0.38092906466824683 0.39919431599917166 Penicillium-polonicum
8 10 0.49514075874074676 0.2585540550805516 Penicillium-chrysogenum
8 10 0.6081480180667188 0.1473763154786919 Penicillium-brevicompactum
