#SPECIES: Penicillium-polonicum Penicillium-cvjetkovicii Penicillium-brevicompactum Penicillium-commune Penicillium-chrysogenum Penicillium-mb Penicillium-verrucosum Penicillium-solitum 
#GENE_TREEs p: 0.0008424467524535283 0.2013616660155988 0.05555638475079987 0.2130247309168371 0.31535885834273975 0.25773040522742735 0.4259298721732835 0.2666584213908689 
#GENE_TREEs r: -0.954171666916929 -0.5494853180996825 0.7432473630655886 0.537864819934068 0.4464022701370692 0.4958810996817853 0.36126009071404186 0.4879126615002301 
7 12 0.6124713866956538 0.14372781868500137 Penicillium-polonicum
7 12 0.839025320610546 0.01827383899031446 Penicillium-cvjetkovicii
7 12 -0.5834705985310954 0.16907715374732726 Penicillium-brevicompactum
7 12 0.8666064581608871 0.011601879552834352 Penicillium-commune
7 12 0.8849737932320263 0.008093668133866633 Penicillium-chrysogenum
7 12 0.8480483464166744 0.01590072044187591 Penicillium-mb
7 12 0.8492376824909704 0.015601881517481474 Penicillium-verrucosum
7 12 0.8416657126379494 0.017559935006891382 Penicillium-solitum
9 10 0.7798288458265314 0.038646422114177806 Penicillium-polonicum
9 10 0.8418367368811629 0.01751425106950544 Penicillium-cvjetkovicii
9 10 -0.5834705985310953 0.16907715374732726 Penicillium-brevicompactum
9 10 0.9629007958228702 0.0004990899481299094 Penicillium-commune
9 10 0.9381963819945435 0.0017638262406966911 Penicillium-chrysogenum
9 10 0.9259204475812601 0.002755770927725108 Penicillium-mb
9 10 0.8976710515227687 0.006084394425482339 Penicillium-verrucosum
9 10 0.9232906864055865 0.0030025448968829926 Penicillium-solitum
7 12 0.02734252220359154 0.9535992420931186 Penicillium-polonicum
7 12 0.6327256028040149 0.12725101394044466 Penicillium-cvjetkovicii
7 12 -0.5760123384981836 0.17592632407150618 Penicillium-brevicompactum
7 12 0.37827878054640174 0.40275699025065165 Penicillium-commune
7 12 0.2800282565093497 0.5430270102019162 Penicillium-chrysogenum
7 12 0.34770304208265923 0.4447458528781684 Penicillium-mb
7 12 0.24111169826880788 0.6024695772555878 Penicillium-verrucosum
7 12 0.3408026288485297 0.4544408456664446 Penicillium-solitum
7 10 0.2864644647042426 0.533388794765421 Penicillium-polonicum
7 10 0.8076445064515418 0.02801750228129002 Penicillium-cvjetkovicii
7 10 -0.5834705985310952 0.16907715374732743 Penicillium-brevicompactum
7 10 0.5023398413722958 0.2505959939419464 Penicillium-commune
7 10 0.4746946959021984 0.28177107589545386 Penicillium-chrysogenum
7 10 0.489449686445411 0.2649255358633667 Penicillium-mb
7 10 0.45057436022248376 0.3103017038752591 Penicillium-verrucosum
7 10 0.5055847847394128 0.24704636536172675 Penicillium-solitum
11 12 -0.08716064783501822 0.8525929043073379 Penicillium-polonicum
11 12 0.14236196244219662 0.7607604305199399 Penicillium-cvjetkovicii
11 12 -0.320962599182822 0.48274389484365743 Penicillium-brevicompactum
11 12 0.349275204137472 0.4425479944664805 Penicillium-commune
11 12 -0.019261337560865645 0.9673070031015132 Penicillium-chrysogenum
11 12 0.32652602624951105 0.4747444075350082 Penicillium-mb
11 12 0.19550123241233494 0.674412870152673 Penicillium-verrucosum
11 12 -0.0015214457444842732 0.9974171164733663 Penicillium-solitum
7 10 0.4270877954243031 0.3392281610593534 Penicillium-polonicum
7 10 0.8278062990087417 0.021488790892110626 Penicillium-cvjetkovicii
7 10 -0.5834705985310954 0.16907715374732726 Penicillium-brevicompactum
7 10 0.6998221979124385 0.0800266668166209 Penicillium-commune
7 10 0.654465652258044 0.11070461241362568 Penicillium-chrysogenum
7 10 0.6630856507863337 0.10447306530718242 Penicillium-mb
7 10 0.5918545271409907 0.16153821646781857 Penicillium-verrucosum
7 10 0.6509472104146261 0.11330200512454393 Penicillium-solitum
7 10 0.20580237727958997 0.6579707349629595 Penicillium-polonicum
7 10 -0.8621105280929269 0.012572523454218757 Penicillium-cvjetkovicii
7 10 0.29618505346584245 0.5189423677729219 Penicillium-brevicompactum
7 10 0.5513838854852183 0.19948604881428197 Penicillium-commune
7 10 0.46012601776092993 0.29885843031494885 Penicillium-chrysogenum
7 10 0.5177398334808168 0.23395873280882526 Penicillium-mb
7 10 0.40925466819004314 0.3619187447534692 Penicillium-verrucosum
7 10 0.5045551701767784 0.24817012704121272 Penicillium-solitum
9 10 0.28382899475262285 0.5373284751096661 Penicillium-polonicum
9 10 -0.8209253943466541 0.02360756542806785 Penicillium-cvjetkovicii
9 10 -0.8229851037386511 0.02296153065687865 Penicillium-brevicompactum
9 10 -0.5646485050997024 0.18661827131085007 Penicillium-commune
9 10 0.37282782182276636 0.41012379866359133 Penicillium-chrysogenum
9 10 0.3872233703221487 0.39078375301554863 Penicillium-mb
9 10 0.37077202708737156 0.4129157736277145 Penicillium-verrucosum
9 10 0.3855350593138236 0.3930326745783259 Penicillium-solitum
7 12 0.47643012864816364 0.279765525470467 Penicillium-polonicum
7 12 0.8310682941178114 0.020523547603173025 Penicillium-cvjetkovicii
7 12 -0.5834705985310952 0.16907715374732743 Penicillium-brevicompactum
7 12 0.7215816160954606 0.06716559755799667 Penicillium-commune
7 12 0.644471989337043 0.118163553258847 Penicillium-chrysogenum
7 12 0.7004642147988148 0.0796299374029921 Penicillium-mb
7 12 0.599728948148557 0.1546129380607765 Penicillium-verrucosum
7 12 0.6777704860846734 0.09428994142205606 Penicillium-solitum
9 12 0.6209194643307433 0.13673161163036535 Penicillium-polonicum
9 12 0.8032647258380355 0.029565302782808042 Penicillium-cvjetkovicii
9 12 -0.5834705985310952 0.16907715374732743 Penicillium-brevicompactum
9 12 0.8910335017011985 0.0070933540617418136 Penicillium-commune
9 12 0.9043863588332991 0.0051539192915371025 Penicillium-chrysogenum
9 12 0.8529951581707634 0.014678948112159399 Penicillium-mb
9 12 0.877420251616317 0.009448627241666518 Penicillium-verrucosum
9 12 0.9332912949674026 0.0021291710911362297 Penicillium-solitum
11 12 0.20162070307331154 0.6646324702384698 Penicillium-polonicum
11 12 0.3778346719896359 0.4033552155718782 Penicillium-cvjetkovicii
11 12 0.2297385463095024 0.6201942154117721 Penicillium-brevicompactum
11 12 0.07491269482811422 0.8731808083199852 Penicillium-commune
11 12 0.07925817193176479 0.8658693707539276 Penicillium-chrysogenum
11 12 0.01675772082151463 0.9715552039041235 Penicillium-mb
11 12 0.1296117850796082 0.7818077473946475 Penicillium-verrucosum
11 12 -0.04703786288532519 0.9202343553624948 Penicillium-solitum
7 12 0.28090775530877665 0.5417065894950226 Penicillium-polonicum
7 12 0.8619190792296679 0.01261485119607585 Penicillium-cvjetkovicii
7 12 -0.5834705985310953 0.16907715374732726 Penicillium-brevicompactum
7 12 0.3318751824826364 0.46709888106069786 Penicillium-commune
7 12 0.23943430823597822 0.6050742012432488 Penicillium-chrysogenum
7 12 0.3717089820811581 0.41164237369072865 Penicillium-mb
7 12 0.36543584765729176 0.4201973412134227 Penicillium-verrucosum
7 12 0.39367518857654366 0.3822374892169432 Penicillium-solitum
9 10 0.04259999076452893 0.9277456133551635 Penicillium-polonicum
9 10 0.39523273017082683 0.38018578191420827 Penicillium-cvjetkovicii
9 10 -0.5792072105536648 0.1729759839666313 Penicillium-brevicompactum
9 10 0.3645683664023918 0.42138575402050615 Penicillium-commune
9 10 0.005477939573792632 0.9907005004782985 Penicillium-chrysogenum
9 10 0.32082638359079474 0.4829403591910722 Penicillium-mb
9 10 0.27446356173812525 0.5514058937017754 Penicillium-verrucosum
9 10 0.3331454084845789 0.465290031350314 Penicillium-solitum
9 12 0.3843183678056146 0.3946565762947548 Penicillium-polonicum
9 12 0.8283424296353241 0.021328421576120495 Penicillium-cvjetkovicii
9 12 -0.5834705985310954 0.16907715374732726 Penicillium-brevicompactum
9 12 0.6715644415542437 0.09852683185902654 Penicillium-commune
9 12 0.6554832835873315 0.1099591888824351 Penicillium-chrysogenum
9 12 0.6515996810314901 0.11281798231670229 Penicillium-mb
9 12 0.585095659299478 0.16760258838792894 Penicillium-verrucosum
9 12 0.6862562164559237 0.08865493237514352 Penicillium-solitum
9 10 -0.23768959304206916 0.6077869008049425 Penicillium-polonicum
9 10 0.6327256028040167 0.12725101394044325 Penicillium-cvjetkovicii
9 10 -0.5705147567424114 0.18106038641668698 Penicillium-brevicompactum
9 10 0.1013845929789834 0.8287673789605613 Penicillium-commune
9 10 0.030416195685242745 0.9483877446120632 Penicillium-chrysogenum
9 10 0.08793465160868642 0.85129399259356 Penicillium-mb
9 10 -0.009882867584078293 0.9832231422369409 Penicillium-verrucosum
9 10 0.057504569385383904 0.9025385392381562 Penicillium-solitum
7 12 -0.10070475571166423 0.8299038761697209 Penicillium-polonicum
7 12 0.7864947595965338 0.035925588307659836 Penicillium-cvjetkovicii
7 12 -0.5795327984702153 0.17267669320110687 Penicillium-brevicompactum
7 12 0.306936125691914 0.5031231824715354 Penicillium-commune
7 12 0.03370153706015278 0.942818979559737 Penicillium-chrysogenum
7 12 0.2632516891970706 0.5684134727342476 Penicillium-mb
7 12 -0.021441570904314082 0.9636080254847703 Penicillium-verrucosum
7 12 0.2615623903184236 0.5709902652539487 Penicillium-solitum
11 12 0.7397653994512585 0.05734178566301328 Penicillium-polonicum
11 12 0.8374082565210988 0.018719056266909586 Penicillium-cvjetkovicii
11 12 -0.5834705985310952 0.16907715374732743 Penicillium-brevicompactum
11 12 0.9163358767014909 0.0037158132312581893 Penicillium-commune
11 12 0.9004269768678491 0.005691665102816859 Penicillium-chrysogenum
11 12 0.9688742955498763 0.00032282819243207455 Penicillium-mb
11 12 0.8488227752972999 0.015705766048789902 Penicillium-verrucosum
11 12 0.8886741392606343 0.007473757176053921 Penicillium-solitum
9 12 -0.011101425153992059 0.9811547966283404 Penicillium-polonicum
9 12 -0.3772116132537292 0.40419508349508965 Penicillium-cvjetkovicii
9 12 -0.5562094424546018 0.19475686949119203 Penicillium-brevicompactum
9 12 0.0653118472474591 0.8893594932597649 Penicillium-commune
9 12 -0.03383220740119848 0.9425975259926103 Penicillium-chrysogenum
9 12 0.10734477323451282 0.8188139687810957 Penicillium-mb
9 12 -0.07391154071838961 0.8748663231283781 Penicillium-verrucosum
9 12 -0.30975221323684243 0.49900777681897757 Penicillium-solitum
9 10 -0.09901086939772526 0.832736601391368 Penicillium-polonicum
9 10 0.632725602804016 0.1272510139404438 Penicillium-cvjetkovicii
9 10 -0.5770663727430674 0.17495025548238105 Penicillium-brevicompactum
9 10 0.22889709669849387 0.6215115199011924 Penicillium-commune
9 10 0.09359091667826053 0.8418100668478155 Penicillium-chrysogenum
9 10 0.13026361946304651 0.78072906554307 Penicillium-mb
9 10 0.12346412557601458 0.7919946325335314 Penicillium-verrucosum
9 10 0.20879058718069202 0.6532212496079308 Penicillium-solitum
11 8 0.3036490633261385 0.5079417829865337 Penicillium-polonicum
11 8 -0.8161563298071249 0.025142319418657688 Penicillium-cvjetkovicii
11 8 -0.6466248047150208 0.11653554379220435 Penicillium-brevicompactum
11 8 -0.38652320698980563 0.3917157805083664 Penicillium-commune
11 8 0.3121525792181671 0.49550929008089273 Penicillium-chrysogenum
11 8 -0.4273167594203716 0.33894085401949325 Penicillium-mb
11 8 0.3284663515044959 0.47196587658066774 Penicillium-verrucosum
11 8 0.30563895910530336 0.5050228252292002 Penicillium-solitum
7 12 0.19306318896571065 0.6783197031523585 Penicillium-polonicum
7 12 0.53275920683588 0.2182478834540253 Penicillium-cvjetkovicii
7 12 -0.45457228223989055 0.30548911905197706 Penicillium-brevicompactum
7 12 0.4953315937634649 0.25834163089550394 Penicillium-commune
7 12 -0.5950164428441999 0.15873926935076302 Penicillium-chrysogenum
7 12 0.46554536864625146 0.29245004385556156 Penicillium-mb
7 12 0.39822954624542595 0.3762507880338145 Penicillium-verrucosum
7 12 0.4739227202820943 0.2826652688242887 Penicillium-solitum
7 12 0.2586564052483417 0.5754315172981076 Penicillium-polonicum
7 12 -0.7034293980716968 0.07781124181789212 Penicillium-cvjetkovicii
7 12 -0.6016993496535586 0.1529037100581395 Penicillium-brevicompactum
7 12 -0.31207928231034765 0.495615990395157 Penicillium-commune
7 12 0.23816186509950701 0.6070522534369933 Penicillium-chrysogenum
7 12 0.2606494729700889 0.5723843234151538 Penicillium-mb
7 12 0.2856717566524479 0.5345727716321209 Penicillium-verrucosum
7 12 -0.3590035517131282 0.42904014653403627 Penicillium-solitum
11 12 0.43509618617692397 0.32924069746930784 Penicillium-polonicum
11 12 0.5356207813011701 0.21531303640819774 Penicillium-cvjetkovicii
11 12 -0.6074282851674371 0.14798816481216978 Penicillium-brevicompactum
11 12 -0.28353427664179853 0.5377696398510194 Penicillium-commune
11 12 0.3462179838977139 0.44682571079410516 Penicillium-chrysogenum
11 12 -0.30118149793462523 0.5115695288963592 Penicillium-mb
11 12 -0.41951722599211705 0.3487856180691446 Penicillium-verrucosum
11 12 0.28734778376196685 0.5320705174614877 Penicillium-solitum
9 12 0.03886587651029344 0.9340690613173281 Penicillium-polonicum
9 12 0.25522503268847824 0.5806895524000598 Penicillium-cvjetkovicii
9 12 -0.38608535214682893 0.39229908657171797 Penicillium-brevicompactum
9 12 0.2781366659661984 0.545870502127903 Penicillium-commune
9 12 0.21643397960751545 0.6411153310897215 Penicillium-chrysogenum
9 12 0.04187089703029177 0.9289800508132315 Penicillium-mb
9 12 -0.3304407203419478 0.4691447017881091 Penicillium-verrucosum
9 12 0.24609214720421954 0.5947558601533685 Penicillium-solitum
9 10 0.24183162559299712 0.6013527129381304 Penicillium-polonicum
9 10 -0.7633353641137833 0.0458544343433461 Penicillium-cvjetkovicii
9 10 -0.5870004684427725 0.1658823066748836 Penicillium-brevicompactum
9 10 0.399414366691425 0.3746996528506657 Penicillium-commune
9 10 0.38150008735095503 0.39842835961590356 Penicillium-chrysogenum
9 10 0.35356521752115894 0.43657162753168877 Penicillium-mb
9 10 0.3590942304475088 0.42891499266487887 Penicillium-verrucosum
9 10 0.38971864784046917 0.3874694044407349 Penicillium-solitum
7 10 0.28625362051352987 0.5337036228367913 Penicillium-polonicum
7 10 -0.8530849125887074 0.014657294494974549 Penicillium-cvjetkovicii
7 10 0.5510606296067241 0.1998048010852957 Penicillium-brevicompactum
7 10 0.629117859051242 0.13011131359003458 Penicillium-commune
7 10 0.5783806119614199 0.17373696461678223 Penicillium-chrysogenum
7 10 0.5997543213689847 0.1545908676790209 Penicillium-mb
7 10 0.5230597473089477 0.22833521756978262 Penicillium-verrucosum
7 10 0.599710910118195 0.1546286290330029 Penicillium-solitum
9 10 -0.196908722439576 0.6721600814954503 Penicillium-polonicum
9 10 -0.04876288318592971 0.9173159441245067 Penicillium-cvjetkovicii
9 10 0.8403774286553538 0.017906238216794136 Penicillium-brevicompactum
9 10 0.4824365827644033 0.27287388123963435 Penicillium-commune
9 10 0.37042377072354316 0.4133894757005713 Penicillium-chrysogenum
9 10 0.429077736466631 0.33673460748671646 Penicillium-mb
9 10 -0.42711983658200375 0.3391879491865624 Penicillium-verrucosum
9 10 0.41849593015281383 0.35008349585676646 Penicillium-solitum
9 12 -0.043039852693403505 0.9270009333817932 Penicillium-polonicum
9 12 0.3100712942475682 0.4985422230862345 Penicillium-cvjetkovicii
9 12 -0.5794347066007121 0.17276683553146588 Penicillium-brevicompactum
9 12 0.29926845260491725 0.5143881670903174 Penicillium-commune
9 12 0.005477939573792399 0.9907005004782989 Penicillium-chrysogenum
9 12 0.2966498312984449 0.5182550079477403 Penicillium-mb
9 12 0.15183924533315074 0.745190854051283 Penicillium-verrucosum
9 12 0.290673494660421 0.527117017552331 Penicillium-solitum
7 12 -0.09326325004700478 0.8423590637789338 Penicillium-polonicum
7 12 0.632725602804013 0.1272510139404461 Penicillium-cvjetkovicii
7 12 -0.5735898837068062 0.1781796864820769 Penicillium-brevicompactum
7 12 0.21907228378998495 0.6369511656383997 Penicillium-commune
7 12 0.13608707290070052 0.7711047427542829 Penicillium-chrysogenum
7 12 0.17432764244096005 0.7085285738595348 Penicillium-mb
7 12 0.06668415658933421 0.8870449938907147 Penicillium-verrucosum
7 12 0.16595634631053094 0.7221273958838756 Penicillium-solitum
9 10 0.3519266529857725 0.4388506510111153 Penicillium-polonicum
9 10 -0.7377760698721425 0.05837562229679232 Penicillium-cvjetkovicii
9 10 -0.5018603638084335 0.25112246985097403 Penicillium-brevicompactum
9 10 -0.14487809023344075 0.7566203995649733 Penicillium-commune
9 10 0.25115869115477435 0.5869397209030722 Penicillium-chrysogenum
9 10 -0.19839591906075013 0.6697818333476966 Penicillium-mb
9 10 0.29329199679106066 0.5232278894290964 Penicillium-verrucosum
9 10 -0.19820893158204278 0.6700807340195245 Penicillium-solitum
5 10 0.011790139879832155 0.9799858280160548 Penicillium-polonicum
5 10 -0.6156041226627544 0.1411128886031459 Penicillium-cvjetkovicii
5 10 -0.586479646420521 0.16635180260201135 Penicillium-brevicompactum
5 10 0.3830013932345402 0.3964173390113973 Penicillium-commune
5 10 0.2412292886778903 0.6022871102966056 Penicillium-chrysogenum
5 10 0.3265475959783217 0.4747134872639224 Penicillium-mb
5 10 0.22914662370144306 0.6211207969612335 Penicillium-verrucosum
5 10 0.3389875560335088 0.4570039622979757 Penicillium-solitum
7 12 -0.03788041456642595 0.9357383394580155 Penicillium-polonicum
7 12 -0.15127124948918533 0.7461220831018285 Penicillium-cvjetkovicii
7 12 0.04282501131539445 0.9273646515044556 Penicillium-brevicompactum
7 12 0.35337342519120757 0.43683815159085626 Penicillium-commune
7 12 -0.37272372213581784 0.4102649977625207 Penicillium-chrysogenum
7 12 0.30450851641741244 0.5066803422547788 Penicillium-mb
7 12 -0.3556416565960701 0.43369007825239697 Penicillium-verrucosum
7 12 0.30860996566970095 0.500675618942783 Penicillium-solitum
11 10 0.10154969423619416 0.8284914117409734 Penicillium-polonicum
11 10 0.08916150214615672 0.8492356744522781 Penicillium-cvjetkovicii
11 10 -0.07259016199007333 0.8770915342801325 Penicillium-brevicompactum
11 10 0.20635590086826905 0.6570902650888384 Penicillium-commune
11 10 0.1125553000787625 0.8101282503994379 Penicillium-chrysogenum
11 10 0.1257624100745688 0.7881834732450858 Penicillium-mb
11 10 0.1300960169777044 0.781006394264776 Penicillium-verrucosum
11 10 0.12713059385147973 0.785916255109099 Penicillium-solitum
11 12 -0.0890495351667101 0.8494234961930109 Penicillium-polonicum
11 12 -0.1792189318575175 0.700611051435834 Penicillium-cvjetkovicii
11 12 -0.26891347989475944 0.5598042334608939 Penicillium-brevicompactum
11 12 0.202475428037204 0.6632693848799158 Penicillium-commune
11 12 0.17780871495677938 0.7028915881785571 Penicillium-chrysogenum
11 12 -0.02774724300246943 0.95291294853853 Penicillium-mb
11 12 -0.5789828819634931 0.17318234226713247 Penicillium-verrucosum
11 12 -0.032967096743056035 0.9440637264962057 Penicillium-solitum
5 10 0.34647413319354037 0.44646670711493985 Penicillium-polonicum
5 10 -0.8520440907653073 0.014909519827113037 Penicillium-cvjetkovicii
5 10 0.5542003965054604 0.1967191448227945 Penicillium-brevicompactum
5 10 0.6578276771469812 0.10825183821046752 Penicillium-commune
5 10 0.6007827458726402 0.15369763822479027 Penicillium-chrysogenum
5 10 0.6215787238050532 0.13619308106093264 Penicillium-mb
5 10 0.5422836419227434 0.20855276404632228 Penicillium-verrucosum
5 10 0.6249414757155527 0.13346292221829273 Penicillium-solitum
11 12 0.10193964568926747 0.827839662503796 Penicillium-polonicum
11 12 0.5727285677571784 0.1789842663932748 Penicillium-cvjetkovicii
11 12 -0.5834705985310952 0.16907715374732743 Penicillium-brevicompactum
11 12 0.2945932129832891 0.5212988959853688 Penicillium-commune
11 12 0.16628790248030859 0.7215876669593855 Penicillium-chrysogenum
11 12 0.24147277904398776 0.6019093347387328 Penicillium-mb
11 12 0.185137142938855 0.6910600284332403 Penicillium-verrucosum
11 12 0.19665843817850892 0.6725605373912898 Penicillium-solitum
11 12 0.13310998256933973 0.776022081812733 Penicillium-polonicum
11 12 -0.22749412045900244 0.6237096897317367 Penicillium-cvjetkovicii
11 12 -0.12872573031962886 0.7832744722717226 Penicillium-brevicompactum
11 12 -0.11575316839967291 0.8048051578129847 Penicillium-commune
11 12 -0.12623792740354156 0.787395357692656 Penicillium-chrysogenum
11 12 0.24600153956913612 0.5948959258384221 Penicillium-mb
11 12 -0.14480876951376992 0.7567343981647636 Penicillium-verrucosum
11 12 0.24475383124544672 0.596825706403081 Penicillium-solitum
7 8 0.16121310077098938 0.7298587077541493 Penicillium-polonicum
7 8 -0.8643910594197429 0.012074578628427401 Penicillium-cvjetkovicii
7 8 -0.6578609180563785 0.10822772955252834 Penicillium-brevicompactum
7 8 0.5008931528525398 0.2521860331123624 Penicillium-commune
7 8 0.436622809669513 0.32735127308476314 Penicillium-chrysogenum
7 8 0.5038960964701775 0.24889070073112515 Penicillium-mb
7 8 0.41917454990436603 0.3492208705687931 Penicillium-verrucosum
7 8 0.5004966711964879 0.2526226088021812 Penicillium-solitum
11 12 0.06109785327009786 0.8964705505217895 Penicillium-polonicum
11 12 -0.23399964966419617 0.6135358191446476 Penicillium-cvjetkovicii
11 12 -0.20739431345455728 0.6554393504977162 Penicillium-brevicompactum
11 12 0.21791593179983085 0.6387753652977408 Penicillium-commune
11 12 -0.19240652299985167 0.6793729581000478 Penicillium-chrysogenum
11 12 0.11198608033924724 0.8110763748973612 Penicillium-mb
11 12 0.11080146995893742 0.8130501164295697 Penicillium-verrucosum
11 12 0.11067911976865077 0.8132540154854886 Penicillium-solitum
9 12 -0.01951324612640434 0.9668795909303551 Penicillium-polonicum
9 12 0.6327256028040157 0.12725101394044408 Penicillium-cvjetkovicii
9 12 -0.4628609557989248 0.29561669361681975 Penicillium-brevicompactum
9 12 0.37889313060304636 0.4019300252884285 Penicillium-commune
9 12 0.2725523487172786 0.5542932909729246 Penicillium-chrysogenum
9 12 0.3415869025800197 0.4533350119489085 Penicillium-mb
9 12 -0.4086989160999047 0.3626357007567943 Penicillium-verrucosum
9 12 0.33455868745038786 0.46328050280695465 Penicillium-solitum
5 10 0.19932268058196936 0.6683009108843339 Penicillium-polonicum
5 10 -0.7953631935468676 0.03247604380296113 Penicillium-cvjetkovicii
5 10 -0.7849710364953344 0.036537816186620845 Penicillium-brevicompactum
5 10 0.08135816148478059 0.8623387527303048 Penicillium-commune
5 10 0.2604878511316022 0.5726312372557525 Penicillium-chrysogenum
5 10 0.2624573659312252 0.5696246449414909 Penicillium-mb
5 10 0.2700977368250081 0.5580087889847242 Penicillium-verrucosum
5 10 0.01884862685978484 0.9680072609728813 Penicillium-solitum
9 10 0.15712001686803365 0.7365449533175774 Penicillium-polonicum
9 10 0.573970181223834 0.17782500454396521 Penicillium-cvjetkovicii
9 10 -0.7896879976727823 0.034661176359630265 Penicillium-brevicompactum
9 10 -0.4261316616023415 0.34042904418211434 Penicillium-commune
9 10 0.25672239396531366 0.5783932526625397 Penicillium-chrysogenum
9 10 0.25057087888801016 0.5878449184112812 Penicillium-mb
9 10 0.060921522381664754 0.896768229345308 Penicillium-verrucosum
9 10 0.11936150318906708 0.7988060116896385 Penicillium-solitum
11 12 0.05387231834169365 0.9086761678296947 Penicillium-polonicum
11 12 -0.552010271374133 0.1988690865939027 Penicillium-cvjetkovicii
11 12 -0.1715740808776587 0.7129949977000912 Penicillium-brevicompactum
11 12 0.3653484426006278 0.4203170234450619 Penicillium-commune
11 12 0.364711203689336 0.42118998340118546 Penicillium-chrysogenum
11 12 0.3800100911788083 0.4004282331767568 Penicillium-mb
11 12 0.3218221904510608 0.4815047656213073 Penicillium-verrucosum
11 12 -0.9961736950117294 1.7358492202350159e-06 Penicillium-solitum
11 12 -0.4393361959715113 0.3240045684751815 Penicillium-polonicum
11 12 0.18630757761068964 0.6891749508114701 Penicillium-cvjetkovicii
11 12 0.18346982716408483 0.6937475625417564 Penicillium-brevicompactum
11 12 0.42428811957323737 0.34274955658459305 Penicillium-commune
11 12 0.3110086404060422 0.4971754769321156 Penicillium-chrysogenum
11 12 0.371998270808131 0.4112495177635815 Penicillium-mb
11 12 -0.671114960500467 0.09883748675696218 Penicillium-verrucosum
11 12 0.36176822756216925 0.42523069107293127 Penicillium-solitum
9 12 -0.024619712531273482 0.9582169435741233 Penicillium-polonicum
9 12 0.632725602804016 0.1272510139404438 Penicillium-cvjetkovicii
9 12 -0.5556132053243282 0.19533823554412386 Penicillium-brevicompactum
9 12 0.3002433812848877 0.5129510620021549 Penicillium-commune
9 12 -0.2322697405374207 0.6162364572629502 Penicillium-chrysogenum
9 12 0.26619955569735765 0.5639257623488277 Penicillium-mb
9 12 0.16652219351945322 0.721206327952981 Penicillium-verrucosum
9 12 0.2543886092061854 0.5819734892013801 Penicillium-solitum
11 12 0.380370106667761 0.39994465559412606 Penicillium-polonicum
11 12 0.7696379757873866 0.043019750128000744 Penicillium-cvjetkovicii
11 12 -0.5834705985310952 0.16907715374732743 Penicillium-brevicompactum
11 12 0.7099833197056115 0.07387082404216154 Penicillium-commune
11 12 0.6617428398543752 0.10543146955786054 Penicillium-chrysogenum
11 12 0.6948735831163326 0.08311983989691601 Penicillium-mb
11 12 0.5747084724335494 0.17713743071464044 Penicillium-verrucosum
11 12 0.5398357626378808 0.21102449996378758 Penicillium-solitum
7 10 0.09591447503188949 0.8379184771844628 Penicillium-polonicum
7 10 0.7538326672822572 0.050317091755862554 Penicillium-cvjetkovicii
7 10 -0.5834705985310953 0.16907715374732726 Penicillium-brevicompactum
7 10 0.5248867150435954 0.22641878894696232 Penicillium-commune
7 10 0.4337455903827089 0.33091613831174027 Penicillium-chrysogenum
7 10 0.4828083356044129 0.2724498866022596 Penicillium-mb
7 10 0.3615586975203401 0.4255189444368492 Penicillium-verrucosum
7 10 0.47554168406223735 0.2807914535786831 Penicillium-solitum
11 12 0.3903778578099185 0.38659570786634273 Penicillium-polonicum
11 12 0.9412794707022542 0.0015546345133620185 Penicillium-cvjetkovicii
11 12 -0.5834705985310953 0.16907715374732726 Penicillium-brevicompactum
11 12 0.3331269201199147 0.4653163409880139 Penicillium-commune
11 12 0.5212987364236652 0.23018963270509418 Penicillium-chrysogenum
11 12 0.5123824737155959 0.2396863504619638 Penicillium-mb
11 12 0.5047624299249697 0.24794372645794746 Penicillium-verrucosum
11 12 0.5123388576149251 0.23973324549504094 Penicillium-solitum
9 12 0.11255669258058502 0.8101259311957945 Penicillium-polonicum
9 12 0.6327256028040125 0.1272510139404466 Penicillium-cvjetkovicii
9 12 -0.5808391192629698 0.17147844616448146 Penicillium-brevicompactum
9 12 0.4635381809584711 0.2948163867422513 Penicillium-commune
9 12 0.38059254290472255 0.3996459923352188 Penicillium-chrysogenum
9 12 0.4289751987572983 0.33686290458682244 Penicillium-mb
9 12 0.3203411582133746 0.48364043513987715 Penicillium-verrucosum
9 12 0.39741923230038634 0.3773131335693204 Penicillium-solitum
7 10 -0.04473902950287661 0.9241246531308023 Penicillium-polonicum
7 10 0.6477145874668412 0.11571586237773958 Penicillium-cvjetkovicii
7 10 -0.5834705985310953 0.16907715374732726 Penicillium-brevicompactum
7 10 0.29272359382786495 0.5240712801603389 Penicillium-commune
7 10 0.22148086900275504 0.6331561913241999 Penicillium-chrysogenum
7 10 0.2583883444745923 0.5758417408638818 Penicillium-mb
7 10 0.1933817018324468 0.6778089763347792 Penicillium-verrucosum
7 10 0.2743448755892869 0.5515850581418595 Penicillium-solitum
5 12 -0.11382246955841102 0.808018245537711 Penicillium-polonicum
5 12 0.632725602804013 0.1272510139404461 Penicillium-cvjetkovicii
5 12 -0.5680631056623071 0.18337320027906898 Penicillium-brevicompactum
5 12 0.19924066979900965 0.6684319259567335 Penicillium-commune
5 12 0.11353405296536305 0.8084984164067168 Penicillium-chrysogenum
5 12 0.15956474026988038 0.7325497685450555 Penicillium-mb
5 12 0.06924016287555264 0.8827358149091127 Penicillium-verrucosum
5 12 0.1544298111118809 0.7409467627383113 Penicillium-solitum
5 10 0.3729276658305439 0.4099883898359975 Penicillium-polonicum
5 10 -0.8534655769440278 0.014565660611282881 Penicillium-cvjetkovicii
5 10 0.5497414030123842 0.2011081846013497 Penicillium-brevicompactum
5 10 0.6587223510865614 0.10760392988369961 Penicillium-commune
5 10 0.5983336924042052 0.1558289945041801 Penicillium-chrysogenum
5 10 0.6171271712658486 0.13985033975120692 Penicillium-mb
5 10 0.5475836399153807 0.20324880515276805 Penicillium-verrucosum
5 10 0.6242473097942411 0.13402420366468065 Penicillium-solitum
9 10 0.25118994512682635 0.586891603530742 Penicillium-polonicum
9 10 -0.8548246011454941 0.014241191146161052 Penicillium-cvjetkovicii
9 10 0.5440326070215442 0.2067952679681002 Penicillium-brevicompactum
9 10 0.598145178985231 0.15599366084913527 Penicillium-commune
9 10 0.5516013120497216 0.1992717891400001 Penicillium-chrysogenum
9 10 0.5807893002378045 0.1715240682522265 Penicillium-mb
9 10 0.49739342854947677 0.2560516344136641 Penicillium-verrucosum
9 10 0.5722752346813524 0.17940845041359008 Penicillium-solitum
7 10 0.008332463286582782 0.9858548620446291 Penicillium-polonicum
7 10 0.5246651475034895 0.22665080160172457 Penicillium-cvjetkovicii
7 10 -0.584146783445764 0.16846281500003238 Penicillium-brevicompactum
7 10 0.22448908349151594 0.6284254089392332 Penicillium-commune
7 10 0.1801506000729831 0.6991053800062117 Penicillium-chrysogenum
7 10 0.230651979491225 0.6187651321306998 Penicillium-mb
7 10 0.06261014484661957 0.8939179249115539 Penicillium-verrucosum
7 10 0.2312852288553221 0.6177749612143135 Penicillium-solitum
7 8 0.2377307562765278 0.6077228584970614 Penicillium-polonicum
7 8 -0.8649122478325214 0.01196239752206209 Penicillium-cvjetkovicii
7 8 -0.6793693589565376 0.09321421539539376 Penicillium-brevicompactum
7 8 0.5866548629781493 0.1661937800633219 Penicillium-commune
7 8 0.5059847694871887 0.2466104413317427 Penicillium-chrysogenum
7 8 0.5527615816078639 0.19813029273034655 Penicillium-mb
7 8 0.4480439252042338 0.31336470436459063 Penicillium-verrucosum
7 8 0.5463947401209324 0.2044329035987962 Penicillium-solitum
9 12 -0.2791858220762049 0.5442927780156507 Penicillium-polonicum
9 12 0.6327256028040136 0.12725101394044572 Penicillium-cvjetkovicii
9 12 -0.568151287506765 0.1832897638696289 Penicillium-brevicompactum
9 12 0.06351339863790738 0.8923936517807219 Penicillium-commune
9 12 -0.0433593692071049 0.9264600230235871 Penicillium-chrysogenum
9 12 0.056257119862632626 0.9046460055473058 Penicillium-mb
9 12 -0.07352413130336706 0.8755186559369456 Penicillium-verrucosum
9 12 0.04871223014047098 0.9174016291982063 Penicillium-solitum
11 10 -0.5766650408537898 0.1753215870896946 Penicillium-polonicum
11 10 -0.32351918874327323 0.4790618554093256 Penicillium-cvjetkovicii
11 10 -0.48262363490778104 0.27266050578755624 Penicillium-brevicompactum
11 10 -0.2511784105592601 0.586909361551392 Penicillium-commune
11 10 0.24116593523721067 0.6023854148176556 Penicillium-chrysogenum
11 10 0.29144440141409034 0.5259710166232321 Penicillium-mb
11 10 0.18719318785794656 0.6877494537781907 Penicillium-verrucosum
11 10 0.2862164630821965 0.5337591119621037 Penicillium-solitum
9 10 -0.04248859373968369 0.9279342136023916 Penicillium-polonicum
9 10 -0.10472768130584223 0.8231821572617088 Penicillium-cvjetkovicii
9 10 -0.47786834329481975 0.2781083227342127 Penicillium-brevicompactum
9 10 0.1492525884167461 0.7494336594943178 Penicillium-commune
9 10 0.005477939573792399 0.9907005004782989 Penicillium-chrysogenum
9 10 0.18154828419823188 0.6968480493897442 Penicillium-mb
9 10 0.11951975474714471 0.7985430839480532 Penicillium-verrucosum
9 10 0.18034459693708832 0.698791959579508 Penicillium-solitum
7 12 0.3386671810906313 0.45745692930080584 Penicillium-polonicum
7 12 0.8144748001992036 0.025696469579552822 Penicillium-cvjetkovicii
7 12 -0.5834705985310952 0.16907715374732743 Penicillium-brevicompactum
7 12 0.6307840609810332 0.12878627925285477 Penicillium-commune
7 12 0.5862512692790817 0.16655788056441057 Penicillium-chrysogenum
7 12 0.5957494676555809 0.15809386603524722 Penicillium-mb
7 12 0.5041930298994378 0.24856594039339996 Penicillium-verrucosum
7 12 0.609358999706312 0.1463497271889136 Penicillium-solitum
7 10 -0.04549064195021075 0.9228525699037703 Penicillium-polonicum
7 10 -0.7757730060207901 0.04035592134364569 Penicillium-cvjetkovicii
7 10 -0.48830861210569 0.26621152499903655 Penicillium-brevicompactum
7 10 0.3944735952870731 0.38118521025970015 Penicillium-commune
7 10 0.3217968359664987 0.48154129855018196 Penicillium-chrysogenum
7 10 0.06735913654608684 0.8859068244949968 Penicillium-mb
7 10 0.24534052342660945 0.5959180581650101 Penicillium-verrucosum
7 10 0.35489921735465646 0.43471955150773567 Penicillium-solitum
9 10 0.16155625266906073 0.7292987650604379 Penicillium-polonicum
9 10 -0.8697023628701518 0.010959401413003585 Penicillium-cvjetkovicii
9 10 -0.6277200780655728 0.1312282217285391 Penicillium-brevicompactum
9 10 0.4351165177981513 0.3292155034746729 Penicillium-commune
9 10 0.37609409844026437 0.4057031958549389 Penicillium-chrysogenum
9 10 0.4148585330252761 0.3547223279353883 Penicillium-mb
9 10 0.3084140046784772 0.5009619457586989 Penicillium-verrucosum
9 10 0.40511962509070787 0.36726724734738725 Penicillium-solitum
7 12 0.0608778056291957 0.8968420327181037 Penicillium-polonicum
7 12 0.632725602804016 0.1272510139404438 Penicillium-cvjetkovicii
7 12 -0.5727898783891553 0.17892693571853935 Penicillium-brevicompactum
7 12 0.2971175215666973 0.51756365553393 Penicillium-commune
7 12 0.22028549705938832 0.6350388295451055 Penicillium-chrysogenum
7 12 0.30424509849000725 0.5070668514781396 Penicillium-mb
7 12 0.23056619577897466 0.6188993018299846 Penicillium-verrucosum
7 12 0.2972246359186205 0.5174053606635889 Penicillium-solitum
11 12 0.005448283826777331 0.9907508433842098 Penicillium-polonicum
11 12 -0.3139410647044471 0.49290826147420075 Penicillium-cvjetkovicii
11 12 -0.33130017652384747 0.4679185575997574 Penicillium-brevicompactum
11 12 0.2741850815825076 0.5518263074536599 Penicillium-commune
11 12 -0.4932162300334559 0.2607007618498229 Penicillium-chrysogenum
11 12 0.2513310510251976 0.5866743775618899 Penicillium-mb
11 12 0.18175380782121547 0.6965162678157594 Penicillium-verrucosum
11 12 -0.48722962716889684 0.26743013889308 Penicillium-solitum
9 12 -0.05679656347886243 0.9037346034500611 Penicillium-polonicum
9 12 0.6327256028040151 0.12725101394044455 Penicillium-cvjetkovicii
9 12 -0.5476601404969454 0.2031727264217524 Penicillium-brevicompactum
9 12 0.19860481440785954 0.6694479537600686 Penicillium-commune
9 12 -0.2791821622884476 0.5442982790063856 Penicillium-chrysogenum
9 12 0.1992581206278964 0.668404047091627 Penicillium-mb
9 12 0.10533708936110506 0.8221646664054649 Penicillium-verrucosum
9 12 0.1922133018424448 0.6796829528892927 Penicillium-solitum
11 12 0.26347688147853154 0.5680702512988692 Penicillium-polonicum
11 12 0.7057486569827811 0.07640432783080311 Penicillium-cvjetkovicii
11 12 -0.8291322733222444 0.021093398166556646 Penicillium-brevicompactum
11 12 -0.32551233188387424 0.4761983654922266 Penicillium-commune
11 12 0.38614214695138827 0.3922234054376442 Penicillium-chrysogenum
11 12 -0.37627603008242994 0.40545752365983645 Penicillium-mb
11 12 0.41997305736311735 0.3482069935671042 Penicillium-verrucosum
11 12 0.2686622959421482 0.560185289933683 Penicillium-solitum
7 12 0.07035897189894386 0.8808503294811179 Penicillium-polonicum
7 12 0.6327256028040136 0.12725101394044572 Penicillium-cvjetkovicii
7 12 -0.5775204156649241 0.17453061919556384 Penicillium-brevicompactum
7 12 0.3826418516031784 0.3968985807968061 Penicillium-commune
7 12 0.3088639656800774 0.5003045743216179 Penicillium-chrysogenum
7 12 0.355623349974736 0.4337154511724853 Penicillium-mb
7 12 0.2657940493435078 0.5645424174817018 Penicillium-verrucosum
7 12 0.24075901100484792 0.6030169466470316 Penicillium-solitum
7 12 -0.0001842274031678166 0.9996872458520578 Penicillium-polonicum
7 12 0.6327256028040149 0.12725101394044466 Penicillium-cvjetkovicii
7 12 -0.5789057948698193 0.17325328207775925 Penicillium-brevicompactum
7 12 0.16881367474094724 0.7174790752061753 Penicillium-commune
7 12 0.15304037708777266 0.7432224120273072 Penicillium-chrysogenum
7 12 0.17138722019798674 0.713298333340238 Penicillium-mb
7 12 0.12322169654421951 0.7923968367564045 Penicillium-verrucosum
7 12 0.10898968033129729 0.8160703537243272 Penicillium-solitum
7 12 -0.052318998191088734 0.9113020219532098 Penicillium-polonicum
7 12 0.6327256028040152 0.12725101394044433 Penicillium-cvjetkovicii
7 12 -0.5775100060873081 0.1745402344086342 Penicillium-brevicompactum
7 12 0.24405268022479457 0.5979109749691072 Penicillium-commune
7 12 0.08674869518771385 0.8532843400124878 Penicillium-chrysogenum
7 12 0.2311355981979684 0.6180088875382332 Penicillium-mb
7 12 0.1355528504858153 0.7719866878243472 Penicillium-verrucosum
7 12 0.22358906379854068 0.6298397479653712 Penicillium-solitum
9 10 0.22858704928521767 0.6219971074219557 Penicillium-polonicum
9 10 -0.877009219551195 0.009525844603206098 Penicillium-cvjetkovicii
9 10 -0.6052124466557443 0.14987985258185552 Penicillium-brevicompactum
9 10 0.55291690265338 0.19797772438673125 Penicillium-commune
9 10 0.48758823337993323 0.2670248461881862 Penicillium-chrysogenum
9 10 0.5232497030304472 0.22813560701990443 Penicillium-mb
9 10 0.4281908006878513 0.33784504434378393 Penicillium-verrucosum
9 10 0.5083170565301108 0.24407568252349865 Penicillium-solitum
11 8 -0.40348595953478544 0.3693892276784245 Penicillium-polonicum
11 8 -0.48619836151749474 0.2685972162297989 Penicillium-cvjetkovicii
11 8 -0.19244498314616423 0.6793112587627466 Penicillium-brevicompactum
11 8 -0.13814812295050277 0.7677040088454449 Penicillium-commune
11 8 0.2746993158006915 0.5510500638189262 Penicillium-chrysogenum
11 8 -0.14944540029930678 0.7491172222031599 Penicillium-mb
11 8 0.2509091364258787 0.5873239688092238 Penicillium-verrucosum
11 8 0.2808944987446472 0.5417264841382875 Penicillium-solitum
9 12 -0.13424633484396087 0.7741444288108907 Penicillium-polonicum
9 12 0.6327256028040149 0.12725101394044466 Penicillium-cvjetkovicii
9 12 -0.5749154366253583 0.1769449183236635 Penicillium-brevicompactum
9 12 0.16757553491973765 0.7194924464310286 Penicillium-commune
9 12 0.17272017977854648 0.7111351652932457 Penicillium-chrysogenum
9 12 0.05041401146491368 0.9145232353745912 Penicillium-mb
9 12 0.1185991729510976 0.8000728000216442 Penicillium-verrucosum
9 12 0.19464557036267308 0.6757833648988966 Penicillium-solitum
11 12 -0.18801479403854643 0.6864276357810659 Penicillium-polonicum
11 12 0.03237709470432048 0.9450637416599462 Penicillium-cvjetkovicii
11 12 -0.15589587151384046 0.7385472396742887 Penicillium-brevicompactum
11 12 0.38447216799705586 0.3944511534148006 Penicillium-commune
11 12 0.29669461909013584 0.5181887877505469 Penicillium-chrysogenum
11 12 0.3483339860991106 0.4438633089311085 Penicillium-mb
11 12 0.21869962922739636 0.6375388871264629 Penicillium-verrucosum
11 12 -0.17490333671082833 0.707595601449333 Penicillium-solitum
9 10 0.09793287176438492 0.834540112961573 Penicillium-polonicum
9 10 -0.8796005380864028 0.009045080176755736 Penicillium-cvjetkovicii
9 10 -0.6017543837581663 0.152856106987618 Penicillium-brevicompactum
9 10 0.4647547308422755 0.293381146362287 Penicillium-commune
9 10 0.38777901371549406 0.39004473859490285 Penicillium-chrysogenum
9 10 0.4332086339520333 0.33158325257076926 Penicillium-mb
9 10 0.3048632832964937 0.5061599600654725 Penicillium-verrucosum
9 10 0.35373456177366763 0.43633634993008924 Penicillium-solitum
7 12 0.13781880465735105 0.7682471866653746 Penicillium-polonicum
7 12 0.6327256028040149 0.12725101394044466 Penicillium-cvjetkovicii
7 12 -0.5486678390388774 0.20217185994514392 Penicillium-brevicompactum
7 12 0.16729240539159784 0.7199530322220467 Penicillium-commune
7 12 0.23084021650760517 0.6184707502015883 Penicillium-chrysogenum
7 12 0.23154356039185917 0.6173711568696614 Penicillium-mb
7 12 0.21766536015319293 0.6391708450353205 Penicillium-verrucosum
7 12 0.10790548532500857 0.817878565352513 Penicillium-solitum
11 8 -0.44328988928334245 0.31915457327834074 Penicillium-polonicum
11 8 -0.32630343553380964 0.47506353470017704 Penicillium-cvjetkovicii
11 8 0.04801729158146147 0.9185772564194179 Penicillium-brevicompactum
11 8 -0.3947780749423165 0.38078422397969625 Penicillium-commune
11 8 -0.408418816189837 0.36299727010941524 Penicillium-chrysogenum
11 8 0.28008137501478914 0.542947231548707 Penicillium-mb
11 8 0.2234607106646194 0.6300415222673093 Penicillium-verrucosum
11 8 0.27390027141533185 0.5522563851684508 Penicillium-solitum
9 10 0.2057960737664642 0.6579807635437369 Penicillium-polonicum
9 10 -0.8705941892011738 0.010778219365110139 Penicillium-cvjetkovicii
9 10 -0.6228886903871763 0.1351262050399683 Penicillium-brevicompactum
9 10 0.47392168663124357 0.2826664669696818 Penicillium-commune
9 10 0.372425794726023 0.4106692070640955 Penicillium-chrysogenum
9 10 0.43171094570523855 0.33344700737678334 Penicillium-mb
9 10 0.33542733192657853 0.46204697574895864 Penicillium-verrucosum
9 10 0.4215830228284421 0.34616656139106716 Penicillium-solitum
11 10 -0.042080867198810816 0.9286245360718519 Penicillium-polonicum
11 10 0.6653856548372715 0.10284207474059189 Penicillium-cvjetkovicii
11 10 -0.5693478292553963 0.18215944388664845 Penicillium-brevicompactum
11 10 0.3409769724666772 0.4541949326100754 Penicillium-commune
11 10 0.08451200794765067 0.8570397686290219 Penicillium-chrysogenum
11 10 0.3131514748531536 0.49405597988058925 Penicillium-mb
11 10 0.1702396922136519 0.7151618015806621 Penicillium-verrucosum
11 10 0.30466160417421034 0.5064557659460405 Penicillium-solitum
11 10 0.28375486526962224 0.5374394285067104 Penicillium-polonicum
11 10 0.04091400174482018 0.9306003533999473 Penicillium-cvjetkovicii
11 10 0.35402233095514285 0.43593665007858606 Penicillium-brevicompactum
11 10 0.07491269482811432 0.873180808319985 Penicillium-commune
11 10 0.19999227137053716 0.6672314669108881 Penicillium-chrysogenum
11 10 0.22071528889867997 0.6343617530357921 Penicillium-mb
11 10 0.2656296231531042 0.5647925222099601 Penicillium-verrucosum
11 10 0.22383265763454221 0.6294568627176631 Penicillium-solitum
7 12 -0.056037285458503394 0.9050174446262871 Penicillium-polonicum
7 12 0.6327256028040136 0.12725101394044572 Penicillium-cvjetkovicii
7 12 -0.578277868538042 0.1738316666973071 Penicillium-brevicompactum
7 12 0.2893850153489751 0.5290343006108766 Penicillium-commune
7 12 0.22421977215306185 0.6288485246976203 Penicillium-chrysogenum
7 12 0.2625479078163191 0.5694865468948305 Penicillium-mb
7 12 0.040253158548094053 0.9317194650794969 Penicillium-verrucosum
7 12 0.23423830796557324 0.6131635106839679 Penicillium-solitum
9 12 -0.13410858260375644 0.7743719974300898 Penicillium-polonicum
9 12 0.632725602804016 0.1272510139404438 Penicillium-cvjetkovicii
9 12 -0.576588358010097 0.17539258173269773 Penicillium-brevicompactum
9 12 0.24526297698940305 0.5960380032941194 Penicillium-commune
9 12 0.23542023840663917 0.6113206665999362 Penicillium-chrysogenum
9 12 0.25658127655890284 0.5786095445872022 Penicillium-mb
9 12 0.1837019781416683 0.693373206550842 Penicillium-verrucosum
9 12 0.21449157461912305 0.6441859170606878 Penicillium-solitum
9 12 0.023612927186831133 0.9599246243858213 Penicillium-polonicum
9 12 0.740698317564916 0.05686041246456058 Penicillium-cvjetkovicii
9 12 -0.5834705985310952 0.16907715374732743 Penicillium-brevicompactum
9 12 0.3714765766892066 0.411958088233468 Penicillium-commune
9 12 0.3102287797738195 0.49831250085908707 Penicillium-chrysogenum
9 12 0.3464322233866527 0.4465254379882872 Penicillium-mb
9 12 0.21164013096445342 0.6487008090188524 Penicillium-verrucosum
9 12 0.18009816060094253 0.6991901068049837 Penicillium-solitum
11 12 -0.2294729949436233 0.6206098539048486 Penicillium-polonicum
11 12 0.2160763755429903 0.6416803335968739 Penicillium-cvjetkovicii
11 12 -0.30890572954587636 0.5002435746736007 Penicillium-brevicompactum
11 12 -0.12704947891001986 0.7860506373273908 Penicillium-commune
11 12 -0.1577144479148103 0.7355730924493825 Penicillium-chrysogenum
11 12 0.23983452397005778 0.6044524493451862 Penicillium-mb
11 12 -0.14680702303197468 0.7534496636814321 Penicillium-verrucosum
11 12 0.23532053010126647 0.611476067181995 Penicillium-solitum
7 10 0.26376663740606526 0.5676287233051323 Penicillium-polonicum
7 10 -0.8672088910368492 0.011475210226389945 Penicillium-cvjetkovicii
7 10 -0.6495977123304892 0.1143065036592722 Penicillium-brevicompactum
7 10 0.5709417147270486 0.1806590726587396 Penicillium-commune
7 10 0.49829606190066783 0.2550520547549358 Penicillium-chrysogenum
7 10 0.5468441812270399 0.20398489004307666 Penicillium-mb
7 10 0.46112522845077875 0.29767225272143166 Penicillium-verrucosum
7 10 0.5395637068730877 0.21130006408738455 Penicillium-solitum
9 12 0.021645585488891925 0.9632619206649677 Penicillium-polonicum
9 12 0.632725602804016 0.1272510139404438 Penicillium-cvjetkovicii
9 12 -0.5763888356053949 0.17557737001867352 Penicillium-brevicompactum
9 12 0.32183943185370995 0.4814799232906664 Penicillium-commune
9 12 0.2627972796198685 0.569106249898981 Penicillium-chrysogenum
9 12 0.1493475417734472 0.7492778212943523 Penicillium-mb
9 12 0.20320288537319078 0.6621098424965036 Penicillium-verrucosum
9 12 0.2814311916527857 0.5409212411089168 Penicillium-solitum
5 12 0.7033909333255304 0.07783469085264133 Penicillium-polonicum
5 12 0.839815468606337 0.018058504035899682 Penicillium-cvjetkovicii
5 12 -0.5834705985310953 0.16907715374732726 Penicillium-brevicompactum
5 12 0.9098083026997945 0.00446742287742543 Penicillium-commune
5 12 0.8866111140489112 0.007815845600707876 Penicillium-chrysogenum
5 12 0.8827111126660252 0.008486868020523432 Penicillium-mb
5 12 0.839961774900471 0.018018791056988868 Penicillium-verrucosum
5 12 0.8902391613643833 0.007220141884848694 Penicillium-solitum
11 10 -0.0080104649361699 0.9864014486647219 Penicillium-polonicum
11 10 0.5016856012782468 0.2513144889906489 Penicillium-cvjetkovicii
11 10 -0.49483711776195605 0.2588922114240667 Penicillium-brevicompactum
11 10 0.2960334798281419 0.51916659731128 Penicillium-commune
11 10 0.20708352960054216 0.6559333319252217 Penicillium-chrysogenum
11 10 0.25524159380199596 0.5806641394292238 Penicillium-mb
11 10 -0.10533979055322612 0.8221601568326192 Penicillium-verrucosum
11 10 -0.05622327746863709 0.9047031858148205 Penicillium-solitum
7 12 -0.0356757152678486 0.9394735595908283 Penicillium-polonicum
7 12 0.47122798178503184 0.28579654983405023 Penicillium-cvjetkovicii
7 12 -0.5201429571604487 0.2314105345474573 Penicillium-brevicompactum
7 12 0.28088630949998916 0.5417387741779824 Penicillium-commune
7 12 -0.3338529959940782 0.46428351893284614 Penicillium-chrysogenum
7 12 0.10747999855953203 0.8185883645516205 Penicillium-mb
7 12 0.10832468140872267 0.8171793570268471 Penicillium-verrucosum
7 12 0.2354838812911834 0.6112214819097848 Penicillium-solitum
11 12 0.5057794196170105 0.246834197814987 Penicillium-polonicum
11 12 0.5938482985904182 0.15977048468156785 Penicillium-cvjetkovicii
11 12 -0.3535061639523091 0.43665368467643595 Penicillium-brevicompactum
11 12 0.5890632049067264 0.16402930110439998 Penicillium-commune
11 12 0.6112067342869258 0.14479029739068955 Penicillium-chrysogenum
11 12 0.600099974706746 0.1542903648668907 Penicillium-mb
11 12 0.5997352369127215 0.15460746776000067 Penicillium-verrucosum
11 12 -0.9358585623754906 0.0019329113220972628 Penicillium-solitum
7 10 0.12478434262187926 0.7898049592090977 Penicillium-polonicum
7 10 -0.8890126055486062 0.007418478030863959 Penicillium-cvjetkovicii
7 10 -0.5945778685073249 0.15912604486286033 Penicillium-brevicompactum
7 10 0.5118702107146517 0.24023739284692147 Penicillium-commune
7 10 0.37080632373405037 0.41286913445996076 Penicillium-chrysogenum
7 10 0.47068628155755715 0.2864278620301092 Penicillium-mb
7 10 0.3424019940150936 0.4521867907386796 Penicillium-verrucosum
7 10 0.4626153944477733 0.2959071211156908 Penicillium-solitum
11 12 -0.05580498423183091 0.9054099630013495 Penicillium-polonicum
11 12 0.15445197709522823 0.740910470866528 Penicillium-cvjetkovicii
11 12 -0.44824622246743584 0.3131193496808392 Penicillium-brevicompactum
11 12 0.2390317257411423 0.6056998213259517 Penicillium-commune
11 12 0.2008540286935995 0.6658557608259402 Penicillium-chrysogenum
11 12 0.2268737195904747 0.6246824368219235 Penicillium-mb
11 12 0.1660378910675717 0.7219946434658229 Penicillium-verrucosum
11 12 0.03263495114931113 0.944626684601778 Penicillium-solitum
9 12 0.32179348840985383 0.4815461220731613 Penicillium-polonicum
9 12 0.8177290698237276 0.02463016771107489 Penicillium-cvjetkovicii
9 12 -0.5834705985310955 0.16907715374732704 Penicillium-brevicompactum
9 12 0.5937440679658902 0.15986265887969542 Penicillium-commune
9 12 0.7921087682921143 0.03371940480700018 Penicillium-chrysogenum
9 12 0.5770215484806499 0.17499170987463242 Penicillium-mb
9 12 0.4980411618050229 0.25533415055741815 Penicillium-verrucosum
9 12 0.6680168725578225 0.10099262449207551 Penicillium-solitum
9 12 0.03367999396137651 0.9428554900090436 Penicillium-polonicum
9 12 0.6327256028040124 0.1272510139404466 Penicillium-cvjetkovicii
9 12 -0.5767262841043319 0.1752648968914695 Penicillium-brevicompactum
9 12 0.21219677512703045 0.6478187587580886 Penicillium-commune
9 12 0.19754642638564848 0.6711400309939739 Penicillium-chrysogenum
9 12 0.16637677032170003 0.7214430176397015 Penicillium-mb
9 12 0.1705606067739641 0.714640555476222 Penicillium-verrucosum
9 12 0.21793158795187345 0.6387506572928872 Penicillium-solitum
11 12 -0.3447820056132412 0.4488403006827674 Penicillium-polonicum
11 12 -0.28401002547333154 0.5370575491669396 Penicillium-cvjetkovicii
11 12 -0.5421013696375756 0.20873633405196582 Penicillium-brevicompactum
11 12 0.11388844313567656 0.807908416040652 Penicillium-commune
11 12 0.16629043612721847 0.721583542875641 Penicillium-chrysogenum
11 12 0.07596427380332404 0.8714108103498085 Penicillium-mb
11 12 0.14699095745761792 0.7531474596083028 Penicillium-verrucosum
11 12 0.06656040432206335 0.88725368509268 Penicillium-solitum
7 12 -0.2974183475947185 0.5171191333481797 Penicillium-polonicum
7 12 0.2943735511689473 0.5216243645210221 Penicillium-cvjetkovicii
7 12 -0.54050307283165 0.21034930978662394 Penicillium-brevicompactum
7 12 -0.030690288489275065 0.9479230816252207 Penicillium-commune
7 12 0.7803611014913964 0.038425119438718965 Penicillium-chrysogenum
7 12 -0.07072373113301127 0.8802357112712719 Penicillium-mb
7 12 -0.19383328126617455 0.6770850489101121 Penicillium-verrucosum
7 12 -0.07364572923173747 0.8753138992673347 Penicillium-solitum
3 10 0.12301352622065181 0.7927422329505516 Penicillium-polonicum
3 10 -0.8820799848132481 0.008598469105926642 Penicillium-cvjetkovicii
3 10 -0.5992680376559681 0.15501412559225378 Penicillium-brevicompactum
3 10 0.47829999054020045 0.2776118135627612 Penicillium-commune
3 10 0.3105004655534892 0.4979162836849982 Penicillium-chrysogenum
3 10 0.44026279755076364 0.32286507953196725 Penicillium-mb
3 10 0.3373219120674155 0.45936077508330436 Penicillium-verrucosum
3 10 0.43896345060796615 0.3244634392544562 Penicillium-solitum
11 10 -0.01335402480172558 0.9773315247486045 Penicillium-polonicum
11 10 -0.22620078873919966 0.6257380370774949 Penicillium-cvjetkovicii
11 10 -0.5891349499118699 0.16396503637784834 Penicillium-brevicompactum
11 10 0.26227035224092726 0.5699099190538288 Penicillium-commune
11 10 0.05782102255474428 0.9020039888516326 Penicillium-chrysogenum
11 10 0.24039936632959025 0.6035752663595962 Penicillium-mb
11 10 0.1659271257533875 0.7221749674232464 Penicillium-verrucosum
11 10 0.08255976032923734 0.8603193748032465 Penicillium-solitum
9 8 0.17607138207817022 0.7057035566522688 Penicillium-polonicum
9 8 0.612457818991714 0.14373919646581776 Penicillium-cvjetkovicii
9 8 -0.5836324565851859 0.16892999930456282 Penicillium-brevicompactum
9 8 0.5252091247773832 0.22608137974562703 Penicillium-commune
9 8 0.4583506710678815 0.30097109248131826 Penicillium-chrysogenum
9 8 0.49290859534730885 0.2610446623722807 Penicillium-mb
9 8 0.39250031927608964 0.3837880717995376 Penicillium-verrucosum
9 8 0.4772665958878351 0.2788011570077344 Penicillium-solitum
9 12 0.1524665967152441 0.7441625982386182 Penicillium-polonicum
9 12 0.8089002569500812 0.027582315973502365 Penicillium-cvjetkovicii
9 12 -0.5834705985310953 0.16907715374732726 Penicillium-brevicompactum
9 12 0.49017977900978205 0.2641042071205194 Penicillium-commune
9 12 0.49144425624329974 0.2626844588878816 Penicillium-chrysogenum
9 12 0.5209135272690302 0.23059621048309972 Penicillium-mb
9 12 0.4122846055336727 0.358020277790053 Penicillium-verrucosum
9 12 0.5156524097379841 0.23618274699799816 Penicillium-solitum
5 12 -0.13386590337646168 0.7747729381290741 Penicillium-polonicum
5 12 0.632725602804016 0.1272510139404438 Penicillium-cvjetkovicii
5 12 -0.5710807399570823 0.18052849156583597 Penicillium-brevicompactum
5 12 0.23283765268850096 0.6153494835082262 Penicillium-commune
5 12 0.08978461560735872 0.8481905213568435 Penicillium-chrysogenum
5 12 0.1976902836753091 0.6709099769503908 Penicillium-mb
5 12 0.03506365219190032 0.9405106808632397 Penicillium-verrucosum
5 12 0.1847793363972618 0.6916365578668839 Penicillium-solitum
11 12 0.011596307310686102 0.9803148209169058 Penicillium-polonicum
11 12 -0.13558166996115795 0.7719391049108515 Penicillium-cvjetkovicii
11 12 -0.2624569808883791 0.5696252322465754 Penicillium-brevicompactum
11 12 0.20706933498833882 0.6559558962079504 Penicillium-commune
11 12 0.007788663881961731 0.9867779545813182 Penicillium-chrysogenum
11 12 0.08686718200155787 0.8530854599398217 Penicillium-mb
11 12 0.0722767317944015 0.877619447854505 Penicillium-verrucosum
11 12 0.0911752600247207 0.845858622058514 Penicillium-solitum
