#SPECIES: Penicillium-chrysogenum Penicillium-mb Penicillium-brevicompactum Penicillium-polonicum Penicillium-commune Penicillium-verrucosum Penicillium-solitum Penicillium-cvjetkovicii 
#GENE_TREEs p: 0.3454447716497039 0.6316165982430842 0.9598548027418471 0.9728170565766605 0.8727812693982142 0.7908864859778996 0.7916685783028554 0.683713274711371 
#GENE_TREEs r: 0.4221534925596269 0.2224591684819214 -0.023654090012025907 0.016014128731552443 0.07515004416837541 0.12413217662785879 0.12366067134047035 -0.18970320771690907 
12 12 -0.26058685105305057 0.5724799885572518 Penicillium-chrysogenum
12 12 0.4741818037544452 0.28236502659869417 Penicillium-mb
12 12 0.17310839856621937 0.7105054407957236 Penicillium-brevicompactum
12 12 -0.6004186669738041 0.15401356017687337 Penicillium-polonicum
12 12 0.05231521808267212 0.9113084129355657 Penicillium-commune
12 12 -0.24544533494705462 0.5957559522825554 Penicillium-verrucosum
12 12 -0.7300198212854083 0.06250238406965598 Penicillium-solitum
12 12 0.09954985241670573 0.8318350903003471 Penicillium-cvjetkovicii
12 12 -0.021849022270747465 0.9629168006385297 Penicillium-chrysogenum
12 12 -0.298756102839894 0.5151439566413634 Penicillium-mb
12 12 0.3427071679665433 0.45175717142900673 Penicillium-brevicompactum
12 12 -0.5000217265710465 0.2531460386479979 Penicillium-polonicum
12 12 0.3357650970939201 0.46156765676971095 Penicillium-commune
12 12 -0.455116283460508 0.30483680859819945 Penicillium-verrucosum
12 12 -0.469263026914657 0.2880895179159322 Penicillium-solitum
12 12 0.29039053898697115 0.5275378600936289 Penicillium-cvjetkovicii
10 8 0.2529177625544084 0.5842334102781335 Penicillium-chrysogenum
10 8 -0.1330912920243887 0.7760529724288565 Penicillium-mb
10 8 -0.1465910660833947 0.7538045126595665 Penicillium-brevicompactum
10 8 -0.17457031468758039 0.7081352628772442 Penicillium-polonicum
10 8 -0.11598646278147766 0.8044170541388571 Penicillium-commune
10 8 -0.08599101564189082 0.8545562505851458 Penicillium-verrucosum
10 8 -0.13336665993318433 0.7755978845584115 Penicillium-solitum
10 8 -0.17685395423043512 0.7044365894459867 Penicillium-cvjetkovicii
8 10 0.28071615794059984 0.541994150597553 Penicillium-chrysogenum
8 10 0.15323681397878525 0.7429005922884436 Penicillium-mb
8 10 -0.14302234439175143 0.7596733966116982 Penicillium-brevicompactum
8 10 -0.23907695801999662 0.6056295200318564 Penicillium-polonicum
8 10 -0.22626733015260087 0.625633633506769 Penicillium-commune
8 10 -0.2648676938769158 0.5659519344869812 Penicillium-verrucosum
8 10 -0.31671287663831377 0.48888676564834066 Penicillium-solitum
8 10 -0.18970320771690766 0.6837132747113732 Penicillium-cvjetkovicii
12 12 0.006529728921598794 0.9889150242147364 Penicillium-chrysogenum
12 12 -0.2915587942865401 0.5258010363377091 Penicillium-mb
12 12 -0.2995480181061542 0.5139759287384418 Penicillium-brevicompactum
12 12 0.10570572069886772 0.8215492816092961 Penicillium-polonicum
12 12 -0.3659213067883221 0.41953285139531166 Penicillium-commune
12 12 0.08963532146967976 0.8484409175227369 Penicillium-verrucosum
12 12 -0.8469341481265121 0.01618361686193449 Penicillium-solitum
12 12 -0.4316875999769348 0.33347609453587695 Penicillium-cvjetkovicii
10 12 -0.03410955893569375 0.9421274942234635 Penicillium-chrysogenum
10 12 -0.2640750126008247 0.567158942911312 Penicillium-mb
10 12 -0.14659106608339462 0.7538045126595666 Penicillium-brevicompactum
10 12 -0.3655707722091247 0.4200126173446915 Penicillium-polonicum
10 12 -0.3484647520264649 0.44368048059469234 Penicillium-commune
10 12 -0.3488337322560642 0.44316475005684763 Penicillium-verrucosum
10 12 -0.4118338485880509 0.35859913441769764 Penicillium-solitum
10 12 -0.19710689186157523 0.6718430532519288 Penicillium-cvjetkovicii
10 12 0.14091532103144788 0.763142793117961 Penicillium-chrysogenum
10 12 -0.2477057654022138 0.5922631242788878 Penicillium-mb
10 12 0.14698780446514567 0.7531526397607564 Penicillium-brevicompactum
10 12 0.1666895458249882 0.720933968504933 Penicillium-polonicum
10 12 -0.4865620237171529 0.2681853989937413 Penicillium-commune
10 12 0.13394284406282606 0.7746458168292262 Penicillium-verrucosum
10 12 -0.4615425634562271 0.2971774440296541 Penicillium-solitum
10 12 -0.4286652083358403 0.3372508965722456 Penicillium-cvjetkovicii
8 10 0.32857495248488333 0.4718105363107408 Penicillium-chrysogenum
8 10 -0.2237083216725147 0.6296522880243203 Penicillium-mb
8 10 -0.897736216459628 0.006074932146887194 Penicillium-brevicompactum
8 10 0.4752011787986578 0.28118509667407393 Penicillium-polonicum
8 10 0.4733776939617659 0.28329734528198275 Penicillium-commune
8 10 0.5011314299443506 0.25192382731594803 Penicillium-verrucosum
8 10 0.4974036040328406 0.25604035606150544 Penicillium-solitum
8 10 0.5922310068887182 0.16120367918910847 Penicillium-cvjetkovicii
8 12 0.12915201687936953 0.7825687577147594 Penicillium-chrysogenum
8 12 -0.07979775364738768 0.864962025006606 Penicillium-mb
8 12 -0.14732713877675516 0.7525951788050741 Penicillium-brevicompactum
8 12 -0.24181153828263643 0.6013838671361973 Penicillium-polonicum
8 12 -0.25313782592960393 0.5838951162412807 Penicillium-commune
8 12 -0.24460864666434087 0.5970503799664378 Penicillium-verrucosum
8 12 -0.2884615887460035 0.5304098192339934 Penicillium-solitum
8 12 0.02771541772407068 0.9529669144973736 Penicillium-cvjetkovicii
10 12 0.1577440486472655 0.7355247042568049 Penicillium-chrysogenum
10 12 -0.18670779170567542 0.6885306669669482 Penicillium-mb
10 12 -0.1503992075837596 0.7475522734531703 Penicillium-brevicompactum
10 12 -0.4763292166558077 0.2798819684924236 Penicillium-polonicum
10 12 -0.20087971130693735 0.6658147726051022 Penicillium-commune
10 12 -0.21089919332501159 0.6498753943195898 Penicillium-verrucosum
10 12 -0.458789512508105 0.30044826212357906 Penicillium-solitum
10 12 0.1574425564666561 0.7360175847471825 Penicillium-cvjetkovicii
8 10 0.2760032624136595 0.5490833344716649 Penicillium-chrysogenum
8 10 0.004725933060228251 0.9919770964501707 Penicillium-mb
8 10 -0.3074722963006139 0.5023387151452574 Penicillium-brevicompactum
8 10 -0.4213478099203718 0.3464643502452288 Penicillium-polonicum
8 10 -0.08075624613948414 0.8633505417920753 Penicillium-commune
8 10 -0.11976687110178809 0.7981325416794861 Penicillium-verrucosum
8 10 -0.49007879667390075 0.2642177396443255 Penicillium-solitum
8 10 -0.18970320771691035 0.683713274711369 Penicillium-cvjetkovicii
10 12 0.16283917000661577 0.7272061961065838 Penicillium-chrysogenum
10 12 -0.1089235273653951 0.8161806645883101 Penicillium-mb
10 12 -0.1481051536892831 0.7513173729543938 Penicillium-brevicompactum
10 12 -0.34623689266878915 0.4467992056694814 Penicillium-polonicum
10 12 -0.42153875455833434 0.34622259854644316 Penicillium-commune
10 12 -0.31650149031369657 0.4891930435655737 Penicillium-verrucosum
10 12 -0.4599739448872509 0.29903914045906305 Penicillium-solitum
10 12 0.13038865904464514 0.7805221769014984 Penicillium-cvjetkovicii
12 12 0.5726482031348386 0.17905942778763181 Penicillium-chrysogenum
12 12 0.23971334706628347 0.6046406827039001 Penicillium-mb
12 12 -0.4592683196034111 0.2998782732902317 Penicillium-brevicompactum
12 12 0.10843968634517648 0.8169875485713971 Penicillium-polonicum
12 12 0.09645717673900722 0.8370099142361995 Penicillium-commune
12 12 -0.5288062251370577 0.2223329982778371 Penicillium-verrucosum
12 12 0.14782143085861404 0.7517833050149083 Penicillium-solitum
12 12 -0.49796518990727456 0.2554182556678845 Penicillium-cvjetkovicii
4 10 0.2330954907786186 0.6149469108108007 Penicillium-chrysogenum
4 10 0.08448239668210741 0.8570895008656996 Penicillium-mb
4 10 -0.14494603193446742 0.7565086721790606 Penicillium-brevicompactum
4 10 -0.2909355626703806 0.5267273425797168 Penicillium-polonicum
4 10 -0.26947867416584714 0.558947114750302 Penicillium-commune
4 10 -0.30798621826818795 0.5015872017093521 Penicillium-verrucosum
4 10 -0.29992369312249856 0.5134221495300895 Penicillium-solitum
4 10 -0.18970320771690907 0.683713274711371 Penicillium-cvjetkovicii
8 8 0.21764529774180424 0.6392025126783301 Penicillium-chrysogenum
8 8 0.06241883326740321 0.8942408035015534 Penicillium-mb
8 8 -0.14407762186479164 0.757936990829714 Penicillium-brevicompactum
8 8 -0.2936297676060896 0.5227269269067196 Penicillium-polonicum
8 8 -0.287354471239802 0.5320605411467738 Penicillium-commune
8 8 -0.26550530776761566 0.5649816387653817 Penicillium-verrucosum
8 8 -0.28561241744792176 0.5346614350536001 Penicillium-solitum
8 8 -0.18970320771691118 0.6837132747113676 Penicillium-cvjetkovicii
10 10 -0.4360635868463111 0.3280428542996605 Penicillium-chrysogenum
10 10 -0.03171861865421053 0.9461798835252471 Penicillium-mb
10 10 0.14033464911451374 0.7640994761360365 Penicillium-brevicompactum
10 10 -0.27588418319580416 0.5492628452756015 Penicillium-polonicum
10 10 0.08174329871691897 0.8616914350721998 Penicillium-commune
10 10 -0.5404805406935569 0.21037209117761946 Penicillium-verrucosum
10 10 -0.4833387907895746 0.27184540276140207 Penicillium-solitum
10 10 -0.32982389377223864 0.4700254215059031 Penicillium-cvjetkovicii
10 12 0.08269893672588186 0.8600855172510989 Penicillium-chrysogenum
10 12 -0.38085676752551906 0.3992913354140902 Penicillium-mb
10 12 -0.14659106608339523 0.7538045126595656 Penicillium-brevicompactum
10 12 -0.0015566395443511797 0.9973573698353613 Penicillium-polonicum
10 12 -0.5344858668540463 0.21647475741187466 Penicillium-commune
10 12 -0.7403831303273078 0.05702279808474543 Penicillium-verrucosum
10 12 -0.016783494001747154 0.9715114684520371 Penicillium-solitum
10 12 0.18018009204186766 0.6990577307290393 Penicillium-cvjetkovicii
6 12 0.2970186992735748 0.5177097110031181 Penicillium-chrysogenum
6 12 0.05915661902342289 0.8997482352706175 Penicillium-mb
6 12 0.5863506728745758 0.16646816741859258 Penicillium-brevicompactum
6 12 0.5245645777564727 0.22675614924770554 Penicillium-polonicum
6 12 0.5198011961897574 0.23177213126579393 Penicillium-commune
6 12 0.49647630295281575 0.2570690966829863 Penicillium-verrucosum
6 12 0.4513277350301781 0.3093923023851618 Penicillium-solitum
6 12 0.9456726617116791 0.0012830443402921886 Penicillium-cvjetkovicii
8 12 -0.26413941443466765 0.5670608483854847 Penicillium-chrysogenum
8 12 0.410811041603293 0.35991405061360754 Penicillium-mb
8 12 0.5147571329090133 0.2371396119797794 Penicillium-brevicompactum
8 12 0.3245978307324461 0.47751143121115247 Penicillium-polonicum
8 12 -0.7553210213601645 0.049603110021768135 Penicillium-commune
8 12 0.2884628301552361 0.5304079692485533 Penicillium-verrucosum
8 12 -0.5983613503832681 0.15580484257683097 Penicillium-solitum
8 12 0.3741351125768378 0.4083522379390305 Penicillium-cvjetkovicii
12 10 0.1632834316349015 0.7264818735147063 Penicillium-chrysogenum
12 10 -0.36900319186340186 0.4153239622682754 Penicillium-mb
12 10 -0.14659106608339503 0.753804512659566 Penicillium-brevicompactum
12 10 -0.011120689011081542 0.9811220993447628 Penicillium-polonicum
12 10 -0.7980033430412024 0.031486477033315495 Penicillium-commune
12 10 0.017982134346183416 0.9694775159926131 Penicillium-verrucosum
12 10 0.004653432764824568 0.9921001727138812 Penicillium-solitum
12 10 -0.020244112341753516 0.9656395693672659 Penicillium-cvjetkovicii
12 12 0.17148546287189545 0.7131388497918352 Penicillium-chrysogenum
12 12 -0.10412621358785773 0.8241865837944576 Penicillium-mb
12 12 0.2862691641296851 0.5336804113182563 Penicillium-brevicompactum
12 12 -0.46103794363995787 0.29777578690552864 Penicillium-polonicum
12 12 -0.44865276626721373 0.3126265287392242 Penicillium-commune
12 12 0.3139963394594695 0.4928279515702042 Penicillium-verrucosum
12 12 -0.4840546051997901 0.27103065286083494 Penicillium-solitum
12 12 0.3161735134403075 0.48966838490848585 Penicillium-cvjetkovicii
6 8 0.2400159639721938 0.6041706372609276 Penicillium-chrysogenum
6 8 0.1555986062526618 0.7390336424467552 Penicillium-mb
6 8 -0.14454802548643972 0.7571632256492056 Penicillium-brevicompactum
6 8 -0.24954123369884332 0.5894315417151547 Penicillium-polonicum
6 8 -0.2668145018754775 0.5629910213691622 Penicillium-commune
6 8 -0.2762160067330972 0.5487626720991369 Penicillium-verrucosum
6 8 -0.3220460808467312 0.4811822083292607 Penicillium-solitum
6 8 -0.18970320771690685 0.6837132747113746 Penicillium-cvjetkovicii
8 10 0.2588296113607086 0.5751665020401511 Penicillium-chrysogenum
8 10 0.11292006403820616 0.8095207759467313 Penicillium-mb
8 10 -0.14659106608339498 0.753804512659566 Penicillium-brevicompactum
8 10 0.16541671413020667 0.7230060404547182 Penicillium-polonicum
8 10 0.18066438871754298 0.6982753797097245 Penicillium-commune
8 10 0.16793985124329483 0.7188998878818932 Penicillium-verrucosum
8 10 0.16626535451219102 0.7216243691165409 Penicillium-solitum
8 10 0.3306019950571818 0.46891452951691204 Penicillium-cvjetkovicii
12 8 0.3275025114982269 0.4733453464892232 Penicillium-chrysogenum
12 8 -0.10037079422291141 0.8304622525792438 Penicillium-mb
12 8 -0.1465910660833947 0.7538045126595665 Penicillium-brevicompactum
12 8 -0.05680892986570032 0.9037137111442564 Penicillium-polonicum
12 8 -0.5504572575902561 0.2004004215417751 Penicillium-commune
12 8 0.013537025693515097 0.9770209370291504 Penicillium-verrucosum
12 8 0.04973864206700692 0.9156654680419511 Penicillium-solitum
12 8 -0.30759034340410957 0.5021660588000124 Penicillium-cvjetkovicii
10 12 0.3489752379229249 0.442967025076918 Penicillium-chrysogenum
10 12 -0.1544701795727532 0.740880668640254 Penicillium-mb
10 12 -0.3959522821811072 0.3792394494854878 Penicillium-brevicompactum
10 12 0.00816353356872107 0.9861416167755389 Penicillium-polonicum
10 12 0.09928551998341505 0.8322771984337451 Penicillium-commune
10 12 0.06940466041359729 0.882458565809962 Penicillium-verrucosum
10 12 0.06022161929289864 0.8979498885955919 Penicillium-solitum
10 12 0.4602239766554081 0.29874204998476156 Penicillium-cvjetkovicii
12 12 -0.16019470960624146 0.7315210421605262 Penicillium-chrysogenum
12 12 0.0703717251628839 0.8808288394660648 Penicillium-mb
12 12 0.27640575540449724 0.5484767219226654 Penicillium-brevicompactum
12 12 0.22339582620786666 0.6301435291934184 Penicillium-polonicum
12 12 0.24521344607209802 0.5961146191649345 Penicillium-commune
12 12 -0.9639219067645578 0.00046571138179623157 Penicillium-verrucosum
12 12 0.13598017183413383 0.7712812095228313 Penicillium-solitum
12 12 -0.5715431089704864 0.18009453797937194 Penicillium-cvjetkovicii
12 12 -0.18652302956181627 0.6888280873526094 Penicillium-chrysogenum
12 12 0.45287621611791273 0.3075267823598399 Penicillium-mb
12 12 0.11486081690693414 0.8062899487091916 Penicillium-brevicompactum
12 12 -0.5962676370502843 0.15763842549960405 Penicillium-polonicum
12 12 0.02773065220072904 0.9529410814567992 Penicillium-commune
12 12 -0.054208901841690735 0.90810726718544 Penicillium-verrucosum
12 12 -0.6052515776756106 0.14984634140866876 Penicillium-solitum
12 12 0.3321276715369974 0.4667391219965191 Penicillium-cvjetkovicii
10 12 -0.13606976333704598 0.7711333159571743 Penicillium-chrysogenum
10 12 -0.3885654241061248 0.38899976124195607 Penicillium-mb
10 12 -0.14659106608339564 0.7538045126595649 Penicillium-brevicompactum
10 12 -0.3134154193800487 0.4936722147674074 Penicillium-polonicum
10 12 -0.32390614742588864 0.478505437744417 Penicillium-commune
10 12 -0.2567191300088039 0.5783982550739519 Penicillium-verrucosum
10 12 -0.233727884324631 0.6139598551531376 Penicillium-solitum
10 12 -0.1741412229555664 0.7088307481629781 Penicillium-cvjetkovicii
8 8 0.5131759473106956 0.23883397028229866 Penicillium-chrysogenum
8 8 0.09738591588336276 0.835455402050586 Penicillium-mb
8 8 -0.15193654983642246 0.7450313480570212 Penicillium-brevicompactum
8 8 0.061592587202128894 0.8956354007118276 Penicillium-polonicum
8 8 0.05074363762589309 0.9139657905896605 Penicillium-commune
8 8 0.040366670322761866 0.9315272309981597 Penicillium-verrucosum
8 8 0.09274102452589032 0.8432341439532792 Penicillium-solitum
8 8 0.1608740306709453 0.7304120836412835 Penicillium-cvjetkovicii
6 12 -0.1094748657678362 0.8152613750837823 Penicillium-chrysogenum
6 12 -0.29185538930767435 0.525360402228091 Penicillium-mb
6 12 -0.14659106608339484 0.7538045126595663 Penicillium-brevicompactum
6 12 -0.17101673285344224 0.7138998435182238 Penicillium-polonicum
6 12 -0.26591012218020343 0.5643658831210727 Penicillium-commune
6 12 -0.1518580655642215 0.745160002502684 Penicillium-verrucosum
6 12 -0.17892198007990354 0.7010911199732451 Penicillium-solitum
6 12 -0.17473531108194953 0.7078678744509064 Penicillium-cvjetkovicii
10 10 0.4155100287463663 0.353889589805168 Penicillium-chrysogenum
10 10 0.10339465240751508 0.8254085181637293 Penicillium-mb
10 10 -0.14701961497802643 0.753100377586474 Penicillium-brevicompactum
10 10 -0.028843877034572286 0.9510534804442632 Penicillium-polonicum
10 10 -0.2745621896291085 0.5512570229074003 Penicillium-commune
10 10 0.01093054692256926 0.9814448357195013 Penicillium-verrucosum
10 10 0.0022553505016580312 0.9961712078098635 Penicillium-solitum
10 10 -0.1144147941337143 0.807032263291038 Penicillium-cvjetkovicii
8 12 -0.3365044923891027 0.46051903038776587 Penicillium-chrysogenum
8 12 0.009184979519174363 0.9844077522085777 Penicillium-mb
8 12 0.3738824588502225 0.40869438371431005 Penicillium-brevicompactum
8 12 0.36848509880278746 0.41603035814696887 Penicillium-polonicum
8 12 0.3873122400269604 0.3906655171856768 Penicillium-commune
8 12 0.36101805332328946 0.4262630641673786 Penicillium-verrucosum
8 12 0.3002558559375922 0.5129326825679761 Penicillium-solitum
8 12 -0.9597222372164292 0.0006119011706896067 Penicillium-cvjetkovicii
12 12 0.10348596867635923 0.8252559762840215 Penicillium-chrysogenum
12 12 0.0030471592298368785 0.9948270058421234 Penicillium-mb
12 12 0.2886078852184413 0.5301918187509227 Penicillium-brevicompactum
12 12 -0.3777656528485365 0.40344821763716215 Penicillium-polonicum
12 12 -0.37200815357636535 0.41123609950083645 Penicillium-commune
12 12 0.32966615624414247 0.47025073983150684 Penicillium-verrucosum
12 12 -0.5656357368851971 0.18567720629764548 Penicillium-solitum
12 12 0.33213779843764946 0.46672469480186163 Penicillium-cvjetkovicii
8 10 0.30071136261103715 0.5122617208296711 Penicillium-chrysogenum
8 10 0.11442704376101878 0.8070118747270737 Penicillium-mb
8 10 -0.006850597793983289 0.9883703368767074 Penicillium-brevicompactum
8 10 0.12949111132104973 0.7820074737512964 Penicillium-polonicum
8 10 0.13598857585774765 0.7712673363099369 Penicillium-commune
8 10 -0.0002203974529178676 0.9996258416722688 Penicillium-verrucosum
8 10 -0.0017659116068280336 0.997002100020636 Penicillium-solitum
8 10 -0.18970320771690907 0.683713274711371 Penicillium-cvjetkovicii
12 10 -0.33085333191939614 0.46855590239563466 Penicillium-chrysogenum
12 10 0.46371774671238175 0.29460434683470005 Penicillium-mb
12 10 0.0206838129761501 0.9648935792516151 Penicillium-brevicompactum
12 10 -0.3612595677585739 0.42593059197263605 Penicillium-polonicum
12 10 -0.042361637675413615 0.9281491592841866 Penicillium-commune
12 10 -0.5304813173797408 0.22059754367832046 Penicillium-verrucosum
12 10 -0.5081481378437606 0.24425885855265764 Penicillium-solitum
12 10 -0.2290528566134029 0.6212676142711013 Penicillium-cvjetkovicii
8 12 -0.2044107442449966 0.660185741563639 Penicillium-chrysogenum
8 12 0.3099349187184546 0.4987411825007855 Penicillium-mb
8 12 -0.3029434748316865 0.5089782064856442 Penicillium-brevicompactum
8 12 -0.08498333373704123 0.8562482258336016 Penicillium-polonicum
8 12 -0.48923802855456006 0.26516386032762757 Penicillium-commune
8 12 -0.29361298411326003 0.5227518153824919 Penicillium-verrucosum
8 12 -0.40843240551286797 0.36297972477727297 Penicillium-solitum
8 12 -0.005416849088504335 0.9908042062909146 Penicillium-cvjetkovicii
10 12 0.27169790331910515 0.5555857386451521 Penicillium-chrysogenum
10 12 -0.038564181270862134 0.9345800839787566 Penicillium-mb
10 12 -0.42077041013102523 0.3471958177043051 Penicillium-brevicompactum
10 12 -0.5854327484328968 0.16729751567446144 Penicillium-polonicum
10 12 0.2824030900571265 0.5394640334486569 Penicillium-commune
10 12 0.29061454701852096 0.5272046815664301 Penicillium-verrucosum
10 12 -0.5895553511731795 0.1635887178300647 Penicillium-solitum
10 12 0.3428278564600791 0.4515873101096842 Penicillium-cvjetkovicii
10 12 -0.10848217319692988 0.8169166896460027 Penicillium-chrysogenum
10 12 -0.38936661439576786 0.3879363041440564 Penicillium-mb
10 12 0.15628357024225403 0.7379129685379315 Penicillium-brevicompactum
10 12 -0.4824512946381505 0.2728570962776765 Penicillium-polonicum
10 12 0.10017632824515785 0.8307874216459662 Penicillium-commune
10 12 -0.44348062720550435 0.31892139324762103 Penicillium-verrucosum
10 12 -0.447205072076726 0.31438299147614884 Penicillium-solitum
10 12 -0.296939889438324 0.5178261989559818 Penicillium-cvjetkovicii
8 12 -0.02074693506827561 0.964786488829918 Penicillium-chrysogenum
8 12 0.25629861961383166 0.5790428510729823 Penicillium-mb
8 12 -0.9052027743987332 0.005046884331929839 Penicillium-brevicompactum
8 12 0.11339154961802782 0.808735680999908 Penicillium-polonicum
8 12 -0.339625170222465 0.45610295794119393 Penicillium-commune
8 12 0.057945235713614866 0.9017941769263085 Penicillium-verrucosum
8 12 -0.2660804468056447 0.5641068694404652 Penicillium-solitum
8 12 -0.558674942843552 0.19236175332680838 Penicillium-cvjetkovicii
6 10 0.297018699273575 0.5177097110031177 Penicillium-chrysogenum
6 10 0.14844377705057152 0.7507613613858855 Penicillium-mb
6 10 0.22255799825042208 0.6314611241926109 Penicillium-brevicompactum
6 10 0.13573776780617747 0.7716813866310632 Penicillium-polonicum
6 10 0.1864320000501963 0.6889746335917175 Penicillium-commune
6 10 0.19965296040356648 0.667773345161857 Penicillium-verrucosum
6 10 0.18092710891969033 0.6978510604072063 Penicillium-solitum
6 10 0.4955414165467361 0.258108162981539 Penicillium-cvjetkovicii
8 12 0.19978827178934547 0.6675572396605922 Penicillium-chrysogenum
8 12 0.052132853976852064 0.9116167381755103 Penicillium-mb
8 12 -0.14659106608339487 0.7538045126595663 Penicillium-brevicompactum
8 12 -0.2943625272664509 0.5216407002400432 Penicillium-polonicum
8 12 -0.3638573012903603 0.4223608537391607 Penicillium-commune
8 12 -0.30332639206234213 0.5084156568099394 Penicillium-verrucosum
8 12 -0.3561846225668545 0.43293778716823406 Penicillium-solitum
8 12 -0.18681104942241927 0.6883644620124608 Penicillium-cvjetkovicii
10 12 0.6820918014160966 0.09139748450836503 Penicillium-chrysogenum
10 12 0.6999161959087556 0.07996851590022654 Penicillium-mb
10 12 -0.059433452980520884 0.8992807437144754 Penicillium-brevicompactum
10 12 -0.25347243032414407 0.5833808589384152 Penicillium-polonicum
10 12 -0.28028846758316883 0.5426362362394805 Penicillium-commune
10 12 -0.39226729649701153 0.3840959150841223 Penicillium-verrucosum
10 12 -0.31507426911120645 0.4912627321389271 Penicillium-solitum
10 12 -0.2607077095714536 0.5722953620646475 Penicillium-cvjetkovicii
12 12 0.26013694720387165 0.5731674373668134 Penicillium-chrysogenum
12 12 -0.5352131417206141 0.2157299631191152 Penicillium-mb
12 12 -0.38059971197344167 0.3996363679621481 Penicillium-brevicompactum
12 12 0.0877395272247692 0.8516214198317784 Penicillium-polonicum
12 12 -0.23720933089844534 0.6085342461817667 Penicillium-commune
12 12 -0.27838096652539585 0.5455029882531931 Penicillium-verrucosum
12 12 0.10663297239102734 0.8200016708549767 Penicillium-solitum
12 12 0.22418983803737005 0.6288955592522185 Penicillium-cvjetkovicii
12 8 0.7645626291869515 0.04529464436333655 Penicillium-chrysogenum
12 8 0.3935764856764635 0.38236765867121897 Penicillium-mb
12 8 -0.39821397436107575 0.3762711917291127 Penicillium-brevicompactum
12 8 -0.6667722841821014 0.10186524643508499 Penicillium-polonicum
12 8 0.11149508057026111 0.8118943593518095 Penicillium-commune
12 8 0.19308426991509875 0.6782858973905324 Penicillium-verrucosum
12 8 0.21772707550493536 0.6390734327697353 Penicillium-solitum
12 8 -0.4071183251824784 0.36467797009072067 Penicillium-cvjetkovicii
8 12 0.1300049342300466 0.781157114937636 Penicillium-chrysogenum
8 12 0.04956017554159467 0.9159673226388076 Penicillium-mb
8 12 -0.14676509223399695 0.7535185594428884 Penicillium-brevicompactum
8 12 -0.3890329789294964 0.3883790116511101 Penicillium-polonicum
8 12 0.0057374829132908955 0.9902599068075739 Penicillium-commune
8 12 -0.016173674165271996 0.9725463090620238 Penicillium-verrucosum
8 12 -0.5935038557752307 0.1600751862221732 Penicillium-solitum
8 12 -0.17978405070752615 0.6996976681349685 Penicillium-cvjetkovicii
8 10 0.3155953321426365 0.49050675101947694 Penicillium-chrysogenum
8 10 -0.05201860933911845 0.9118098974860847 Penicillium-mb
8 10 -0.20096003277099794 0.6656865876624101 Penicillium-brevicompactum
8 10 0.0482504252878323 0.9181828510083574 Penicillium-polonicum
8 10 0.08001798425107647 0.8645917251403232 Penicillium-commune
8 10 0.064579734149878 0.890594511691023 Penicillium-verrucosum
8 10 0.012302955607569582 0.9791154345271151 Penicillium-solitum
8 10 -0.18970320771690907 0.683713274711371 Penicillium-cvjetkovicii
10 10 0.43404213643592404 0.3305479556761899 Penicillium-chrysogenum
10 10 0.07364269855391335 0.8753190025066635 Penicillium-mb
10 10 -0.14659106608339523 0.7538045126595656 Penicillium-brevicompactum
10 10 -0.13379453717189702 0.7748908528530487 Penicillium-polonicum
10 10 -0.1267580901865959 0.7865334125870874 Penicillium-commune
10 10 -0.29635981430504144 0.518683877474162 Penicillium-verrucosum
10 10 -0.3573379521401213 0.4313414830323968 Penicillium-solitum
10 10 -0.18287901352925579 0.6947005046064587 Penicillium-cvjetkovicii
8 4 0.4841519709923232 0.2709199151379594 Penicillium-chrysogenum
8 4 0.2660611862068749 0.5641361572487071 Penicillium-mb
8 4 -0.19385408276575625 0.6770517067609001 Penicillium-brevicompactum
8 4 -0.01685683644100886 0.9713870112955852 Penicillium-polonicum
8 4 -0.0023583373079455482 0.9959963733732159 Penicillium-commune
8 4 -0.00447549239994004 0.9924022442178262 Penicillium-verrucosum
8 4 -0.027559699853894528 0.9532309665361463 Penicillium-solitum
8 4 -0.18970320771690766 0.6837132747113732 Penicillium-cvjetkovicii
12 12 -0.6325267786518015 0.12740780107367422 Penicillium-chrysogenum
12 12 0.4750616628431742 0.2813464562206812 Penicillium-mb
12 12 0.06405150695660318 0.8914856996671092 Penicillium-brevicompactum
12 12 -0.2463659985405153 0.5943325880877539 Penicillium-polonicum
12 12 -0.27448772956264395 0.5513694131231281 Penicillium-commune
12 12 -0.17128291954573044 0.7134676602715025 Penicillium-verrucosum
12 12 -0.09396606072135276 0.8411815853170831 Penicillium-solitum
12 12 -0.050721141919573304 0.914003833143406 Penicillium-cvjetkovicii
12 8 0.7584834334535376 0.04810459669069911 Penicillium-chrysogenum
12 8 0.1966403665561007 0.6725894544470901 Penicillium-mb
12 8 -0.4150109598124569 0.35452742372224816 Penicillium-brevicompactum
12 8 0.290693397337849 0.5270874203873988 Penicillium-polonicum
12 8 0.2768598197979703 0.5477926472485612 Penicillium-commune
12 8 0.3338360623561281 0.46430759692903895 Penicillium-verrucosum
12 8 0.34943999603892145 0.44231785619348946 Penicillium-solitum
12 8 -0.21801014007483796 0.6386266930216751 Penicillium-cvjetkovicii
12 12 0.1266444039569651 0.7867217836292469 Penicillium-chrysogenum
12 12 -0.5354055318436243 0.21553314214260041 Penicillium-mb
12 12 -0.14659106608339506 0.7538045126595658 Penicillium-brevicompactum
12 12 -0.3190602293678333 0.48549028713651937 Penicillium-polonicum
12 12 -0.3149166606159709 0.49149147893996503 Penicillium-commune
12 12 -0.3403575605313243 0.4550688429324988 Penicillium-verrucosum
12 12 -0.3036493885993009 0.507941305368949 Penicillium-solitum
12 12 -0.2317937709671146 0.6169801195835158 Penicillium-cvjetkovicii
8 10 0.1291243446556254 0.7826145653034049 Penicillium-chrysogenum
8 10 0.20514816992298593 0.6590117639961397 Penicillium-mb
8 10 -0.14375524149692656 0.758467365928505 Penicillium-brevicompactum
8 10 -0.1637500124753128 0.7257213361007239 Penicillium-polonicum
8 10 -0.16288332188248017 0.7271342038093085 Penicillium-commune
8 10 -0.1977755149020417 0.670773686308455 Penicillium-verrucosum
8 10 -0.46228378762252714 0.2962995152109108 Penicillium-solitum
8 10 -0.18970320771690677 0.6837132747113747 Penicillium-cvjetkovicii
12 10 -0.00987362078300049 0.9832388377963677 Penicillium-chrysogenum
12 10 -0.36702321107555685 0.41802609741370905 Penicillium-mb
12 10 0.10847003184081251 0.8169369387139791 Penicillium-brevicompactum
12 10 -0.2690244431611814 0.559635924084171 Penicillium-polonicum
12 10 -0.26570722770535377 0.5646744753947482 Penicillium-commune
12 10 0.10699735799023359 0.8193936272634015 Penicillium-verrucosum
12 10 0.08564939150622929 0.8551298143419571 Penicillium-solitum
12 10 -0.45739002417007363 0.30211698976670104 Penicillium-cvjetkovicii
8 8 0.43307441934052726 0.3317500902874812 Penicillium-chrysogenum
8 8 0.21007752234725283 0.6511786376147186 Penicillium-mb
8 8 -0.14659106608339498 0.753804512659566 Penicillium-brevicompactum
8 8 -0.5033944237074599 0.24943983141353207 Penicillium-polonicum
8 8 -0.05191935696333288 0.9119777114083234 Penicillium-commune
8 8 0.00687463803120484 0.988329527785508 Penicillium-verrucosum
8 8 0.007704384565638374 0.9869210187137278 Penicillium-solitum
8 8 -0.18399719203346487 0.6928972298015375 Penicillium-cvjetkovicii
12 12 0.21242509948551785 0.6474570538879548 Penicillium-chrysogenum
12 12 -0.6421305599852097 0.11994740143445161 Penicillium-mb
12 12 -0.3034731568649147 0.5082000995536071 Penicillium-brevicompactum
12 12 -0.3373213087576312 0.4593616295541124 Penicillium-polonicum
12 12 -0.049378321632098925 0.9162749148464243 Penicillium-commune
12 12 -0.3588777064507401 0.4292138601375351 Penicillium-verrucosum
12 12 -0.1294161646874333 0.782131522233746 Penicillium-solitum
12 12 0.19134953233263496 0.6810691814621718 Penicillium-cvjetkovicii
8 10 0.1909486164559805 0.6817128377381738 Penicillium-chrysogenum
8 10 0.24568473002063174 0.5953857437820516 Penicillium-mb
8 10 -0.14659106608339512 0.7538045126595658 Penicillium-brevicompactum
8 10 -0.14331639883132133 0.7591894639495105 Penicillium-polonicum
8 10 -0.13244112088397503 0.7771276822956832 Penicillium-commune
8 10 -0.20301078449609775 0.6624159927652147 Penicillium-verrucosum
8 10 -0.21064103388147024 0.6502847819255944 Penicillium-solitum
8 10 -0.1887033924741049 0.6853202924540867 Penicillium-cvjetkovicii
8 12 0.09775566176739475 0.8348366441985239 Penicillium-chrysogenum
8 12 0.10884910537902238 0.81630476702758 Penicillium-mb
8 12 -0.1671846496478836 0.7201283434133872 Penicillium-brevicompactum
8 12 -0.1501792048049367 0.7479131796079963 Penicillium-polonicum
8 12 -0.1755190669764592 0.7065980682681031 Penicillium-commune
8 12 -0.1798624621556176 0.6995709569553237 Penicillium-verrucosum
8 12 -0.41190979130655203 0.3585015824838844 Penicillium-solitum
8 12 0.1665579724286923 0.7211480971835993 Penicillium-cvjetkovicii
10 12 0.011061227270021462 0.981223026106273 Penicillium-chrysogenum
10 12 0.01878960910677257 0.9681073994011609 Penicillium-mb
10 12 -0.1469995538982937 0.753133336277613 Penicillium-brevicompactum
10 12 -0.30738469518815764 0.5024668544382759 Penicillium-polonicum
10 12 -0.38086186454457477 0.39928449514356706 Penicillium-commune
10 12 -0.3146281265412432 0.4919103439681637 Penicillium-verrucosum
10 12 -0.29209268699159224 0.5250079528036327 Penicillium-solitum
10 12 0.16707025206673584 0.7203144710849441 Penicillium-cvjetkovicii
12 12 -0.14284916118567517 0.7599584376717611 Penicillium-chrysogenum
12 12 -0.35432099281665974 0.43552196840161184 Penicillium-mb
12 12 -0.14659106608339642 0.7538045126595636 Penicillium-brevicompactum
12 12 -0.3476092000824307 0.4448771725022144 Penicillium-polonicum
12 12 -0.348831766990425 0.4431674963449444 Penicillium-commune
12 12 -0.19540804087869376 0.674562098307601 Penicillium-verrucosum
12 12 -0.28581874000265717 0.5343531732705296 Penicillium-solitum
12 12 -0.13771667740220295 0.7684156507549659 Penicillium-cvjetkovicii
10 12 -0.2112833969973487 0.6492662561625909 Penicillium-chrysogenum
10 12 0.09455471801907518 0.8401955387428872 Penicillium-mb
10 12 -0.28782734851438496 0.5313552664255636 Penicillium-brevicompactum
10 12 -0.33088315480724684 0.4685133554286269 Penicillium-polonicum
10 12 -0.3458649731467601 0.4473206475985655 Penicillium-commune
10 12 -0.1676501109529469 0.7193711398144986 Penicillium-verrucosum
10 12 -0.2769260352701118 0.5476929130800698 Penicillium-solitum
10 12 -0.14317423313815908 0.759423421754583 Penicillium-cvjetkovicii
10 12 0.08617337512203248 0.8542501022180075 Penicillium-chrysogenum
10 12 0.21708805059926883 0.6400822769220107 Penicillium-mb
10 12 -0.19680482119056292 0.6723263164687057 Penicillium-brevicompactum
10 12 -0.7078657447642671 0.07513201364511965 Penicillium-polonicum
10 12 -0.10479417866392522 0.8230711211493115 Penicillium-commune
10 12 -0.23926368594723302 0.6053393277867112 Penicillium-verrucosum
10 12 0.0022373430216512994 0.9962017780259989 Penicillium-solitum
10 12 0.03291007993140787 0.944160363758365 Penicillium-cvjetkovicii
8 10 0.13318375961150114 0.7759001498170076 Penicillium-chrysogenum
8 10 0.23141006377463577 0.6175798191439998 Penicillium-mb
8 10 -0.14582485083314 0.7550637943758924 Penicillium-brevicompactum
8 10 -0.0900922295481747 0.8476746232004101 Penicillium-polonicum
8 10 -0.07787978199452095 0.8681877633325958 Penicillium-commune
8 10 -0.1476403777488731 0.7520806633159769 Penicillium-verrucosum
8 10 -0.45723359112450357 0.30230377031193917 Penicillium-solitum
8 10 -0.189703207716909 0.6837132747113712 Penicillium-cvjetkovicii
4 10 0.2986851244920663 0.5152486899808821 Penicillium-chrysogenum
4 10 0.08714815769337739 0.8526138670957113 Penicillium-mb
4 10 -0.143369222013025 0.7591025381476575 Penicillium-brevicompactum
4 10 -0.07956403674445127 0.8653550224782509 Penicillium-polonicum
4 10 -0.09264121383104691 0.8434014088460542 Penicillium-commune
4 10 -0.11520357074746956 0.8057195828828599 Penicillium-verrucosum
4 10 -0.15762230270485006 0.7357237262842098 Penicillium-solitum
4 10 -0.18970320771691127 0.6837132747113674 Penicillium-cvjetkovicii
4 10 0.30148406096520736 0.5111242287705091 Penicillium-chrysogenum
4 10 0.15498540609658304 0.7400372147110839 Penicillium-mb
4 10 -0.09481260037176369 0.8397636180936874 Penicillium-brevicompactum
4 10 0.07769919829596028 0.8684915532910928 Penicillium-polonicum
4 10 0.02578671399595217 0.9562376680512872 Penicillium-commune
4 10 0.0402157272697432 0.9317828561519736 Penicillium-verrucosum
4 10 0.007464512740319087 0.9873282026323047 Penicillium-solitum
4 10 -0.18970320771690685 0.6837132747113746 Penicillium-cvjetkovicii
10 10 0.3343344298589499 0.4635991588692042 Penicillium-chrysogenum
10 10 -0.2064487717116761 0.6569425696547179 Penicillium-mb
10 10 -0.32924016124948713 0.4708594444314312 Penicillium-brevicompactum
10 10 -0.5875905808571587 0.1653511421671141 Penicillium-polonicum
10 10 0.07236297852269567 0.8774741780347347 Penicillium-commune
10 10 0.08140328142229906 0.8622629144263041 Penicillium-verrucosum
10 10 0.05328323685759257 0.9096719205581496 Penicillium-solitum
10 10 0.1295904351301003 0.7818430828641311 Penicillium-cvjetkovicii
6 10 0.2793750056863172 0.5440084429156202 Penicillium-chrysogenum
6 10 0.22907898411295155 0.6212267037194519 Penicillium-mb
6 10 0.18027645453745939 0.6989020462496851 Penicillium-brevicompactum
6 10 0.1405452754193845 0.7637524322269331 Penicillium-polonicum
6 10 0.20774406416113 0.6548835518134004 Penicillium-commune
6 10 0.2280036345891752 0.6229111303527336 Penicillium-verrucosum
6 10 0.20472161647792916 0.6596907670253409 Penicillium-solitum
6 10 -0.9389782123384615 0.0017093033940662385 Penicillium-cvjetkovicii
10 12 0.1642990383402675 0.7248266408239252 Penicillium-chrysogenum
10 12 -0.07874826765332923 0.8667269194204644 Penicillium-mb
10 12 -0.9317971896426533 0.0022485583677975237 Penicillium-brevicompactum
10 12 0.32509861381033955 0.4767922310083715 Penicillium-polonicum
10 12 0.326260750237791 0.4751247412850397 Penicillium-commune
10 12 0.3128575489378843 0.49448346094761764 Penicillium-verrucosum
10 12 0.27613896453486175 0.5488787881535199 Penicillium-solitum
10 12 -0.6413030941997502 0.1205811045954593 Penicillium-cvjetkovicii
8 10 0.22899547634191378 0.6213574632685221 Penicillium-chrysogenum
8 10 -0.04753988753398611 0.9193849490726679 Penicillium-mb
8 10 -0.2159158045744419 0.641934075090203 Penicillium-brevicompactum
8 10 -0.1344029440782423 0.7738857237923751 Penicillium-polonicum
8 10 -0.21292812909789857 0.6466603634139688 Penicillium-commune
8 10 -0.5402032677359724 0.21065252760939795 Penicillium-verrucosum
8 10 -0.21060682903253017 0.6503390290033084 Penicillium-solitum
8 10 -0.18970320771690813 0.6837132747113726 Penicillium-cvjetkovicii
10 10 0.17660922742275814 0.7048327385631954 Penicillium-chrysogenum
10 10 -0.2523351467824318 0.5851293319148811 Penicillium-mb
10 10 0.14796225294566373 0.7515520382796589 Penicillium-brevicompactum
10 10 0.17257412004856235 0.7113721206477923 Penicillium-polonicum
10 10 -0.6227433960473191 0.13524432718027377 Penicillium-commune
10 10 0.1407587289534636 0.7634007620359289 Penicillium-verrucosum
10 10 -0.6113999064622042 0.14462775163889982 Penicillium-solitum
10 10 -0.4365747177358351 0.327410722970007 Penicillium-cvjetkovicii
4 10 0.2784078719745514 0.5454625179716437 Penicillium-chrysogenum
4 10 0.11221961485766861 0.8106873643664169 Penicillium-mb
4 10 -0.14354625691220133 0.7588112243116896 Penicillium-brevicompactum
4 10 -0.16757796613979106 0.7194884916942348 Penicillium-polonicum
4 10 -0.1605181915126371 0.7309929272751831 Penicillium-commune
4 10 -0.2661355050362734 0.5640231501624383 Penicillium-verrucosum
4 10 -0.24783459243993677 0.5920642477196629 Penicillium-solitum
4 10 -0.18970320771690896 0.6837132747113712 Penicillium-cvjetkovicii
12 12 -0.09270950917516406 0.8432869575448104 Penicillium-chrysogenum
12 12 0.16606092414277301 0.7219571473146029 Penicillium-mb
12 12 -0.18438805748394557 0.6922671564679524 Penicillium-brevicompactum
12 12 -0.20612906280496093 0.6574510501030737 Penicillium-polonicum
12 12 -0.2138396593339394 0.6452173795330842 Penicillium-commune
12 12 -0.1926273898735346 0.679018653820632 Penicillium-verrucosum
12 12 -0.15905417720531648 0.7333837406901533 Penicillium-solitum
12 12 -0.14465337130443515 0.7569899647750526 Penicillium-cvjetkovicii
6 12 -0.28073814196691893 0.5419611530611899 Penicillium-chrysogenum
6 12 -0.06334683276676921 0.8926747179600341 Penicillium-mb
6 12 -0.23583550594122066 0.610673575191865 Penicillium-brevicompactum
6 12 0.22879713531364984 0.6216680646958803 Penicillium-polonicum
6 12 0.22155903076777192 0.6330331459502562 Penicillium-commune
6 12 0.2183365449311869 0.6381116603144876 Penicillium-verrucosum
6 12 0.18256280113775086 0.6952106649885862 Penicillium-solitum
6 12 -0.9602376497405685 0.0005926791169894954 Penicillium-cvjetkovicii
12 12 0.192117972027429 0.6798359087029922 Penicillium-chrysogenum
12 12 -0.3526273751836196 0.4378754881172323 Penicillium-mb
12 12 -0.27847840778020794 0.5453564250396271 Penicillium-brevicompactum
12 12 -0.3932696828202281 0.3827723851029509 Penicillium-polonicum
12 12 -0.022484781735126164 0.9618382973123759 Penicillium-commune
12 12 -0.40897895188934497 0.36227436316711964 Penicillium-verrucosum
12 12 -0.05472492027816877 0.9072351424765448 Penicillium-solitum
12 12 0.18166277948567405 0.6966632122381473 Penicillium-cvjetkovicii
10 10 0.3953186161051573 0.38007277706176573 Penicillium-chrysogenum
10 10 0.38715557921207366 0.39087395469043834 Penicillium-mb
10 10 -0.14202112514394385 0.7613215945927594 Penicillium-brevicompactum
10 10 -0.15840960126700104 0.7344369119553736 Penicillium-polonicum
10 10 -0.1273091380463193 0.7856204778245603 Penicillium-commune
10 10 -0.20679786321331153 0.6563874778136747 Penicillium-verrucosum
10 10 -0.29957543553674815 0.5139355059955086 Penicillium-solitum
10 10 -0.18970320771690677 0.6837132747113747 Penicillium-cvjetkovicii
8 10 0.23917947128752895 0.6054701999503718 Penicillium-chrysogenum
8 10 -0.0664398045010278 0.8874570651108526 Penicillium-mb
8 10 -0.14462740723144893 0.7570326667916372 Penicillium-brevicompactum
8 10 -0.33141689573716543 0.4677521306307115 Penicillium-polonicum
8 10 -0.13447540922594123 0.7737660232143173 Penicillium-commune
8 10 -0.3497319180143438 0.44191028701876267 Penicillium-verrucosum
8 10 -0.20722999210258516 0.6557005218343311 Penicillium-solitum
8 10 -0.1897032077169046 0.6837132747113781 Penicillium-cvjetkovicii
8 12 0.13039334979916922 0.7805144158487363 Penicillium-chrysogenum
8 12 -0.0775115078481525 0.8688073123324032 Penicillium-mb
8 12 0.13561095229185435 0.771890758373673 Penicillium-brevicompactum
8 12 -0.26637821662673916 0.5636541401368977 Penicillium-polonicum
8 12 -0.28306252311438185 0.538476059937709 Penicillium-commune
8 12 -0.32678636991255994 0.4743712529789755 Penicillium-verrucosum
8 12 -0.3064046557953787 0.5039011943124239 Penicillium-solitum
8 12 0.17030921786279724 0.7150488669367367 Penicillium-cvjetkovicii
10 10 0.3619969149578383 0.4249161687431152 Penicillium-chrysogenum
10 10 -0.38427600448100635 0.394713166282831 Penicillium-mb
10 10 -0.7998773308828149 0.030794441184006392 Penicillium-brevicompactum
10 10 0.45868882938240313 0.30056817944237707 Penicillium-polonicum
10 10 0.4553706886682897 0.30453196155063594 Penicillium-commune
10 10 0.4112312367403132 0.35937360784540223 Penicillium-verrucosum
10 10 0.40428286500419724 0.36835349333995193 Penicillium-solitum
10 10 0.5828089824275571 0.16967932423310592 Penicillium-cvjetkovicii
10 10 -0.2664275191385026 0.5635791917714364 Penicillium-chrysogenum
10 10 0.44836794752404385 0.3129717566223464 Penicillium-mb
10 10 0.0023793668175077594 0.9959606728694765 Penicillium-brevicompactum
10 10 -0.21264895254227129 0.6471024858294545 Penicillium-polonicum
10 10 -0.03988999023583665 0.9323345143601296 Penicillium-commune
10 10 -0.18824866320178313 0.6860514979133652 Penicillium-verrucosum
10 10 -0.5558640043597027 0.19509358988095343 Penicillium-solitum
10 10 -0.1897032077169103 0.683713274711369 Penicillium-cvjetkovicii
8 12 0.29701869927357516 0.5177097110031176 Penicillium-chrysogenum
8 12 -0.011982542031439105 0.9796592652002574 Penicillium-mb
8 12 0.8235322691219602 0.022791609647510817 Penicillium-brevicompactum
8 12 0.7571522565245085 0.048732306230219166 Penicillium-polonicum
8 12 0.6963950611395099 0.08216219094533204 Penicillium-commune
8 12 0.7357234031497568 0.05945289703245366 Penicillium-verrucosum
8 12 0.6558667248415484 0.10967899209410151 Penicillium-solitum
8 12 0.9569082411271994 0.0007233347800771512 Penicillium-cvjetkovicii
12 10 0.6185627822777884 0.1386655254627437 Penicillium-chrysogenum
12 10 0.4652084943529489 0.2928466069438394 Penicillium-mb
12 10 0.06036850939280854 0.8977018788471433 Penicillium-brevicompactum
12 10 -0.47879032315711617 0.27704828416811106 Penicillium-polonicum
12 10 -0.4302931104129164 0.33521549076947205 Penicillium-commune
12 10 0.20275543402908563 0.6628230014401864 Penicillium-verrucosum
12 10 0.23997334081777466 0.604236835910962 Penicillium-solitum
12 10 0.4704585041663017 0.2866935053848838 Penicillium-cvjetkovicii
4 10 0.14079229831222692 0.7633454585948989 Penicillium-chrysogenum
4 10 0.02431723911558329 0.9587299773071885 Penicillium-mb
4 10 -0.14659106608339495 0.7538045126595662 Penicillium-brevicompactum
4 10 -0.16790072808947762 0.7189635161226151 Penicillium-polonicum
4 10 -0.11540231196338913 0.8053888952586206 Penicillium-commune
4 10 -0.09866713271729043 0.8333116167001227 Penicillium-verrucosum
4 10 -0.09899894005852808 0.8327565562349949 Penicillium-solitum
4 10 -0.19113964779161827 0.6814061245216266 Penicillium-cvjetkovicii
12 12 0.395411396772058 0.37995071575824513 Penicillium-chrysogenum
12 12 0.20295941681374235 0.6624978635322818 Penicillium-mb
12 12 0.23635632879054083 0.6098622865900694 Penicillium-brevicompactum
12 12 -0.4767639963107338 0.2793804282002806 Penicillium-polonicum
12 12 -0.4460996628003803 0.3157270409501234 Penicillium-commune
12 12 0.005104038176270043 0.9913352285397476 Penicillium-verrucosum
12 12 -0.4755934168806063 0.2807316691652895 Penicillium-solitum
12 12 0.3079785982676485 0.5015983416381227 Penicillium-cvjetkovicii
10 12 0.12628137860955982 0.7873233494742815 Penicillium-chrysogenum
10 12 -0.15458002139613283 0.7407008342547136 Penicillium-mb
10 12 0.13230622176257287 0.7773507012133103 Penicillium-brevicompactum
10 12 -0.25963334888949013 0.5739372379271008 Penicillium-polonicum
10 12 -0.3604202961419941 0.4270863751583555 Penicillium-commune
10 12 -0.24593328607559445 0.5950014419890739 Penicillium-verrucosum
10 12 -0.2691894801395424 0.5593856256141267 Penicillium-solitum
10 12 0.1697099706197833 0.7160223953319405 Penicillium-cvjetkovicii
10 12 0.13869814859167978 0.7667969647779305 Penicillium-chrysogenum
10 12 -0.09878408646206938 0.8331159655505656 Penicillium-mb
10 12 -0.15400089209907483 0.7416490974119736 Penicillium-brevicompactum
10 12 -0.3596841715230629 0.42810110478922353 Penicillium-polonicum
10 12 -0.3134582044607259 0.4936100168623003 Penicillium-commune
10 12 -0.42568111637183276 0.3409955414691023 Penicillium-verrucosum
10 12 -0.35914282638337713 0.4288479268232632 Penicillium-solitum
10 12 0.16301806751046066 0.7269145028004675 Penicillium-cvjetkovicii
10 10 -0.06391924105094844 0.8917088637013662 Penicillium-chrysogenum
10 10 -0.20951303544558264 0.6520743734829944 Penicillium-mb
10 10 -0.14659106608339495 0.7538045126595662 Penicillium-brevicompactum
10 10 -0.29267332047336947 0.5241458974505949 Penicillium-polonicum
10 10 -0.29745865060604726 0.5170595886574202 Penicillium-commune
10 10 -0.30088736181833087 0.5120025549871359 Penicillium-verrucosum
10 10 -0.2888379090865523 0.5298491146397295 Penicillium-solitum
10 10 -0.1754230858496945 0.7067535435890622 Penicillium-cvjetkovicii
6 10 0.26621144474117076 0.5639076858734269 Penicillium-chrysogenum
6 10 0.17928008050777555 0.7005122050000905 Penicillium-mb
6 10 -0.14466961571392573 0.7569632485292868 Penicillium-brevicompactum
6 10 -0.26265135053716915 0.5693287849310633 Penicillium-polonicum
6 10 -0.23554687568006633 0.6111233125213253 Penicillium-commune
6 10 -0.27053786370258226 0.557341988450645 Penicillium-verrucosum
6 10 -0.3456340997195352 0.44764445384267126 Penicillium-solitum
6 10 -0.18970320771690685 0.6837132747113746 Penicillium-cvjetkovicii
10 10 -0.22052195688569787 0.634666295354565 Penicillium-chrysogenum
10 10 -0.29366916930407533 0.5226684991611991 Penicillium-mb
10 10 -0.1934173569801772 0.6777518103623736 Penicillium-brevicompactum
10 10 -0.16083290315527582 0.7304792117084653 Penicillium-polonicum
10 10 -0.17143238910337646 0.7132250067672128 Penicillium-commune
10 10 -0.13964340228840652 0.7652386472791308 Penicillium-verrucosum
10 10 -0.11929435633903111 0.7989175776850795 Penicillium-solitum
10 10 -0.12114352041278449 0.7958461492810647 Penicillium-cvjetkovicii
10 12 0.0907768661737445 0.8465265771818914 Penicillium-chrysogenum
10 12 0.012253823343000694 0.9791988251886108 Penicillium-mb
10 12 -0.14812747391699738 0.7512807210318264 Penicillium-brevicompactum
10 12 -0.30403773445600063 0.5073711857063702 Penicillium-polonicum
10 12 -0.4124194639059401 0.3578471698203389 Penicillium-commune
10 12 -0.32041795089514646 0.4835296155524626 Penicillium-verrucosum
10 12 -0.4368213837124577 0.32710585048048996 Penicillium-solitum
10 12 0.13126690645455477 0.7790693323479371 Penicillium-cvjetkovicii
8 10 0.5684466990485029 0.18301038458662802 Penicillium-chrysogenum
8 10 0.2463329890160475 0.5943836036736097 Penicillium-mb
8 10 0.17379554613283868 0.7093911489247559 Penicillium-brevicompactum
8 10 -0.6747430508579204 0.09634457997975564 Penicillium-polonicum
8 10 0.20781598713609345 0.6547692726783998 Penicillium-commune
8 10 0.27091469876859914 0.5567712803736091 Penicillium-verrucosum
8 10 0.28221622876385677 0.5397441012783055 Penicillium-solitum
8 10 -0.6005090103039371 0.15393513637580156 Penicillium-cvjetkovicii
12 10 0.049402131998769194 0.9162346409291307 Penicillium-chrysogenum
12 10 -0.1687995607368989 0.7175020190512233 Penicillium-mb
12 10 -0.09930384781860295 0.8322465431523702 Penicillium-brevicompactum
12 10 -0.16660233918227954 0.7210758910419273 Penicillium-polonicum
12 10 -0.42794177182253856 0.3381571054458739 Penicillium-commune
12 10 -0.4034753621124031 0.3694030091483201 Penicillium-verrucosum
12 10 -0.4380978536631829 0.3255301146806053 Penicillium-solitum
12 10 0.2172040055048751 0.6398991833280552 Penicillium-cvjetkovicii
12 10 0.6334018348262698 0.12671849476326993 Penicillium-chrysogenum
12 10 0.3417895871761912 0.45304938812157963 Penicillium-mb
12 10 0.22084149199742895 0.6341629762771539 Penicillium-brevicompactum
12 10 0.2659819968936712 0.5642565781924994 Penicillium-polonicum
12 10 -0.634985049531414 0.1254762103933236 Penicillium-commune
12 10 0.3261690369772119 0.47525625890777123 Penicillium-verrucosum
12 10 0.3554620324762613 0.4339390612449571 Penicillium-solitum
12 10 0.6238057360795575 0.1343818695777692 Penicillium-cvjetkovicii
8 10 0.30844147970768315 0.50092179738308 Penicillium-chrysogenum
8 10 0.0722214797914467 0.8777125130926401 Penicillium-mb
8 10 0.04052957361762091 0.9312513561813531 Penicillium-brevicompactum
8 10 0.10131229834994031 0.8288882240473985 Penicillium-polonicum
8 10 0.10931943491853738 0.8155205200418416 Penicillium-commune
8 10 0.07134434532033275 0.8791900882281054 Penicillium-verrucosum
8 10 0.018333331844212535 0.96888159944676 Penicillium-solitum
8 10 -0.18970320771691127 0.6837132747113674 Penicillium-cvjetkovicii
8 8 0.2577183750534566 0.5768674197456325 Penicillium-chrysogenum
8 8 0.006043944831614405 0.9897396679825319 Penicillium-mb
8 8 -0.1489010110670106 0.7500107299868183 Penicillium-brevicompactum
8 8 -0.20329132257698024 0.6619689131068418 Penicillium-polonicum
8 8 -0.22005664131920322 0.6353994420329188 Penicillium-commune
8 8 -0.19954791458558807 0.6679411261736061 Penicillium-verrucosum
8 8 -0.23671045042886946 0.6093108505362834 Penicillium-solitum
8 8 0.14796623475728776 0.7515454993172932 Penicillium-cvjetkovicii
8 10 0.01272465211007706 0.9783997084777731 Penicillium-chrysogenum
8 10 -0.1776939824083779 0.7030772064246449 Penicillium-mb
8 10 -0.14659106608339473 0.7538045126595665 Penicillium-brevicompactum
8 10 -0.3704871404104946 0.4133032637443064 Penicillium-polonicum
8 10 -0.34290905829947915 0.45147303716936243 Penicillium-commune
8 10 -0.368845403220088 0.41553905014535253 Penicillium-verrucosum
8 10 -0.3753622358308253 0.40669206298382077 Penicillium-solitum
8 10 -0.17701481248349912 0.7041762306424924 Penicillium-cvjetkovicii
10 12 0.5619830101236771 0.18917066557832918 Penicillium-chrysogenum
10 12 0.18705412256574203 0.6879732476931215 Penicillium-mb
10 12 -0.6619179568257131 0.1053062249638657 Penicillium-brevicompactum
10 12 0.12579860255898362 0.7881234832858081 Penicillium-polonicum
10 12 0.1099591529714272 0.8144540242195759 Penicillium-commune
10 12 -0.3953573238276592 0.38002185163943053 Penicillium-verrucosum
10 12 0.15836012374049493 0.7345177668756073 Penicillium-solitum
10 12 -0.3282629531376922 0.47225686291746233 Penicillium-cvjetkovicii
10 12 0.13884912053436843 0.7665480348129072 Penicillium-chrysogenum
10 12 -0.1307069846840642 0.7799955264922827 Penicillium-mb
10 12 -0.07113086925945952 0.8795497412237255 Penicillium-brevicompactum
10 12 -0.42996203735108174 0.33562901535093764 Penicillium-polonicum
10 12 -0.26485859893632485 0.5659657786378365 Penicillium-commune
10 12 -0.2658936096790067 0.5643909957949989 Penicillium-verrucosum
10 12 -0.30938296614322075 0.4995467157612762 Penicillium-solitum
10 12 0.1673535004685515 0.7198536390619051 Penicillium-cvjetkovicii
10 12 0.10931031158819901 0.8155357314986815 Penicillium-chrysogenum
10 12 -0.2812522305335963 0.5411897067088416 Penicillium-mb
10 12 0.1370962310205069 0.7694392640769986 Penicillium-brevicompactum
10 12 -0.5345767333072198 0.21638163552186668 Penicillium-polonicum
10 12 -0.03869009472354128 0.934366804891224 Penicillium-commune
10 12 -0.0507951998510559 0.9138785940550747 Penicillium-verrucosum
10 12 -0.5396355378671912 0.21122729013998948 Penicillium-solitum
10 12 0.1707007981278682 0.7144128770499737 Penicillium-cvjetkovicii
8 12 0.19043493525749272 0.6825377589528261 Penicillium-chrysogenum
8 12 -0.19401421492142265 0.6767950493853434 Penicillium-mb
8 12 -0.14723270690886 0.7527503036134955 Penicillium-brevicompactum
8 12 -0.06641718983911436 0.8874952031137209 Penicillium-polonicum
8 12 -0.06705201091124316 0.8864246887770675 Penicillium-commune
8 12 -0.08496979764105836 0.8562709569697193 Penicillium-verrucosum
8 12 -0.3539069134644982 0.43609694357769696 Penicillium-solitum
8 12 -0.01031518564453553 0.9824893285972834 Penicillium-cvjetkovicii
10 12 0.18711969549649543 0.6878677207399037 Penicillium-chrysogenum
10 12 0.10829952698300817 0.8172213112499531 Penicillium-mb
10 12 0.11650269257124374 0.8035583786147682 Penicillium-brevicompactum
10 12 -0.1778313067841987 0.7028550397285609 Penicillium-polonicum
10 12 -0.16921540602020155 0.7168260882580073 Penicillium-commune
10 12 -0.2371983981551367 0.6085512619920441 Penicillium-verrucosum
10 12 -0.3548880112321539 0.4347350971627659 Penicillium-solitum
10 12 0.16858515575637478 0.7178505783618109 Penicillium-cvjetkovicii
12 12 -0.6116041311152516 0.14445600571004752 Penicillium-chrysogenum
12 12 0.41758803098947006 0.35123896285620737 Penicillium-mb
12 12 -0.695040089898974 0.08301475006606364 Penicillium-brevicompactum
12 12 0.2490198290730652 0.5902354938567882 Penicillium-polonicum
12 12 0.27134181160743076 0.5561246558033746 Penicillium-commune
12 12 0.16627523640871952 0.7216082839377862 Penicillium-verrucosum
12 12 -0.8960554716483766 0.006321724989255175 Penicillium-solitum
12 12 -0.22836122008452978 0.6223508633373227 Penicillium-cvjetkovicii
