#SPECIES: Penicillium-cvjetkovicii Penicillium-brevicompactum Penicillium-verrucosum Penicillium-polonicum Penicillium-commune Penicillium-chrysogenum Penicillium-mb Penicillium-solitum 
#GENE_TREEs p: 0.04432170301688995 0.01632847702666494 0.3007567071305901 0.0812378443757562 0.41023019420811163 0.18105716789747398 0.3161497458737226 0.19606394523851392 
#GENE_TREEs r: 0.7667156937699526 0.8463679069184318 0.4585305763871078 0.6978725890662583 0.37274937990983464 0.5705181790869925 0.4457524324054504 0.5548701329246698 
11 12 0.11486433871963607 0.8062840878245793 Penicillium-cvjetkovicii
11 12 -0.17290523282386178 0.7108349769212396 Penicillium-brevicompactum
11 12 -0.5669119355880499 0.1844641189953711 Penicillium-verrucosum
11 12 -0.3106167416683417 0.4977467445082209 Penicillium-polonicum
11 12 -0.24976785825742442 0.5890822143024312 Penicillium-commune
11 12 0.12392272701612031 0.791233885753656 Penicillium-chrysogenum
11 12 -0.01847791388239782 0.9686362740711053 Penicillium-mb
11 12 -0.012989438672024574 0.9779503043081625 Penicillium-solitum
9 12 -0.22499772195258244 0.6276265062060757 Penicillium-cvjetkovicii
9 12 -0.3019729084596819 0.510405045895318 Penicillium-brevicompactum
9 12 -0.1717984060562337 0.7126308847022564 Penicillium-verrucosum
9 12 -0.4543743187435707 0.30572664803823985 Penicillium-polonicum
9 12 -0.763751755730662 0.04566408260430387 Penicillium-commune
9 12 -0.3370698882330931 0.45971776898739114 Penicillium-chrysogenum
9 12 0.13960283946442012 0.7653055050684446 Penicillium-mb
9 12 0.14359213940555232 0.7587357276137496 Penicillium-solitum
5 12 0.13211914522583965 0.7776600013740286 Penicillium-cvjetkovicii
5 12 -0.34053384267594594 0.45482006786590706 Penicillium-brevicompactum
5 12 -0.06164670471512432 0.8955440507299277 Penicillium-verrucosum
5 12 -0.4455117341811851 0.316442906430534 Penicillium-polonicum
5 12 -0.027197956433847748 0.9538443908480139 Penicillium-commune
5 12 0.39000859466593724 0.3870850199372312 Penicillium-chrysogenum
5 12 0.37748250092406294 0.40382984862407806 Penicillium-mb
5 12 0.3469416275986995 0.4458117746894307 Penicillium-solitum
7 10 -0.23339857746952802 0.6144737878415594 Penicillium-cvjetkovicii
7 10 -0.3431609668571802 0.4511186025683949 Penicillium-brevicompactum
7 10 -0.07169082611727375 0.878606391180371 Penicillium-verrucosum
7 10 -0.5283412110349545 0.22281590720854344 Penicillium-polonicum
7 10 -0.020715908646137548 0.9648391269666382 Penicillium-commune
7 10 0.4128884747998262 0.35724540537755467 Penicillium-chrysogenum
7 10 0.3976427848606357 0.3770199276535389 Penicillium-mb
7 10 0.39358704475148004 0.3823537324980588 Penicillium-solitum
9 10 -0.5884841548321262 0.16454843498573235 Penicillium-cvjetkovicii
9 10 -0.5282559363147764 0.2229045171100401 Penicillium-brevicompactum
9 10 0.1565991437275106 0.7373967807836852 Penicillium-verrucosum
9 10 -0.03849346022315056 0.9346998765196589 Penicillium-polonicum
9 10 0.1507524371558586 0.7469728905215989 Penicillium-commune
9 10 -0.21325293449258187 0.6461460840961103 Penicillium-chrysogenum
9 10 -0.2931279023248586 0.5234713238499507 Penicillium-mb
9 10 0.02958932386146496 0.9497895907255058 Penicillium-solitum
11 10 0.2092517303405768 0.652489128772995 Penicillium-cvjetkovicii
11 10 -0.20922853184344686 0.652525953917924 Penicillium-brevicompactum
11 10 -0.17192162584571608 0.7124308991821492 Penicillium-verrucosum
11 10 -0.5590661441649719 0.19198303761246105 Penicillium-polonicum
11 10 -0.379030151106178 0.4017456764825572 Penicillium-commune
11 10 0.1703457944267013 0.7149894551085755 Penicillium-chrysogenum
11 10 -0.03674195881562258 0.9376670072154039 Penicillium-mb
11 10 0.10765996514977379 0.8182881313193932 Penicillium-solitum
9 10 0.4898173628827457 0.2645117677563772 Penicillium-cvjetkovicii
9 10 -0.3407780151722737 0.454475567448044 Penicillium-brevicompactum
9 10 0.45305708022868946 0.3073092091457024 Penicillium-verrucosum
9 10 -0.1623891922906473 0.7279400028154253 Penicillium-polonicum
9 10 0.5329752902652659 0.2180256099936204 Penicillium-commune
9 10 0.6184965522953735 0.13872007306229078 Penicillium-chrysogenum
9 10 0.5669568187101959 0.18442152594995642 Penicillium-mb
9 10 0.5069967571114684 0.2455091134203318 Penicillium-solitum
7 10 -0.23085562405877486 0.6184466562853477 Penicillium-cvjetkovicii
7 10 -0.3437708015286544 0.4502609984480467 Penicillium-brevicompactum
7 10 -0.20363062000685964 0.6614282981897446 Penicillium-verrucosum
7 10 -0.5399157032488963 0.21094356101888262 Penicillium-polonicum
7 10 -0.20532093723301165 0.6587367997332538 Penicillium-commune
7 10 0.452989634184861 0.30739033651637887 Penicillium-chrysogenum
7 10 0.30903350704703964 0.5000569610664136 Penicillium-mb
7 10 0.450013724355592 0.3109792041535589 Penicillium-solitum
7 10 -0.01664458070917114 0.9717471961678221 Penicillium-cvjetkovicii
7 10 -0.3410119997744715 0.45414553230004373 Penicillium-brevicompactum
7 10 -0.30640679371357815 0.503898063800937 Penicillium-verrucosum
7 10 -0.5035945244488155 0.24922073441154616 Penicillium-polonicum
7 10 -0.20335512641899095 0.6618672432131221 Penicillium-commune
7 10 0.27883064920506656 0.5448267200376802 Penicillium-chrysogenum
7 10 0.21841156193582126 0.637993307664081 Penicillium-mb
7 10 0.27243305220824227 0.5544736822661526 Penicillium-solitum
11 8 -0.5054657726783136 0.24717613946917805 Penicillium-cvjetkovicii
11 8 -0.5237154901461218 0.22764649232332493 Penicillium-brevicompactum
11 8 0.06910902420677685 0.8829568467869136 Penicillium-verrucosum
11 8 -0.08732194863123298 0.8523221918452896 Penicillium-polonicum
11 8 0.06159116616139197 0.895637799430971 Penicillium-commune
11 8 0.006713677388504896 0.9886027641383177 Penicillium-chrysogenum
11 8 -0.1575624929563971 0.7358215035178985 Penicillium-mb
11 8 -0.08958679328144059 0.8485223111956857 Penicillium-solitum
9 12 0.29356080313039923 0.5228291978622311 Penicillium-cvjetkovicii
9 12 -0.27443538721813887 0.5514484232536023 Penicillium-brevicompactum
9 12 -0.28890866987981 0.5297437057181362 Penicillium-verrucosum
9 12 -0.498230919720691 0.25512413346309587 Penicillium-polonicum
9 12 -0.5380001970997917 0.21288705489454263 Penicillium-commune
9 12 0.16878317029073017 0.7175286637117773 Penicillium-chrysogenum
9 12 0.10966305554508986 0.8149476301179174 Penicillium-mb
9 12 0.18459754282687243 0.6919295250658841 Penicillium-solitum
7 10 -0.5357831165736783 0.21514710926245142 Penicillium-cvjetkovicii
7 10 -0.15817569042187107 0.7348191803047978 Penicillium-brevicompactum
7 10 0.06294728517553028 0.8933489579589987 Penicillium-verrucosum
7 10 -0.11362133853894676 0.8083530938187097 Penicillium-polonicum
7 10 0.053729687788693546 0.9089172544210093 Penicillium-commune
7 10 0.2610459298803699 0.5717787878120338 Penicillium-chrysogenum
7 10 0.08460642911348842 0.8568811904224627 Penicillium-mb
7 10 0.06013772144129718 0.8980915449809213 Penicillium-solitum
11 10 -0.3117434015515866 0.49610504494520336 Penicillium-cvjetkovicii
11 10 0.06703147533037389 0.8864593162884193 Penicillium-brevicompactum
11 10 0.057542930393760613 0.9024737385397277 Penicillium-verrucosum
11 10 -0.24367453675927989 0.5984965260688574 Penicillium-polonicum
11 10 0.11038201869012229 0.813749175304741 Penicillium-commune
11 10 -0.7817698123712757 0.037842798864249585 Penicillium-chrysogenum
11 10 0.4557107244125853 0.3041247143779118 Penicillium-mb
11 10 0.4374189204749103 0.32636781602713244 Penicillium-solitum
11 12 0.19501620674292158 0.6751896373312984 Penicillium-cvjetkovicii
11 12 -0.3407780151722738 0.4544755674480439 Penicillium-brevicompactum
11 12 0.40190476955461496 0.3714478261624468 Penicillium-verrucosum
11 12 -0.45924122162808234 0.2999105189617735 Penicillium-polonicum
11 12 0.39094998028512307 0.38583807907575085 Penicillium-commune
11 12 0.7959682143138634 0.03224776304422374 Penicillium-chrysogenum
11 12 0.8445989941429652 0.01678575881524824 Penicillium-mb
11 12 0.7988394261066077 0.03117666217975262 Penicillium-solitum
9 10 0.07567684335412612 0.8718945657634725 Penicillium-cvjetkovicii
9 10 0.14492883455332814 0.756536952259794 Penicillium-brevicompactum
9 10 -0.2737326619180459 0.5525095348354814 Penicillium-verrucosum
9 10 -0.031061960284383763 0.9472930140729717 Penicillium-polonicum
9 10 -0.49292291058839344 0.26102865497766903 Penicillium-commune
9 10 0.14666746308558162 0.7536789772270814 Penicillium-chrysogenum
9 10 -0.37878652862443624 0.402073471885789 Penicillium-mb
9 10 -0.3078844467974087 0.5017359919100735 Penicillium-solitum
11 10 0.6920218993831724 0.08493061548211463 Penicillium-cvjetkovicii
11 10 -0.46129508402375535 0.2974708215035059 Penicillium-brevicompactum
11 10 0.1431836134818191 0.7594079843555706 Penicillium-verrucosum
11 10 -0.830585231573204 0.020664905683317726 Penicillium-polonicum
11 10 0.14004792364703925 0.7645719572569731 Penicillium-commune
11 10 0.18576089152905997 0.6900552735152511 Penicillium-chrysogenum
11 10 0.08414704798057772 0.8576527465301494 Penicillium-mb
11 10 0.062088626284034026 0.8947981246433583 Penicillium-solitum
11 12 0.21089700213534557 0.6498788687999183 Penicillium-cvjetkovicii
11 12 0.44292238523151084 0.3196040601774398 Penicillium-brevicompactum
11 12 -0.2062206656764617 0.6573053497437178 Penicillium-verrucosum
11 12 -0.7297744488528243 0.06263542915298538 Penicillium-polonicum
11 12 -0.2959171617909736 0.5193386941297223 Penicillium-commune
11 12 0.4656063460452808 0.2923782876760169 Penicillium-chrysogenum
11 12 0.41407912950225656 0.3557196290132592 Penicillium-mb
11 12 0.44925663240658 0.31189513257062285 Penicillium-solitum
9 12 0.13211914522584217 0.7776600013740244 Penicillium-cvjetkovicii
9 12 -0.33989486640042055 0.4557220527485781 Penicillium-brevicompactum
9 12 -0.39282035437944157 0.3833654404158377 Penicillium-verrucosum
9 12 -0.4141126519587271 0.3556767106850121 Penicillium-polonicum
9 12 -0.22032990423815527 0.6349688629188235 Penicillium-commune
9 12 0.28805152536027334 0.5310210266204536 Penicillium-chrysogenum
9 12 0.19797592247393567 0.6704532489694097 Penicillium-mb
9 12 0.2765887176592773 0.5482010449651782 Penicillium-solitum
5 12 0.6502482328291458 0.11382171689523511 Penicillium-cvjetkovicii
5 12 0.2417228305005742 0.6015214532830707 Penicillium-brevicompactum
5 12 0.422556694402407 0.3449350010013479 Penicillium-verrucosum
5 12 0.1628255767609096 0.7272283610349518 Penicillium-polonicum
5 12 0.37578041988648697 0.40612691101702325 Penicillium-commune
5 12 0.05769430630772445 0.9022180334871168 Penicillium-chrysogenum
5 12 0.11328576960648681 0.8089118096712671 Penicillium-mb
5 12 0.07521797499540742 0.87266692287935 Penicillium-solitum
5 12 0.5547053044804481 0.1962250982292209 Penicillium-cvjetkovicii
5 12 -0.2684755763846513 0.5604686051321157 Penicillium-brevicompactum
5 12 -0.020534364756242904 0.9651471288061879 Penicillium-verrucosum
5 12 -0.25393311444480976 0.5826730570640681 Penicillium-polonicum
5 12 -0.05190079732611315 0.9120090919587757 Penicillium-commune
5 12 0.0576943063077245 0.9022180334871167 Penicillium-chrysogenum
5 12 0.14122781520772207 0.7626280440455538 Penicillium-mb
5 12 0.14666232620061376 0.7536874180130773 Penicillium-solitum
7 8 -0.2216195750574505 0.6329378393301723 Penicillium-cvjetkovicii
7 8 0.33066761259505295 0.46882089158905715 Penicillium-brevicompactum
7 8 -0.042545094766026616 0.9278385544503556 Penicillium-verrucosum
7 8 -0.4102199094593014 0.3606749177180171 Penicillium-polonicum
7 8 -0.13506031016093087 0.7727999931163974 Penicillium-commune
7 8 0.5415423127146426 0.20929985197725068 Penicillium-chrysogenum
7 8 0.5264334993508253 0.22480219978066612 Penicillium-mb
7 8 0.5511896118392066 0.1996775864892562 Penicillium-solitum
11 10 -0.5481491851757514 0.2026867012785381 Penicillium-cvjetkovicii
11 10 -0.5741251305630772 0.1776805913354256 Penicillium-brevicompactum
11 10 -0.06272044112458017 0.8937317819995529 Penicillium-verrucosum
11 10 -0.20082202976564403 0.6659068305071902 Penicillium-polonicum
11 10 0.012376774440157948 0.9789901444075677 Penicillium-commune
11 10 0.26898427356267013 0.5596968515616907 Penicillium-chrysogenum
11 10 0.2561382409778662 0.5792887526021603 Penicillium-mb
11 10 -0.6410255530525648 0.12079403994072724 Penicillium-solitum
9 4 -0.2526720186519358 0.5846112532185621 Penicillium-cvjetkovicii
9 4 -0.3416642279402413 0.4532260368598698 Penicillium-brevicompactum
9 4 -0.008721214029752776 0.985194970272743 Penicillium-verrucosum
9 4 -0.2642670077736106 0.5668665187559315 Penicillium-polonicum
9 4 0.02505248158109916 0.9574829317007518 Penicillium-commune
9 4 0.49490430044248984 0.2588173745807534 Penicillium-chrysogenum
9 4 0.42411910409567466 0.3429626337248239 Penicillium-mb
9 4 0.47659057505508173 0.2795804300213095 Penicillium-solitum
7 12 0.13211914522584292 0.7776600013740231 Penicillium-cvjetkovicii
7 12 -0.34051860863628053 0.45484156463559744 Penicillium-brevicompactum
7 12 -0.1590972565982823 0.7333133651920805 Penicillium-verrucosum
7 12 -0.500504860641239 0.25261358769412917 Penicillium-polonicum
7 12 -0.12900437540867474 0.7828131637877022 Penicillium-commune
7 12 0.2428744108817394 0.599736079462675 Penicillium-chrysogenum
7 12 0.0976116386037126 0.8350776542936656 Penicillium-mb
7 12 0.26290742658851396 0.5689382991302392 Penicillium-solitum
7 10 0.1636042838520744 0.7259588578704403 Penicillium-cvjetkovicii
7 10 -0.34077801517227396 0.4544755674480434 Penicillium-brevicompactum
7 10 -0.1310233096006521 0.7794722524038006 Penicillium-verrucosum
7 10 -0.4579342801554708 0.301467544971587 Penicillium-polonicum
7 10 -0.1057416570028869 0.8214892942457771 Penicillium-commune
7 10 0.3364393770443882 0.46061134297207373 Penicillium-chrysogenum
7 10 0.34507652316367493 0.4484268330733014 Penicillium-mb
7 10 0.35936956026526384 0.42853507125974805 Penicillium-solitum
11 10 -0.2690652808327956 0.5595739854855459 Penicillium-cvjetkovicii
11 10 -0.3167078807725402 0.4888940033760604 Penicillium-brevicompactum
11 10 -0.1693772750349536 0.7165630198792327 Penicillium-verrucosum
11 10 -0.40005072334754804 0.3738676319956485 Penicillium-polonicum
11 10 -0.6160556550368756 0.1407379876383931 Penicillium-commune
11 10 -0.006957274003065534 0.9881892506675847 Penicillium-chrysogenum
11 10 0.1737163424898105 0.709519566138171 Penicillium-mb
11 10 0.17797166517021154 0.702627981905826 Penicillium-solitum
3 10 -0.21902150544596183 0.6370312403607955 Penicillium-cvjetkovicii
3 10 0.3359285155583991 0.46133581730678813 Penicillium-brevicompactum
3 10 0.03263178729889119 0.9446320471434999 Penicillium-verrucosum
3 10 -0.47510877197380674 0.2812919667215114 Penicillium-polonicum
3 10 0.10141169594870207 0.8287220753085863 Penicillium-commune
3 10 0.5429928791148161 0.20783921105902378 Penicillium-chrysogenum
3 10 0.5068335053004822 0.24568662331475186 Penicillium-mb
3 10 0.5073491544366021 0.24512614065597702 Penicillium-solitum
11 10 0.18037775400017417 0.6987383945846182 Penicillium-cvjetkovicii
11 10 -0.14396691088827035 0.7581191222831848 Penicillium-brevicompactum
11 10 0.029336872773017234 0.9502176070703983 Penicillium-verrucosum
11 10 -0.1976373747593937 0.6709945855828781 Penicillium-polonicum
11 10 0.03761366051337217 0.93619022767458 Penicillium-commune
11 10 0.1404837065562877 0.7638538745156165 Penicillium-chrysogenum
11 10 0.1834693149914482 0.6937483885025486 Penicillium-mb
11 10 0.04234944788045738 0.9281697976604004 Penicillium-solitum
9 12 -0.6543276155338225 0.1108059265161182 Penicillium-cvjetkovicii
9 12 -0.5294869293067602 0.22162699044737355 Penicillium-brevicompactum
9 12 0.17770180913722786 0.703064543701997 Penicillium-verrucosum
9 12 -0.22022942713856195 0.6351271747224783 Penicillium-polonicum
9 12 0.20705255172584847 0.6559825757735189 Penicillium-commune
9 12 -0.5797750141439567 0.17245420625331093 Penicillium-chrysogenum
9 12 0.2813041119487672 0.5411118731187634 Penicillium-mb
9 12 0.2157887541229341 0.6421348655682331 Penicillium-solitum
9 10 0.5441333025044488 0.20669429769498643 Penicillium-cvjetkovicii
9 10 -0.08747422217990317 0.8520666404642848 Penicillium-brevicompactum
9 10 -0.21023787372564845 0.6509242505128263 Penicillium-verrucosum
9 10 -0.1130917134651999 0.8092349389042257 Penicillium-polonicum
9 10 -0.3069476725823406 0.5031062837913076 Penicillium-commune
9 10 -0.16839550083093893 0.7181589338056278 Penicillium-chrysogenum
9 10 -0.18005337762516543 0.6992624649166974 Penicillium-mb
9 10 0.042349447880457164 0.9281697976604008 Penicillium-solitum
9 10 0.13211914522584164 0.7776600013740252 Penicillium-cvjetkovicii
9 10 -0.33951492680913137 0.45625869421885534 Penicillium-brevicompactum
9 10 -0.31393396555825226 0.4929185763155367 Penicillium-verrucosum
9 10 -0.4656957663026905 0.29227307499642863 Penicillium-polonicum
9 10 -0.32263466688266923 0.4803346080406389 Penicillium-commune
9 10 0.2353905684831659 0.6113669075089453 Penicillium-chrysogenum
9 10 0.18659537960325134 0.6887116182626898 Penicillium-mb
9 10 0.14957503665288643 0.7489044824919363 Penicillium-solitum
11 12 0.13211914522584292 0.7776600013740231 Penicillium-cvjetkovicii
11 12 -0.3043911924717372 0.5068524772874728 Penicillium-brevicompactum
11 12 -0.5490129852419297 0.201829599079494 Penicillium-verrucosum
11 12 -0.5931848625998947 0.160357631888222 Penicillium-polonicum
11 12 -0.39907841437668096 0.3751392069789196 Penicillium-commune
11 12 0.07872893257712228 0.8667594388849028 Penicillium-chrysogenum
11 12 -0.09886059108092363 0.8329879851817985 Penicillium-mb
11 12 -0.005271331432696368 0.9910512341525777 Penicillium-solitum
11 10 -0.1808337471498652 0.6980018418074792 Penicillium-cvjetkovicii
11 10 -0.3593267341532143 0.42859415754451163 Penicillium-brevicompactum
11 10 -0.1333248681281904 0.7756669486682617 Penicillium-verrucosum
11 10 -0.34013356471101663 0.4553850261496032 Penicillium-polonicum
11 10 -0.14343244495411234 0.7589985011578246 Penicillium-commune
11 10 0.22275816013943817 0.6311462725881718 Penicillium-chrysogenum
11 10 -0.7135929042482043 0.07174734022024735 Penicillium-mb
11 10 0.14941889085041576 0.7491607270867036 Penicillium-solitum
11 12 -0.4955949443086058 0.2580486185743487 Penicillium-cvjetkovicii
11 12 -0.506802237699439 0.24572062853224022 Penicillium-brevicompactum
11 12 0.17184272156318753 0.7125589591982966 Penicillium-verrucosum
11 12 -0.9082174490651792 0.00466293119815108 Penicillium-polonicum
11 12 0.17155325459792653 0.7130288040358864 Penicillium-commune
11 12 0.06074446933396198 0.8970671369942885 Penicillium-chrysogenum
11 12 -0.44426166112516424 0.31796733581359915 Penicillium-mb
11 12 0.061107937914968824 0.896453526086561 Penicillium-solitum
11 12 -0.23654970710292555 0.6095611408703216 Penicillium-cvjetkovicii
11 12 -0.32661650796660346 0.47461470662247707 Penicillium-brevicompactum
11 12 -0.1579295311378026 0.7352215126409434 Penicillium-verrucosum
11 12 -0.6617018463828743 0.10546079950042847 Penicillium-polonicum
11 12 -0.08734210923003163 0.8522883569553197 Penicillium-commune
11 12 -0.2661109394150425 0.5640605031450965 Penicillium-chrysogenum
11 12 0.3562214600230207 0.4328867661714219 Penicillium-mb
11 12 0.3583702302420524 0.4299146414716345 Penicillium-solitum
9 12 0.21354956241665465 0.6456765172582479 Penicillium-cvjetkovicii
9 12 -0.34077801517227385 0.4544755674480439 Penicillium-brevicompactum
9 12 0.25552537464132985 0.580228732302698 Penicillium-verrucosum
9 12 -0.504852506384575 0.2478453609816102 Penicillium-polonicum
9 12 0.3546677219500674 0.4350407357930398 Penicillium-commune
9 12 0.8114201433383214 0.026720554354781698 Penicillium-chrysogenum
9 12 0.8425129496269844 0.017334284041179586 Penicillium-mb
9 12 0.8350295968644657 0.019385041767400305 Penicillium-solitum
11 10 -0.5781254280160286 0.17397222300432685 Penicillium-cvjetkovicii
11 10 -0.6285839121605128 0.13053739397712427 Penicillium-brevicompactum
11 10 -0.782680907531405 0.03746880235615171 Penicillium-verrucosum
11 10 -0.09036924766722225 0.8472100741787658 Penicillium-polonicum
11 10 0.036613299692175146 0.9378849851341393 Penicillium-commune
11 10 -0.07832971083972126 0.8674309191332021 Penicillium-chrysogenum
11 10 -0.02469389661009139 0.9580911196013551 Penicillium-mb
11 10 -0.005063532127560929 0.9914039910779322 Penicillium-solitum
9 12 0.213647275215767 0.6455218567692045 Penicillium-cvjetkovicii
9 12 -0.34077801517227385 0.4544755674480439 Penicillium-brevicompactum
9 12 0.2517363024866867 0.5860506489839095 Penicillium-verrucosum
9 12 -0.5048904592840426 0.24780392097227516 Penicillium-polonicum
9 12 0.33858543356406645 0.45757253596866415 Penicillium-commune
9 12 0.7867192991292057 0.035835854644818046 Penicillium-chrysogenum
9 12 0.7609486665650924 0.04695390714078114 Penicillium-mb
9 12 0.7434173759747363 0.055469995899790764 Penicillium-solitum
7 12 0.13211914522584128 0.7776600013740258 Penicillium-cvjetkovicii
7 12 -0.3396203380596987 0.45610978372194505 Penicillium-brevicompactum
7 12 -0.2543360778406097 0.5820541558114729 Penicillium-verrucosum
7 12 -0.258579011432226 0.575549946604465 Penicillium-polonicum
7 12 -0.1450201222579271 0.7563868374748209 Penicillium-commune
7 12 0.021760984517095003 0.9630661515923544 Penicillium-chrysogenum
7 12 0.08882289327056042 0.8498036994958076 Penicillium-mb
7 12 0.12044236194995327 0.7970105161480486 Penicillium-solitum
3 10 -0.23062836005704135 0.6188020731807475 Penicillium-cvjetkovicii
3 10 -0.3438351243208789 0.4501705776089729 Penicillium-brevicompactum
3 10 -0.12867763413636898 0.7833541026063222 Penicillium-verrucosum
3 10 -0.2975143005672076 0.516977373855589 Penicillium-polonicum
3 10 -0.4168728500311036 0.35215028257496717 Penicillium-commune
3 10 0.15221733485928718 0.7445711130127333 Penicillium-chrysogenum
3 10 -0.0476905742905786 0.9191300047723855 Penicillium-mb
3 10 0.1711925195120831 0.7136144278022315 Penicillium-solitum
11 10 -0.4094589348175606 0.36165537523107594 Penicillium-cvjetkovicii
11 10 0.21246052357138115 0.6474009410090064 Penicillium-brevicompactum
11 10 -0.43690432980701666 0.3270033587006831 Penicillium-verrucosum
11 10 0.21169358197583035 0.6486160971420518 Penicillium-polonicum
11 10 -0.24463965319323563 0.5970023951337113 Penicillium-commune
11 10 0.725397917141931 0.06503416536207116 Penicillium-chrysogenum
11 10 0.6555144405363577 0.10993640734130238 Penicillium-mb
11 10 0.694250868618178 0.08351348806128026 Penicillium-solitum
9 12 0.13211914522584406 0.7776600013740212 Penicillium-cvjetkovicii
9 12 -0.6117989513473306 0.14429226436927228 Penicillium-brevicompactum
9 12 0.11691504481588921 0.8028726015415788 Penicillium-verrucosum
9 12 -0.02270215307678841 0.9614695587860648 Penicillium-polonicum
9 12 0.1306445219460206 0.7800988620244785 Penicillium-commune
9 12 0.015869432311833697 0.9730626072112034 Penicillium-chrysogenum
9 12 0.020844067229934995 0.964621699104556 Penicillium-mb
9 12 -0.0003053744833757314 0.9994815801999228 Penicillium-solitum
9 12 0.19116644110314934 0.6813631089073311 Penicillium-cvjetkovicii
9 12 -0.3407780151722739 0.45447556744804396 Penicillium-brevicompactum
9 12 0.37269540673375107 0.41030340760943124 Penicillium-verrucosum
9 12 -0.38039922639029783 0.39990555174466424 Penicillium-polonicum
9 12 0.4650876743983793 0.29298889227808483 Penicillium-commune
9 12 0.8317344595562486 0.020329509335313047 Penicillium-chrysogenum
9 12 0.7499434427446083 0.052209189105452025 Penicillium-mb
9 12 0.65068833047898 0.11349434713397778 Penicillium-solitum
7 12 -0.332935538865242 0.46558871582651307 Penicillium-cvjetkovicii
7 12 -0.11171682915160713 0.8115249188905257 Penicillium-brevicompactum
7 12 -0.31300141644398044 0.4942742060457853 Penicillium-verrucosum
7 12 -0.439520958472689 0.32377721882075333 Penicillium-polonicum
7 12 -0.35377673545488836 0.4362777636492756 Penicillium-commune
7 12 0.15987703645136203 0.7320397557229258 Penicillium-chrysogenum
7 12 -0.05600957507878006 0.9050642659282285 Penicillium-mb
7 12 -0.22219482575648813 0.6320325020107482 Penicillium-solitum
11 12 -0.15744493497993767 0.7360136960633457 Penicillium-cvjetkovicii
11 12 -0.40520792282218654 0.36715270002745715 Penicillium-brevicompactum
11 12 -0.44924185411903866 0.31191302297861656 Penicillium-verrucosum
11 12 -0.261464557377704 0.5711396085275353 Penicillium-polonicum
11 12 -0.21877617854518508 0.6374181472328859 Penicillium-commune
11 12 -0.058216145376498864 0.9013365916092521 Penicillium-chrysogenum
11 12 0.07142498828334447 0.8790542295930925 Penicillium-mb
11 12 0.09648803912803312 0.8369582503511122 Penicillium-solitum
9 8 0.016650099250908306 0.9717378314946488 Penicillium-cvjetkovicii
9 8 -0.26025796594753614 0.5729824964003793 Penicillium-brevicompactum
9 8 -0.20257987008399023 0.6631028748929484 Penicillium-verrucosum
9 8 -0.13011510308972077 0.780974811897948 Penicillium-polonicum
9 8 -0.4747506990612128 0.28170625576811253 Penicillium-commune
9 8 0.4748320579148276 0.2816120999133151 Penicillium-chrysogenum
9 8 0.3976292157877557 0.37703772186145756 Penicillium-mb
9 8 0.4655546674407159 0.29243910083862257 Penicillium-solitum
7 10 -0.2531042186394772 0.5839467753878756 Penicillium-cvjetkovicii
7 10 -0.34164995186252056 0.453246155484984 Penicillium-brevicompactum
7 10 -0.2426488726114621 0.6000856217838832 Penicillium-verrucosum
7 10 -0.5219732352724014 0.22947852734062432 Penicillium-polonicum
7 10 -0.1782713648898262 0.7021432163710388 Penicillium-commune
7 10 0.3808881633280937 0.3992492025504469 Penicillium-chrysogenum
7 10 0.2259069069737386 0.6261991973910431 Penicillium-mb
7 10 0.37236611370185047 0.4107501973380313 Penicillium-solitum
7 12 0.07481600189017952 0.8733435812662539 Penicillium-cvjetkovicii
7 12 -0.1579948749594439 0.7351147074548842 Penicillium-brevicompactum
7 12 -0.3241213573316727 0.47819608309665 Penicillium-verrucosum
7 12 -0.28358634691990237 0.5376916868881407 Penicillium-polonicum
7 12 0.05897920978616746 0.9000478396903128 Penicillium-commune
7 12 -0.13047461238571478 0.7803799657447574 Penicillium-chrysogenum
7 12 -0.14998508446953618 0.7482316569994001 Penicillium-mb
7 12 0.2111419007313123 0.6494905742722367 Penicillium-solitum
7 12 0.5736031414097574 0.17816731595118973 Penicillium-cvjetkovicii
7 12 -0.5644928088300899 0.18676689785209355 Penicillium-brevicompactum
7 12 0.228779267517618 0.621696047799982 Penicillium-verrucosum
7 12 -0.206219164569211 0.6573077372835062 Penicillium-polonicum
7 12 0.2624014770427684 0.5697098941519046 Penicillium-commune
7 12 -0.39960050973200045 0.374456197164734 Penicillium-chrysogenum
7 12 0.1967950380075818 0.6723419694465664 Penicillium-mb
7 12 0.28929242092199314 0.5291721732923754 Penicillium-solitum
11 10 -0.5691831035849849 0.18231485043067724 Penicillium-cvjetkovicii
11 10 -0.3934866923129147 0.38248609381696175 Penicillium-brevicompactum
11 10 0.15548440729527438 0.7392205198454844 Penicillium-verrucosum
11 10 -0.6462059576282985 0.11685137389286335 Penicillium-polonicum
11 10 0.1547358228148831 0.7404457703511393 Penicillium-commune
11 10 0.32800498620057683 0.4726260102644591 Penicillium-chrysogenum
11 10 0.23163309012010308 0.6172312286211498 Penicillium-mb
11 10 -0.29990048508419137 0.5134563543359163 Penicillium-solitum
7 10 -0.040183223508063484 0.9318379025492683 Penicillium-cvjetkovicii
7 10 -0.06405197523547966 0.8914849095794033 Penicillium-brevicompactum
7 10 -0.21602121785859532 0.64176749313711 Penicillium-verrucosum
7 10 -0.2686523812664918 0.5602003326142223 Penicillium-polonicum
7 10 -0.43737626585356026 0.32642047625024445 Penicillium-commune
7 10 -0.06177119264587794 0.8953339194620789 Penicillium-chrysogenum
7 10 -0.06368457031871488 0.892104823008657 Penicillium-mb
7 10 0.13641158766705197 0.770569098601012 Penicillium-solitum
9 6 0.13211914522583929 0.7776600013740291 Penicillium-cvjetkovicii
9 6 -0.34070015682256605 0.4545854064168399 Penicillium-brevicompactum
9 6 -0.08046526681113125 0.863839716556617 Penicillium-verrucosum
9 6 -0.25425530865738327 0.5821781908596371 Penicillium-polonicum
9 6 -0.1485097518934658 0.7506530422232507 Penicillium-commune
9 6 0.3505743970136381 0.4407348510513797 Penicillium-chrysogenum
9 6 0.285594019301662 0.5346889261830472 Penicillium-mb
9 6 0.3401161642347787 0.4554095913625907 Penicillium-solitum
9 12 -0.4606328420172106 0.29825651202595094 Penicillium-cvjetkovicii
9 12 -0.11158268849423271 0.8117483983378331 Penicillium-brevicompactum
9 12 0.07099037892989599 0.8797864407691209 Penicillium-verrucosum
9 12 -0.8946969542518857 0.006525384356310958 Penicillium-polonicum
9 12 0.047289342700088006 0.9198088536630059 Penicillium-commune
9 12 0.39188679380564495 0.384598806592654 Penicillium-chrysogenum
9 12 0.25147155597402904 0.5864581012377357 Penicillium-mb
9 12 0.3247998197989935 0.47722129716153056 Penicillium-solitum
7 12 0.13211914522584325 0.7776600013740227 Penicillium-cvjetkovicii
7 12 -0.3386828955406725 0.45743470729979324 Penicillium-brevicompactum
7 12 -0.4105169466074495 0.36029250742066904 Penicillium-verrucosum
7 12 -0.4455370703898269 0.31641204242559023 Penicillium-polonicum
7 12 -0.4615617625608596 0.2971546895574846 Penicillium-commune
7 12 0.06142881177690112 0.8959118580626475 Penicillium-chrysogenum
7 12 -0.0011815777577120661 0.997994092698519 Penicillium-mb
7 12 0.07271586221415734 0.8768798263189608 Penicillium-solitum
7 12 0.13211914522584325 0.7776600013740227 Penicillium-cvjetkovicii
7 12 -0.34073709621617715 0.454533292791009 Penicillium-brevicompactum
7 12 -0.28462961030128386 0.5361306385170037 Penicillium-verrucosum
7 12 -0.49304380028930056 0.2608934931885619 Penicillium-polonicum
7 12 -0.18324342700153218 0.6941126927130379 Penicillium-commune
7 12 0.2876015593071012 0.5316919815190642 Penicillium-chrysogenum
7 12 0.260992929695807 0.571859726923793 Penicillium-mb
7 12 0.2560165875310154 0.579475300130442 Penicillium-solitum
9 12 0.132119145225842 0.7776600013740247 Penicillium-cvjetkovicii
9 12 -0.3479353714226186 0.44442080122488437 Penicillium-brevicompactum
9 12 0.04810733032530802 0.918424931232263 Penicillium-verrucosum
9 12 -0.645937674512342 0.11705390329707695 Penicillium-polonicum
9 12 0.04619882877530099 0.9216541029339574 Penicillium-commune
9 12 0.04813249781285127 0.9183823538910376 Penicillium-chrysogenum
9 12 -0.012605034960298687 0.9786027280020815 Penicillium-mb
9 12 0.025798257578714845 0.9562180906087058 Penicillium-solitum
5 12 0.20160155626710205 0.6646630133178969 Penicillium-cvjetkovicii
5 12 -0.3407780151722738 0.4544755674480439 Penicillium-brevicompactum
5 12 0.0034584786128195144 0.9941287394674887 Penicillium-verrucosum
5 12 -0.4160923529048328 0.35314595782865055 Penicillium-polonicum
5 12 -0.23144044225378757 0.6175323341778858 Penicillium-commune
5 12 0.5288176109887402 0.2223211804703105 Penicillium-chrysogenum
5 12 0.3526132288041469 0.43789516682719865 Penicillium-mb
5 12 0.5081810908073745 0.2442231192469588 Penicillium-solitum
11 6 -0.1892769265856584 0.6843983269612751 Penicillium-cvjetkovicii
11 6 -0.3407780151722741 0.4544755674480434 Penicillium-brevicompactum
11 6 0.26411332743052357 0.567100582510955 Penicillium-verrucosum
11 6 0.0604305805333321 0.8975970797099567 Penicillium-polonicum
11 6 0.25081607940398887 0.5874672715946802 Penicillium-commune
11 6 0.6201644433689234 0.1373496905237196 Penicillium-chrysogenum
11 6 0.5283685112263833 0.22278754278933055 Penicillium-mb
11 6 0.6095799993556615 0.14616276791983288 Penicillium-solitum
11 10 0.12051796346609926 0.7968849553471908 Penicillium-cvjetkovicii
11 10 -0.1559949740199793 0.7383850977658617 Penicillium-brevicompactum
11 10 -0.20680320693597354 0.6563789817134791 Penicillium-verrucosum
11 10 -0.15161345534868464 0.745561007197971 Penicillium-polonicum
11 10 -0.07584296140216402 0.8716149794478246 Penicillium-commune
11 10 -0.03866909542203412 0.9344023744391416 Penicillium-chrysogenum
11 10 0.164913253087994 0.7238260083224386 Penicillium-mb
11 10 -0.2553673848729771 0.580471124724975 Penicillium-solitum
9 12 0.15148319950163885 0.7457745623239351 Penicillium-cvjetkovicii
9 12 0.13946134325442294 0.7655387356625931 Penicillium-brevicompactum
9 12 -0.13230822878707604 0.7773473830563987 Penicillium-verrucosum
9 12 -0.05314036994603217 0.9099134295692034 Penicillium-polonicum
9 12 -0.06782316411289885 0.8851244590632423 Penicillium-commune
9 12 0.5012834002137299 0.2517566610961475 Penicillium-chrysogenum
9 12 0.5045797531871372 0.2481432687606186 Penicillium-mb
9 12 0.5010962477122637 0.2519625347937166 Penicillium-solitum
11 12 0.24282672601845032 0.5998099770349355 Penicillium-cvjetkovicii
11 12 -0.3407780151722741 0.4544755674480434 Penicillium-brevicompactum
11 12 0.27217922869224104 0.5548575584843698 Penicillium-verrucosum
11 12 -0.6387264149667665 0.12256540631951979 Penicillium-polonicum
11 12 0.3578605640793246 0.43061888860746 Penicillium-commune
11 12 0.59181416523718 0.1615741022147675 Penicillium-chrysogenum
11 12 0.7188049488944137 0.06873967403576205 Penicillium-mb
11 12 0.7273131681061119 0.06397844245900185 Penicillium-solitum
9 12 0.22345264439204618 0.6300542032577884 Penicillium-cvjetkovicii
9 12 -0.376307932152682 0.40541445061401604 Penicillium-brevicompactum
9 12 -0.7028425991410041 0.0781693782201504 Penicillium-verrucosum
9 12 -0.3019716821301926 0.5104068496091329 Penicillium-polonicum
9 12 0.15861276838232638 0.7341049218535082 Penicillium-commune
9 12 -0.130333091806557 0.7806141163611887 Penicillium-chrysogenum
9 12 0.24700048296385635 0.5933522623066567 Penicillium-mb
9 12 0.21864087608591248 0.6376315617440226 Penicillium-solitum
9 10 0.13211914522583929 0.7776600013740291 Penicillium-cvjetkovicii
9 10 -0.3402254224783441 0.4552553536430185 Penicillium-brevicompactum
9 10 -0.29967020010255335 0.5137957987897923 Penicillium-verrucosum
9 10 -0.4844250321476433 0.2706094616942883 Penicillium-polonicum
9 10 -0.2682014152664552 0.5608846812449302 Penicillium-commune
9 10 0.1699059669592702 0.7157039488045697 Penicillium-chrysogenum
9 10 0.31074407072292787 0.4975611126489392 Penicillium-mb
9 10 0.34209769973702187 0.4526153235872192 Penicillium-solitum
11 10 0.13211914522584398 0.7776600013740214 Penicillium-cvjetkovicii
11 10 -0.08723034766724731 0.852475925088793 Penicillium-brevicompactum
11 10 -0.39152034201793684 0.3850833790299013 Penicillium-verrucosum
11 10 -0.062315595376756135 0.8944150440154768 Penicillium-polonicum
11 10 -0.3437706838860742 0.4502611638286423 Penicillium-commune
11 10 0.2925239391204404 0.524367635194467 Penicillium-chrysogenum
11 10 0.25810259136284336 0.5762791402751839 Penicillium-mb
11 10 -0.3924532590406406 0.3838502344052238 Penicillium-solitum
9 10 0.13211914522584128 0.7776600013740258 Penicillium-cvjetkovicii
9 10 -0.3390018214590097 0.45698379678424356 Penicillium-brevicompactum
9 10 -0.3313130747081771 0.4679001653394596 Penicillium-verrucosum
9 10 -0.4769151250581204 0.27920618804207065 Penicillium-polonicum
9 10 -0.311250581566267 0.49682291669847656 Penicillium-commune
9 10 0.13639700689490095 0.7705931640732657 Penicillium-chrysogenum
9 10 0.08176695424259386 0.8616516781578433 Penicillium-mb
9 10 0.0813491884230064 0.862353834894575 Penicillium-solitum
9 8 0.42467048802756097 0.34226771249347515 Penicillium-cvjetkovicii
9 8 0.7156285146433243 0.07056443937786615 Penicillium-brevicompactum
9 8 0.07602038634524776 0.8713163747103079 Penicillium-verrucosum
9 8 0.50864661757644 0.2437184884804979 Penicillium-polonicum
9 8 -0.4335016798375869 0.3312191014843809 Penicillium-commune
9 8 0.6104637194969309 0.14541636791048715 Penicillium-chrysogenum
9 8 0.5329809585864167 0.21801978073833525 Penicillium-mb
9 8 0.5955879224529889 0.1582359886071284 Penicillium-solitum
11 12 -0.3714672407968987 0.4119707726969503 Penicillium-cvjetkovicii
11 12 -0.43246821018960924 0.33250409475536086 Penicillium-brevicompactum
11 12 -0.41887919720224676 0.34959619755855037 Penicillium-verrucosum
11 12 -0.6605814335590763 0.10626407441276789 Penicillium-polonicum
11 12 -0.3370580834238742 0.4597344931173568 Penicillium-commune
11 12 0.2641093529348067 0.5671066362966832 Penicillium-chrysogenum
11 12 0.22605158839818792 0.6259721506798517 Penicillium-mb
11 12 0.21941029954901042 0.6364182044957495 Penicillium-solitum
11 8 -0.2769330108365123 0.5476824067831827 Penicillium-cvjetkovicii
11 8 -0.27279026645952853 0.5539335862482468 Penicillium-brevicompactum
11 8 -0.12244226421777132 0.7936902091321852 Penicillium-verrucosum
11 8 -0.17511089672675972 0.7072593001098895 Penicillium-polonicum
11 8 -0.3803306654419342 0.39999762224904944 Penicillium-commune
11 8 0.11461423013917117 0.8067003281871387 Penicillium-chrysogenum
11 8 0.09912062529270976 0.8325530101882521 Penicillium-mb
11 8 -0.08628258382848067 0.8540667676415828 Penicillium-solitum
9 10 0.1321191452258401 0.7776600013740278 Penicillium-cvjetkovicii
9 10 -0.4236000255884201 0.3436173831989495 Penicillium-brevicompactum
9 10 -0.20866070316962942 0.6534274962026689 Penicillium-verrucosum
9 10 -0.14744008149023727 0.7524096546124703 Penicillium-polonicum
9 10 -0.5522631970056999 0.19862022674927363 Penicillium-commune
9 10 -0.029248137557941072 0.9503680548044361 Penicillium-chrysogenum
9 10 -0.07052690656641014 0.8805673541503665 Penicillium-mb
9 10 -0.011503962926419779 0.9804715582427566 Penicillium-solitum
11 12 -0.0847339472131226 0.8566670327426192 Penicillium-cvjetkovicii
11 12 -0.25462051305305555 0.5816174214366601 Penicillium-brevicompactum
11 12 -0.2272189118096586 0.6241411449723926 Penicillium-verrucosum
11 12 -0.30769437592885374 0.5020139174737879 Penicillium-polonicum
11 12 -0.21825795149332317 0.6382356619739662 Penicillium-commune
11 12 -0.060332722456551434 0.8977623010235537 Penicillium-chrysogenum
11 12 -0.0448407049113073 0.9239525627524299 Penicillium-mb
11 12 -0.2167686946546887 0.6405866171524758 Penicillium-solitum
9 12 0.252993047707372 0.5841176708306606 Penicillium-cvjetkovicii
9 12 -0.34077801517227396 0.4544755674480434 Penicillium-brevicompactum
9 12 -0.18456733572526965 0.6919782079094022 Penicillium-verrucosum
9 12 -0.6671384499042584 0.10160810849794817 Penicillium-polonicum
9 12 -0.4174822399898615 0.3513737048356845 Penicillium-commune
9 12 0.1406467053228345 0.7635853198213317 Penicillium-chrysogenum
9 12 0.19037394510125527 0.6826357198117896 Penicillium-mb
9 12 0.20275516225958184 0.6628234346546595 Penicillium-solitum
11 10 -0.2795512628446172 0.5437435797338035 Penicillium-cvjetkovicii
11 10 -0.258176571056955 0.576165890349671 Penicillium-brevicompactum
11 10 -0.42328892835280557 0.3440100439608238 Penicillium-verrucosum
11 10 -0.3011046083846745 0.5116827131925579 Penicillium-polonicum
11 10 -0.17757410495424794 0.7032711607989207 Penicillium-commune
11 10 0.0892715748451404 0.8490510358455379 Penicillium-chrysogenum
11 10 0.07490270141189112 0.873197631077753 Penicillium-mb
11 10 -0.0885745292238129 0.8502203693870356 Penicillium-solitum
9 8 -0.2340931808938136 0.613389901967156 Penicillium-cvjetkovicii
9 8 -0.3430302258620525 0.4513025417662291 Penicillium-brevicompactum
9 8 -0.15791081647507352 0.735252102585177 Penicillium-verrucosum
9 8 -0.2547862572177448 0.5813629773111266 Penicillium-polonicum
9 8 -0.1967359449476232 0.6724365196480432 Penicillium-commune
9 8 0.124894472987461 0.7896223497162536 Penicillium-chrysogenum
9 8 0.3580728937245973 0.43032544173645404 Penicillium-mb
9 8 0.3842576947277187 0.39473762591263856 Penicillium-solitum
7 12 0.45307008877968274 0.30729356290643006 Penicillium-cvjetkovicii
7 12 0.43163510403941246 0.3335415047826893 Penicillium-brevicompactum
7 12 0.09472170224590201 0.8399158574286674 Penicillium-verrucosum
7 12 0.268711038631269 0.560111338748076 Penicillium-polonicum
7 12 -0.5885619919211412 0.16447860467690503 Penicillium-commune
7 12 0.3960784152324618 0.379073661940757 Penicillium-chrysogenum
7 12 -0.4445855889486816 0.31757201049262757 Penicillium-mb
7 12 0.3871737968797224 0.3908497137569633 Penicillium-solitum
7 12 0.20916549089497782 0.6526260275458196 Penicillium-cvjetkovicii
7 12 -0.34077801517227385 0.4544755674480439 Penicillium-brevicompactum
7 12 0.08575076083181227 0.8549596168172284 Penicillium-verrucosum
7 12 -0.4547304088389791 0.30529944692131245 Penicillium-polonicum
7 12 0.1701996910803473 0.7152267796704993 Penicillium-commune
7 12 0.645099880904977 0.11768752492718985 Penicillium-chrysogenum
7 12 0.5195940850530043 0.231991391649318 Penicillium-mb
7 12 0.5765962393307336 0.17538528438428136 Penicillium-solitum
11 12 -0.6019174787405408 0.1527150776065846 Penicillium-cvjetkovicii
11 12 -0.4745228659089578 0.2819699999329942 Penicillium-brevicompactum
11 12 0.23936436036441433 0.6051828876669156 Penicillium-verrucosum
11 12 -0.7725877774622932 0.041727211236944436 Penicillium-polonicum
11 12 0.2708088517150111 0.5569315642745494 Penicillium-commune
11 12 -0.1720305556714492 0.7122541171560492 Penicillium-chrysogenum
11 12 0.2535002885393178 0.5833380496327749 Penicillium-mb
11 12 -0.24466432158509654 0.5969642198533233 Penicillium-solitum
11 12 -0.12623439866633301 0.7874012056402757 Penicillium-cvjetkovicii
11 12 -0.1817853083174027 0.6964654192277704 Penicillium-brevicompactum
11 12 -0.4105811570992776 0.3602098639309638 Penicillium-verrucosum
11 12 -0.6565706996643867 0.10916553299723092 Penicillium-polonicum
11 12 -0.34612257891326914 0.4469594525137119 Penicillium-commune
11 12 0.20663656436067876 0.6566439441923629 Penicillium-chrysogenum
11 12 -0.22053257873837542 0.6346495624340076 Penicillium-mb
11 12 0.15707806815713707 0.7366135476283182 Penicillium-solitum
11 10 -0.024544484839861165 0.958344538327677 Penicillium-cvjetkovicii
11 10 0.3006094054461936 0.5124118775140325 Penicillium-brevicompactum
11 10 -0.2678007786523256 0.5614928786637978 Penicillium-verrucosum
11 10 0.07302724448172442 0.8763554124337201 Penicillium-polonicum
11 10 -0.31578602501583364 0.49023018889916514 Penicillium-commune
11 10 -0.5602740629239397 0.19081595150518307 Penicillium-chrysogenum
11 10 0.3704273350260487 0.4133846264210086 Penicillium-mb
11 10 0.3814916310863596 0.3984396983799336 Penicillium-solitum
9 10 0.13211914522583929 0.7776600013740291 Penicillium-cvjetkovicii
9 10 -0.3399660188660158 0.4556215803557663 Penicillium-brevicompactum
9 10 -0.22291900215056934 0.6308933026608008 Penicillium-verrucosum
9 10 -0.38589234205621004 0.3925563232310515 Penicillium-polonicum
9 10 -0.18072546770192194 0.6981767254882913 Penicillium-commune
9 10 0.3129582938723707 0.49433692442243704 Penicillium-chrysogenum
9 10 0.24434069837232664 0.5974650975788149 Penicillium-mb
9 10 0.3033128429540608 0.5084355583341673 Penicillium-solitum
5 12 0.41641395294345007 0.3527355523983888 Penicillium-cvjetkovicii
5 12 0.07233549902050988 0.87752046288315 Penicillium-brevicompactum
5 12 0.16239887067414988 0.72792421793181 Penicillium-verrucosum
5 12 0.07825247534130711 0.8675608344963528 Penicillium-polonicum
5 12 -0.1421622143900772 0.7610892912066911 Penicillium-commune
5 12 0.05769430630772468 0.9022180334871164 Penicillium-chrysogenum
5 12 -0.12488978951106762 0.7896301153319143 Penicillium-mb
5 12 -0.00481758096957484 0.9918215154411133 Penicillium-solitum
9 12 0.13211914522584164 0.7776600013740252 Penicillium-cvjetkovicii
9 12 -0.3301759413162377 0.46952268563623367 Penicillium-brevicompactum
9 12 -0.5608389921692627 0.19027130253969346 Penicillium-verrucosum
9 12 -0.4296422670543746 0.33602862802165234 Penicillium-polonicum
9 12 -0.2674948092752349 0.5619575059501066 Penicillium-commune
9 12 0.10789841194014776 0.8178903644019079 Penicillium-chrysogenum
9 12 0.02914312512736103 0.9505461015539285 Penicillium-mb
9 12 0.1063608335745369 0.820455830707593 Penicillium-solitum
7 12 0.2040377982820161 0.6607796805806936 Penicillium-cvjetkovicii
7 12 -0.34077801517227396 0.4544755674480434 Penicillium-brevicompactum
7 12 -0.1605228862376573 0.7309852633126285 Penicillium-verrucosum
7 12 -0.36470003386450184 0.42120529132205786 Penicillium-polonicum
7 12 0.09580320639446584 0.8381047750623666 Penicillium-commune
7 12 0.47860398013488337 0.2772623838340656 Penicillium-chrysogenum
7 12 0.3118143834139126 0.4960016785943697 Penicillium-mb
7 12 0.48957009805776036 0.26478999716512835 Penicillium-solitum
11 12 0.1924702288405052 0.6792707593623419 Penicillium-cvjetkovicii
11 12 -0.325973853317917 0.47553619795571545 Penicillium-brevicompactum
11 12 0.08675414195844802 0.8532751974742877 Penicillium-verrucosum
11 12 -0.5077342476085325 0.24470795141163626 Penicillium-polonicum
11 12 0.13649079316735604 0.7704383729801769 Penicillium-commune
11 12 0.33362570182761775 0.4646067475734871 Penicillium-chrysogenum
11 12 -0.8207254485533758 0.023670817999140215 Penicillium-mb
11 12 0.10033712814046819 0.8305185446937909 Penicillium-solitum
7 12 0.19373308850423038 0.6772456509906883 Penicillium-cvjetkovicii
7 12 -0.340778015172274 0.4544755674480434 Penicillium-brevicompactum
7 12 -0.12756773930576484 0.7851921139290412 Penicillium-verrucosum
7 12 -0.591696928441174 0.16167835983140746 Penicillium-polonicum
7 12 -0.0829970610793403 0.8595846074501056 Penicillium-commune
7 12 0.3858546598034397 0.39260655261546074 Penicillium-chrysogenum
7 12 0.22811242562778883 0.6227406606153338 Penicillium-mb
7 12 0.34440418180422416 0.4493709297105378 Penicillium-solitum
9 10 -0.21986860369045907 0.6356957794742815 Penicillium-cvjetkovicii
9 10 0.33489501545895944 0.46280275305113533 Penicillium-brevicompactum
9 10 -0.09925953491634651 0.8323206615511054 Penicillium-verrucosum
9 10 -0.6056197271032112 0.1495312481618763 Penicillium-polonicum
9 10 0.016490277016091365 0.9720090424080633 Penicillium-commune
9 10 0.5245214371130601 0.22680134648114925 Penicillium-chrysogenum
9 10 0.5134797439832456 0.23850799389233635 Penicillium-mb
9 10 0.4532797683359897 0.3070414155529731 Penicillium-solitum
9 12 0.2738082220326513 0.5523954076532953 Penicillium-cvjetkovicii
9 12 -0.3407780151722742 0.45447556744804335 Penicillium-brevicompactum
9 12 0.3607228561386714 0.4266695726208748 Penicillium-verrucosum
9 12 -0.37844447592627073 0.4025338845147652 Penicillium-polonicum
9 12 0.5178488638641433 0.2338428379329545 Penicillium-commune
9 12 0.826339119503651 0.021931136368167965 Penicillium-chrysogenum
9 12 0.8091142122064593 0.027508549732479213 Penicillium-mb
9 12 0.7150577948317365 0.07089502257397592 Penicillium-solitum
7 10 -0.23096893156294454 0.6182694773854605 Penicillium-cvjetkovicii
7 10 -0.34373918454514335 0.4503054460610291 Penicillium-brevicompactum
7 10 -0.11191579474387149 0.8111934593044895 Penicillium-verrucosum
7 10 -0.5521051885275475 0.19877567765545603 Penicillium-polonicum
7 10 -0.062209810311342074 0.8945935870443684 Penicillium-commune
7 10 0.46473959855812325 0.29339897983028657 Penicillium-chrysogenum
7 10 0.4616842887511658 0.29700949158067297 Penicillium-mb
7 10 0.4802173356551768 0.2754111774915321 Penicillium-solitum
9 10 0.13211914522584128 0.7776600013740258 Penicillium-cvjetkovicii
9 10 -0.4927615848604734 0.26120907634329227 Penicillium-brevicompactum
9 10 0.1373183201942312 0.769072830386532 Penicillium-verrucosum
9 10 -0.029888249350478603 0.9492827921193498 Penicillium-polonicum
9 10 0.11665120782609215 0.8033113734717331 Penicillium-commune
9 10 0.1438082437175565 0.758380162333989 Penicillium-chrysogenum
9 10 0.04249127765914222 0.9279296695726853 Penicillium-mb
9 10 0.12691394492974237 0.7862751843815519 Penicillium-solitum
9 12 0.13211914522584128 0.7776600013740258 Penicillium-cvjetkovicii
9 12 -0.32181003916373124 0.481522274119992 Penicillium-brevicompactum
9 12 -0.23386820418387705 0.6137409031135556 Penicillium-verrucosum
9 12 -0.47885068423789234 0.2769789479674893 Penicillium-polonicum
9 12 -0.21046959094193185 0.6505566936755229 Penicillium-commune
9 12 -0.018870721782515844 0.9679697714777751 Penicillium-chrysogenum
9 12 0.1175909073905851 0.8017488018663579 Penicillium-mb
9 12 0.13898330231285638 0.7663268026936012 Penicillium-solitum
9 10 -0.16439477608810205 0.7246706515668402 Penicillium-cvjetkovicii
9 10 -0.12527418199654533 0.7889928048951182 Penicillium-brevicompactum
9 10 -0.5357812901811922 0.21514897572848907 Penicillium-verrucosum
9 10 -0.4050560186583869 0.3673497721292681 Penicillium-polonicum
9 10 -0.13764162120824844 0.768539464375077 Penicillium-commune
9 10 0.17097888066855726 0.7139613056259728 Penicillium-chrysogenum
9 10 0.16107290444773104 0.7300875024435114 Penicillium-mb
9 10 -0.25743227176478783 0.5773055984922677 Penicillium-solitum
5 10 -0.22269835930578422 0.6312403337492087 Penicillium-cvjetkovicii
5 10 0.3238081291941188 0.47864635854498033 Penicillium-brevicompactum
5 10 -0.1072363261156744 0.818994904562997 Penicillium-verrucosum
5 10 -0.605137885612342 0.1499437158547951 Penicillium-polonicum
5 10 -0.08725470757729785 0.8524350416631521 Penicillium-commune
5 10 0.504158632088916 0.24860355175910492 Penicillium-chrysogenum
5 10 0.43470214935574203 0.3297291323266661 Penicillium-mb
5 10 0.49612537452841043 0.2574589063601004 Penicillium-solitum
11 10 -0.5013726789795432 0.25165847887557596 Penicillium-cvjetkovicii
11 10 -0.42609307310373956 0.340477548193189 Penicillium-brevicompactum
11 10 -0.5095382102962787 0.24275335207002166 Penicillium-verrucosum
11 10 -0.7386000484012076 0.05794619061199156 Penicillium-polonicum
11 10 -0.4302735829518711 0.33523987539721656 Penicillium-commune
11 10 0.2251876544955491 0.6273282590602843 Penicillium-chrysogenum
11 10 0.17196134780120845 0.712366433303225 Penicillium-mb
11 10 0.12527456579126822 0.7889921686224441 Penicillium-solitum
7 10 -0.22560191294666038 0.6266778974618258 Penicillium-cvjetkovicii
7 10 -0.2904256924657634 0.5274855698394638 Penicillium-brevicompactum
7 10 -0.13787772439555104 0.7681499988654809 Penicillium-verrucosum
7 10 -0.546352785826866 0.20447474866218826 Penicillium-polonicum
7 10 -0.11348187247877711 0.8085852942895279 Penicillium-commune
7 10 0.46078267117239735 0.2980786732547455 Penicillium-chrysogenum
7 10 0.43542227224032487 0.328836726344699 Penicillium-mb
7 10 0.4506693009906409 0.31018703646444706 Penicillium-solitum
9 10 0.6058200116141493 0.1493599675412667 Penicillium-cvjetkovicii
9 10 0.4717926189495434 0.28513916746830714 Penicillium-brevicompactum
9 10 0.46591625057247515 0.2920137229326893 Penicillium-verrucosum
9 10 0.46529215859827844 0.2927480964978562 Penicillium-polonicum
9 10 0.4167568912848597 0.35229813610144073 Penicillium-commune
9 10 0.05769430630772429 0.902218033487117 Penicillium-chrysogenum
9 10 -0.1585520591575377 0.7342041217725275 Penicillium-mb
9 10 -0.3050272382610778 0.5059195291109513 Penicillium-solitum
11 12 -0.01830947947947809 0.9689220720918074 Penicillium-cvjetkovicii
11 12 -0.22126927474246144 0.633489325178177 Penicillium-brevicompactum
11 12 -0.304317986039314 0.5069598944040213 Penicillium-verrucosum
11 12 -0.40367367558890516 0.36914514641707197 Penicillium-polonicum
11 12 -0.29702070613739334 0.5177067447968513 Penicillium-commune
11 12 0.043500639144755625 0.9262208739401975 Penicillium-chrysogenum
11 12 0.29902856567833425 0.5147419872984687 Penicillium-mb
11 12 0.014440993978187534 0.9754867634122811 Penicillium-solitum
3 10 -0.23242636872529662 0.6159917959030756 Penicillium-cvjetkovicii
3 10 -0.34336859682336207 0.45082654612748413 Penicillium-brevicompactum
3 10 -0.08933915642788318 0.8489376755825925 Penicillium-verrucosum
3 10 -0.5009580203259795 0.25211463897722425 Penicillium-polonicum
3 10 -0.0817541800087699 0.8616731472828518 Penicillium-commune
3 10 0.43267327020761853 0.33224895886889994 Penicillium-chrysogenum
3 10 0.3884954367308118 0.38909271435475845 Penicillium-mb
3 10 0.422563868165807 0.34492593403712374 Penicillium-solitum
11 12 0.13211914522584395 0.7776600013740215 Penicillium-cvjetkovicii
11 12 -0.354000812910309 0.43596653295060056 Penicillium-brevicompactum
11 12 -0.5981215486489915 0.15601430805135877 Penicillium-verrucosum
11 12 -0.5669929959208909 0.18438719810086457 Penicillium-polonicum
11 12 -0.2738153125988161 0.5523846983439205 Penicillium-commune
11 12 -0.05017334902267059 0.9149302474480118 Penicillium-chrysogenum
11 12 0.07210741925366665 0.8779046376530818 Penicillium-mb
11 12 -0.10213872963993961 0.8275069518278184 Penicillium-solitum
9 10 0.20242133744450658 0.6633556248226045 Penicillium-cvjetkovicii
9 10 -0.3407780151722739 0.45447556744804396 Penicillium-brevicompactum
9 10 -0.045632387807661726 0.9226126835586318 Penicillium-verrucosum
9 10 -0.4861682503603872 0.26863132744441015 Penicillium-polonicum
9 10 0.0159740390936978 0.9728850887462603 Penicillium-commune
9 10 0.5278186915618085 0.22335912386924753 Penicillium-chrysogenum
9 10 0.5125357929743718 0.23952153893774272 Penicillium-mb
9 10 0.4581060510662216 0.3012627032298253 Penicillium-solitum
11 12 -0.33874517636808543 0.457346639142156 Penicillium-cvjetkovicii
11 12 -0.43585822678957875 0.3282969764737806 Penicillium-brevicompactum
11 12 -0.4188791972022466 0.34959619755855037 Penicillium-verrucosum
11 12 -0.7187732989269582 0.06875772931412784 Penicillium-polonicum
11 12 -0.36989457136561715 0.41410970518607604 Penicillium-commune
11 12 -0.26660806077279636 0.5633047643266473 Penicillium-chrysogenum
11 12 0.2002218274312389 0.6668649319540467 Penicillium-mb
11 12 0.22354404118223545 0.6299105225505172 Penicillium-solitum
9 12 0.16207581539936036 0.72845114368012 Penicillium-cvjetkovicii
9 12 -0.2875026432574054 0.5318395156496007 Penicillium-brevicompactum
9 12 0.060760483923492745 0.8970401001601692 Penicillium-verrucosum
9 12 -0.2840221053270405 0.5370394723844272 Penicillium-polonicum
9 12 -0.7120728078470231 0.07263755458009773 Penicillium-commune
9 12 0.19991565658104707 0.6673538103857257 Penicillium-chrysogenum
9 12 0.24517358928685784 0.5961762729622395 Penicillium-mb
9 12 -0.37569336198742703 0.4062445392622818 Penicillium-solitum
