#SPECIES: Penicillium-verrucosum Penicillium-cvjetkovicii Penicillium-brevicompactum Penicillium-chrysogenum Penicillium-polonicum Penicillium-solitum Penicillium-commune Penicillium-mb 
#GENE_TREEs p: 0.12460828091718404 0.3419399751436665 0.08538137515983675 0.7733249023121284 0.13766046207852575 0.45169084202107723 0.4981898836474371 0.5019576397529029 
#GENE_TREEs r: 0.6360959361673787 0.4249306946283907 0.6913170470319283 0.1347424766255457 0.6197854674353782 0.3427542937823943 0.3103128501663359 0.30773286079618195 
12 12 0.12377446413451655 0.7914798158861345 Penicillium-verrucosum
12 12 0.4605881133763038 0.2983096114650938 Penicillium-cvjetkovicii
12 12 0.7566050833349462 0.048991617222835356 Penicillium-brevicompactum
12 12 0.2152981043094879 0.6429104508483118 Penicillium-chrysogenum
12 12 0.4628094611591663 0.2956775863257685 Penicillium-polonicum
12 12 0.22275903196822544 0.6311449013116555 Penicillium-solitum
12 12 0.25047733475720135 0.5879890104558023 Penicillium-commune
12 12 0.16703457153543158 0.7203725264313889 Penicillium-mb
4 12 0.7959622837546482 0.03224999634701544 Penicillium-verrucosum
4 12 0.8922996764127847 0.006893940711591445 Penicillium-cvjetkovicii
4 12 0.6752940728069564 0.0959688853221751 Penicillium-brevicompactum
4 12 0.13098089009653088 0.779542420169836 Penicillium-chrysogenum
4 12 0.7132702251514694 0.07193581895667503 Penicillium-polonicum
4 12 0.4375064717140715 0.32625973909264927 Penicillium-solitum
4 12 0.3480165232240967 0.44430728298215 Penicillium-commune
4 12 0.28536594144661315 0.5350297669633569 Penicillium-mb
8 12 0.8414611166099935 0.017614675574077848 Penicillium-verrucosum
8 12 -0.9372083119575624 0.0018341784062178516 Penicillium-cvjetkovicii
8 12 0.6121931523732085 0.14396123480844852 Penicillium-brevicompactum
8 12 0.3157028719315117 0.4903507791036159 Penicillium-chrysogenum
8 12 0.7285860286579003 0.06328197573853969 Penicillium-polonicum
8 12 0.5285135570044062 0.22263687133189783 Penicillium-solitum
8 12 0.4741550467229524 0.2823960277222188 Penicillium-commune
8 12 0.4602672476873206 0.29869064807621987 Penicillium-mb
10 8 0.907172683942384 0.004793991017470891 Penicillium-verrucosum
10 8 -0.94125868211551 0.00155599314797037 Penicillium-cvjetkovicii
10 8 0.5227260190237154 0.2286861065626498 Penicillium-brevicompactum
10 8 0.34322772795987294 0.45102468735229534 Penicillium-chrysogenum
10 8 0.9029402317085737 0.005346729644475377 Penicillium-polonicum
10 8 0.5349430376304217 0.2160064316741064 Penicillium-solitum
10 8 0.4951616007442808 0.25853085134000275 Penicillium-commune
10 8 0.49167804195899967 0.26242234712481616 Penicillium-mb
10 12 -0.11193916761959748 0.8111545235721519 Penicillium-verrucosum
10 12 -0.5018124352026619 0.25117512436116446 Penicillium-cvjetkovicii
10 12 0.20661175282797195 0.6566833970922814 Penicillium-brevicompactum
10 12 0.24115641994861764 0.602400179952115 Penicillium-chrysogenum
10 12 0.2372566022383491 0.6084606742998964 Penicillium-polonicum
10 12 -0.373232743273572 0.4095747515003775 Penicillium-solitum
10 12 0.3220974968689476 0.4811081446219497 Penicillium-commune
10 12 0.3128423140150216 0.49450562193644765 Penicillium-mb
12 12 0.5923420331002417 0.16110508784006888 Penicillium-verrucosum
12 12 -0.22182377420377858 0.6326164262128631 Penicillium-cvjetkovicii
12 12 0.08449296224433135 0.8570717559193411 Penicillium-brevicompactum
12 12 -0.2229819054556828 0.6307943770636217 Penicillium-chrysogenum
12 12 -0.18969009356631164 0.6837343471516313 Penicillium-polonicum
12 12 0.3154506410761967 0.49071663366764207 Penicillium-solitum
12 12 -0.19469079504141162 0.6757109116977773 Penicillium-commune
12 12 0.232603794643643 0.6157146815288599 Penicillium-mb
6 12 0.7851920518096286 0.03644865642803759 Penicillium-verrucosum
6 12 -0.9460745047604802 0.0012597263139632279 Penicillium-cvjetkovicii
6 12 -0.7530176954407991 0.050710411209527774 Penicillium-brevicompactum
6 12 0.35959594836965486 0.42822278041618006 Penicillium-chrysogenum
6 12 0.8258101959843762 0.022091854132724967 Penicillium-polonicum
6 12 0.5818290802573861 0.17057312278110676 Penicillium-solitum
6 12 0.5159696454766236 0.23584412053660364 Penicillium-commune
6 12 0.481873604747084 0.2735165398287123 Penicillium-mb
12 10 0.6590959930704723 0.10733394248418252 Penicillium-verrucosum
12 10 0.40558286463002574 0.3666664575342969 Penicillium-cvjetkovicii
12 10 0.16048747517752238 0.7310430709792843 Penicillium-brevicompactum
12 10 0.3166904893800746 0.4889191993394817 Penicillium-chrysogenum
12 10 0.17916730247808635 0.7006945126402735 Penicillium-polonicum
12 10 0.36058451507641087 0.4268601299306031 Penicillium-solitum
12 10 0.3097984575860594 0.4989402947404866 Penicillium-commune
12 10 0.3552376462945779 0.4342501671229606 Penicillium-mb
10 12 0.6317384398561773 0.12803043364613576 Penicillium-verrucosum
10 12 0.6504890882918776 0.1136424944750477 Penicillium-cvjetkovicii
10 12 0.5371634014432908 0.21373873786654574 Penicillium-brevicompactum
10 12 0.25922845089208985 0.5745564000389243 Penicillium-chrysogenum
10 12 0.6357684819082037 0.12486379852821074 Penicillium-polonicum
10 12 0.4809953297657155 0.2745204814671324 Penicillium-solitum
10 12 -0.5006533520242376 0.2524500422275201 Penicillium-commune
10 12 0.38879562425976516 0.38869408595630145 Penicillium-mb
12 10 0.5869855915038622 0.16589570841016985 Penicillium-verrucosum
12 10 -0.37705718866015087 0.4044033509116095 Penicillium-cvjetkovicii
12 10 0.7145676132437112 0.07117961684438984 Penicillium-brevicompactum
12 10 0.139653385729738 0.7652221922214048 Penicillium-chrysogenum
12 10 0.6007376049963485 0.15373679068271554 Penicillium-polonicum
12 10 0.014933003456990723 0.9746517724486192 Penicillium-solitum
12 10 -0.10648615884153657 0.8202466762191936 Penicillium-commune
12 10 0.1582059931091875 0.7347696557410319 Penicillium-mb
10 12 0.7418504730153951 0.056268959918033844 Penicillium-verrucosum
10 12 -0.6605664340984345 0.10627484971868743 Penicillium-cvjetkovicii
10 12 -0.31438722189164525 0.49226016234386305 Penicillium-brevicompactum
10 12 0.2199089990960722 0.6356321151749669 Penicillium-chrysogenum
10 12 0.7372559821562148 0.058647562160193414 Penicillium-polonicum
10 12 0.45944286347135593 0.2996706085740758 Penicillium-solitum
10 12 -0.9856443700406748 4.706101852731628e-05 Penicillium-commune
10 12 0.375702264962293 0.40623250939441813 Penicillium-mb
10 12 0.781932234247403 0.03777597520767983 Penicillium-verrucosum
10 12 0.28405033783288897 0.5369972249080848 Penicillium-cvjetkovicii
10 12 0.11916702105663397 0.7991291555771198 Penicillium-brevicompactum
10 12 -0.8511350265538876 0.015131829035833412 Penicillium-chrysogenum
10 12 0.7444222444781177 0.05496088562774883 Penicillium-polonicum
10 12 0.2998820073232694 0.5134835880572529 Penicillium-solitum
10 12 0.20375233901670317 0.6612343873492501 Penicillium-commune
10 12 0.18831284489798522 0.6859482818229166 Penicillium-mb
8 12 0.9144669602044231 0.003922769203254281 Penicillium-verrucosum
8 12 0.8922996764127845 0.006893940711591481 Penicillium-cvjetkovicii
8 12 0.6720390128700722 0.09819939171148478 Penicillium-brevicompactum
8 12 -0.24449639612348734 0.5972241054600542 Penicillium-chrysogenum
8 12 0.9224080665405834 0.003088160114270359 Penicillium-polonicum
8 12 0.3412944973459337 0.4537471887478073 Penicillium-solitum
8 12 0.22530661356081189 0.6271414806272232 Penicillium-commune
8 12 0.20545830867216447 0.6585181908411062 Penicillium-mb
10 12 0.7739154684477352 0.041152542187329916 Penicillium-verrucosum
10 12 0.9681701608859947 0.0003412667600150887 Penicillium-cvjetkovicii
10 12 0.6708565810729223 0.09901629516408485 Penicillium-brevicompactum
10 12 0.06419225960145167 0.8912482227410254 Penicillium-chrysogenum
10 12 0.36306740908993584 0.4234450739897536 Penicillium-polonicum
10 12 0.49447930404416834 0.2592909575661525 Penicillium-solitum
10 12 0.41079373302058436 0.3599363196338217 Penicillium-commune
10 12 0.4083786266769296 0.36304916130617276 Penicillium-mb
10 12 0.6283307197219524 0.13073968528650598 Penicillium-verrucosum
10 12 0.596258793922325 0.157646192601506 Penicillium-cvjetkovicii
10 12 0.32574253885630716 0.475868034446854 Penicillium-brevicompactum
10 12 0.41546289631848954 0.353949806804167 Penicillium-chrysogenum
10 12 0.6049646115513898 0.15009218181161632 Penicillium-polonicum
10 12 0.5531497015026461 0.1977491573570361 Penicillium-solitum
10 12 -0.8276094783882869 0.021547835158173913 Penicillium-commune
10 12 0.4954055589025195 0.2582593195417621 Penicillium-mb
10 10 0.739679927748099 0.05738599823456045 Penicillium-verrucosum
10 10 0.8922996764127853 0.006893940711591356 Penicillium-cvjetkovicii
10 10 0.6498726656704692 0.11410147056174083 Penicillium-brevicompactum
10 10 -0.1779078909494381 0.7027311473134623 Penicillium-chrysogenum
10 10 0.2045362061752617 0.6599859676962889 Penicillium-polonicum
10 10 0.34835557452096644 0.4438331234566909 Penicillium-solitum
10 10 0.29101086883392746 0.5266153861119242 Penicillium-commune
10 10 0.2876310543449635 0.5316479920753587 Penicillium-mb
8 12 0.6305739932325678 0.1289529528925456 Penicillium-verrucosum
8 12 -0.9294609178648352 0.002442959592402488 Penicillium-cvjetkovicii
8 12 0.6420343386373732 0.12002100302883076 Penicillium-brevicompactum
8 12 0.07800163128578526 0.8679827876010848 Penicillium-chrysogenum
8 12 0.675307010218144 0.0959600736632892 Penicillium-polonicum
8 12 0.3821308633649425 0.3975829322990915 Penicillium-solitum
8 12 0.31166865562315 0.4962139008811085 Penicillium-commune
8 12 0.05012718614585185 0.9150083205165558 Penicillium-mb
10 10 0.8924399163364125 0.006872056505723211 Penicillium-verrucosum
10 10 -0.9315951075814548 0.002265000295023773 Penicillium-cvjetkovicii
10 10 0.6376559935693217 0.12339462517687416 Penicillium-brevicompactum
10 10 0.31003079252201654 0.49860130848228745 Penicillium-chrysogenum
10 10 0.8886682050597446 0.007474728484312995 Penicillium-polonicum
10 10 0.5207946924977481 0.23072170517995072 Penicillium-solitum
10 10 0.46627130749757784 0.29159628978302826 Penicillium-commune
10 10 0.46286004492985033 0.29561777067662326 Penicillium-mb
8 8 0.7335950331225777 0.060581193792573325 Penicillium-verrucosum
8 8 0.726597652428542 0.06437175705741773 Penicillium-cvjetkovicii
8 8 0.6708565810729223 0.09901629516408485 Penicillium-brevicompactum
8 8 0.5078243006437317 0.24461020660121993 Penicillium-chrysogenum
8 8 0.5934151844798995 0.1601536734795897 Penicillium-polonicum
8 8 0.6497854907672063 0.1141664564229843 Penicillium-solitum
8 8 0.6068473763478348 0.1484829273574707 Penicillium-commune
8 8 0.598256037381896 0.15589681560509214 Penicillium-mb
8 12 0.8237669523460998 0.02271894759807806 Penicillium-verrucosum
8 12 0.942556728550952 0.001472497214401862 Penicillium-cvjetkovicii
8 12 0.6708565810729225 0.09901629516408471 Penicillium-brevicompactum
8 12 0.24613101255672407 0.5946957832591749 Penicillium-chrysogenum
8 12 0.778737087631778 0.03910256059578784 Penicillium-polonicum
8 12 0.46622130682045804 0.29165505853620577 Penicillium-solitum
8 12 0.4014951675961132 0.37198186397076444 Penicillium-commune
8 12 0.3858267030873127 0.39264381979617324 Penicillium-mb
10 12 0.614412045883387 0.14210507324678295 Penicillium-verrucosum
10 12 0.892299676412784 0.006893940711591565 Penicillium-cvjetkovicii
10 12 0.40261377386461594 0.3705241718608463 Penicillium-brevicompactum
10 12 -0.5867944774702792 0.16606791913281713 Penicillium-chrysogenum
10 12 0.7024123281634164 0.07843253929109714 Penicillium-polonicum
10 12 0.35474338254711907 0.4349357518506037 Penicillium-solitum
10 12 0.2663825157274062 0.5636476046320437 Penicillium-commune
10 12 0.26695934101438795 0.5627709325306918 Penicillium-mb
10 10 0.7533167163937967 0.05056590391291825 Penicillium-verrucosum
10 10 0.9592162473753603 0.0006311266540084702 Penicillium-cvjetkovicii
10 10 0.6708565810729219 0.09901629516408506 Penicillium-brevicompactum
10 10 0.8159371450753906 0.025214166798586384 Penicillium-chrysogenum
10 10 0.7222876398906823 0.06676848506375056 Penicillium-polonicum
10 10 0.9482669871813912 0.0011369195368285026 Penicillium-solitum
10 10 0.9137578801198416 0.004003009316094334 Penicillium-commune
10 10 0.9112974779396171 0.004288821238385934 Penicillium-mb
6 12 0.7007136739005808 0.0794760691634132 Penicillium-verrucosum
6 12 0.1775257742573718 0.7033493605227621 Penicillium-cvjetkovicii
6 12 0.676428937173282 0.0951975452407012 Penicillium-brevicompactum
6 12 -0.17347590568384835 0.709909432997978 Penicillium-chrysogenum
6 12 0.6392308889128747 0.12217560180886883 Penicillium-polonicum
6 12 0.13344330413266542 0.7754712272935282 Penicillium-solitum
6 12 0.04329452544600329 0.9265697953834182 Penicillium-commune
6 12 0.08389030326186338 0.8580840028233426 Penicillium-mb
12 10 0.6407068905786467 0.12103876245157834 Penicillium-verrucosum
12 10 0.17031455452816732 0.7150401984447228 Penicillium-cvjetkovicii
12 10 0.02768859234615559 0.9530124022620092 Penicillium-brevicompactum
12 10 -0.18733955522865592 0.6875139283941043 Penicillium-chrysogenum
12 10 0.6429332165297718 0.11933433821341588 Penicillium-polonicum
12 10 0.2974551468280605 0.5170647651346101 Penicillium-solitum
12 10 -0.12500700516606228 0.789435765633062 Penicillium-commune
12 10 -0.12306682859999295 0.7926537910764808 Penicillium-mb
8 12 0.750514639993439 0.051928910328586896 Penicillium-verrucosum
8 12 0.8922996764127847 0.006893940711591445 Penicillium-cvjetkovicii
8 12 0.6796833869188045 0.09300369903154147 Penicillium-brevicompactum
8 12 0.05557621985764828 0.9057965201377681 Penicillium-chrysogenum
8 12 0.7100537478444844 0.07382907450593418 Penicillium-polonicum
8 12 0.26824462275469857 0.5608191015428914 Penicillium-solitum
8 12 0.22779106812558322 0.6232442492402207 Penicillium-commune
8 12 0.2139610060649417 0.6450253500556616 Penicillium-mb
6 12 0.8018546002534008 0.03007357361869298 Penicillium-verrucosum
6 12 0.892299676412784 0.006893940711591565 Penicillium-cvjetkovicii
6 12 0.6748680867889868 0.0962592611418267 Penicillium-brevicompactum
6 12 0.19621115723852456 0.6732763419708929 Penicillium-chrysogenum
6 12 0.7935376017855783 0.03317030839999751 Penicillium-polonicum
6 12 0.445670018564524 0.3162501092966696 Penicillium-solitum
6 12 0.35912006463548035 0.42887933914947807 Penicillium-commune
6 12 0.35134161549221665 0.43966545186832645 Penicillium-mb
8 10 0.7974865149208559 0.03167884655180947 Penicillium-verrucosum
8 10 0.892299676412786 0.006893940711591252 Penicillium-cvjetkovicii
8 10 0.6804276099034818 0.09250579075541958 Penicillium-brevicompactum
8 10 0.14332346812180388 0.7591778306117262 Penicillium-chrysogenum
8 10 0.7966336950453663 0.03199770747580826 Penicillium-polonicum
8 10 0.4177641275048595 0.351014723375641 Penicillium-solitum
8 10 0.3290487948861717 0.47113298153397687 Penicillium-commune
8 10 0.22008302042488131 0.6353578730369152 Penicillium-mb
8 12 0.6576688745163554 0.10836705158350428 Penicillium-verrucosum
8 12 0.4747715268166363 0.28168215065636076 Penicillium-cvjetkovicii
8 12 0.8599756293388975 0.013049155062324519 Penicillium-brevicompactum
8 12 0.3119705581113189 0.4957742781278702 Penicillium-chrysogenum
8 12 0.6713615939699324 0.09866696480367323 Penicillium-polonicum
8 12 -0.12650967938985833 0.7869450245992896 Penicillium-solitum
8 12 0.2385026721463371 0.6065222709300695 Penicillium-commune
8 12 -0.15433501308851333 0.7411019777420016 Penicillium-mb
10 12 0.5668456685945193 0.18452701359974902 Penicillium-verrucosum
10 12 0.5988639074714679 0.15536631726706174 Penicillium-cvjetkovicii
10 12 0.33337720156614764 0.4649602274974658 Penicillium-brevicompactum
10 12 0.3846946654553959 0.3941540508591332 Penicillium-chrysogenum
10 12 0.5526862176387652 0.19820434144317303 Penicillium-polonicum
10 12 0.5909348638712065 0.16235687072373806 Penicillium-solitum
10 12 -0.8198115170289494 0.023961154871710293 Penicillium-commune
10 12 0.47495076391048385 0.2814747478264275 Penicillium-mb
10 12 0.0031788219974328777 0.9946034914353038 Penicillium-verrucosum
10 12 -0.4626370398697869 0.29588151582827715 Penicillium-cvjetkovicii
10 12 0.42093013001335733 0.3469934148680359 Penicillium-brevicompactum
10 12 0.2177075089477512 0.639104316416546 Penicillium-chrysogenum
10 12 0.3514677264661846 0.43948976448167126 Penicillium-polonicum
10 12 0.3657211519548708 0.41980677109895376 Penicillium-solitum
10 12 0.32933880654859055 0.4707184645062265 Penicillium-commune
10 12 -0.4211645643159766 0.34669642105279663 Penicillium-mb
6 12 0.10732781673556363 0.8188422589903985 Penicillium-verrucosum
6 12 -0.4602886517798541 0.29866522347157404 Penicillium-cvjetkovicii
6 12 0.45959754010332143 0.29948663394946595 Penicillium-brevicompactum
6 12 0.26758700199899776 0.5618174945044668 Penicillium-chrysogenum
6 12 0.14315991255735397 0.7594469895125244 Penicillium-polonicum
6 12 0.3016955208219983 0.5108130901975172 Penicillium-solitum
6 12 0.3041474423259413 0.5072101669491216 Penicillium-commune
6 12 -0.3159238362685775 0.4900303556015605 Penicillium-mb
12 12 0.12177644170176535 0.794795357827555 Penicillium-verrucosum
12 12 0.066022347629223 0.8881611039028641 Penicillium-cvjetkovicii
12 12 0.47273625693601173 0.2840420389603808 Penicillium-brevicompactum
12 12 -0.13085239527149192 0.7797549757616506 Penicillium-chrysogenum
12 12 0.6194793077404044 0.13791178195839673 Penicillium-polonicum
12 12 0.290634961159636 0.5271743221095588 Penicillium-solitum
12 12 0.2058851884004255 0.6578389903090953 Penicillium-commune
12 12 -0.04684529718041139 0.9205601851262628 Penicillium-mb
8 12 0.4412706565407376 0.3216276268899261 Penicillium-verrucosum
8 12 0.892299676412786 0.006893940711591252 Penicillium-cvjetkovicii
8 12 0.6861309481142355 0.08873678715844631 Penicillium-brevicompactum
8 12 -0.03471912771845123 0.9410944960286811 Penicillium-chrysogenum
8 12 0.6794426694051034 0.09316504753105766 Penicillium-polonicum
8 12 0.20172660085872895 0.6644635482303918 Penicillium-solitum
8 12 0.10859891644546174 0.8167219921370599 Penicillium-commune
8 12 0.10484766868153843 0.8229818061671882 Penicillium-mb
10 10 0.8494316443748277 0.015553452178133875 Penicillium-verrucosum
10 10 0.9664550665543314 0.0003887511511266259 Penicillium-cvjetkovicii
10 10 0.6708565810729223 0.09901629516408485 Penicillium-brevicompactum
10 10 0.3634742929420666 0.4228864435171253 Penicillium-chrysogenum
10 10 0.5890208642419698 0.16406723310159896 Penicillium-polonicum
10 10 0.676746692223076 0.09498216029686389 Penicillium-solitum
10 10 0.6046006834818273 0.15040424514308748 Penicillium-commune
10 10 0.6002224014666186 0.1541839999925351 Penicillium-mb
8 12 0.7165179503673069 0.0700508965579916 Penicillium-verrucosum
8 12 0.8922996764127825 0.006893940711591794 Penicillium-cvjetkovicii
8 12 0.6864568532763143 0.08852391226617386 Penicillium-brevicompactum
8 12 -0.05738877110047079 0.9027341521827499 Penicillium-chrysogenum
8 12 0.7248051793945269 0.0653627837668837 Penicillium-polonicum
8 12 0.22420901931887802 0.628865420180236 Penicillium-solitum
8 12 0.09987007440222369 0.8312995515495624 Penicillium-commune
8 12 0.12795993546061238 0.7845425370508621 Penicillium-mb
6 12 0.7978314453588652 0.03155038674832744 Penicillium-verrucosum
6 12 -0.9511805101314046 0.0009851062406583857 Penicillium-cvjetkovicii
6 12 -0.7061866175186288 0.07614018871693205 Penicillium-brevicompactum
6 12 0.3781647938524246 0.40291049963473996 Penicillium-chrysogenum
6 12 0.8403439742308497 0.01791528234190606 Penicillium-polonicum
6 12 0.6479390328680349 0.11554741612714069 Penicillium-solitum
6 12 0.5710133858511699 0.180591748944628 Penicillium-commune
6 12 0.5545686489350282 0.1963587549613772 Penicillium-mb
6 12 0.8171045493652278 0.024832827967585607 Penicillium-verrucosum
6 12 0.892299676412784 0.006893940711591565 Penicillium-cvjetkovicii
6 12 0.6765191784392592 0.09513635066096125 Penicillium-brevicompactum
6 12 0.11860058613773942 0.8000704513614381 Penicillium-chrysogenum
6 12 0.8201753563462129 0.02384533162099087 Penicillium-polonicum
6 12 0.42619923628082645 0.34034411288632693 Penicillium-solitum
6 12 0.33422429285771127 0.4637556862385658 Penicillium-commune
6 12 0.33194369195981077 0.4670012552714188 Penicillium-mb
10 10 0.6327083046397383 0.12726465086848338 Penicillium-verrucosum
10 10 0.892299676412786 0.006893940711591252 Penicillium-cvjetkovicii
10 10 0.56795818089885 0.18347250272213667 Penicillium-brevicompactum
10 10 -0.026416133123907323 0.9551702247838745 Penicillium-chrysogenum
10 10 0.6434734221545376 0.11892264272045361 Penicillium-polonicum
10 10 0.23102439168483735 0.6181827597703875 Penicillium-solitum
10 10 -0.08705100708444584 0.8527769218565544 Penicillium-commune
10 10 -0.08801782928583995 0.851154421979783 Penicillium-mb
8 10 0.277180218580097 0.5473101157454076 Penicillium-verrucosum
8 10 0.7723040268924187 0.04185059899608823 Penicillium-cvjetkovicii
8 10 0.7891575871490802 0.03486945632872963 Penicillium-brevicompactum
8 10 0.4169703049085602 0.35202604252692304 Penicillium-chrysogenum
8 10 0.5296784985832206 0.22142849110560794 Penicillium-polonicum
8 10 0.5524674003773589 0.198419415392474 Penicillium-solitum
8 10 0.5097456068541835 0.24252910264825372 Penicillium-commune
8 10 0.5005822496953378 0.2525283468514393 Penicillium-mb
10 12 0.47191160359526013 0.28500072499127826 Penicillium-verrucosum
10 12 -0.2160103801271628 0.6417846191801977 Penicillium-cvjetkovicii
10 12 0.32744432033597537 0.47342867791635157 Penicillium-brevicompactum
10 12 0.051093679064151534 0.9133738513701217 Penicillium-chrysogenum
10 12 0.4683346244587153 0.2891757361963198 Penicillium-polonicum
10 12 0.08750538350578929 0.852014345585226 Penicillium-solitum
10 12 0.14088650567157457 0.7631902620740119 Penicillium-commune
10 12 0.14458129091380612 0.7571085135669942 Penicillium-mb
10 12 0.6451454967856768 0.11765298036378237 Penicillium-verrucosum
10 12 -0.1329537497780684 0.7762803012527089 Penicillium-cvjetkovicii
10 12 0.7894237684262658 0.03476484629538904 Penicillium-brevicompactum
10 12 0.26294093903646937 0.5688872028634654 Penicillium-chrysogenum
10 12 0.6649727025084804 0.10313392421484806 Penicillium-polonicum
10 12 0.3770108207753771 0.40446589404694483 Penicillium-solitum
10 12 0.34651678982459666 0.4464069326550296 Penicillium-commune
10 12 0.33000962299741 0.46976016934951403 Penicillium-mb
6 12 0.6751106852765629 0.09609383606366587 Penicillium-verrucosum
6 12 0.8922996764127847 0.006893940711591445 Penicillium-cvjetkovicii
6 12 0.6873166120257601 0.08796363043392856 Penicillium-brevicompactum
6 12 -0.11686087869890617 0.8029626787006962 Penicillium-chrysogenum
6 12 0.6909765390128643 0.08559958600465163 Penicillium-polonicum
6 12 0.15445875489085245 0.7408993738086525 Penicillium-solitum
6 12 0.058924824676001804 0.9001396858374568 Penicillium-commune
6 12 0.037100167595236745 0.9370601361297115 Penicillium-mb
12 12 0.34989941947849185 0.44167649272453213 Penicillium-verrucosum
12 12 0.15024306992403108 0.7478084075471406 Penicillium-cvjetkovicii
12 12 0.22674761450768144 0.624880214166641 Penicillium-brevicompactum
12 12 0.13352025222296537 0.7753440718184428 Penicillium-chrysogenum
12 12 0.6516151667631984 0.11280650754209635 Penicillium-polonicum
12 12 0.23203107628822067 0.6166093174774981 Penicillium-solitum
12 12 0.13867126818217793 0.7668412881919838 Penicillium-commune
12 12 0.19754517763977764 0.6711420280557508 Penicillium-mb
10 12 0.8302688229315095 0.020757793935958523 Penicillium-verrucosum
10 12 -0.19577865587039497 0.6739686805396585 Penicillium-cvjetkovicii
10 12 0.8060330449089619 0.028581566014874184 Penicillium-brevicompactum
10 12 -0.1737327187728357 0.7094930139234149 Penicillium-chrysogenum
10 12 0.8364780221281767 0.018977933371459404 Penicillium-polonicum
10 12 0.2768166833690017 0.5478576228100089 Penicillium-solitum
10 12 0.16767279453107445 0.7193342432573119 Penicillium-commune
10 12 0.16768692928182385 0.7193112522341392 Penicillium-mb
10 12 0.2161166874754576 0.6416166352110977 Penicillium-verrucosum
10 12 -0.4628277907512287 0.2956559108421715 Penicillium-cvjetkovicii
10 12 0.7496189607649554 0.05236877516909727 Penicillium-brevicompactum
10 12 0.3603164055307741 0.42722952960816096 Penicillium-chrysogenum
10 12 0.22795046744042777 0.6229944452986889 Penicillium-polonicum
10 12 0.4350205663304164 0.3293344092864252 Penicillium-solitum
10 12 0.42427166318780507 0.34277030062826036 Penicillium-commune
10 12 0.4226482257689495 0.3448193214680096 Penicillium-mb
12 12 0.8032997252659462 0.029552749111378823 Penicillium-verrucosum
12 12 0.7145307489470288 0.07120104459921191 Penicillium-cvjetkovicii
12 12 0.61364401846493 0.1427461733037321 Penicillium-brevicompactum
12 12 0.16954928931514773 0.7162834879009397 Penicillium-chrysogenum
12 12 0.8029198012268652 0.029689180772277706 Penicillium-polonicum
12 12 0.4246673655588931 0.3422716461335378 Penicillium-solitum
12 12 -0.28730875616426116 0.5321287397044463 Penicillium-commune
12 12 0.34531325656544865 0.4480945912554468 Penicillium-mb
8 12 0.619501991637114 0.13789315327406684 Penicillium-verrucosum
8 12 0.892299676412784 0.006893940711591565 Penicillium-cvjetkovicii
8 12 0.679427122622107 0.09317547331012702 Penicillium-brevicompactum
8 12 -0.04860775959840034 0.9175783543621656 Penicillium-chrysogenum
8 12 0.7201355986649194 0.06798288823808289 Penicillium-polonicum
8 12 0.21583197525853356 0.6420665569598907 Penicillium-solitum
8 12 0.1969412010330591 0.6721081201191645 Penicillium-commune
8 12 0.19189795676230811 0.6801889544811273 Penicillium-mb
8 12 0.9325441494902181 0.0021883936427273334 Penicillium-verrucosum
8 12 0.9688668155731597 0.0003230208703315756 Penicillium-cvjetkovicii
8 12 0.6708565810729222 0.09901629516408494 Penicillium-brevicompactum
8 12 0.11601322802999349 0.8043725300697173 Penicillium-chrysogenum
8 12 0.9405229758105497 0.0016045263581699531 Penicillium-polonicum
8 12 0.5265717860798323 0.22465793775093143 Penicillium-solitum
8 12 0.4250844649818282 0.34174635951630894 Penicillium-commune
8 12 0.41614458763978707 0.35307928563613256 Penicillium-mb
10 10 0.5523379131642908 0.19854674035419592 Penicillium-verrucosum
10 10 0.8922996764127847 0.006893940711591445 Penicillium-cvjetkovicii
10 10 0.6967749093117909 0.08192402595212787 Penicillium-brevicompactum
10 10 -0.16971575233818528 0.7160130009728973 Penicillium-chrysogenum
10 10 0.5376958743221698 0.21319660478061275 Penicillium-polonicum
10 10 0.10234284310697452 0.8271658570778726 Penicillium-solitum
10 10 0.15400029561832024 0.7416500742204661 Penicillium-commune
10 10 0.1521323022315975 0.7447104837157968 Penicillium-mb
10 8 0.7159599301306068 0.07037285115429649 Penicillium-verrucosum
10 8 -0.863422923911101 0.012284557439090975 Penicillium-cvjetkovicii
10 8 0.6626923946618479 0.10475327205428173 Penicillium-brevicompactum
10 8 0.08457860141030227 0.8569279260211984 Penicillium-chrysogenum
10 8 0.7333284259976119 0.06072333871736632 Penicillium-polonicum
10 8 0.3384398975338987 0.4577783786382785 Penicillium-solitum
10 8 0.297568092254657 0.5168979086436394 Penicillium-commune
10 8 0.30703101034676133 0.5029843262554112 Penicillium-mb
12 12 0.40121204931313914 0.3723511764004583 Penicillium-verrucosum
12 12 0.09146320609381076 0.8453758915773693 Penicillium-cvjetkovicii
12 12 0.3655181913604336 0.4200846015132338 Penicillium-brevicompactum
12 12 -0.09435874180527389 0.8405237956863186 Penicillium-chrysogenum
12 12 0.6921539110999689 0.08484633328696482 Penicillium-polonicum
12 12 0.13424800708107223 0.7741416663308509 Penicillium-solitum
12 12 0.07322354797824077 0.8760248267274882 Penicillium-commune
12 12 0.06853034370973059 0.8839322743611714 Penicillium-mb
10 12 0.8597583177784001 0.013098241925481665 Penicillium-verrucosum
10 12 0.5210456721779233 0.23045669725493187 Penicillium-cvjetkovicii
10 12 0.013946602583772496 0.976325814663546 Penicillium-brevicompactum
10 12 -0.8729941445700105 0.010299254500180119 Penicillium-chrysogenum
10 12 0.8392121984394855 0.018222779154383528 Penicillium-polonicum
10 12 0.6801633273489559 0.0926824429439827 Penicillium-solitum
10 12 0.5982049585247258 0.15594143406727132 Penicillium-commune
10 12 0.6005176985034841 0.15392759551377966 Penicillium-mb
6 12 0.8776481128661784 0.009405976806347827 Penicillium-verrucosum
6 12 -0.9536926573563639 0.0008644079118543825 Penicillium-cvjetkovicii
6 12 -0.6965668964109429 0.08205440465382877 Penicillium-brevicompactum
6 12 0.4566371318165686 0.3030164056775667 Penicillium-chrysogenum
6 12 0.8663834990443734 0.011648962186903382 Penicillium-polonicum
6 12 0.6850881173392762 0.08941975806468015 Penicillium-solitum
6 12 0.6119853812154465 0.14413566250185922 Penicillium-commune
6 12 0.6019373374433327 0.15269791009321784 Penicillium-mb
6 12 0.922565997397178 0.00307273698255777 Penicillium-verrucosum
6 12 0.9651587673297622 0.00042710335035338657 Penicillium-cvjetkovicii
6 12 0.6708565810729221 0.09901629516408494 Penicillium-brevicompactum
6 12 0.11199072733558711 0.8110686338534903 Penicillium-chrysogenum
6 12 0.910180397566073 0.00442239769488919 Penicillium-polonicum
6 12 0.4743198457021992 0.28220511318215763 Penicillium-solitum
6 12 0.3250019086797236 0.4769310836188498 Penicillium-commune
6 12 0.3625164507008239 0.42420196591161674 Penicillium-mb
6 10 0.847893712349382 0.01593981229980397 Penicillium-verrucosum
6 10 0.892299676412784 0.006893940711591565 Penicillium-cvjetkovicii
6 10 0.6785565104963757 0.09376029110770132 Penicillium-brevicompactum
6 10 -0.05833582223121358 0.901134455965881 Penicillium-chrysogenum
6 10 0.8515893152563537 0.015020499097842685 Penicillium-polonicum
6 10 0.3161982476466466 0.48963253155591235 Penicillium-solitum
6 10 0.2323447991287386 0.616119208323753 Penicillium-commune
6 10 0.2283788462615483 0.6223232502840774 Penicillium-mb
8 10 0.6160752811917166 0.14072170374447068 Penicillium-verrucosum
8 10 0.8922996764127846 0.006893940711591457 Penicillium-cvjetkovicii
8 10 0.6865506636487202 0.08846268720989936 Penicillium-brevicompactum
8 10 -0.21199635993940652 0.6481362960988721 Penicillium-chrysogenum
8 10 0.6956830159489782 0.08260963309241873 Penicillium-polonicum
8 10 0.13890423396595927 0.7664571650521622 Penicillium-solitum
8 10 0.05065996864988579 0.9141072840960187 Penicillium-commune
8 10 0.04621944189653816 0.9216192210355905 Penicillium-mb
8 12 0.8283900205121703 0.021314218857626042 Penicillium-verrucosum
8 12 0.8922996764127846 0.006893940711591457 Penicillium-cvjetkovicii
8 12 0.6713685144866383 0.09866218219368042 Penicillium-brevicompactum
8 12 0.15449115435734972 0.7408463277400841 Penicillium-chrysogenum
8 12 0.8203913689848011 0.023776716639475177 Penicillium-polonicum
8 12 0.40543761053910277 0.36685479851043246 Penicillium-solitum
8 12 0.3271047572214273 0.47391504849979976 Penicillium-commune
8 12 0.31222065560027185 0.4954101966966219 Penicillium-mb
12 12 0.34709314418651743 0.44559958647195985 Penicillium-verrucosum
12 12 0.333463546796261 0.4648373942627064 Penicillium-cvjetkovicii
12 12 0.25793212013089795 0.5765401282651622 Penicillium-brevicompactum
12 12 -0.4855284112005549 0.2693566283970486 Penicillium-chrysogenum
12 12 -0.17392549735546034 0.7091804637223313 Penicillium-polonicum
12 12 0.3657844219800595 0.41972017609092277 Penicillium-solitum
12 12 0.33189009643057515 0.4670776280945629 Penicillium-commune
12 12 -0.40877110062265604 0.36254254490232657 Penicillium-mb
6 12 0.6441534110452122 0.11840545789197413 Penicillium-verrucosum
6 12 0.892299676412785 0.006893940711591407 Penicillium-cvjetkovicii
6 12 0.6862236030189865 0.08867623931215245 Penicillium-brevicompactum
6 12 -0.17540407147433332 0.7067843450447442 Penicillium-chrysogenum
6 12 0.6403758126284966 0.12129328911702429 Penicillium-polonicum
6 12 0.08216017029284298 0.8609908494298587 Penicillium-solitum
6 12 -0.022332614875946514 0.9620964292415262 Penicillium-commune
6 12 0.004057189124907338 0.9931123585092461 Penicillium-mb
10 12 0.7384744995010216 0.05801151155638888 Penicillium-verrucosum
10 12 0.9594956633107723 0.0006204664386217188 Penicillium-cvjetkovicii
10 12 0.6708565810729227 0.09901629516408458 Penicillium-brevicompactum
10 12 0.8257509649273078 0.02210989328224004 Penicillium-chrysogenum
10 12 0.7070063878421255 0.07564708843171353 Penicillium-polonicum
10 12 0.9479984926889939 0.0011515599158453012 Penicillium-solitum
10 12 0.8962115001074686 0.006298574008602476 Penicillium-commune
10 12 0.8878463827682586 0.007609950617097518 Penicillium-mb
12 12 0.46418078668252755 0.29405787824126467 Penicillium-verrucosum
12 12 0.22726521497424307 0.6240685477359875 Penicillium-cvjetkovicii
12 12 0.6324712487769125 0.12745160799219032 Penicillium-brevicompactum
12 12 0.0044424107492071745 0.9924584036974693 Penicillium-chrysogenum
12 12 0.5419608377463137 0.2088779191092358 Penicillium-polonicum
12 12 0.0875053835057891 0.8520143455852265 Penicillium-solitum
12 12 0.12493877432546344 0.7895488948874403 Penicillium-commune
12 12 0.12349487427384499 0.7919436212291209 Penicillium-mb
12 12 0.4134018072292418 0.35658725709185335 Penicillium-verrucosum
12 12 0.4623982228237786 0.29616407679889883 Penicillium-cvjetkovicii
12 12 0.6708565810729225 0.09901629516408471 Penicillium-brevicompactum
12 12 0.24700448648339315 0.5933460781269635 Penicillium-chrysogenum
12 12 0.3991423973762675 0.3750554765229558 Penicillium-polonicum
12 12 0.28527036932734084 0.5351726120013137 Penicillium-solitum
12 12 0.33423944438317216 0.463734151644782 Penicillium-commune
12 12 0.22231696703229 0.6318403213824526 Penicillium-mb
10 12 0.8041294264398151 0.029256023901837853 Penicillium-verrucosum
10 12 0.960109810588618 0.0005974129087978635 Penicillium-cvjetkovicii
10 12 0.6708565810729225 0.09901629516408471 Penicillium-brevicompactum
10 12 0.7180411961269061 0.06917608172882542 Penicillium-chrysogenum
10 12 0.7680294614530283 0.04373373857862112 Penicillium-polonicum
10 12 0.8845394597828525 0.008168309420568698 Penicillium-solitum
10 12 0.8472406844058711 0.016105503239349124 Penicillium-commune
10 12 0.834985071335852 0.01939763425715289 Penicillium-mb
6 12 0.7872129377213817 0.03563901821462819 Penicillium-verrucosum
6 12 0.8922996764127851 0.006893940711591394 Penicillium-cvjetkovicii
6 12 0.6819150471865844 0.09151486411453502 Penicillium-brevicompactum
6 12 -0.0988363962293029 0.8330284591012944 Penicillium-chrysogenum
6 12 0.8007302994967813 0.03048229692871846 Penicillium-polonicum
6 12 0.2461122909604771 0.5947247223110836 Penicillium-solitum
6 12 0.16009215668600793 0.7316884871277874 Penicillium-commune
6 12 0.10720410561664984 0.8190486632495053 Penicillium-mb
8 12 0.5587029214058551 0.1923346557375163 Penicillium-verrucosum
8 12 0.8922996764127847 0.006893940711591445 Penicillium-cvjetkovicii
8 12 0.678705777172013 0.093659887270555 Penicillium-brevicompactum
8 12 0.009783860502505147 0.9833911975005776 Penicillium-chrysogenum
8 12 0.6510176582377412 0.1132496931588801 Penicillium-polonicum
8 12 0.21477035354205246 0.6437449704880742 Penicillium-solitum
8 12 0.04660410205266397 0.9209683105052927 Penicillium-commune
8 12 0.1637376182929366 0.7257415365872982 Penicillium-mb
12 12 -0.020165810862004488 0.965772416695717 Penicillium-verrucosum
12 12 0.06100579826424993 0.8966259550226956 Penicillium-cvjetkovicii
12 12 -0.2114784267664131 0.6489571043651371 Penicillium-brevicompactum
12 12 -0.02516208533394621 0.9572970385036292 Penicillium-chrysogenum
12 12 0.6516151667631989 0.11280650754209609 Penicillium-polonicum
12 12 0.04919164707387258 0.9165906694582227 Penicillium-solitum
12 12 0.0374457948613775 0.9364746033893618 Penicillium-commune
12 12 0.03920943072628386 0.9334871582894709 Penicillium-mb
2 12 0.7468167426292127 0.053758029585818316 Penicillium-verrucosum
2 12 0.8922996764127846 0.006893940711591457 Penicillium-cvjetkovicii
2 12 0.6809405541250705 0.09216343394091267 Penicillium-brevicompactum
2 12 -0.03289604259571538 0.9441841555912565 Penicillium-chrysogenum
2 12 0.7501041887361727 0.052130229876571156 Penicillium-polonicum
2 12 0.23723016013587156 0.6085018277760741 Penicillium-solitum
2 12 0.15843352396998564 0.734397818779611 Penicillium-commune
2 12 0.10195686194527984 0.8278108897512002 Penicillium-mb
10 12 0.848792942685515 0.015713250701014914 Penicillium-verrucosum
10 12 -0.9428130783167852 0.0014563279934906798 Penicillium-cvjetkovicii
10 12 0.3366568160096925 0.4603031112875575 Penicillium-brevicompactum
10 12 0.355144380368548 0.4343795030717658 Penicillium-chrysogenum
10 12 0.8415638031658856 0.01758718922070711 Penicillium-polonicum
10 12 0.6007918333564285 0.15368975689527495 Penicillium-solitum
10 12 0.5174854589465344 0.2342292268857732 Penicillium-commune
10 12 0.5018425270238738 0.25114206480275214 Penicillium-mb
12 12 0.11180333917142903 0.8113807978759039 Penicillium-verrucosum
12 12 -0.34471209890421384 0.44893846238681134 Penicillium-cvjetkovicii
12 12 0.2202250701888084 0.635134039786118 Penicillium-brevicompactum
12 12 0.12971511979837205 0.7816367263457817 Penicillium-chrysogenum
12 12 0.1455946009433259 0.7554422965480746 Penicillium-polonicum
12 12 -0.12343523831620339 0.792042556297287 Penicillium-solitum
12 12 -0.17010487466366062 0.7153808055065773 Penicillium-commune
12 12 0.19773342440626465 0.6708409910337306 Penicillium-mb
12 12 0.2778335613631127 0.5463265908175308 Penicillium-verrucosum
12 12 -0.1607109734724554 0.7306782325897169 Penicillium-cvjetkovicii
12 12 0.22247187581900724 0.6315966070912101 Penicillium-brevicompactum
12 12 -0.38052788517215985 0.3997327985861711 Penicillium-chrysogenum
12 12 0.29640854248390575 0.5186118110433388 Penicillium-polonicum
12 12 0.025085472220568745 0.9574269778397958 Penicillium-solitum
12 12 -0.005327144116036946 0.9909564875897169 Penicillium-commune
12 12 -0.028609529809089155 0.9514508282887675 Penicillium-mb
10 10 0.8777201341656923 0.009392519198768347 Penicillium-verrucosum
10 10 0.4274712109186227 0.33874710450112344 Penicillium-cvjetkovicii
10 10 0.8594082753349317 0.013177532437586638 Penicillium-brevicompactum
10 10 0.1789932848819099 0.7009758375005315 Penicillium-chrysogenum
10 10 0.8927323670111984 0.006826549788392297 Penicillium-polonicum
10 10 0.2221462942503169 0.6321088674610733 Penicillium-solitum
10 10 0.02321957248494227 0.9605918548940919 Penicillium-commune
10 10 0.0983854572158961 0.8337828578503834 Penicillium-mb
8 12 0.7118643770018297 0.07276007664414821 Penicillium-verrucosum
8 12 -0.9503528366172622 0.0010269285426612526 Penicillium-cvjetkovicii
8 12 -0.7106806166782675 0.07345802554400807 Penicillium-brevicompactum
8 12 0.3885379280992621 0.3890362787548702 Penicillium-chrysogenum
8 12 0.8111136528752348 0.026824549155331667 Penicillium-polonicum
8 12 0.5644306829681304 0.18682621881113803 Penicillium-solitum
8 12 0.514855510931695 0.23703437816651812 Penicillium-commune
8 12 0.4860932490163161 0.2687163007234216 Penicillium-mb
10 12 0.5442898388500816 0.20653738098552543 Penicillium-verrucosum
10 12 0.42278731423212285 0.34464356942567487 Penicillium-cvjetkovicii
10 12 0.5122837409533768 0.23979251176502567 Penicillium-brevicompactum
10 12 0.18090425115342212 0.6978879754940702 Penicillium-chrysogenum
10 12 0.6516151667631987 0.11280650754209617 Penicillium-polonicum
10 12 0.3613736544738842 0.42577357338073446 Penicillium-solitum
10 12 0.3018327342615559 0.5106112316283129 Penicillium-commune
10 12 0.26882979310102306 0.559931180555824 Penicillium-mb
8 12 0.6032963453225112 0.15152536513972287 Penicillium-verrucosum
8 12 0.6569260182735868 0.10890684840455894 Penicillium-cvjetkovicii
8 12 0.43874194460887495 0.3247362579749545 Penicillium-brevicompactum
8 12 -0.5033889097940667 0.24944587003779842 Penicillium-chrysogenum
8 12 0.7012090245004592 0.07917100288610285 Penicillium-polonicum
8 12 0.3095199557442358 0.49934674712815585 Penicillium-solitum
8 12 0.22683633627981226 0.6247410652013066 Penicillium-commune
8 12 0.10454582187292694 0.8234858349008664 Penicillium-mb
8 12 0.7041933902334041 0.0773462743631707 Penicillium-verrucosum
8 12 0.8922996764127847 0.006893940711591445 Penicillium-cvjetkovicii
8 12 0.6772288276607076 0.09465584215894475 Penicillium-brevicompactum
8 12 0.031915703324444517 0.9458458101314717 Penicillium-chrysogenum
8 12 0.6959022508851124 0.08247173053397136 Penicillium-polonicum
8 12 0.15789285640098447 0.7352814593824368 Penicillium-solitum
8 12 0.20536377054549307 0.6586686339793508 Penicillium-commune
8 12 0.20256596470491492 0.6631250433408968 Penicillium-mb
10 12 0.8200509548308801 0.023884897536266263 Penicillium-verrucosum
10 12 -0.9503192990277282 0.0010286448953601758 Penicillium-cvjetkovicii
10 12 -0.7108820951961606 0.07333898119228024 Penicillium-brevicompactum
10 12 0.43374168999109 0.3309209820867878 Penicillium-chrysogenum
10 12 0.8349792010264997 0.019399294815139318 Penicillium-polonicum
10 12 0.6644600277754452 0.10349685154293226 Penicillium-solitum
10 12 0.5911970044490781 0.1621233124230484 Penicillium-commune
10 12 0.5904917007090413 0.16275209338471477 Penicillium-mb
10 12 0.842771628903659 0.017265718784579394 Penicillium-verrucosum
10 12 0.9563516804433918 0.0007466914589276427 Penicillium-cvjetkovicii
10 12 0.6708565810729225 0.09901629516408471 Penicillium-brevicompactum
10 12 0.21610965625011755 0.6416277453863832 Penicillium-chrysogenum
10 12 0.80989733748418 0.0272394936176942 Penicillium-polonicum
10 12 0.44883163653841374 0.312409805339166 Penicillium-solitum
10 12 0.3488085701187216 0.4431999124449892 Penicillium-commune
10 12 0.35752529788869986 0.431082394219624 Penicillium-mb
12 12 0.734013524796674 0.060358433699000215 Penicillium-verrucosum
12 12 0.5214059288546784 0.23007655379801964 Penicillium-cvjetkovicii
12 12 0.8592012761588304 0.013224550247904802 Penicillium-brevicompactum
12 12 0.200599966857737 0.6662612669455836 Penicillium-chrysogenum
12 12 0.7308963342226549 0.06202837319604676 Penicillium-polonicum
12 12 0.06269161038876647 0.8937804381822949 Penicillium-solitum
12 12 -0.04277846716463098 0.9274434502742361 Penicillium-commune
12 12 0.2416814155047422 0.6015856913365718 Penicillium-mb
12 12 0.614445181122536 0.14207744683825632 Penicillium-verrucosum
12 12 0.6931441926473034 0.08421550704255377 Penicillium-cvjetkovicii
12 12 0.6016458550898073 0.1529499885709187 Penicillium-brevicompactum
12 12 0.2696662136721648 0.5586628038068402 Penicillium-chrysogenum
12 12 0.5778990103410886 0.17418109226795628 Penicillium-polonicum
12 12 -0.40042882489437576 0.37337363147285857 Penicillium-solitum
12 12 0.4129881957387351 0.3571175127209009 Penicillium-commune
12 12 0.4103680693695075 0.3604841532989988 Penicillium-mb
12 10 0.7163908209138465 0.0701241752716035 Penicillium-verrucosum
12 10 0.6913407218998118 0.08536621434633833 Penicillium-cvjetkovicii
12 10 0.862914059522713 0.012395758361110211 Penicillium-brevicompactum
12 10 0.26926621961382396 0.5592692531994121 Penicillium-chrysogenum
12 10 0.7439061771317134 0.05522202854254561 Penicillium-polonicum
12 10 0.06659649171876184 0.8871928281191307 Penicillium-solitum
12 10 0.3069352027398084 0.5031245332050038 Penicillium-commune
12 10 0.30710047097494614 0.5028826845929782 Penicillium-mb
10 12 0.8782909762833314 0.009286246811272308 Penicillium-verrucosum
10 12 -0.23509934640649416 0.6118208348097214 Penicillium-cvjetkovicii
10 12 0.2144611871441516 0.6442339861562559 Penicillium-brevicompactum
10 12 -0.04797832468302034 0.9186431802111568 Penicillium-chrysogenum
10 12 0.8893515976764419 0.007363351057498271 Penicillium-polonicum
10 12 0.36184869077657855 0.4251200167587589 Penicillium-solitum
10 12 0.26271150323248604 0.5692370515509185 Penicillium-commune
10 12 -0.040554140646152995 0.9312097526814365 Penicillium-mb
8 10 0.6458389804003958 0.11712845387428926 Penicillium-verrucosum
8 10 0.8922996764127848 0.006893940711591431 Penicillium-cvjetkovicii
8 10 0.6722888649725768 0.09802723053283083 Penicillium-brevicompactum
8 10 0.07874610713422359 0.8667305531677567 Penicillium-chrysogenum
8 10 0.6388129343944902 0.1224985079281819 Penicillium-polonicum
8 10 0.3393582949548823 0.45647999550652085 Penicillium-solitum
8 10 0.2715760544952168 0.5557701283851324 Penicillium-commune
8 10 0.2683823291986054 0.5606101090855187 Penicillium-mb
12 12 0.7198335750504704 0.06815426403813211 Penicillium-verrucosum
12 12 -0.04283123445734216 0.9273541158247433 Penicillium-cvjetkovicii
12 12 0.8959229300190549 0.0063414298157012175 Penicillium-brevicompactum
12 12 -0.1737327187728359 0.7094930139234145 Penicillium-chrysogenum
12 12 0.7667594763401216 0.044302038859966635 Penicillium-polonicum
12 12 0.10831442166227193 0.8171964688719948 Penicillium-solitum
12 12 -0.07116057760251783 0.8794996892163038 Penicillium-commune
12 12 0.00408597475232703 0.9930634917255627 Penicillium-mb
6 12 0.8881469119317816 0.0075603389405658715 Penicillium-verrucosum
6 12 -0.9375508543410248 0.0018096053311295079 Penicillium-cvjetkovicii
6 12 0.6091190836653785 0.14655282522738722 Penicillium-brevicompactum
6 12 0.33194046057706117 0.46700585981348003 Penicillium-chrysogenum
6 12 0.8860030848765063 0.007918361715698524 Penicillium-polonicum
6 12 0.5373344765130281 0.21356448777402467 Penicillium-solitum
6 12 0.477689884100968 0.2783137146864905 Penicillium-commune
6 12 0.43288350934838005 0.33198746584195366 Penicillium-mb
8 12 0.8109961292017147 0.026864486125777118 Penicillium-verrucosum
8 12 0.9617707841094671 0.000537637419647597 Penicillium-cvjetkovicii
8 12 0.6708565810729225 0.09901629516408471 Penicillium-brevicompactum
8 12 0.6390195347053986 0.1223388366121963 Penicillium-chrysogenum
8 12 0.8180207682622493 0.024535830375244067 Penicillium-polonicum
8 12 0.8250415718612369 0.022326589789418337 Penicillium-solitum
8 12 0.7652654994078275 0.044975748164342966 Penicillium-commune
8 12 0.7758919548012627 0.04030520232145777 Penicillium-mb
8 12 0.5676626433696293 0.18375234495412088 Penicillium-verrucosum
8 12 0.8922996764127868 0.006893940711591119 Penicillium-cvjetkovicii
8 12 0.5145355319696532 0.2373767355798339 Penicillium-brevicompactum
8 12 -0.20827811267224625 0.6540351246172293 Penicillium-chrysogenum
8 12 0.36719762032250125 0.4177878020069157 Penicillium-polonicum
8 12 0.010294908516837394 0.9825237466351889 Penicillium-solitum
8 12 -0.05249447470174346 0.9110053501854297 Penicillium-commune
8 12 0.03588444564638706 0.9391198881478184 Penicillium-mb
12 12 0.5796886713018766 0.17253350019041858 Penicillium-verrucosum
12 12 0.588307136800493 0.16470729856149932 Penicillium-cvjetkovicii
12 12 0.6573112259118482 0.10862676331661363 Penicillium-brevicompactum
12 12 -0.18669083382272145 0.688557963546715 Penicillium-chrysogenum
12 12 0.32139186632877276 0.4821249489048555 Penicillium-polonicum
12 12 0.1064149698034327 0.8203654820837587 Penicillium-solitum
12 12 0.11872528427897933 0.7998632127089517 Penicillium-commune
12 12 0.11860208994027945 0.8000679521025151 Penicillium-mb
8 12 0.8402813863104523 0.01793220943773666 Penicillium-verrucosum
8 12 -0.9506056255818757 0.0010140460373360286 Penicillium-cvjetkovicii
8 12 -0.7092136420432897 0.07432790933687708 Penicillium-brevicompactum
8 12 0.36796092211529424 0.4167455253400444 Penicillium-chrysogenum
8 12 0.7539825537079109 0.050244936411636944 Penicillium-polonicum
8 12 0.6116146871715843 0.14444713122226036 Penicillium-solitum
8 12 0.5303146792862108 0.2207698989752155 Penicillium-commune
8 12 0.5318488469007842 0.2191854990309 Penicillium-mb
12 12 0.4084477981632827 0.36295985157180616 Penicillium-verrucosum
12 12 0.2523227977835501 0.5851483262491487 Penicillium-cvjetkovicii
12 12 0.5052312757975359 0.24743193354274548 Penicillium-brevicompactum
12 12 0.15706769250915467 0.7366305140476339 Penicillium-chrysogenum
12 12 -0.5407587768343046 0.2100908595537316 Penicillium-polonicum
12 12 -0.1623622931610535 0.7279838741411757 Penicillium-solitum
12 12 -0.13850828752888916 0.7671100396694284 Penicillium-commune
12 12 -0.2301295954064077 0.6195822952737773 Penicillium-mb
10 12 0.9577886181990467 0.0006872829464055699 Penicillium-verrucosum
10 12 0.8046937990794826 0.029055145675050784 Penicillium-cvjetkovicii
10 12 0.6708565810729219 0.09901629516408506 Penicillium-brevicompactum
10 12 0.37442002302172916 0.40796654517126163 Penicillium-chrysogenum
10 12 0.9712550260866964 0.0002649341166552589 Penicillium-polonicum
10 12 0.5728820489918094 0.17884076525071282 Penicillium-solitum
10 12 0.4679784013663006 0.2895929947230954 Penicillium-commune
10 12 0.4666237004699701 0.291182250447605 Penicillium-mb
4 12 0.6416095922964516 0.1203461771779126 Penicillium-verrucosum
4 12 0.8922996764127848 0.006893940711591431 Penicillium-cvjetkovicii
4 12 0.6825701796833129 0.09108019936674037 Penicillium-brevicompactum
4 12 0.012507426344354316 0.9787683943489633 Penicillium-chrysogenum
4 12 0.6819966498789298 0.09146066323293559 Penicillium-polonicum
4 12 0.2675066925315695 0.5619394584341557 Penicillium-solitum
4 12 0.1910193503053565 0.681599265885771 Penicillium-commune
4 12 0.07552122400663557 0.8721564917782597 Penicillium-mb
10 4 0.8487912318991421 0.01571367997890984 Penicillium-verrucosum
10 4 -0.9545963607881822 0.0008232549256448153 Penicillium-cvjetkovicii
10 4 -0.6940787580142083 0.08362246162279911 Penicillium-brevicompactum
10 4 0.4721145157903629 0.28476469930582504 Penicillium-chrysogenum
10 4 0.793389716165875 0.03322690735238796 Penicillium-polonicum
10 4 0.6906365838140277 0.08581773681560882 Penicillium-solitum
10 4 0.6352923647560248 0.12523579818566855 Penicillium-commune
10 4 0.6313516697636318 0.1283364727534986 Penicillium-mb
12 12 0.6960940465259153 0.08235118809054241 Penicillium-verrucosum
12 12 -0.2719865419699844 0.5551490303579816 Penicillium-cvjetkovicii
12 12 0.8120004566021476 0.026524270590748782 Penicillium-brevicompactum
12 12 0.1046512728821762 0.8233097455920262 Penicillium-chrysogenum
12 12 0.7042844833739204 0.07729093403202779 Penicillium-polonicum
12 12 0.1649244112726994 0.7238078331334479 Penicillium-solitum
12 12 0.061658020652785736 0.8955249496226088 Penicillium-commune
12 12 0.1447889649074841 0.7567669676771074 Penicillium-mb
10 12 0.6590959930704724 0.10733394248418238 Penicillium-verrucosum
10 12 0.36115486032354455 0.4260747214272067 Penicillium-cvjetkovicii
10 12 0.5824182421019228 0.17003545283143806 Penicillium-brevicompactum
10 12 -0.018237640217297707 0.9690439691291959 Penicillium-chrysogenum
10 12 0.2549306592193471 0.5811413249587021 Penicillium-polonicum
10 12 0.21596705037347652 0.6418530911564777 Penicillium-solitum
10 12 0.15614479543092857 0.7381399891395225 Penicillium-commune
10 12 0.09328384269522524 0.8423245598345568 Penicillium-mb
8 12 0.7935647455542548 0.033159925748257456 Penicillium-verrucosum
8 12 0.96419590800403 0.0004569872792369559 Penicillium-cvjetkovicii
8 12 0.6708565810729223 0.09901629516408485 Penicillium-brevicompactum
8 12 0.4701216961881638 0.2870865057047297 Penicillium-chrysogenum
8 12 0.7761087777592681 0.040212841101153154 Penicillium-polonicum
8 12 0.6829099705852524 0.0908551856557651 Penicillium-solitum
8 12 0.6197623002013091 0.1376794714407211 Penicillium-commune
8 12 0.6731198557213022 0.097455772758954 Penicillium-mb
6 10 0.893605244887816 0.006691767111565596 Penicillium-verrucosum
6 10 0.8922996764127845 0.006893940711591481 Penicillium-cvjetkovicii
6 10 0.674949155586846 0.09620396466723176 Penicillium-brevicompactum
6 10 0.07776128748863473 0.868387101251581 Penicillium-chrysogenum
6 10 0.8939879684058678 0.006633161161077439 Penicillium-polonicum
6 10 0.4429461567701537 0.3195749774165543 Penicillium-solitum
6 10 0.34354450782552737 0.4505791616177831 Penicillium-commune
6 10 0.33010486441482173 0.4696241700261785 Penicillium-mb
10 12 0.8748320337541315 0.009940911369496515 Penicillium-verrucosum
10 12 -0.9539883541436768 0.0008508115984889842 Penicillium-cvjetkovicii
10 12 -0.6957099180723992 0.08259270460789246 Penicillium-brevicompactum
10 12 0.4622182826140197 0.29637705518351604 Penicillium-chrysogenum
10 12 0.8635440485201158 0.012258173030979565 Penicillium-polonicum
10 12 0.6897353742964404 0.08639746973476095 Penicillium-solitum
10 12 0.6136687511795551 0.14272550533281242 Penicillium-commune
10 12 0.6134738979457244 0.1428883759500072 Penicillium-mb
12 12 0.8146713640653931 0.025631340729132673 Penicillium-verrucosum
12 12 0.5933957607387632 0.16017086892725643 Penicillium-cvjetkovicii
12 12 0.6708565810729223 0.09901629516408485 Penicillium-brevicompactum
12 12 0.11521962195704392 0.8056928742493729 Penicillium-chrysogenum
12 12 0.8139701102115824 0.02586411790486534 Penicillium-polonicum
12 12 0.41654053648903155 0.35257406924985335 Penicillium-solitum
12 12 0.31955645317513787 0.4847733657366849 Penicillium-commune
12 12 0.09481439187382038 0.8397606176637838 Penicillium-mb
6 12 0.9405881376500997 0.0016001922652115054 Penicillium-verrucosum
6 12 0.9668510129493333 0.00037746195632915735 Penicillium-cvjetkovicii
6 12 0.6708565810729221 0.09901629516408494 Penicillium-brevicompactum
6 12 0.4104341093015643 0.36039913656177847 Penicillium-chrysogenum
6 12 0.9305072005918107 0.0023547275643721628 Penicillium-polonicum
6 12 0.6696928090046286 0.09982376634359391 Penicillium-solitum
6 12 0.5850751802697426 0.16762113118660502 Penicillium-commune
6 12 0.5721719848317213 0.17950513004150198 Penicillium-mb
10 12 0.631077155175694 0.128553913918482 Penicillium-verrucosum
10 12 0.966936705203895 0.00037504468872375803 Penicillium-cvjetkovicii
10 12 0.6708565810729223 0.09901629516408485 Penicillium-brevicompactum
10 12 0.3784960303156575 0.40246447748184394 Penicillium-chrysogenum
10 12 0.6918318840333576 0.08505200763561374 Penicillium-polonicum
10 12 0.5597218282210863 0.19134909072575776 Penicillium-solitum
10 12 0.3961460495540016 0.37898477645704387 Penicillium-commune
10 12 0.49744255725086145 0.25599718300553087 Penicillium-mb
