#SPECIES: Penicillium-cvjetkovicii Penicillium-verrucosum Penicillium-commune Penicillium-polonicum Penicillium-mb Penicillium-chrysogenum Penicillium-solitum Penicillium-brevicompactum 
#GENE_TREEs p: 0.00031595098888446803 0.031279392019879164 0.009683020615587373 2.552361737967917e-05 3.834829428716677e-05 0.0007074943779621947 0.007891073731114537 0.001073358600826633 
#GENE_TREEs r: 0.9691430342604833 0.7985616815375896 0.8761784580879035 0.9887683745507727 0.9867763818375849 0.957291781520054 0.8861644846032057 0.9494569896107905 
8 10 0.9157648181976754 0.0037783547829445085 Penicillium-cvjetkovicii
8 10 0.9563890119617492 0.0007451110343489015 Penicillium-verrucosum
8 10 0.5063123711208021 0.24625366905260593 Penicillium-commune
8 10 0.7775355744725648 0.039607982852397375 Penicillium-polonicum
8 10 0.7373395320164831 0.05860382992824494 Penicillium-mb
8 10 0.8762645338056736 0.009666666633501941 Penicillium-chrysogenum
8 10 0.8346951486572048 0.019479742220315486 Penicillium-solitum
8 10 0.9515039331022433 0.0009690424215869332 Penicillium-brevicompactum
12 12 0.3623417227173218 0.42444211167126256 Penicillium-cvjetkovicii
12 12 0.8031613834852069 0.029602387262702205 Penicillium-verrucosum
12 12 0.250230976188626 0.5883685441114586 Penicillium-commune
12 12 0.7495523819844749 0.05240155270293753 Penicillium-polonicum
12 12 0.5356063186261169 0.21532782203350362 Penicillium-mb
12 12 0.7105470506830945 0.07353700049754477 Penicillium-chrysogenum
12 12 0.7541640739111543 0.05015762843483303 Penicillium-solitum
12 12 0.8630805980562195 0.012359301816510498 Penicillium-brevicompactum
8 10 0.37098598509374175 0.41262485110110814 Penicillium-cvjetkovicii
8 10 0.5889197366105189 0.1641578485336778 Penicillium-verrucosum
8 10 0.19468976482014957 0.6757125621644948 Penicillium-commune
8 10 0.2642853824367056 0.5668385351682261 Penicillium-polonicum
8 10 0.19305504458958606 0.678332763724486 Penicillium-mb
8 10 0.4186568728128469 0.34987883343568954 Penicillium-chrysogenum
8 10 0.10716667580809076 0.8191111141799339 Penicillium-solitum
8 10 0.7014876594001471 0.07899967753698664 Penicillium-brevicompactum
6 8 0.9157648181976743 0.0037783547829446256 Penicillium-cvjetkovicii
6 8 0.84905864269225 0.015646661293610413 Penicillium-verrucosum
6 8 0.42298509784105204 0.3443937152647592 Penicillium-commune
6 8 0.7675973627862411 0.04392664297393935 Penicillium-polonicum
6 8 0.7171574885790307 0.0696828842636165 Penicillium-mb
6 8 0.6672761706814807 0.10151148263281426 Penicillium-chrysogenum
6 8 0.8628882360624488 0.012401416827429984 Penicillium-solitum
6 8 0.9427087589113476 0.001462895220308207 Penicillium-brevicompactum
6 10 0.9157648181976759 0.0037783547829444565 Penicillium-cvjetkovicii
6 10 0.9786791224119148 0.00012603406211139293 Penicillium-verrucosum
6 10 0.3956689198791581 0.37961200441396736 Penicillium-commune
6 10 0.7811350176391026 0.03810459459401997 Penicillium-polonicum
6 10 0.6909212957974978 0.08563501582411502 Penicillium-mb
6 10 0.898620271515014 0.005947407178379302 Penicillium-chrysogenum
6 10 0.9405637602642818 0.0016018128633565377 Penicillium-solitum
6 10 0.9570209109002411 0.0007186599058504926 Penicillium-brevicompactum
8 10 -0.9121530047464079 0.004188133538125168 Penicillium-cvjetkovicii
8 10 0.9324795473831587 0.0021935592346735695 Penicillium-verrucosum
8 10 0.6200819249842413 0.13741732775349355 Penicillium-commune
8 10 0.920106760315545 0.003318052653822715 Penicillium-polonicum
8 10 0.8797662885227437 0.009014816696524309 Penicillium-mb
8 10 0.9859932651230958 4.426184601545922e-05 Penicillium-chrysogenum
8 10 0.9541163940416515 0.0008449637894831539 Penicillium-solitum
8 10 0.9382285798331599 0.0017615609246954451 Penicillium-brevicompactum
10 12 0.9157648181976754 0.0037783547829445085 Penicillium-cvjetkovicii
10 12 0.956399117096844 0.0007446835759090741 Penicillium-verrucosum
10 12 0.4055297929013144 0.36673526737196277 Penicillium-commune
10 12 0.7626217823804738 0.04618165790586073 Penicillium-polonicum
10 12 0.7243031250841898 0.0656418254978595 Penicillium-mb
10 12 0.8626530227004547 0.01245302524550269 Penicillium-chrysogenum
10 12 0.8686226264391539 0.011181086317203 Penicillium-solitum
10 12 0.9416900979831648 0.0015279412664029597 Penicillium-brevicompactum
8 4 0.932632517665415 0.002181339302762443 Penicillium-cvjetkovicii
8 4 0.8679721876009883 0.011315863389490642 Penicillium-verrucosum
8 4 0.45864085823102324 0.3006253222559485 Penicillium-commune
8 4 0.8478279343616081 0.015956457726010977 Penicillium-polonicum
8 4 0.7891932975104627 0.034855411893159174 Penicillium-mb
8 4 0.9439409519300528 0.0013864342226627344 Penicillium-chrysogenum
8 4 0.9452638144489751 0.0013070283116618008 Penicillium-solitum
8 4 0.9494569896107903 0.0010733586008266447 Penicillium-brevicompactum
12 10 0.9872980295171189 3.4687256616608546e-05 Penicillium-cvjetkovicii
12 10 0.8937637966531444 0.006667452006372805 Penicillium-verrucosum
12 10 0.783656717666997 0.03707052504159334 Penicillium-commune
12 10 0.928959292007492 0.0024859385123427256 Penicillium-polonicum
12 10 0.8551317196682507 0.014168444460100005 Penicillium-mb
12 10 0.9245379050928483 0.002883960532110627 Penicillium-chrysogenum
12 10 0.8870138480746429 0.007748368220907921 Penicillium-solitum
12 10 0.9494569896107905 0.001073358600826633 Penicillium-brevicompactum
6 8 -0.9529333871456828 0.000899905570008777 Penicillium-cvjetkovicii
6 8 0.9271549189841878 0.0026441884392059425 Penicillium-verrucosum
6 8 0.7359222496580682 0.05934807131290865 Penicillium-commune
6 8 0.9527653368025475 0.0009078767549120389 Penicillium-polonicum
6 8 0.9270298574040847 0.0026553695747035446 Penicillium-mb
6 8 0.9967696089391165 1.1372071969561257e-06 Penicillium-chrysogenum
6 8 0.9681578972419415 0.00034159330083472915 Penicillium-solitum
6 8 -0.9748229293598755 0.00019058288300117835 Penicillium-brevicompactum
10 4 0.9728275103857502 0.0002303700638334377 Penicillium-cvjetkovicii
10 4 0.8194593659924135 0.02407355873367839 Penicillium-verrucosum
10 4 0.7755169276720323 0.04046523128161855 Penicillium-commune
10 4 0.9418909238403168 0.0015149855074259484 Penicillium-polonicum
10 4 0.9401904012796899 0.0016267545003878967 Penicillium-mb
10 4 0.977123272072396 0.00015017418362343876 Penicillium-chrysogenum
10 4 0.9511582616491795 0.00098621702560557 Penicillium-solitum
10 4 0.9494569896107905 0.001073358600826633 Penicillium-brevicompactum
8 8 0.97793919648984 0.00013720032038139736 Penicillium-cvjetkovicii
8 8 0.8743584396053774 0.010032551903885436 Penicillium-verrucosum
8 8 0.6253664457937796 0.1331198951767822 Penicillium-commune
8 8 0.8608433675078403 0.012854200020359464 Penicillium-polonicum
8 8 0.8949110604946321 0.006493038142048748 Penicillium-mb
8 8 0.9456872144109617 0.0012821954728099304 Penicillium-chrysogenum
8 8 0.8912699459092671 0.0070558654403280775 Penicillium-solitum
8 8 0.9494569896107905 0.001073358600826633 Penicillium-brevicompactum
10 8 -0.10648353595280091 0.8202510534536819 Penicillium-cvjetkovicii
10 8 0.5728221408903906 0.17889677113518374 Penicillium-verrucosum
10 8 0.2717981979749772 0.5554339809395568 Penicillium-commune
10 8 0.24748448139004214 0.5926047785034061 Penicillium-polonicum
10 8 0.1964504633189628 0.6728933448617864 Penicillium-mb
10 8 0.32409521771229627 0.47823365377637456 Penicillium-chrysogenum
10 8 0.5876692726875434 0.16528037478548901 Penicillium-solitum
10 8 0.5734237116432248 0.17833477440255036 Penicillium-brevicompactum
8 8 0.8471577743457908 0.016126609680540624 Penicillium-cvjetkovicii
8 8 0.8284564057356504 0.021294416214402513 Penicillium-verrucosum
8 8 0.5382763340926394 0.2126063600210482 Penicillium-commune
8 8 0.812413367391602 0.026385103614606033 Penicillium-polonicum
8 8 0.7449920813955953 0.05467331719694189 Penicillium-mb
8 8 0.9511813039331685 0.000985066622728363 Penicillium-chrysogenum
8 8 0.8606226383597609 0.012903631882277038 Penicillium-solitum
8 8 0.9490637347200608 0.0010941244405687808 Penicillium-brevicompactum
12 12 -0.4310773606776163 0.33423679364847064 Penicillium-cvjetkovicii
12 12 0.7514474452165084 0.05147296723869925 Penicillium-verrucosum
12 12 0.4747639267778432 0.2816909464940681 Penicillium-commune
12 12 -0.08899009650167042 0.8495232053330469 Penicillium-polonicum
12 12 0.6828368312899435 0.09090359462118609 Penicillium-mb
12 12 0.8798286003823023 0.00900345464633612 Penicillium-chrysogenum
12 12 0.786686676344443 0.0358488840800017 Penicillium-solitum
12 12 0.6453359412924816 0.11750881460305491 Penicillium-brevicompactum
10 10 -0.8395673544339795 0.018125965086378804 Penicillium-cvjetkovicii
10 10 0.8819447903967353 0.008622484845083133 Penicillium-verrucosum
10 10 0.46435864458964765 0.2938480939583079 Penicillium-commune
10 10 0.7764468560143851 0.040069061917775005 Penicillium-polonicum
10 10 0.655788164506679 0.10973636926760778 Penicillium-mb
10 10 0.9078077372011926 0.004714074881988944 Penicillium-chrysogenum
10 10 0.939758789076031 0.0016558710463101336 Penicillium-solitum
10 10 0.9443434576789523 0.0013619808225893283 Penicillium-brevicompactum
10 12 0.015452600620051622 0.9737699823298694 Penicillium-cvjetkovicii
10 12 0.4795511938258472 0.2761748499999159 Penicillium-verrucosum
10 12 0.3045873158877937 0.5065647408728609 Penicillium-commune
10 12 0.4535059874564428 0.3067694802243694 Penicillium-polonicum
10 12 0.43975420966498147 0.32349030201479123 Penicillium-mb
10 12 0.8223839533733692 0.023149038416321224 Penicillium-chrysogenum
10 12 0.49274738148827646 0.26122496364800596 Penicillium-solitum
10 12 0.39324187598538046 0.3828090757326148 Penicillium-brevicompactum
12 12 0.5650957786412676 0.18619162727656288 Penicillium-cvjetkovicii
12 12 0.29513638160766176 0.5204943909884511 Penicillium-verrucosum
12 12 0.4995258828159932 0.25369303191804216 Penicillium-commune
12 12 -0.0716568737829387 0.8786635868726298 Penicillium-polonicum
12 12 0.4693087420002497 0.2880360788559503 Penicillium-mb
12 12 0.3720740370557878 0.4111466510350085 Penicillium-chrysogenum
12 12 0.2935481747602769 0.52284792585587 Penicillium-solitum
12 12 0.5592438748614044 0.191811098728558 Penicillium-brevicompactum
10 10 -0.48077922454841165 0.27476776182318646 Penicillium-cvjetkovicii
10 10 0.6289869889817159 0.13021567996154357 Penicillium-verrucosum
10 10 0.45926635858241555 0.29988060678749356 Penicillium-commune
10 10 0.635986983810392 0.12469326837016531 Penicillium-polonicum
10 10 0.6095236558041196 0.14621042150870553 Penicillium-mb
10 10 0.03721836440901249 0.9368598944478131 Penicillium-chrysogenum
10 10 0.13486719294849114 0.773118922316643 Penicillium-solitum
10 10 0.42410629649285425 0.342978782496606 Penicillium-brevicompactum
10 12 -0.2350345861828971 0.6119217898666861 Penicillium-cvjetkovicii
10 12 0.6997657633920399 0.08006159027290487 Penicillium-verrucosum
10 12 0.04439000390506317 0.9247154131298205 Penicillium-commune
10 12 0.554113114162133 0.19680461030930332 Penicillium-polonicum
10 12 0.1056536172663858 0.8216362574893202 Penicillium-mb
10 12 0.6196878372531597 0.13774057937213877 Penicillium-chrysogenum
10 12 0.13828058643913632 0.7674855447784465 Penicillium-solitum
10 12 0.019142751968872298 0.9675082089209275 Penicillium-brevicompactum
12 12 -0.6122856083047422 0.14388365057524827 Penicillium-cvjetkovicii
12 12 0.44628366726107543 0.3155031403705208 Penicillium-verrucosum
12 12 0.22408440934966892 0.6290612240431297 Penicillium-commune
12 12 0.48497088372331254 0.26998934507466577 Penicillium-polonicum
12 12 0.37954284059114624 0.4010561963302184 Penicillium-mb
12 12 0.5379135553324144 0.21297516306066383 Penicillium-chrysogenum
12 12 0.45354823582574866 0.30671870563240744 Penicillium-solitum
12 12 -0.01149068862920986 0.9804940889214212 Penicillium-brevicompactum
8 10 -0.867089215020049 0.011500310095249088 Penicillium-cvjetkovicii
8 10 0.9378470081465352 0.001788517150365088 Penicillium-verrucosum
8 10 0.6432847166915086 0.11906637363796055 Penicillium-commune
8 10 0.9149833533547398 0.003864930206232957 Penicillium-polonicum
8 10 0.874570577016917 0.009991443390790927 Penicillium-mb
8 10 0.9796596791300477 0.00011209842436017826 Penicillium-chrysogenum
8 10 0.9484427116707999 0.0011273975476243714 Penicillium-solitum
8 10 0.943313133222531 0.001425089618768402 Penicillium-brevicompactum
6 8 -0.9278726301957345 0.0025805559252692913 Penicillium-cvjetkovicii
6 8 0.9537785890899848 0.0008604435687361325 Penicillium-verrucosum
6 8 0.6578219943536803 0.10825596005307182 Penicillium-commune
6 8 0.9029277762118574 0.00534840824042216 Penicillium-polonicum
6 8 0.8699825501382421 0.010902291851054076 Penicillium-mb
6 8 0.9820935827562278 8.162002889215399e-05 Penicillium-chrysogenum
6 8 0.9510068894531806 0.0009937941414504287 Penicillium-solitum
6 8 0.9304820231918279 0.0023568283915922296 Penicillium-brevicompactum
8 8 0.984680709628669 5.533207550710129e-05 Penicillium-cvjetkovicii
8 8 0.8618138086493031 0.01263816040059752 Penicillium-verrucosum
8 8 0.8231009560840863 0.022925493495219947 Penicillium-commune
8 8 0.9061939617122303 0.004918690920861868 Penicillium-polonicum
8 8 0.8776646135529831 0.009402892573729359 Penicillium-mb
8 8 0.9339931208304662 0.0020744088140671646 Penicillium-chrysogenum
8 8 0.913806584905876 0.003997467470323045 Penicillium-solitum
8 8 0.9494569896107905 0.001073358600826633 Penicillium-brevicompactum
4 6 0.9706558302055602 0.0002788668271918167 Penicillium-cvjetkovicii
4 6 0.7590535496253373 0.04783712594154124 Penicillium-verrucosum
4 6 0.7593707009802565 0.0476886880879679 Penicillium-commune
4 6 0.9270356388954443 0.0026548520699257697 Penicillium-polonicum
4 6 0.9187508292671995 0.0034580491420267002 Penicillium-mb
4 6 0.973156709208762 0.00022349569243359098 Penicillium-chrysogenum
4 6 0.823362443396129 0.022844272396095915 Penicillium-solitum
4 6 0.9494569896107902 0.0010733586008266512 Penicillium-brevicompactum
8 10 0.9157648181976753 0.003778354782944519 Penicillium-cvjetkovicii
8 10 0.9670751941237639 0.0003711575856432875 Penicillium-verrucosum
8 10 0.39630971595935055 0.37876972002445725 Penicillium-commune
8 10 0.8465024480226757 0.0162939910476214 Penicillium-polonicum
8 10 0.790150065916006 0.03448029861200883 Penicillium-mb
8 10 0.9518617636627005 0.0009514513307057115 Penicillium-chrysogenum
8 10 0.967676358178307 0.0003545622028945555 Penicillium-solitum
8 10 0.9504603435123901 0.0010214380803102547 Penicillium-brevicompactum
10 6 0.9744668692835682 0.0001973547142495451 Penicillium-cvjetkovicii
10 6 0.7527094478590556 0.05085961362676653 Penicillium-verrucosum
10 6 0.6323902434255733 0.12751552603658678 Penicillium-commune
10 6 0.8921276609257816 0.006920838540445723 Penicillium-polonicum
10 6 0.9342129868928446 0.0020574254185776572 Penicillium-mb
10 6 0.991618794011654 1.2296099824369688e-05 Penicillium-chrysogenum
10 6 0.894100116870552 0.006616044644778173 Penicillium-solitum
10 6 0.9494569896107905 0.001073358600826633 Penicillium-brevicompactum
12 10 0.9640966468830139 0.0004601364067490744 Penicillium-cvjetkovicii
12 10 0.9807640019746963 9.755521585737169e-05 Penicillium-verrucosum
12 10 0.44214567957334977 0.3205549319046612 Penicillium-commune
12 10 0.639830817511905 0.12171286936646912 Penicillium-polonicum
12 10 0.6897607873861494 0.08638109361587488 Penicillium-mb
12 10 0.8215224279371489 0.023419262597531278 Penicillium-chrysogenum
12 10 0.6529436809317689 0.11182433942937169 Penicillium-solitum
12 10 0.9494569896107905 0.001073358600826633 Penicillium-brevicompactum
10 12 0.666032039880647 0.10238611540883329 Penicillium-cvjetkovicii
10 12 0.6654380504516058 0.10280507556076261 Penicillium-verrucosum
10 12 0.477279673215554 0.2787860919328724 Penicillium-commune
10 12 0.2305665388667543 0.6188987652080569 Penicillium-polonicum
10 12 0.7704178958633879 0.04267589001769058 Penicillium-mb
10 12 0.7642298020742045 0.045446082454929024 Penicillium-chrysogenum
10 12 0.6728857500887939 0.09761658598526911 Penicillium-solitum
10 12 0.8337583621514283 0.0197463917832517 Penicillium-brevicompactum
4 6 0.9157648181976755 0.003778354782944491 Penicillium-cvjetkovicii
4 6 0.8514278832907668 0.01506000654378908 Penicillium-verrucosum
4 6 0.47795124600649996 0.2780129316465397 Penicillium-commune
4 6 0.7749815397864709 0.04069429599217552 Penicillium-polonicum
4 6 0.7290713184660792 0.06301752571313902 Penicillium-mb
4 6 0.8600141555070973 0.013040463694717563 Penicillium-chrysogenum
4 6 0.9153577728109358 0.003823306713401619 Penicillium-solitum
4 6 0.9519241429003348 0.0009484042358327909 Penicillium-brevicompactum
10 12 -0.3680130768278522 0.41667434592998187 Penicillium-cvjetkovicii
10 12 0.6077755772599392 0.14769277071219963 Penicillium-verrucosum
10 12 -0.03253694752364188 0.9447927957959894 Penicillium-commune
10 12 0.03726917929037204 0.9367738078529166 Penicillium-polonicum
10 12 0.49622549605313143 0.25734766428101635 Penicillium-mb
10 12 0.6131954489656667 0.14312128374803798 Penicillium-chrysogenum
10 12 0.07540758827583967 0.8723477602023626 Penicillium-solitum
10 12 -0.1790644996900558 0.7008607050773996 Penicillium-brevicompactum
8 8 0.9782083330285576 0.00013307333191356192 Penicillium-cvjetkovicii
8 8 0.9300954910366237 0.002389219251027683 Penicillium-verrucosum
8 8 0.709582469030537 0.0741086873403053 Penicillium-commune
8 8 0.9454229994236466 0.0012976589657000346 Penicillium-polonicum
8 8 0.9002464166037236 0.005716930132674678 Penicillium-mb
8 8 0.9956679441502079 2.3669022660907178e-06 Penicillium-chrysogenum
8 8 0.967221189362013 0.00036708582421806566 Penicillium-solitum
8 8 0.9494569896107903 0.0010733586008266447 Penicillium-brevicompactum
8 10 0.915764818197675 0.0037783547829445536 Penicillium-cvjetkovicii
8 10 0.9454497284934072 0.0012960896395859708 Penicillium-verrucosum
8 10 0.4002010664870309 0.37367117238755676 Penicillium-commune
8 10 0.7361617773894268 0.05922193294287755 Penicillium-polonicum
8 10 0.6805747075956511 0.09240754430477656 Penicillium-mb
8 10 0.8334008487526292 0.01984869768381399 Penicillium-chrysogenum
8 10 0.8601836597328854 0.013002263540960056 Penicillium-solitum
8 10 0.952348197330224 0.0009278430716572108 Penicillium-brevicompactum
6 8 0.915764818197675 0.0037783547829445536 Penicillium-cvjetkovicii
6 8 0.9089518224803477 0.004572073369400913 Penicillium-verrucosum
6 8 0.45584603985074457 0.303962718939699 Penicillium-commune
6 8 0.779506772937123 0.03878067646801962 Penicillium-polonicum
6 8 0.723637381056117 0.06601283464945898 Penicillium-mb
6 8 0.8995994086163506 0.005807997932291374 Penicillium-chrysogenum
6 8 0.9117043209932599 0.004240765416030028 Penicillium-solitum
6 8 0.9532149794653997 0.0008866418316014097 Penicillium-brevicompactum
6 6 0.9717533616382232 0.0002536688235186688 Penicillium-cvjetkovicii
6 6 0.8697287870425067 0.01095400814106492 Penicillium-verrucosum
6 6 0.8225745345896808 0.023089500099777227 Penicillium-commune
6 6 0.994077598370589 5.16796058576869e-06 Penicillium-polonicum
6 6 0.9798539948878917 0.00010945179342195243 Penicillium-mb
6 6 0.984198432502064 5.9774776747729125e-05 Penicillium-chrysogenum
6 6 0.9309046964015419 0.002321705828843197 Penicillium-solitum
6 6 0.9494569896107905 0.001073358600826633 Penicillium-brevicompactum
10 12 0.3894037061753902 0.38788709888280876 Penicillium-cvjetkovicii
10 12 0.7077414983295228 0.07520636723289788 Penicillium-verrucosum
10 12 0.28764962692018403 0.5316202932202214 Penicillium-commune
10 12 0.6026942683905663 0.1520442758890968 Penicillium-polonicum
10 12 0.4953466012531193 0.2583249289935133 Penicillium-mb
10 12 0.6783235695396096 0.0939170912329333 Penicillium-chrysogenum
10 12 0.6806847369577799 0.09233409169108907 Penicillium-solitum
10 12 0.8745434872587724 0.009996687496664785 Penicillium-brevicompactum
10 10 -0.6272591514262656 0.13159759509190216 Penicillium-cvjetkovicii
10 10 -0.156794955429576 0.7370765284028942 Penicillium-verrucosum
10 10 0.5319395288584949 0.21909201682645207 Penicillium-commune
10 10 0.659117630893711 0.10731831815328631 Penicillium-polonicum
10 10 0.6469307495618659 0.11630512572954867 Penicillium-mb
10 10 0.6602657693003176 0.10649096101868365 Penicillium-chrysogenum
10 10 -0.2566025831029397 0.5785768862421271 Penicillium-solitum
10 10 0.1484893733375867 0.7506864999033263 Penicillium-brevicompactum
6 8 0.9157648181976754 0.0037783547829445085 Penicillium-cvjetkovicii
6 8 0.9821591001608398 8.087833808215734e-05 Penicillium-verrucosum
6 8 0.33427074774276455 0.4636896619028295 Penicillium-commune
6 8 0.7565487554569915 0.04901835440501052 Penicillium-polonicum
6 8 0.703555063725832 0.07773465927141605 Penicillium-mb
6 8 0.8718754834584044 0.010520949719912314 Penicillium-chrysogenum
6 8 0.9581900756025696 0.0006712045014351586 Penicillium-solitum
6 8 0.9508071509110034 0.00100384480810859 Penicillium-brevicompactum
8 10 -0.7434131046252586 0.055472165409032756 Penicillium-cvjetkovicii
8 10 0.9491727798379284 0.001088342742811049 Penicillium-verrucosum
8 10 0.5853696118409953 0.16735463470769638 Penicillium-commune
8 10 0.8918240327492775 0.006968464713406469 Penicillium-polonicum
8 10 0.8483981971669708 0.015812479297144567 Penicillium-mb
8 10 0.9777804093893838 0.00013967050949910092 Penicillium-chrysogenum
8 10 0.9512077572069804 0.0009837469024733642 Penicillium-solitum
8 10 0.9458531840148282 0.0012725378141061983 Penicillium-brevicompactum
8 8 -0.954972967977477 0.0008064546929909694 Penicillium-cvjetkovicii
8 8 0.8898443935902315 0.007283636856670099 Penicillium-verrucosum
8 8 0.7427348540685031 0.05581724946390485 Penicillium-commune
8 8 0.9776601007488999 0.00014155962563433636 Penicillium-polonicum
8 8 0.9391191139605478 0.001699584366300009 Penicillium-mb
8 8 0.996428943702776 1.4608789844480885e-06 Penicillium-chrysogenum
8 8 0.9462329224089367 0.0012506030159786497 Penicillium-solitum
8 8 -0.9705043181472675 0.00028245728536521194 Penicillium-brevicompactum
10 10 -0.8429685006750968 0.017213639766738693 Penicillium-cvjetkovicii
10 10 0.9408724907481391 0.0015813599464399987 Penicillium-verrucosum
10 10 0.7015996465153401 0.07893087526428645 Penicillium-commune
10 10 0.9440345263325469 0.00138072639455621 Penicillium-polonicum
10 10 0.9204762105432398 0.0032804937575523023 Penicillium-mb
10 10 0.9925189758923761 9.260058535727719e-06 Penicillium-chrysogenum
10 10 0.9481971776511661 0.0011407154447649638 Penicillium-solitum
10 10 0.944244193261631 0.0013679875833809392 Penicillium-brevicompactum
4 10 0.9157648181976757 0.003778354782944467 Penicillium-cvjetkovicii
4 10 0.9608336070093989 0.0005709051983619304 Penicillium-verrucosum
4 10 0.31903874624953704 0.4855213335284586 Penicillium-commune
4 10 0.735763196261907 0.05943191130544748 Penicillium-polonicum
4 10 0.6602234135013048 0.1065214237902444 Penicillium-mb
4 10 0.8600938068487064 0.013022505151775011 Penicillium-chrysogenum
4 10 0.923385761657521 0.0029934065389571503 Penicillium-solitum
4 10 0.9579751329326562 0.0006797849453783934 Penicillium-brevicompactum
12 12 0.24204030329660556 0.6010290950294291 Penicillium-cvjetkovicii
12 12 0.5298683118576706 0.2212318941100031 Penicillium-verrucosum
12 12 0.11233229438599693 0.8104996793194823 Penicillium-commune
12 12 0.1543598357346391 0.7410613343727863 Penicillium-polonicum
12 12 -0.0718850980262323 0.8782791311488349 Penicillium-mb
12 12 0.47054986909409446 0.2865869386734552 Penicillium-chrysogenum
12 12 0.08479698373273896 0.8565611699232281 Penicillium-solitum
12 12 0.616142271449991 0.14066612884756033 Penicillium-brevicompactum
8 10 0.9157648181976764 0.003778354782944399 Penicillium-cvjetkovicii
8 10 0.9620290205202177 0.0005286781772842136 Penicillium-verrucosum
8 10 0.44826966669923046 0.3130909209236746 Penicillium-commune
8 10 0.817423864236732 0.024729091713706065 Penicillium-polonicum
8 10 0.7575933277157859 0.048523827067332374 Penicillium-mb
8 10 0.9327233566671592 0.0021741016693297634 Penicillium-chrysogenum
8 10 0.9723770682066647 0.00023997782020800467 Penicillium-solitum
8 10 0.9569917747548105 0.0007198670965764713 Penicillium-brevicompactum
12 12 0.45218892084202306 0.30835418793133246 Penicillium-cvjetkovicii
12 12 0.7277700294392417 0.06372798940167534 Penicillium-verrucosum
12 12 -0.028213841073610614 0.95212175713102 Penicillium-commune
12 12 0.644455607198749 0.11817598642282735 Penicillium-polonicum
12 12 0.1704805531743925 0.7147705744467914 Penicillium-mb
12 12 0.7237043907913061 0.06597544010533109 Penicillium-chrysogenum
12 12 0.7428840409491355 0.05574124539123093 Penicillium-solitum
12 12 0.5816197510687554 0.17076435833727066 Penicillium-brevicompactum
8 10 0.9157648181976759 0.0037783547829444565 Penicillium-cvjetkovicii
8 10 0.9946317377145517 4.043784874464138e-06 Penicillium-verrucosum
8 10 0.29754200958424676 0.5169364394447467 Penicillium-commune
8 10 0.7772750036918461 0.03971806744457845 Penicillium-polonicum
8 10 0.7137487596363167 0.07165639912704559 Penicillium-mb
8 10 0.9117694761923167 0.004233098708501539 Penicillium-chrysogenum
8 10 0.9711426681411274 0.00026751437562782187 Penicillium-solitum
8 10 0.9572555117697394 0.0007089834458374992 Penicillium-brevicompactum
10 12 0.7858528748827667 0.03618279533350611 Penicillium-cvjetkovicii
10 12 0.9580132780147572 0.0006782574907183699 Penicillium-verrucosum
10 12 0.35156036541641295 0.43936072453169894 Penicillium-commune
10 12 0.6734533920371696 0.09722689801946248 Penicillium-polonicum
10 12 0.6049140224507061 0.15013554182963787 Penicillium-mb
10 12 0.7825609550109067 0.03751792404871429 Penicillium-chrysogenum
10 12 0.7272581665993034 0.06400863027133566 Penicillium-solitum
10 12 0.9222393508912937 0.003104686457849226 Penicillium-brevicompactum
8 8 -0.9512518861011361 0.0009815476957118136 Penicillium-cvjetkovicii
8 8 0.9182088001117553 0.0035149613637110054 Penicillium-verrucosum
8 8 0.6689589583903444 0.10033470469320525 Penicillium-commune
8 8 0.8749965056478743 0.009909199318094865 Penicillium-polonicum
8 8 0.8450103926549369 0.01667876588377954 Penicillium-mb
8 8 0.9383821138832912 0.001750782427555774 Penicillium-chrysogenum
8 8 0.8861479643351136 0.007893864323298106 Penicillium-solitum
8 8 -0.977816077205449 0.00013911335018482367 Penicillium-brevicompactum
8 6 0.9745990682764704 0.0001948240099392569 Penicillium-cvjetkovicii
8 6 0.8046648169471833 0.029065442459694498 Penicillium-verrucosum
8 6 0.6725196732510372 0.09786833214621082 Penicillium-commune
8 6 0.8596286839867496 0.013127574205891559 Penicillium-polonicum
8 6 0.8402676681581456 0.01793592076858202 Penicillium-mb
8 6 0.994161761199768 4.986534301423521e-06 Penicillium-chrysogenum
8 6 0.8664868791964637 0.011627117618030192 Penicillium-solitum
8 6 0.9494569896107905 0.001073358600826633 Penicillium-brevicompactum
8 10 0.9157648181976759 0.0037783547829444565 Penicillium-cvjetkovicii
8 10 0.9639893251868722 0.00046355571616269104 Penicillium-verrucosum
8 10 0.36501057193506975 0.4207797883162523 Penicillium-commune
8 10 0.7676691641072071 0.04389455587332573 Penicillium-polonicum
8 10 0.6508249529562505 0.11339281866806675 Penicillium-mb
8 10 0.8796679011533066 0.009032773656307886 Penicillium-chrysogenum
8 10 0.9458466909463693 0.00127291483142271 Penicillium-solitum
8 10 0.958259066228892 0.0006684641005598914 Penicillium-brevicompactum
8 6 -0.9512177403399498 0.0009832491285136542 Penicillium-cvjetkovicii
8 6 0.8921356211183633 0.006919592475840093 Penicillium-verrucosum
8 6 0.7241098292028805 0.06574943025158154 Penicillium-commune
8 6 0.9669146568405503 0.0003756657629539605 Penicillium-polonicum
8 6 0.9392757931063067 0.0016888153552081498 Penicillium-mb
8 6 0.997256843340665 7.558608485910215e-07 Penicillium-chrysogenum
8 6 0.9587573747537013 0.0006488675301657885 Penicillium-solitum
8 6 -0.9778412679838968 0.00013872065009044575 Penicillium-brevicompactum
10 8 0.12525930244503938 0.7890174729769022 Penicillium-cvjetkovicii
10 8 0.6193239745902448 0.1380393803598965 Penicillium-verrucosum
10 8 0.331298241371899 0.4679213170666838 Penicillium-commune
10 8 0.5466576498072665 0.204170771824299 Penicillium-polonicum
10 8 0.5139109057941368 0.23804570920816195 Penicillium-mb
10 8 0.6825904973640232 0.09106673650340401 Penicillium-chrysogenum
10 8 0.7370394492452909 0.05876098369722807 Penicillium-solitum
10 8 0.7756061519327775 0.04042712633752595 Penicillium-brevicompactum
10 8 0.3214399994914026 0.48205556510998326 Penicillium-cvjetkovicii
10 8 0.08028452587250665 0.8641435834181611 Penicillium-verrucosum
10 8 0.22467313985256462 0.6281362839809749 Penicillium-commune
10 8 0.21729489265939692 0.6397556820349561 Penicillium-polonicum
10 8 0.15751464304558285 0.7358997307988095 Penicillium-mb
10 8 0.3172053726080501 0.48817345286407526 Penicillium-chrysogenum
10 8 0.1025297817749634 0.8268534821469855 Penicillium-solitum
10 8 0.58057915860451 0.17171657255111492 Penicillium-brevicompactum
12 12 0.053844377748381016 0.9087233950171002 Penicillium-cvjetkovicii
12 12 -0.8555284159667242 0.014074794790510154 Penicillium-verrucosum
12 12 0.343908521311289 0.4500674091573404 Penicillium-commune
12 12 0.6083703012407801 0.14718760858344035 Penicillium-polonicum
12 12 0.5650424624284739 0.18624245946370735 Penicillium-mb
12 12 0.6694891052977351 0.09996545686539313 Penicillium-chrysogenum
12 12 0.6984348171219373 0.0808875721998793 Penicillium-solitum
12 12 0.7174185095073078 0.06953298301354317 Penicillium-brevicompactum
12 12 0.27199912243384594 0.5551299987278542 Penicillium-cvjetkovicii
12 12 0.3022866804479206 0.5099436152653427 Penicillium-verrucosum
12 12 0.09703069058655837 0.8360499237309238 Penicillium-commune
12 12 0.3897693617014378 0.3874021616349458 Penicillium-polonicum
12 12 0.28674589369057035 0.5329686678084462 Penicillium-mb
12 12 0.5381513795568024 0.2127333552204925 Penicillium-chrysogenum
12 12 0.6169474876342833 0.1399989922122849 Penicillium-solitum
12 12 0.730498631446634 0.062243205626897904 Penicillium-brevicompactum
12 12 -0.458182790857316 0.3011712086004434 Penicillium-cvjetkovicii
12 12 0.6644416412314096 0.10350987990030543 Penicillium-verrucosum
12 12 0.4446902555014146 0.3174443196880092 Penicillium-commune
12 12 0.641641120118606 0.1203220248044228 Penicillium-polonicum
12 12 -0.06632266500810588 0.887654614319241 Penicillium-mb
12 12 0.6805047991741475 0.09245422924106741 Penicillium-chrysogenum
12 12 0.12984932546285136 0.7814146236996863 Penicillium-solitum
12 12 0.2694929487665306 0.5589254727407884 Penicillium-brevicompactum
12 10 0.7965429267577262 0.032031749839908134 Penicillium-cvjetkovicii
12 10 0.7731304950717304 0.04149177297568897 Penicillium-verrucosum
12 10 0.5434864710971475 0.20734330482159588 Penicillium-commune
12 10 0.7562412848955365 0.04916444253799801 Penicillium-polonicum
12 10 0.7223980374145933 0.0667065051578511 Penicillium-mb
12 10 0.5355178217258442 0.2154183055559772 Penicillium-chrysogenum
12 10 0.7799266376825122 0.03860570914822163 Penicillium-solitum
12 10 0.9494569896107902 0.0010733586008266512 Penicillium-brevicompactum
12 8 0.8709129992516064 0.010713871594891093 Penicillium-cvjetkovicii
12 8 0.7213028734553709 0.06732272926584865 Penicillium-verrucosum
12 8 0.5874749985049872 0.16545511229626692 Penicillium-commune
12 8 0.7758571625735506 0.040320033861796944 Penicillium-polonicum
12 8 0.7485988375932642 0.052872223219394325 Penicillium-mb
12 8 0.8357962050609667 0.019168960654563968 Penicillium-chrysogenum
12 8 0.5583349178276424 0.1926912194591283 Penicillium-solitum
12 8 0.8699649760386454 0.01090586887377838 Penicillium-brevicompactum
10 10 0.8862500013674023 0.007876637422365268 Penicillium-cvjetkovicii
10 10 0.7541336943446342 0.050172234673103985 Penicillium-verrucosum
10 10 0.46234422268482184 0.29622798460973443 Penicillium-commune
10 10 0.713594224410487 0.07174656965029808 Penicillium-polonicum
10 10 0.6781847071949905 0.09401062951586521 Penicillium-mb
10 10 0.7802446520198805 0.03847347693131018 Penicillium-chrysogenum
10 10 0.8463361725512266 0.01633661733139484 Penicillium-solitum
10 10 0.953570864156661 0.0008700451572868301 Penicillium-brevicompactum
12 12 0.3420951663012328 0.45261889202148775 Penicillium-cvjetkovicii
12 12 0.7241760344557537 0.06571256413624905 Penicillium-verrucosum
12 12 0.12229512198667669 0.7939344158843312 Penicillium-commune
12 12 0.7822540509899529 0.03764376668789839 Penicillium-polonicum
12 12 0.4458863518650163 0.315986688441998 Penicillium-mb
12 12 0.6028780440911035 0.15188579135803196 Penicillium-chrysogenum
12 12 0.6958589212750103 0.08249897590687648 Penicillium-solitum
12 12 0.8628658844054153 0.012406315744027157 Penicillium-brevicompactum
12 12 0.38730521810954915 0.39067485890447595 Penicillium-cvjetkovicii
12 12 0.7441476175892762 0.05509976973118923 Penicillium-verrucosum
12 12 0.25539672869392843 0.5804261022214614 Penicillium-commune
12 12 0.3039906816317369 0.5074402507987856 Penicillium-polonicum
12 12 0.6042200722353359 0.1507309615884426 Penicillium-mb
12 12 0.7389403694582655 0.057769328413141245 Penicillium-chrysogenum
12 12 0.7950952972377309 0.03257741098210801 Penicillium-solitum
12 12 0.8877690303550503 0.007622750438135752 Penicillium-brevicompactum
10 10 0.023105067016600304 0.9607860890015187 Penicillium-cvjetkovicii
10 10 0.7772250913931303 0.03973917343122458 Penicillium-verrucosum
10 10 0.3292565490163869 0.47083602262162483 Penicillium-commune
10 10 0.45429398537659244 0.3058230600818196 Penicillium-polonicum
10 10 0.4407566047266022 0.32225852568514884 Penicillium-mb
10 10 0.7102283580139286 0.07372562072835595 Penicillium-chrysogenum
10 10 0.8405607532515919 0.017856724029695438 Penicillium-solitum
10 10 0.6947202925977053 0.08321665073606704 Penicillium-brevicompactum
4 8 -0.9271932962031667 0.0026407628718664207 Penicillium-cvjetkovicii
4 8 0.9121342260554803 0.004190328641223099 Penicillium-verrucosum
4 8 0.5960030729978479 0.1578708800311897 Penicillium-commune
4 8 0.9206259391451063 0.0032653433438556453 Penicillium-polonicum
4 8 0.8774704755349351 0.00943921690781954 Penicillium-mb
4 8 0.9813176446933997 9.071359969064496e-05 Penicillium-chrysogenum
4 8 0.9219316298333299 0.0031349620604284967 Penicillium-solitum
4 8 0.9310919070252354 0.002306248233587687 Penicillium-brevicompactum
10 10 -0.11955577911627605 0.7984832332168906 Penicillium-cvjetkovicii
10 10 0.6008906290913076 0.1536040870555099 Penicillium-verrucosum
10 10 0.3956787873956665 0.37959902844770993 Penicillium-commune
10 10 0.5956933939056893 0.15814319081468634 Penicillium-polonicum
10 10 0.5633129076307966 0.1878950923025596 Penicillium-mb
10 10 0.8223839533733692 0.023149038416321224 Penicillium-chrysogenum
10 10 0.6371303201587836 0.12380289596560501 Penicillium-solitum
10 10 0.5830992704412673 0.16941498830711357 Penicillium-brevicompactum
4 8 0.9157648181976754 0.0037783547829445085 Penicillium-cvjetkovicii
4 8 0.9775485327951906 0.00014332503006849048 Penicillium-verrucosum
4 8 0.4840486335701425 0.27103744528208584 Penicillium-commune
4 8 0.8483581126209203 0.015822575422451017 Penicillium-polonicum
4 8 0.7899020037628218 0.034577337668639956 Penicillium-mb
4 8 0.9283944145660606 0.002534864398022873 Penicillium-chrysogenum
4 8 0.9739767166707087 0.00020690810790774085 Penicillium-solitum
4 8 0.9570553049123874 0.0007172364115694554 Penicillium-brevicompactum
10 12 -0.5105418906278602 0.241669006293963 Penicillium-cvjetkovicii
10 12 0.7708366690247627 0.042491884403394325 Penicillium-verrucosum
10 12 0.5257928673357597 0.22547108181470776 Penicillium-commune
10 12 -0.49088351860169205 0.26331362236789213 Penicillium-polonicum
10 12 0.7289359160678393 0.06309125063244113 Penicillium-mb
10 12 0.8257274898265349 0.022117045058078138 Penicillium-chrysogenum
10 12 0.7918603323966887 0.03381539082742851 Penicillium-solitum
10 12 0.32948995331780295 0.4705024814734828 Penicillium-brevicompactum
10 12 0.9157648181976754 0.0037783547829445085 Penicillium-cvjetkovicii
10 12 0.946597646149313 0.0012297471575767641 Penicillium-verrucosum
10 12 0.3337784773808712 0.46438948063566005 Penicillium-commune
10 12 0.7122085416216154 0.0725578255642067 Penicillium-polonicum
10 12 0.5465632780658268 0.20426484579587004 Penicillium-mb
10 12 0.842484687456929 0.01734178455320388 Penicillium-chrysogenum
10 12 0.9050749715927628 0.005063553412261111 Penicillium-solitum
10 12 0.9581777271147532 0.0006716957011600847 Penicillium-brevicompactum
12 10 -0.6655629729867327 0.10271688949127361 Penicillium-cvjetkovicii
12 10 0.7127272218383031 0.07225358876891891 Penicillium-verrucosum
12 10 0.48764706769456434 0.2669583789277728 Penicillium-commune
12 10 -0.8794894720105901 0.009065391892236886 Penicillium-polonicum
12 10 0.703845689679665 0.07755770146389969 Penicillium-mb
12 10 0.7959447284871906 0.032256607735010476 Penicillium-chrysogenum
12 10 0.768479259163948 0.04353342952831626 Penicillium-solitum
12 10 -0.4026957895381111 0.37041738692461 Penicillium-brevicompactum
6 12 0.9157648181976757 0.003778354782944467 Penicillium-cvjetkovicii
6 12 0.9183752668150699 0.0034974247811365754 Penicillium-verrucosum
6 12 0.32132610965727537 0.48221974273339796 Penicillium-commune
6 12 0.6903858556360795 0.0859788186065827 Penicillium-polonicum
6 12 0.6469577234092393 0.11628482203592058 Penicillium-mb
6 12 0.7495940931874328 0.0523810164658728 Penicillium-chrysogenum
6 12 0.9019055284670346 0.005487220581481019 Penicillium-solitum
6 12 0.9585659975684986 0.0006563528015610962 Penicillium-brevicompactum
4 10 0.26501385877026623 0.5657294597436535 Penicillium-cvjetkovicii
4 10 0.7913512547073311 0.03401255368038397 Penicillium-verrucosum
4 10 0.4549784991133849 0.3050019677138698 Penicillium-commune
4 10 0.7306497320296846 0.062161536268848856 Penicillium-polonicum
4 10 0.6892485385652524 0.0867115023627355 Penicillium-mb
4 10 0.9025826533040316 0.005395041591469321 Penicillium-chrysogenum
4 10 0.7970702014897346 0.03183427928584438 Penicillium-solitum
4 10 0.9112207338351523 0.004297921606011493 Penicillium-brevicompactum
10 12 -0.39344695497698634 0.38253851108649645 Penicillium-cvjetkovicii
10 12 0.4345778027602753 0.32988333247478807 Penicillium-verrucosum
10 12 0.463963899554238 0.29431378731856794 Penicillium-commune
10 12 0.15289585025861352 0.7434592072373151 Penicillium-polonicum
10 12 0.6397580722491778 0.12176893068364782 Penicillium-mb
10 12 0.7186686663216567 0.06881743696261026 Penicillium-chrysogenum
10 12 0.6822052304020655 0.0913221999728726 Penicillium-solitum
10 12 0.7287433894368736 0.06319615921314316 Penicillium-brevicompactum
8 8 0.915764818197674 0.003778354782944663 Penicillium-cvjetkovicii
8 8 0.9525178399177635 0.0009196921542235073 Penicillium-verrucosum
8 8 0.3152937221529721 0.49094428959654934 Penicillium-commune
8 8 0.7273318179711133 0.06396820814677238 Penicillium-polonicum
8 8 0.6499518242285851 0.11404247716814223 Penicillium-mb
8 8 0.8489285116817168 0.015679254410649275 Penicillium-chrysogenum
8 8 0.929751196688876 0.0024182895266398573 Penicillium-solitum
8 8 0.9591237376267209 0.0006346798060136935 Penicillium-brevicompactum
12 12 0.31367591775004133 0.493293563773329 Penicillium-cvjetkovicii
12 12 0.7817230895513613 0.037862033710852505 Penicillium-verrucosum
12 12 0.21196498789415583 0.6481860057291398 Penicillium-commune
12 12 0.5460735681952095 0.2047533438220716 Penicillium-polonicum
12 12 0.45562930822035036 0.3042222015411107 Penicillium-mb
12 12 0.86528612996286 0.01188229275449973 Penicillium-chrysogenum
12 12 0.6962808065368312 0.08223390048499434 Penicillium-solitum
12 12 0.8573477799516158 0.013649833723138691 Penicillium-brevicompactum
6 8 -0.9537035533384364 0.0008639046435695945 Penicillium-cvjetkovicii
6 8 0.9156609797617186 0.0037897926308982947 Penicillium-verrucosum
6 8 0.7296089056575357 0.06272527590038152 Penicillium-commune
6 8 0.9607121944174449 0.0005753019601479002 Penicillium-polonicum
6 8 0.9320042376308962 0.002231785357446435 Penicillium-mb
6 8 0.9967966099505323 1.1136089031144007e-06 Penicillium-chrysogenum
6 8 0.958714114092455 0.0006505551196743314 Penicillium-solitum
6 8 -0.9731295258886624 0.00022405864609124148 Penicillium-brevicompactum
8 8 -0.009822315636735997 0.9833259234475595 Penicillium-cvjetkovicii
8 8 0.5006931399355047 0.2524062288775837 Penicillium-verrucosum
8 8 0.19083693353060457 0.6818921680671995 Penicillium-commune
8 8 0.43581790573106416 0.32834688154080344 Penicillium-polonicum
8 8 0.40226832716950056 0.3709740842442885 Penicillium-mb
8 8 0.6734785636315599 0.09720963655779342 Penicillium-chrysogenum
8 8 0.7265283857102502 0.06440990165124717 Penicillium-solitum
8 8 0.5752411414188349 0.1766421645248231 Penicillium-brevicompactum
6 8 -0.27351955906214337 0.5528314499664995 Penicillium-cvjetkovicii
6 8 0.9481690553146201 0.0011422467150556336 Penicillium-verrucosum
6 8 0.6755693690767768 0.09578147289269115 Penicillium-commune
6 8 0.9446866630766181 0.001341332582618465 Penicillium-polonicum
6 8 0.9076444348574397 0.0047345503456192334 Penicillium-mb
6 8 0.9924773657225905 9.389149666689894e-06 Penicillium-chrysogenum
6 8 0.9757607417407527 0.00017341603616713428 Penicillium-solitum
6 8 0.9474155752990073 0.0011837266999970458 Penicillium-brevicompactum
10 10 0.8839749067131407 0.008265921861678759 Penicillium-cvjetkovicii
10 10 0.7289580338202518 0.06307920460782143 Penicillium-verrucosum
10 10 0.46384684875728505 0.29445193860001134 Penicillium-commune
10 10 0.6667619125167284 0.10187253482405705 Penicillium-polonicum
10 10 0.7072037851122199 0.0755286075911501 Penicillium-mb
10 10 0.7362088218947627 0.059197175809217045 Penicillium-chrysogenum
10 10 0.723470017536776 0.06610628115333617 Penicillium-solitum
10 10 0.9494569896107903 0.0010733586008266447 Penicillium-brevicompactum
10 12 0.9157648181976769 0.0037783547829443463 Penicillium-cvjetkovicii
10 12 0.9590826648856869 0.0006362611359658456 Penicillium-verrucosum
10 12 0.3685867644704401 0.4158917047725387 Penicillium-commune
10 12 0.6786395012703301 0.09370446060032607 Penicillium-polonicum
10 12 0.6316532116544613 0.1280978400169897 Penicillium-mb
10 12 0.8234161719426041 0.0228276038184409 Penicillium-chrysogenum
10 12 0.7880955129072045 0.03528859622278484 Penicillium-solitum
10 12 0.9405698521747483 0.0016014077851599032 Penicillium-brevicompactum
8 10 0.01856507460503664 0.9684883815663189 Penicillium-cvjetkovicii
8 10 -0.9133669739493533 0.004047650878145292 Penicillium-verrucosum
8 10 0.22372380487870108 0.629627951326861 Penicillium-commune
8 10 0.5091965303421186 0.24312300608456472 Penicillium-polonicum
8 10 0.46084239948542116 0.29800779214401674 Penicillium-mb
8 10 0.5856594713293917 0.16709248120461181 Penicillium-chrysogenum
8 10 0.6257192542628853 0.13283545648169262 Penicillium-solitum
8 10 0.6282287315002806 0.13082121516042686 Penicillium-brevicompactum
10 12 -0.6300262218126413 0.1293880874118559 Penicillium-cvjetkovicii
10 12 0.6956284780881343 0.08264395734916319 Penicillium-verrucosum
10 12 0.5854958265053402 0.16724045920543845 Penicillium-commune
10 12 0.7499020554426934 0.05222952932169857 Penicillium-polonicum
10 12 0.7228976109582919 0.06642641980058385 Penicillium-mb
10 12 -0.8788435662962605 0.009184036239255969 Penicillium-chrysogenum
10 12 0.7330055256105917 0.06089573877167182 Penicillium-solitum
10 12 -0.3076463556790491 0.5020841422032947 Penicillium-brevicompactum
8 12 0.9157648181976769 0.0037783547829443463 Penicillium-cvjetkovicii
8 12 0.8912071711212111 0.007065807263084341 Penicillium-verrucosum
8 12 0.47648415412932044 0.2797031940354245 Penicillium-commune
8 12 0.7667755939847667 0.04429480111876248 Penicillium-polonicum
8 12 0.721444196341962 0.06724303857621426 Penicillium-mb
8 12 0.8118184931309337 0.026585729973702812 Penicillium-chrysogenum
8 12 0.850159170390262 0.015372564946880152 Penicillium-solitum
8 12 0.9487564734623549 0.0011105132464318452 Penicillium-brevicompactum
10 8 -0.03821897347266089 0.9351648317426561 Penicillium-cvjetkovicii
10 8 0.46233773991312827 0.2962356572168725 Penicillium-verrucosum
10 8 0.15432671147704144 0.7411155704955303 Penicillium-commune
10 8 0.3550493941953871 0.4345112396797982 Penicillium-polonicum
10 8 0.3237421817154853 0.47874117966349333 Penicillium-mb
10 8 0.822383953373369 0.02314903841632131 Penicillium-chrysogenum
10 8 0.4226739482587194 0.3447868157111327 Penicillium-solitum
10 8 0.5094946993277899 0.24280041089140794 Penicillium-brevicompactum
12 10 0.9139668690038639 0.003979261290928713 Penicillium-cvjetkovicii
12 10 0.8196176526539278 0.02402299817466895 Penicillium-verrucosum
12 10 0.5544911805480306 0.19643454285062834 Penicillium-commune
12 10 0.7338243623719046 0.060459068420642914 Penicillium-polonicum
12 10 0.7277694385076959 0.06372831300981308 Penicillium-mb
12 10 0.8057268422251157 0.028689459888603764 Penicillium-chrysogenum
12 10 0.7731540264994097 0.04148158136317789 Penicillium-solitum
12 10 0.9494569896107903 0.0010733586008266447 Penicillium-brevicompactum
8 10 0.9157648181976753 0.003778354782944519 Penicillium-cvjetkovicii
8 10 0.9365754146475079 0.0018800949619065075 Penicillium-verrucosum
8 10 0.5512810331552093 0.19958744165375453 Penicillium-commune
8 10 0.8496322944553957 0.01550344327545939 Penicillium-polonicum
8 10 0.7806711475037512 0.03829653221804729 Penicillium-mb
8 10 0.9458601198515469 0.001272135160453967 Penicillium-chrysogenum
8 10 0.9452626047083461 0.0013070996671980006 Penicillium-solitum
8 10 0.9556990019916847 0.0007746436689431454 Penicillium-brevicompactum
6 8 0.97475121893004 0.00019193541194034017 Penicillium-cvjetkovicii
6 8 0.9285591693943495 0.0025205366094026593 Penicillium-verrucosum
6 8 0.5954521753195364 0.15835546398708447 Penicillium-commune
6 8 0.8797331786067181 0.009020857379641044 Penicillium-polonicum
6 8 0.8406432711905687 0.017834462176224777 Penicillium-mb
6 8 0.9555839768409694 0.0007796329852982238 Penicillium-chrysogenum
6 8 0.9269562988466407 0.002661959012439621 Penicillium-solitum
6 8 0.9494569896107905 0.001073358600826633 Penicillium-brevicompactum
6 8 -0.9493728640708616 0.0010777810897716423 Penicillium-cvjetkovicii
6 8 0.9409368278583308 0.0015771172048289729 Penicillium-verrucosum
6 8 0.7135237939489482 0.07178768563895759 Penicillium-commune
6 8 0.9617210330123195 0.0005393737506064484 Penicillium-polonicum
6 8 0.9292939396212783 0.0024572173058335332 Penicillium-mb
6 8 0.9962210157215655 1.682719685896849e-06 Penicillium-chrysogenum
6 8 0.9747482278207997 0.00019199195098069228 Penicillium-solitum
6 8 -0.9676450776421254 0.0003554146038751224 Penicillium-brevicompactum
10 10 -0.4795053209849706 0.2762274741532546 Penicillium-cvjetkovicii
10 10 0.7801952288935396 0.03849401085725456 Penicillium-verrucosum
10 10 -0.9010634947109292 0.005603118331244127 Penicillium-commune
10 10 0.7713466856298121 0.042268379463926455 Penicillium-polonicum
10 10 0.737965586006979 0.05827669997070828 Penicillium-mb
10 10 0.8108702102208281 0.026907313032530526 Penicillium-chrysogenum
10 10 0.8092124305125236 0.027474723725667696 Penicillium-solitum
10 10 -0.7145303475165383 0.07120127795389125 Penicillium-brevicompactum
12 10 -0.9553569789653042 0.0007895349163892201 Penicillium-cvjetkovicii
12 10 0.7347932521557214 0.05994457641290858 Penicillium-verrucosum
12 10 0.5928134421184067 0.16068681002768548 Penicillium-commune
12 10 0.7745442239171838 0.040881931295764035 Penicillium-polonicum
12 10 0.7635417343517391 0.04576003860662529 Penicillium-mb
12 10 0.8030612240713058 0.029638354378215666 Penicillium-chrysogenum
12 10 0.7666957729519512 0.044330651685993774 Penicillium-solitum
12 10 -0.8270991936964126 0.02170134248639851 Penicillium-brevicompactum
8 8 0.915764818197675 0.0037783547829445536 Penicillium-cvjetkovicii
8 8 0.9311244439279821 0.002303567914491184 Penicillium-verrucosum
8 8 0.622163740789555 0.1357160996499407 Penicillium-commune
8 8 0.920207555925957 0.0033077807809908572 Penicillium-polonicum
8 8 0.8841618992413057 0.008233516202638598 Penicillium-mb
8 8 0.9865638026007116 3.99035519858912e-05 Penicillium-chrysogenum
8 8 0.9747216274925402 0.0001924951964758331 Penicillium-solitum
8 8 0.9500021288074767 0.0010449605704701335 Penicillium-brevicompactum
12 12 -0.6754056864621073 0.09589287933285405 Penicillium-cvjetkovicii
12 12 0.7674407061805851 0.04399669566430925 Penicillium-verrucosum
12 12 0.5453821012018158 0.20544405108079322 Penicillium-commune
12 12 0.7661605753669799 0.044571441257704486 Penicillium-polonicum
12 12 0.734873094118569 0.05990228565921611 Penicillium-mb
12 12 0.8727301642686212 0.010351324958816735 Penicillium-chrysogenum
12 12 0.7822460573739806 0.03764704750616035 Penicillium-solitum
12 12 0.9461564525543533 0.0012550020397006391 Penicillium-brevicompactum
8 12 0.9157648181976754 0.0037783547829445085 Penicillium-cvjetkovicii
8 12 0.9014436192080596 0.005550623432375899 Penicillium-verrucosum
8 12 0.33828370110194905 0.4579993373448003 Penicillium-commune
8 12 0.6945388694418388 0.0833313060517174 Penicillium-polonicum
8 12 0.6535150050224797 0.11140332735260794 Penicillium-mb
8 12 0.8000329022690611 0.03073737717690834 Penicillium-chrysogenum
8 12 0.8830057379752756 0.008435058204934717 Penicillium-solitum
8 12 0.9550738192613474 0.0008019905478273606 Penicillium-brevicompactum
8 10 -0.6600044092972507 0.10667900637633726 Penicillium-cvjetkovicii
8 10 0.731841540482289 0.061519400790367225 Penicillium-verrucosum
8 10 -0.05185680691554278 0.9120834711086073 Penicillium-commune
8 10 0.6597158159502042 0.10688684619121987 Penicillium-polonicum
8 10 0.6266258508662812 0.1321059659917446 Penicillium-mb
8 10 0.714684528549151 0.07111168149702313 Penicillium-chrysogenum
8 10 0.12942790514279487 0.7821120896884952 Penicillium-solitum
8 10 -0.2736285904824931 0.552666738496981 Penicillium-brevicompactum
10 10 -0.9582003772724578 0.000670794883202543 Penicillium-cvjetkovicii
10 10 0.903827849458747 0.005227896230310109 Penicillium-verrucosum
10 10 0.7842030808409265 0.036848557747462644 Penicillium-commune
10 10 0.9865888110099785 3.9718667328822154e-05 Penicillium-polonicum
10 10 0.964444815786849 0.00044914690019485533 Penicillium-mb
10 10 0.9937108096238912 6.004486761899727e-06 Penicillium-chrysogenum
10 10 0.9525968783245321 0.0009159090696558215 Penicillium-solitum
10 10 -0.9652820850214583 0.00042336243671008714 Penicillium-brevicompactum
8 6 0.9653417757639761 0.0004215586993269319 Penicillium-cvjetkovicii
8 6 0.5707712101531129 0.18081928409277714 Penicillium-verrucosum
8 6 0.9887749910772974 2.548613489969803e-05 Penicillium-commune
8 6 0.9272456462551223 0.0026360942838628784 Penicillium-polonicum
8 6 0.9559860422815804 0.0007622756703541323 Penicillium-mb
8 6 0.825025037167075 0.022331654845953473 Penicillium-chrysogenum
8 6 0.7045252563561386 0.07714476288025791 Penicillium-solitum
8 6 0.9494569896107907 0.0010733586008266221 Penicillium-brevicompactum
12 10 -0.11283653333497576 0.8096598804879004 Penicillium-cvjetkovicii
12 10 0.36694706134593386 0.41813015740154136 Penicillium-verrucosum
12 10 0.17724452486740225 0.7038044670757158 Penicillium-commune
12 10 0.10314497799127866 0.825825616235962 Penicillium-polonicum
12 10 0.07140162716805572 0.8790935856577626 Penicillium-mb
12 10 0.07969984930665272 0.8651266495129384 Penicillium-chrysogenum
12 10 0.147833966471743 0.7517627176573314 Penicillium-solitum
12 10 0.173286394462816 0.7102167597744369 Penicillium-brevicompactum
8 10 0.9157648181976757 0.003778354782944467 Penicillium-cvjetkovicii
8 10 0.962382886237218 0.0005165459546070098 Penicillium-verrucosum
8 10 0.4662529677989544 0.2916178449056626 Penicillium-commune
8 10 0.8045671971050403 0.02910013991593024 Penicillium-polonicum
8 10 0.7685595483615489 0.043497727523396645 Penicillium-mb
8 10 0.9357960733190629 0.0019375562399840617 Penicillium-chrysogenum
8 10 0.9754853879323059 0.0001783564841560825 Penicillium-solitum
8 10 0.954754187075322 0.0008161894232518015 Penicillium-brevicompactum
10 10 0.3807381219049792 0.39945057265297773 Penicillium-cvjetkovicii
10 10 0.8567105980940494 0.013797816635329498 Penicillium-verrucosum
10 10 0.005262501597004898 0.9910662235234735 Penicillium-commune
10 10 0.4076507874969517 0.36398945044711184 Penicillium-polonicum
10 10 0.359629758749169 0.4281761482378734 Penicillium-mb
10 10 0.6625606221199937 0.10484725136659741 Penicillium-chrysogenum
10 10 0.7059689815331801 0.07627138646918845 Penicillium-solitum
10 10 0.7075787067047878 0.07530384716006515 Penicillium-brevicompactum
10 8 0.9688374806619319 0.000323777172684293 Penicillium-cvjetkovicii
10 8 0.7081766605192199 0.07494612261067021 Penicillium-verrucosum
10 8 0.7795060158561664 0.038780992357021614 Penicillium-commune
10 8 0.8464201894720479 0.016315070869685994 Penicillium-polonicum
10 8 0.8773502213665147 0.00946175766650925 Penicillium-mb
10 8 0.926557268192503 0.0026978716153981987 Penicillium-chrysogenum
10 8 0.7139407067575448 0.07154448361520117 Penicillium-solitum
10 8 0.9494569896107903 0.0010733586008266447 Penicillium-brevicompactum
4 10 0.9157648181976751 0.003778354782944543 Penicillium-cvjetkovicii
4 10 0.9732211432556549 0.00022216465995862517 Penicillium-verrucosum
4 10 0.5278346405166285 0.22334253394524525 Penicillium-commune
4 10 0.8393235038021273 0.018192406234575933 Penicillium-polonicum
4 10 0.7978649551816684 0.03153792247584902 Penicillium-mb
4 10 0.9281963902793969 0.0025521485567585565 Penicillium-chrysogenum
4 10 0.9170685888661703 0.0036364599208485783 Penicillium-solitum
4 10 0.9529806406816178 0.0008976716659004036 Penicillium-brevicompactum
10 10 0.9157648181976754 0.0037783547829445085 Penicillium-cvjetkovicii
10 10 0.8372843771045437 0.018753414466480635 Penicillium-verrucosum
10 10 0.22104497846362336 0.6338425108031864 Penicillium-commune
10 10 0.6907893079902707 0.08571969664089435 Penicillium-polonicum
10 10 0.6285228142005566 0.13058619435681076 Penicillium-mb
10 10 0.7964982220068219 0.032048523644611096 Penicillium-chrysogenum
10 10 0.8418090538102776 0.017521641170163353 Penicillium-solitum
10 10 0.9506180508601016 0.001013415304334863 Penicillium-brevicompactum
