#SPECIES: Penicillium-cvjetkovicii Penicillium-mb Penicillium-chrysogenum Penicillium-brevicompactum Penicillium-polonicum Penicillium-commune Penicillium-verrucosum Penicillium-solitum 
#GENE_TREEs p: 0.7139895583923244 0.39764497845021457 0.0062101593508217395 0.00900410191530066 0.0023269751764486064 0.0022896747669664715 0.0009712106826225044 0.0506712093058267 
#GENE_TREEs r: 0.1709614811135538 0.38208455238282346 0.8968104640331349 0.87982504940529 0.9308410454818941 0.9312934529573372 0.9514600939933058 0.753098767640644 
6 12 0.24841043604992544 0.5911755381925552 Penicillium-cvjetkovicii
6 12 0.05311349060621422 0.9099588682985428 Penicillium-mb
6 12 0.5746062643534529 0.1772325397026121 Penicillium-chrysogenum
6 12 -0.8740712824983118 0.010088352846302537 Penicillium-brevicompactum
6 12 0.6826196973322918 0.09104738991212692 Penicillium-polonicum
6 12 0.6977708673003026 0.0813013037414646 Penicillium-commune
6 12 0.7251941797158302 0.06514701819680066 Penicillium-verrucosum
6 12 0.5808589421043225 0.1714602949341179 Penicillium-solitum
8 10 0.5710842286956511 0.18052521532035654 Penicillium-cvjetkovicii
8 10 -0.055745110288756256 0.9055111342278845 Penicillium-mb
8 10 0.7563446314399305 0.04911531303478598 Penicillium-chrysogenum
8 10 0.9145335000280872 0.003915288179047636 Penicillium-brevicompactum
8 10 0.6539635384627905 0.11107337662181196 Penicillium-polonicum
8 10 0.8267344621651008 0.021811441296364403 Penicillium-commune
8 10 0.6714582589232704 0.09860017286861714 Penicillium-verrucosum
8 10 0.5274810233371017 0.2237104988674936 Penicillium-solitum
10 10 -0.3614161381265668 0.4257151084472823 Penicillium-cvjetkovicii
10 10 0.27122435451494825 0.5563024549941317 Penicillium-mb
10 10 0.6641778807290222 0.103696869703934 Penicillium-chrysogenum
10 10 0.9094301286249509 0.004513456494637316 Penicillium-brevicompactum
10 10 0.5848803213219274 0.16779761750018168 Penicillium-polonicum
10 10 0.6733056928547456 0.09732821534178064 Penicillium-commune
10 10 0.5240064213542122 0.2273412407802229 Penicillium-verrucosum
10 10 0.19429530980607645 0.6763445749170511 Penicillium-solitum
12 12 0.5045009680318686 0.2482293505799859 Penicillium-cvjetkovicii
12 12 0.41123664370944163 0.35936665575494897 Penicillium-mb
12 12 0.7835060071689046 0.0371318834009527 Penicillium-chrysogenum
12 12 0.4601114571203842 0.2988757308278848 Penicillium-brevicompactum
12 12 0.36321464545847054 0.42324289312801505 Penicillium-polonicum
12 12 0.5795949086846515 0.17261962847537157 Penicillium-commune
12 12 0.6826138939701788 0.09105123478748609 Penicillium-verrucosum
12 12 0.47049610369083705 0.2866496477138302 Penicillium-solitum
6 10 0.17096148111355375 0.7139895583923244 Penicillium-cvjetkovicii
6 10 -0.06909325249556036 0.8829834301307422 Penicillium-mb
6 10 0.906354863947282 0.004898062007924397 Penicillium-chrysogenum
6 10 0.9012818419886811 0.005572929616047835 Penicillium-brevicompactum
6 10 0.7731267471999421 0.04149339633070329 Penicillium-polonicum
6 10 0.8237938529157919 0.022710627078308537 Penicillium-commune
6 10 0.7997225597202556 0.03085127038394777 Penicillium-verrucosum
6 10 0.7433124870461202 0.055523284580136105 Penicillium-solitum
12 12 -0.045037670336012935 0.9236191962848146 Penicillium-cvjetkovicii
12 12 0.11035731082827939 0.8137903565786543 Penicillium-mb
12 12 0.4690231628055477 0.288369981497183 Penicillium-chrysogenum
12 12 0.7045612844633831 0.07712290323161228 Penicillium-brevicompactum
12 12 0.7757549999273797 0.04036360210416042 Penicillium-polonicum
12 12 0.5154826604037437 0.23636403528049282 Penicillium-commune
12 12 0.5461209621599333 0.2047060427141537 Penicillium-verrucosum
12 12 0.48709831856712027 0.26757861210570755 Penicillium-solitum
8 10 0.1709614811135493 0.7139895583923315 Penicillium-cvjetkovicii
8 10 0.3601183114210254 0.42750254149946937 Penicillium-mb
8 10 0.8680268775699574 0.01130449536810387 Penicillium-chrysogenum
8 10 0.8896050615903104 0.007322288209107706 Penicillium-brevicompactum
8 10 0.9802646782083806 0.00010398178440189123 Penicillium-polonicum
8 10 0.972988998103237 0.0002269823663961095 Penicillium-commune
8 10 0.9638939043876217 0.00046660848739004307 Penicillium-verrucosum
8 10 0.9246152417476924 0.0028766995322169484 Penicillium-solitum
12 12 0.3960507125758327 0.37911007140586117 Penicillium-cvjetkovicii
12 12 -0.3305736047687094 0.46895504531526344 Penicillium-mb
12 12 0.7886009415408785 0.035088785072836005 Penicillium-chrysogenum
12 12 0.8570373914556846 0.01372180613426126 Penicillium-brevicompactum
12 12 0.7563960256308958 0.049090890974660024 Penicillium-polonicum
12 12 0.5729138046088417 0.17881108157076783 Penicillium-commune
12 12 0.5752948358475966 0.17659227811564746 Penicillium-verrucosum
12 12 0.7918394409167923 0.03382346941567791 Penicillium-solitum
10 12 -0.16275527427666742 0.7273429975504969 Penicillium-cvjetkovicii
10 12 0.08633768970626829 0.8539742603985339 Penicillium-mb
10 12 0.6365635773253008 0.12424383803815764 Penicillium-chrysogenum
10 12 0.9094301286249513 0.004513456494637258 Penicillium-brevicompactum
10 12 0.7247797756130145 0.06537688778799158 Penicillium-polonicum
10 12 0.7270813867957732 0.06410570870600059 Penicillium-commune
10 12 0.7584095099367439 0.048139337928045166 Penicillium-verrucosum
10 12 0.6506830868616608 0.11349824476714682 Penicillium-solitum
8 10 0.1709614811135538 0.7139895583923244 Penicillium-cvjetkovicii
8 10 0.25894424477381656 0.5749911273672093 Penicillium-mb
8 10 0.9059557783069085 0.0049493206430373865 Penicillium-chrysogenum
8 10 0.790122738579868 0.034490981311480144 Penicillium-brevicompactum
8 10 0.8194185138282515 0.024086617624641978 Penicillium-polonicum
8 10 0.8462224334622411 0.016365811978072298 Penicillium-commune
8 10 0.8792896371319646 0.009102003834142405 Penicillium-verrucosum
8 10 0.7984405763520889 0.03132424451360942 Penicillium-solitum
8 12 -0.20996578148434797 0.6513559231773833 Penicillium-cvjetkovicii
8 12 -0.16857052198372682 0.7178743699822163 Penicillium-mb
8 12 0.21523019029156867 0.6430178249517656 Penicillium-chrysogenum
8 12 0.909430128624951 0.0045134564946373015 Penicillium-brevicompactum
8 12 0.3938752237608626 0.38197373774774407 Penicillium-polonicum
8 12 0.41161544438524283 0.35887974614667634 Penicillium-commune
8 12 0.4684120389453642 0.28908509284303463 Penicillium-verrucosum
8 12 0.3385512616606485 0.45762086480221137 Penicillium-solitum
10 8 0.45314516612047284 0.30720326925629543 Penicillium-cvjetkovicii
10 8 0.21259783996669007 0.6471834400125321 Penicillium-mb
10 8 0.7496640397247056 0.05234658861482162 Penicillium-chrysogenum
10 8 0.9107426778085902 0.004354863463689888 Penicillium-brevicompactum
10 8 0.8428345471747332 0.017249065110961862 Penicillium-polonicum
10 8 0.8155374477332317 0.02534548224710144 Penicillium-commune
10 8 0.862636315358522 0.0124566956972287 Penicillium-verrucosum
10 8 0.7462607085132291 0.05403605535740799 Penicillium-solitum
8 12 0.26058999126615634 0.572475191252388 Penicillium-cvjetkovicii
8 12 -0.12405213437101958 0.7910192433599488 Penicillium-mb
8 12 0.5202273857751888 0.2313212464118285 Penicillium-chrysogenum
8 12 -0.8480618670859927 0.01589730498674133 Penicillium-brevicompactum
8 12 0.6664863713226653 0.10206626314411361 Penicillium-polonicum
8 12 0.6969878895571134 0.08179064792401249 Penicillium-commune
8 12 0.6829700066072704 0.09081545955731025 Penicillium-verrucosum
8 12 0.6948141220108696 0.0831573855409187 Penicillium-solitum
8 10 0.17096148111355325 0.7139895583923253 Penicillium-cvjetkovicii
8 10 0.011716511910864261 0.980110796838834 Penicillium-mb
8 10 0.6265231223953793 0.1321885235030497 Penicillium-chrysogenum
8 10 0.9060548200689001 0.004936570694427463 Penicillium-brevicompactum
8 10 0.7810892634122246 0.03812350276339884 Penicillium-polonicum
8 10 0.7611246701578103 0.046872339127384206 Penicillium-commune
8 10 0.7606291542923183 0.04710218261100313 Penicillium-verrucosum
8 10 0.6903374535757216 0.08600993320926728 Penicillium-solitum
10 8 0.6376181112587979 0.12342402383272666 Penicillium-cvjetkovicii
10 8 0.19068406943038743 0.6821376426876384 Penicillium-mb
10 8 0.6178249496655458 0.1392738241260467 Penicillium-chrysogenum
10 8 0.9136788850273806 0.004012007263178783 Penicillium-brevicompactum
10 8 0.7214264947513805 0.06725301755814837 Penicillium-polonicum
10 8 0.7222211335172901 0.06680583835582006 Penicillium-commune
10 8 0.7597130136154188 0.04752875790767685 Penicillium-verrucosum
10 8 0.571655172441616 0.1799894383706633 Penicillium-solitum
8 10 0.17096148111355375 0.7139895583923244 Penicillium-cvjetkovicii
8 10 0.1388041344776011 0.7666222083673399 Penicillium-mb
8 10 0.8293415822961226 0.021031363765628037 Penicillium-chrysogenum
8 10 0.8982560779413494 0.005999751754351727 Penicillium-brevicompactum
8 10 0.9267089968448422 0.0026841828272492823 Penicillium-polonicum
8 10 0.8283884665039533 0.021314682541413502 Penicillium-commune
8 10 0.8655405174850955 0.01182796642018773 Penicillium-verrucosum
8 10 0.7568810161576631 0.048860755547899516 Penicillium-solitum
6 12 -0.19528076592194699 0.674765918142595 Penicillium-cvjetkovicii
6 12 -0.15519874880073795 0.739688021630281 Penicillium-mb
6 12 0.4794073616291168 0.2763398657254282 Penicillium-chrysogenum
6 12 0.9094301286249511 0.004513456494637287 Penicillium-brevicompactum
6 12 0.5484228785103069 0.20241494152074138 Penicillium-polonicum
6 12 0.6049927143431992 0.15006809756597875 Penicillium-commune
6 12 0.5781938716391285 0.17390910831813938 Penicillium-verrucosum
6 12 0.43602261313385066 0.3280935503650574 Penicillium-solitum
10 10 -0.07578448542057631 0.8717133967075624 Penicillium-cvjetkovicii
10 10 -0.003649235809385788 0.9938049061292183 Penicillium-mb
10 10 0.30055474944289706 0.5124923780012212 Penicillium-chrysogenum
10 10 0.9094301286249514 0.00451345649463725 Penicillium-brevicompactum
10 10 0.3179671727045636 0.4870708221864031 Penicillium-polonicum
10 10 0.598181526380789 0.15596190467194362 Penicillium-commune
10 10 0.5444167183759558 0.20641023496917263 Penicillium-verrucosum
10 10 0.33111205593891246 0.4681868396208449 Penicillium-solitum
12 12 0.2715891641946967 0.5557502889674947 Penicillium-cvjetkovicii
12 12 0.3844816296807435 0.3944385173342335 Penicillium-mb
12 12 0.46221456591834503 0.29638145500084473 Penicillium-chrysogenum
12 12 0.7405562957786107 0.05693355144345074 Penicillium-brevicompactum
12 12 0.7497739077456629 0.05229253627481708 Penicillium-polonicum
12 12 0.5982813760511 0.15587468410530517 Penicillium-commune
12 12 0.7356020131835174 0.05951693938829022 Penicillium-verrucosum
12 12 0.6667996131206492 0.10184604311478987 Penicillium-solitum
6 10 0.17096148111355325 0.7139895583923253 Penicillium-cvjetkovicii
6 10 0.020358542492436127 0.9654454267941821 Penicillium-mb
6 10 0.6872940474883539 0.08797831112587316 Penicillium-chrysogenum
6 10 0.6209750579441642 0.1366861571660557 Penicillium-brevicompactum
6 10 0.6497219015141346 0.11421387205952947 Penicillium-polonicum
6 10 0.6562798135717883 0.1093775454757578 Penicillium-commune
6 10 0.7096276651737085 0.07408184765146424 Penicillium-verrucosum
6 10 0.676959605485537 0.0948379839530906 Penicillium-solitum
8 4 0.17096148111355144 0.7139895583923281 Penicillium-cvjetkovicii
8 4 0.1580583031952086 0.735011036559605 Penicillium-mb
8 4 0.7287977381328176 0.06316653483424403 Penicillium-chrysogenum
8 4 0.900692229565802 0.005654667358606788 Penicillium-brevicompactum
8 4 0.8693451937058408 0.011032450773868285 Penicillium-polonicum
8 4 0.8700218463128413 0.010894295970106486 Penicillium-commune
8 4 0.8273969519251122 0.021611693937224317 Penicillium-verrucosum
8 4 0.7037660533615708 0.07760616943736144 Penicillium-solitum
10 12 0.228970719514057 0.6213962299445841 Penicillium-cvjetkovicii
10 12 -0.26170601143385225 0.5707710480228833 Penicillium-mb
10 12 -0.07513262959097805 0.8728105832702886 Penicillium-chrysogenum
10 12 -0.06821993017536224 0.8844555575266261 Penicillium-brevicompactum
10 12 -0.18429088793341278 0.6924237801838335 Penicillium-polonicum
10 12 0.3706433886174889 0.4130907243021056 Penicillium-commune
10 12 0.3940405338286517 0.38175582790438195 Penicillium-verrucosum
10 12 0.247929999687414 0.5919169759947056 Penicillium-solitum
4 10 0.17096148111355466 0.7139895583923229 Penicillium-cvjetkovicii
4 10 0.08369539860897762 0.8584114045740528 Penicillium-mb
4 10 0.8512112042212522 0.01511312784917995 Penicillium-chrysogenum
4 10 0.8971397905654911 0.00616185555553694 Penicillium-brevicompactum
4 10 0.8573985841902543 0.01363807393902642 Penicillium-polonicum
4 10 0.9246711961005966 0.002871452767397506 Penicillium-commune
4 10 0.8591755284318249 0.013230405296351727 Penicillium-verrucosum
4 10 0.7522019956175224 0.05110576029384192 Penicillium-solitum
12 8 0.6966476257501306 0.08200379189523108 Penicillium-cvjetkovicii
12 8 0.5319344243257562 0.21909727848543836 Penicillium-mb
12 8 0.32363170830157256 0.47890003661137326 Penicillium-chrysogenum
12 8 0.37471375639394117 0.4075690587810788 Penicillium-brevicompactum
12 8 0.5961192451460023 0.1577687864141299 Penicillium-polonicum
12 8 0.6213528662952531 0.13637745637378054 Penicillium-commune
12 8 0.719004312757536 0.06862600203479287 Penicillium-verrucosum
12 8 0.467537177852502 0.2901101882210557 Penicillium-solitum
10 10 0.24176350213642994 0.601458370235933 Penicillium-cvjetkovicii
10 10 -0.09865520955494515 0.8333315632642346 Penicillium-mb
10 10 0.9018735891126023 0.005491591027641178 Penicillium-chrysogenum
10 10 0.8904050147546326 0.007193561840382955 Penicillium-brevicompactum
10 10 0.6562225305965271 0.10941932135115616 Penicillium-polonicum
10 10 0.656666466500285 0.10909577998462007 Penicillium-commune
10 10 0.6987039955103659 0.08072015696239487 Penicillium-verrucosum
10 10 0.5215971766149228 0.22987486832856902 Penicillium-solitum
10 10 0.3725933626449175 0.41044184214496116 Penicillium-cvjetkovicii
10 10 -0.17724530362564467 0.7038032068230953 Penicillium-mb
10 10 0.05222155745300917 0.9114667650124461 Penicillium-chrysogenum
10 10 0.07771021752724806 0.868473015635393 Penicillium-brevicompactum
10 10 0.5606051191824906 0.19049668824284482 Penicillium-polonicum
10 10 0.6176807613123888 0.1393928561103296 Penicillium-commune
10 10 0.6079399129464197 0.14755309604884775 Penicillium-verrucosum
10 10 0.4031406688203938 0.36983837130142716 Penicillium-solitum
12 10 0.38469203374231475 0.39415756448258854 Penicillium-cvjetkovicii
12 10 0.20751006888211904 0.6552553862883426 Penicillium-mb
12 10 0.4574907829286654 0.30199671097837744 Penicillium-chrysogenum
12 10 0.6061944461847804 0.1490400202678629 Penicillium-brevicompactum
12 10 0.6476942928871808 0.11573109969949358 Penicillium-polonicum
12 10 0.3919037335039066 0.38457641257893266 Penicillium-commune
12 10 0.6638388310572981 0.1039374932654826 Penicillium-verrucosum
12 10 0.4221711117981811 0.34542248891231686 Penicillium-solitum
10 10 0.17096148111355325 0.7139895583923253 Penicillium-cvjetkovicii
10 10 -0.12896893457041197 0.7828718347574837 Penicillium-mb
10 10 0.8433708610169326 0.017107480701867413 Penicillium-chrysogenum
10 10 0.9045742670640253 0.005129167948837858 Penicillium-brevicompactum
10 10 0.8613528973885395 0.012740506777976734 Penicillium-polonicum
10 10 0.8212165665838362 0.023515624196363823 Penicillium-commune
10 10 0.7646066398902145 0.04527464007471134 Penicillium-verrucosum
10 10 0.8540133600538312 0.014434373721504749 Penicillium-solitum
10 12 -0.1762552796762022 0.7054057817841153 Penicillium-cvjetkovicii
10 12 -0.2491292846794876 0.5900666968899569 Penicillium-mb
10 12 0.5920081541573868 0.1614016629754978 Penicillium-chrysogenum
10 12 0.9094301286249513 0.004513456494637258 Penicillium-brevicompactum
10 12 0.664596999116818 0.10339982314916536 Penicillium-polonicum
10 12 0.568567407345257 0.18289628705681785 Penicillium-commune
10 12 0.6187685946783418 0.13849608584653963 Penicillium-verrucosum
10 12 0.6132142152721013 0.14310558071696508 Penicillium-solitum
10 12 0.5188022187681365 0.2328306033027939 Penicillium-cvjetkovicii
10 12 0.4162931129937327 0.3528897372428903 Penicillium-mb
10 12 0.6884670024969272 0.08721689152953799 Penicillium-chrysogenum
10 12 0.7262945890655498 0.06453874155547337 Penicillium-brevicompactum
10 12 0.37688900408335485 0.40463022421999556 Penicillium-polonicum
10 12 0.6078199359511459 0.14765506216359175 Penicillium-commune
10 12 0.717965203764697 0.06921958491069705 Penicillium-verrucosum
10 12 0.5033678871370764 0.24946889385493728 Penicillium-solitum
10 10 0.1709614811135538 0.7139895583923244 Penicillium-cvjetkovicii
10 10 0.21270617081181334 0.6470118644789011 Penicillium-mb
10 10 0.8185374229800811 0.02436924094122745 Penicillium-chrysogenum
10 10 0.887947420835873 0.007593250184242682 Penicillium-brevicompactum
10 10 0.9869503126552529 3.710318705345209e-05 Penicillium-polonicum
10 10 0.8621724802435413 0.012558843817405956 Penicillium-commune
10 10 0.8618765779501587 0.01262425893787859 Penicillium-verrucosum
10 10 0.7935040117969713 0.03318315927746923 Penicillium-solitum
6 6 0.1709614811135556 0.7139895583923214 Penicillium-cvjetkovicii
6 6 0.05135890315913952 0.9129253641097771 Penicillium-mb
6 6 0.8535072932121739 0.014555638593303489 Penicillium-chrysogenum
6 6 0.906359920328198 0.004897414559210031 Penicillium-brevicompactum
6 6 0.8044643895509385 0.02913670633472175 Penicillium-polonicum
6 6 0.8047902868893722 0.029020880171355762 Penicillium-commune
6 6 0.8336702377157955 0.019771581603481636 Penicillium-verrucosum
6 6 0.6828505683233114 0.09089450140545563 Penicillium-solitum
12 10 0.3330008624641878 0.46549574034204405 Penicillium-cvjetkovicii
12 10 -0.18178971596214963 0.6964583044115124 Penicillium-mb
12 10 0.6491348992047202 0.11465205347502994 Penicillium-chrysogenum
12 10 0.859800707158769 0.013088658620221126 Penicillium-brevicompactum
12 10 0.6518563633836809 0.11262786115136221 Penicillium-polonicum
12 10 0.6520599300307542 0.11247720001228786 Penicillium-commune
12 10 0.6995320531469424 0.08020630384297484 Penicillium-verrucosum
12 10 0.903975929687149 0.005208222574321372 Penicillium-solitum
6 10 0.17096148111355053 0.7139895583923297 Penicillium-cvjetkovicii
6 10 0.3467364882534966 0.446099118390655 Penicillium-mb
6 10 0.8882360737547906 0.0075456561322665705 Penicillium-chrysogenum
6 10 0.8967082086468475 0.006225202182121752 Penicillium-brevicompactum
6 10 0.9190956582883165 0.003422125215404029 Penicillium-polonicum
6 10 0.9483053919326407 0.0011348344566733603 Penicillium-commune
6 10 0.9627791708800816 0.0005031573101319741 Penicillium-verrucosum
6 10 0.9178050122713473 0.003557712090032558 Penicillium-solitum
6 8 0.17096148111355233 0.7139895583923267 Penicillium-cvjetkovicii
6 8 0.32096352435978265 0.48274256055506076 Penicillium-mb
6 8 0.8811684461994965 0.008761143079655698 Penicillium-chrysogenum
6 8 0.8912439819083228 0.007059976449670097 Penicillium-brevicompactum
6 8 0.9733281515740508 0.00021996460736032193 Penicillium-polonicum
6 8 0.9733891478277166 0.00021871637491382683 Penicillium-commune
6 8 0.9620832863795582 0.000526806828469601 Penicillium-verrucosum
6 8 0.9052106185235212 0.00504586227994429 Penicillium-solitum
8 12 0.15584594353706988 0.738628929905353 Penicillium-cvjetkovicii
8 12 -0.053653347093877715 0.909046294401481 Penicillium-mb
8 12 0.7502672909966074 0.05205017995956947 Penicillium-chrysogenum
8 12 0.8682317481637655 0.011261968704993837 Penicillium-brevicompactum
8 12 0.6042501679108627 0.1507051145457997 Penicillium-polonicum
8 12 0.8041574538687936 0.02924602975112299 Penicillium-commune
8 12 0.6711739189616502 0.09879670895978251 Penicillium-verrucosum
8 12 0.582196955704836 0.1702373009953774 Penicillium-solitum
6 10 0.17096148111355144 0.7139895583923281 Penicillium-cvjetkovicii
6 10 0.10225777341741701 0.8273080147195627 Penicillium-mb
6 10 0.7617796636616371 0.046569469750431934 Penicillium-chrysogenum
6 10 0.9032828521036795 0.005300675722950089 Penicillium-brevicompactum
6 10 0.8177818426107751 0.02461308550824877 Penicillium-polonicum
6 10 0.8671181932660594 0.01149422954438283 Penicillium-commune
6 10 0.8432663148975499 0.017135028290831758 Penicillium-verrucosum
6 10 0.7334008353807692 0.06068471489630681 Penicillium-solitum
8 12 -0.1749046062482387 0.7075935443528527 Penicillium-cvjetkovicii
8 12 0.13213676058563242 0.7776308762895023 Penicillium-mb
8 12 0.6245525978996566 0.13377720952781344 Penicillium-chrysogenum
8 12 0.9094301286249513 0.004513456494637258 Penicillium-brevicompactum
8 12 0.6251581472779921 0.13328797334507814 Penicillium-polonicum
8 12 0.6825198949606959 0.09111352344471173 Penicillium-commune
8 12 0.7339747494219843 0.06037905485979392 Penicillium-verrucosum
8 12 0.5826965874983734 0.16978172551002638 Penicillium-solitum
4 10 0.17096148111355375 0.7139895583923244 Penicillium-cvjetkovicii
4 10 -0.052677060137743745 0.9106966683432515 Penicillium-mb
4 10 0.9060237410354538 0.004940569530767223 Penicillium-chrysogenum
4 10 0.8722771239484925 0.010441040251461241 Penicillium-brevicompactum
4 10 0.8789655502830306 0.009161561199920065 Penicillium-polonicum
4 10 0.8949646189717193 0.006484961347809329 Penicillium-commune
4 10 0.8213999965884372 0.023457807793255774 Penicillium-verrucosum
4 10 0.7962975288693919 0.03212388672462688 Penicillium-solitum
8 8 0.17096148111355353 0.7139895583923248 Penicillium-cvjetkovicii
8 8 0.213834485130006 0.6452255679855747 Penicillium-mb
8 8 0.7518818719489468 0.051261375040510176 Penicillium-chrysogenum
8 8 0.9074531976666806 0.0047585941650353375 Penicillium-brevicompactum
8 8 0.9067982583558719 0.00484147660243423 Penicillium-polonicum
8 8 0.8672589115633526 0.011464728664780295 Penicillium-commune
8 8 0.8772989785062725 0.009471372184150763 Penicillium-verrucosum
8 8 0.7290133321918126 0.0630490928128681 Penicillium-solitum
8 12 -0.1489875475430745 0.749868682516349 Penicillium-cvjetkovicii
8 12 -0.14915659484511387 0.7495912117917429 Penicillium-mb
8 12 0.6623172849224686 0.1050209132083978 Penicillium-chrysogenum
8 12 0.9094301286249513 0.004513456494637258 Penicillium-brevicompactum
8 12 0.6266854250864238 0.13205810132371187 Penicillium-polonicum
8 12 0.7625275442939943 0.04622496780705449 Penicillium-commune
8 12 0.6555556727387203 0.10990626267331724 Penicillium-verrucosum
8 12 0.5833772626210333 0.16916203951966538 Penicillium-solitum
8 12 -0.1596894669738558 0.732346067202151 Penicillium-cvjetkovicii
8 12 -0.15324791396442142 0.74288240822926 Penicillium-mb
8 12 0.6507540986710882 0.11344546685563707 Penicillium-chrysogenum
8 12 0.9094301286249512 0.004513456494637275 Penicillium-brevicompactum
8 12 0.7162869279538371 0.07018409078248745 Penicillium-polonicum
8 12 0.6376654715054692 0.12338727036378395 Penicillium-commune
8 12 0.6825465683352285 0.09109584599130979 Penicillium-verrucosum
8 12 0.6163003959043359 0.14053499331305885 Penicillium-solitum
12 8 -0.13796687479539768 0.7680029503381669 Penicillium-cvjetkovicii
12 8 0.11017918867973422 0.8140872477563175 Penicillium-mb
12 8 0.5096717636671881 0.2426089352562936 Penicillium-chrysogenum
12 8 0.8345125040211399 0.01953156938076726 Penicillium-brevicompactum
12 8 0.5109587575213008 0.24121929777256057 Penicillium-polonicum
12 8 0.5125023936148346 0.23955743730596557 Penicillium-commune
12 8 0.5464781953466389 0.20434967785060748 Penicillium-verrucosum
12 8 0.46504687022726726 0.2930369528040667 Penicillium-solitum
12 10 -0.32502762595366613 0.47689415642798155 Penicillium-cvjetkovicii
12 10 0.358599478876242 0.4295980142997586 Penicillium-mb
12 10 0.5942035526355479 0.1594565217297982 Penicillium-chrysogenum
12 10 -0.1957708345867089 0.673981202361473 Penicillium-brevicompactum
12 10 0.5205708233171684 0.23095820764563463 Penicillium-polonicum
12 10 0.5129776637537441 0.23904684187473013 Penicillium-commune
12 10 0.08362681900991713 0.8585266087459983 Penicillium-verrucosum
12 10 -0.19200637668403375 0.6800149734941348 Penicillium-solitum
8 10 0.17096148111355594 0.7139895583923209 Penicillium-cvjetkovicii
8 10 0.3854240788631758 0.39318068763141867 Penicillium-mb
8 10 0.8806582266276363 0.00885296661194503 Penicillium-chrysogenum
8 10 0.892435011835977 0.006872821164164736 Penicillium-brevicompactum
8 10 0.8891692203333565 0.00739297970806178 Penicillium-polonicum
8 10 0.934222798605346 0.0020566694331282933 Penicillium-commune
8 10 0.9583514503509081 0.0006648048784954191 Penicillium-verrucosum
8 10 0.8584699367562291 0.013391435228556152 Penicillium-solitum
6 10 0.17096148111355144 0.7139895583923281 Penicillium-cvjetkovicii
6 10 -0.004308326633338825 0.9926860254253259 Penicillium-mb
6 10 0.7532429277254381 0.05060154265648403 Penicillium-chrysogenum
6 10 0.9071237958369973 0.004800175650750184 Penicillium-brevicompactum
6 10 0.7774737320437861 0.03963409441796151 Penicillium-polonicum
6 10 0.8403772417176221 0.017906288746639996 Penicillium-commune
6 10 0.8115205305984864 0.02668654144123312 Penicillium-verrucosum
6 10 0.7797833230770715 0.038665382376512805 Penicillium-solitum
8 10 0.17096148111355594 0.7139895583923209 Penicillium-cvjetkovicii
8 10 0.3362303804484023 0.4609076790388229 Penicillium-mb
8 10 0.9106369781654317 0.004367512547384093 Penicillium-chrysogenum
8 10 0.8916355757574527 0.006998120754800873 Penicillium-brevicompactum
8 10 0.9475250891350048 0.0011776435131943992 Penicillium-polonicum
8 10 0.9502864935520807 0.001030325420124851 Penicillium-commune
8 10 0.9684996471277306 0.000332562994709599 Penicillium-verrucosum
8 10 0.9334410143005809 0.0021174183200790733 Penicillium-solitum
8 10 0.17096148111355375 0.7139895583923244 Penicillium-cvjetkovicii
8 10 -0.2670350486644911 0.5626559026799585 Penicillium-mb
8 10 0.8070870577665878 0.028211914263087483 Penicillium-chrysogenum
8 10 0.9286981486860172 0.0025084874236916063 Penicillium-brevicompactum
8 10 0.5672891312250757 0.1841063181407139 Penicillium-polonicum
8 10 0.820246007812763 0.023822877381386835 Penicillium-commune
8 10 0.6147994842085569 0.14178221714572714 Penicillium-verrucosum
8 10 0.8653296896417022 0.011872980122069225 Penicillium-solitum
12 12 -0.38090983375138904 0.399220122083107 Penicillium-cvjetkovicii
12 12 -0.18676755974671902 0.6884344623417189 Penicillium-mb
12 12 0.6569695989857176 0.10887514202034096 Penicillium-chrysogenum
12 12 0.5956113975472913 0.15821533198183885 Penicillium-brevicompactum
12 12 0.36426041155854166 0.42180795225312345 Penicillium-polonicum
12 12 0.29301512110437894 0.5236386572691869 Penicillium-commune
12 12 0.4867437970866575 0.2679796630629818 Penicillium-verrucosum
12 12 0.6611111742953972 0.1058838839501462 Penicillium-solitum
12 12 0.22080549460144713 0.6342196723570899 Penicillium-cvjetkovicii
12 12 -0.17184862414783617 0.7125493792398926 Penicillium-mb
12 12 0.3114453371998215 0.49653917996964214 Penicillium-chrysogenum
12 12 0.28556914640329 0.5347260928551757 Penicillium-brevicompactum
12 12 0.21775456599806134 0.6390300427663169 Penicillium-polonicum
12 12 0.4612632950282819 0.29750851540466927 Penicillium-commune
12 12 0.4825717830374727 0.27271964707703306 Penicillium-verrucosum
12 12 0.2682835620101479 0.5607600022078838 Penicillium-solitum
12 12 -0.5564031625909045 0.19456816113851366 Penicillium-cvjetkovicii
12 12 0.5188677627453814 0.23276108669156473 Penicillium-mb
12 12 0.6666759647067774 0.10193294264623753 Penicillium-chrysogenum
12 12 0.7562897149894642 0.04914141619697833 Penicillium-brevicompactum
12 12 0.25277856329139475 0.5844474265299779 Penicillium-polonicum
12 12 0.5277413755762443 0.2234395553224114 Penicillium-commune
12 12 0.3594922859448267 0.42836576657662934 Penicillium-verrucosum
12 12 0.01599296266688194 0.9728529754006905 Penicillium-solitum
10 8 -0.11996894741483789 0.7977968533472545 Penicillium-cvjetkovicii
10 8 0.09975620057727647 0.8314899880199339 Penicillium-mb
10 8 0.6441827941744703 0.11838313586939017 Penicillium-chrysogenum
10 8 0.9094301286249509 0.004513456494637316 Penicillium-brevicompactum
10 8 0.7669030368162835 0.04423759495398608 Penicillium-polonicum
10 8 0.7671500399366289 0.04412683683143052 Penicillium-commune
10 8 0.8036511144747773 0.029426877454799858 Penicillium-verrucosum
10 8 0.7311372237291 0.061898444093338334 Penicillium-solitum
4 10 0.17096148111355555 0.7139895583923215 Penicillium-cvjetkovicii
4 10 0.0050509946834064985 0.9914252744876415 Penicillium-mb
4 10 0.5471973192439955 0.20363320411264266 Penicillium-chrysogenum
4 10 0.9042933489234948 0.005166196265419091 Penicillium-brevicompactum
4 10 0.6779756160575218 0.09415156655585337 Penicillium-polonicum
4 10 0.9443855383095303 0.0013594391146734075 Penicillium-commune
4 10 0.7191662632434462 0.06853373661264714 Penicillium-verrucosum
4 10 0.8763346224959639 0.00965336187962684 Penicillium-solitum
12 10 -0.856723602698922 0.013794787238510273 Penicillium-cvjetkovicii
12 10 0.5244603906941031 0.22686531032261997 Penicillium-mb
12 10 0.8232511230971027 0.022878829923352797 Penicillium-chrysogenum
12 10 0.9094301286249512 0.004513456494637275 Penicillium-brevicompactum
12 10 0.728757712329766 0.06318835136435283 Penicillium-polonicum
12 10 0.7291100085225383 0.06299646801836906 Penicillium-commune
12 10 0.9393231959896995 0.0016855651602743719 Penicillium-verrucosum
12 10 0.7705588436284321 0.04261390971192494 Penicillium-solitum
6 12 -0.17045098084423052 0.7148186057030164 Penicillium-cvjetkovicii
6 12 -0.10057920000807591 0.8301137959332918 Penicillium-mb
6 12 0.9066280824146453 0.004863148932121411 Penicillium-chrysogenum
6 12 0.02022877282353741 0.9656655945474996 Penicillium-brevicompactum
6 12 0.34456862573368874 0.44913994997605916 Penicillium-polonicum
6 12 0.36781821794482983 0.4169403085467107 Penicillium-commune
6 12 0.3882985693380253 0.38935422992521584 Penicillium-verrucosum
6 12 0.28715358195154056 0.5323602531803173 Penicillium-solitum
8 10 0.17096148111355325 0.7139895583923253 Penicillium-cvjetkovicii
8 10 0.22301665194763728 0.6307397344764543 Penicillium-mb
8 10 0.7928629046838804 0.033428966413239905 Penicillium-chrysogenum
8 10 0.8970932290408654 0.006168671649803525 Penicillium-brevicompactum
8 10 0.940660120174495 0.0015954125383863856 Penicillium-polonicum
8 10 0.9213155148853956 0.003196097340899167 Penicillium-commune
8 10 0.9215098288019319 0.0031767414758818455 Penicillium-verrucosum
8 10 0.874089711594623 0.010084766313907947 Penicillium-solitum
12 10 -0.3205702554067925 0.4833098517471041 Penicillium-cvjetkovicii
12 10 0.3433391560464481 0.45086795380269057 Penicillium-mb
12 10 0.43136425298563447 0.33387907361016705 Penicillium-chrysogenum
12 10 0.3926277648732395 0.38361974735046367 Penicillium-brevicompactum
12 10 0.6506294588915724 0.11353811094571489 Penicillium-polonicum
12 10 0.658334108087961 0.10788484104541046 Penicillium-commune
12 10 0.7392102123319508 0.05762930192428755 Penicillium-verrucosum
12 10 0.46955088007978996 0.28775310293469164 Penicillium-solitum
12 12 -0.28655158387459256 0.5332587284089572 Penicillium-cvjetkovicii
12 12 0.28416509979053195 0.536825505055467 Penicillium-mb
12 12 0.23147035129239912 0.6174855840337686 Penicillium-chrysogenum
12 12 0.9094301286249513 0.004513456494637258 Penicillium-brevicompactum
12 12 0.5071692641317346 0.2453216044411889 Penicillium-polonicum
12 12 0.48040120824361954 0.27520055148906303 Penicillium-commune
12 12 0.5776236335365785 0.17443529205711406 Penicillium-verrucosum
12 12 0.5031725884758291 0.24968282990922377 Penicillium-solitum
10 8 0.08360053796483911 0.858570757769398 Penicillium-cvjetkovicii
10 8 -0.20786351974119455 0.6546937505853656 Penicillium-mb
10 8 -0.28952476672376 0.5288262343534935 Penicillium-chrysogenum
10 8 0.9094301286249512 0.004513456494637275 Penicillium-brevicompactum
10 8 0.5682620889917313 0.1831849513274301 Penicillium-polonicum
10 8 0.568405015737788 0.18304979311122918 Penicillium-commune
10 8 0.5707102407527411 0.1808765896930243 Penicillium-verrucosum
10 8 0.3769596061595164 0.4045349791199896 Penicillium-solitum
10 12 -0.3050626048971308 0.5058676710947261 Penicillium-cvjetkovicii
10 12 -0.3897609398835552 0.387413328013205 Penicillium-mb
10 12 0.779844173068151 0.03864003946493151 Penicillium-chrysogenum
10 12 0.8701381097747315 0.010870658743933425 Penicillium-brevicompactum
10 12 0.4101391834471831 0.36077887471218706 Penicillium-polonicum
10 12 0.7906299328782082 0.0342930109397517 Penicillium-commune
10 12 0.47095268065595974 0.2861173156763889 Penicillium-verrucosum
10 12 0.7936876258986961 0.03311294595871321 Penicillium-solitum
10 10 0.492965459846363 0.2609810787663554 Penicillium-cvjetkovicii
10 10 -0.31489663524181444 0.4915205456920201 Penicillium-mb
10 10 0.6552461974542985 0.11013262323345756 Penicillium-chrysogenum
10 10 0.6501446106473764 0.11389886787048667 Penicillium-brevicompactum
10 10 0.8134347373748632 0.02604262894848296 Penicillium-polonicum
10 10 0.8092399247365468 0.027465259005269842 Penicillium-commune
10 10 0.8766348357894365 0.009596492648403841 Penicillium-verrucosum
10 10 0.6395717911748733 0.12191254907106736 Penicillium-solitum
10 10 0.17096148111355053 0.7139895583923297 Penicillium-cvjetkovicii
10 10 -0.09552148098128105 0.8385764968132539 Penicillium-mb
10 10 0.6008915101506286 0.1536033231601947 Penicillium-chrysogenum
10 10 0.8843873077181601 0.008194550865284774 Penicillium-brevicompactum
10 10 0.7534985751389961 0.050478127707761646 Penicillium-polonicum
10 10 0.8369825365454925 0.018837280354804694 Penicillium-commune
10 10 0.7337762534236814 0.060484676950933194 Penicillium-verrucosum
10 10 0.9225998809885722 0.003069433888522121 Penicillium-solitum
8 10 0.17096148111355697 0.7139895583923193 Penicillium-cvjetkovicii
8 10 -0.08299068486498543 0.8595953204011308 Penicillium-mb
8 10 0.7549329312745231 0.049788743215929326 Penicillium-chrysogenum
8 10 0.8868825129021187 0.007770336002963675 Penicillium-brevicompactum
8 10 0.8699053818718064 0.010918003662214919 Penicillium-polonicum
8 10 0.8188168123464922 0.02427942135164388 Penicillium-commune
8 10 0.7501830445699555 0.05209151936684282 Penicillium-verrucosum
8 10 0.7808352709584003 0.038228561011606904 Penicillium-solitum
10 12 0.5705872648320999 0.18099220268512844 Penicillium-cvjetkovicii
10 12 0.188707760529983 0.6853132695582497 Penicillium-mb
10 12 0.6576665512825045 0.10836873759213142 Penicillium-chrysogenum
10 12 0.9145408473434732 0.003914462637149886 Penicillium-brevicompactum
10 12 0.785877050630446 0.03617308948977099 Penicillium-polonicum
10 12 0.735867936090454 0.05937669378265142 Penicillium-commune
10 12 0.8136734699699507 0.025962942292716777 Penicillium-verrucosum
10 12 0.6850787047205468 0.08942593516614974 Penicillium-solitum
10 10 -0.0995868502524139 0.831773212531126 Penicillium-cvjetkovicii
10 10 -0.29595814912523083 0.5192780496368601 Penicillium-mb
10 10 0.06078616504637564 0.8969967438437594 Penicillium-chrysogenum
10 10 0.9013381147747709 0.005565164704133586 Penicillium-brevicompactum
10 10 0.6773389744330912 0.09458137557269214 Penicillium-polonicum
10 10 0.663256199675668 0.10435166565707817 Penicillium-commune
10 10 0.18492041481085822 0.6914092257420216 Penicillium-verrucosum
10 10 0.6349082322805045 0.1255363412670589 Penicillium-solitum
12 10 0.25324213654241373 0.5837347850844494 Penicillium-cvjetkovicii
12 10 -0.2592564481700412 0.5745135804170678 Penicillium-mb
12 10 0.27323492064583316 0.5532615222805842 Penicillium-chrysogenum
12 10 0.2837542753238308 0.5374403115393614 Penicillium-brevicompactum
12 10 0.82004102927982 0.023888055952132267 Penicillium-polonicum
12 10 0.8232789076875862 0.02287020189937444 Penicillium-commune
12 10 0.17284867764018622 0.7109267161603564 Penicillium-verrucosum
12 10 0.19704101692209236 0.6719484346305108 Penicillium-solitum
12 10 -0.4284054901054978 0.3375761125176681 Penicillium-cvjetkovicii
12 10 -0.36843723027028885 0.416095648313641 Penicillium-mb
12 10 0.6708404743671762 0.09902744721910361 Penicillium-chrysogenum
12 10 0.7085649509372335 0.07471431630932615 Penicillium-brevicompactum
12 10 0.19936566583229848 0.6682322431271818 Penicillium-polonicum
12 10 0.19887827917624815 0.6690109375901758 Penicillium-commune
12 10 0.2553239054885432 0.5805378375486625 Penicillium-verrucosum
12 10 0.6625061874780234 0.1048860866054871 Penicillium-solitum
6 10 0.17096148111355144 0.7139895583923281 Penicillium-cvjetkovicii
6 10 0.12753852825252215 0.7852404988545241 Penicillium-mb
6 10 0.8796224819166786 0.009041070208951934 Penicillium-chrysogenum
6 10 0.8934665955008513 0.006713072124561671 Penicillium-brevicompactum
6 10 0.9323356465137856 0.002205091304307089 Penicillium-polonicum
6 10 0.9681911055842225 0.0003407095002367652 Penicillium-commune
6 10 0.9113518716246714 0.00428237801444629 Penicillium-verrucosum
6 10 0.9053150610398448 0.005032265405637743 Penicillium-solitum
12 10 -0.4109697201119188 0.359709923335839 Penicillium-cvjetkovicii
12 10 0.346318550143644 0.44668475015603454 Penicillium-mb
12 10 -0.29834654418133705 0.5157483886946483 Penicillium-chrysogenum
12 10 0.5014025204476418 0.25162566535037023 Penicillium-brevicompactum
12 10 -0.019539512994149327 0.9668350244113233 Penicillium-polonicum
12 10 0.3484061808945074 0.4437623673904143 Penicillium-commune
12 10 0.07618721938082407 0.8710356071526203 Penicillium-verrucosum
12 10 -0.20504069260323035 0.6591828327180698 Penicillium-solitum
8 12 0.25292390173260354 0.5842239719628757 Penicillium-cvjetkovicii
8 12 0.03635603576699033 0.9383208581779641 Penicillium-mb
8 12 0.5751893582229275 0.17669028179077614 Penicillium-chrysogenum
8 12 -0.8673280999293387 0.011450239642633647 Penicillium-brevicompactum
8 12 0.6845499870182259 0.08977327168256233 Penicillium-polonicum
8 12 0.705755009878673 0.07640049283394947 Penicillium-commune
8 12 0.720034451485886 0.06804025584083628 Penicillium-verrucosum
8 12 0.5979533008886728 0.1561613553310504 Penicillium-solitum
12 12 0.449465148147667 0.3116427536447538 Penicillium-cvjetkovicii
12 12 0.22106979567305168 0.633803429943514 Penicillium-mb
12 12 0.4646255404555466 0.29353341328025484 Penicillium-chrysogenum
12 12 0.33587840625122384 0.461406902097825 Penicillium-brevicompactum
12 12 0.6022288977433015 0.15244597228058868 Penicillium-polonicum
12 12 0.14313145806928407 0.7594938182539623 Penicillium-commune
12 12 0.6639279293485048 0.1038742320493279 Penicillium-verrucosum
12 12 0.43174477100340874 0.33340486531773583 Penicillium-solitum
8 12 0.25148801663562764 0.5864327652873265 Penicillium-cvjetkovicii
8 12 0.11664397883197294 0.8033233961693128 Penicillium-mb
8 12 0.5992934286609485 0.15499201114239508 Penicillium-chrysogenum
8 12 -0.8697195746078143 0.010955888259957705 Penicillium-brevicompactum
8 12 0.6966772847305701 0.08198520154815034 Penicillium-polonicum
8 12 0.692426179696622 0.08467264484220002 Penicillium-commune
8 12 0.7372551317012213 0.05864800740213151 Penicillium-verrucosum
8 12 0.624704118007665 0.13365470775876834 Penicillium-solitum
10 10 -0.008451513823604928 0.9856527769260317 Penicillium-cvjetkovicii
10 10 0.05340931522821624 0.9094587962876688 Penicillium-mb
10 10 0.748988833116318 0.05267944327892086 Penicillium-chrysogenum
10 10 0.909430128624951 0.0045134564946373015 Penicillium-brevicompactum
10 10 0.8059809980105997 0.028599889238319222 Penicillium-polonicum
10 10 0.807625838438549 0.028024000609250494 Penicillium-commune
10 10 0.7120648967987565 0.07264220291811245 Penicillium-verrucosum
10 10 0.5803227722136505 0.17195158423253792 Penicillium-solitum
12 12 0.13296671016084383 0.776258879884365 Penicillium-cvjetkovicii
12 12 -0.2637190884362632 0.5677011706239666 Penicillium-mb
12 12 0.43336704212022437 0.33138638673774407 Penicillium-chrysogenum
12 12 0.36852726614616643 0.41597284741489804 Penicillium-brevicompactum
12 12 0.9836371141484878 6.520576169378404e-05 Penicillium-polonicum
12 12 0.32869350987660023 0.4716409759086287 Penicillium-commune
12 12 0.3099544726840982 0.49871265334031634 Penicillium-verrucosum
12 12 0.4348199957491131 0.32958302142419227 Penicillium-solitum
10 12 0.2566091935281126 0.578566753999995 Penicillium-cvjetkovicii
10 12 0.19337864309105135 0.6778138804784263 Penicillium-mb
10 12 0.9064376090455466 0.004887473107538116 Penicillium-chrysogenum
10 12 0.7866165349712109 0.035876907233070354 Penicillium-brevicompactum
10 12 0.768579572712292 0.043488825858567566 Penicillium-polonicum
10 12 0.7599036688166754 0.047439810672182 Penicillium-commune
10 12 0.861329268073234 0.012745766473987945 Penicillium-verrucosum
10 12 0.7060062619365446 0.07624890411972787 Penicillium-solitum
6 10 0.1709614811135538 0.7139895583923244 Penicillium-cvjetkovicii
6 10 0.284388560288524 0.5364911905649135 Penicillium-mb
6 10 0.7792101155719415 0.03890456472111527 Penicillium-chrysogenum
6 10 0.9082484107302414 0.0046590795150989175 Penicillium-brevicompactum
6 10 0.7919838188582148 0.03376766143641333 Penicillium-polonicum
6 10 0.8750693438838434 0.009895173925300017 Penicillium-commune
6 10 0.88820545813833 0.007550695925427422 Penicillium-verrucosum
6 10 0.778381870511262 0.039251610254539174 Penicillium-solitum
12 10 0.45382155017153314 0.30639032199439087 Penicillium-cvjetkovicii
12 10 -0.5000602800031387 0.2531035308920411 Penicillium-mb
12 10 -0.00962895749878889 0.9836541318436929 Penicillium-chrysogenum
12 10 -0.04444942411239428 0.9246148366615646 Penicillium-brevicompactum
12 10 0.4222992632073151 0.3452604363127418 Penicillium-polonicum
12 10 0.4223369330268782 0.34521280740280236 Penicillium-commune
12 10 0.4471064262643003 0.3145028322532465 Penicillium-verrucosum
12 10 -0.04298799284785441 0.9270887291658878 Penicillium-solitum
8 12 -0.18665616151865924 0.6886137753183705 Penicillium-cvjetkovicii
8 12 0.21216885353112205 0.6478629951250543 Penicillium-mb
8 12 0.2846790536083467 0.5360566933622459 Penicillium-chrysogenum
8 12 0.9094301286249512 0.004513456494637275 Penicillium-brevicompactum
8 12 0.5459325407090558 0.2048941259537379 Penicillium-polonicum
8 12 0.5866309453570819 0.166215346268008 Penicillium-commune
8 12 0.5980379008745907 0.15608740694101556 Penicillium-verrucosum
8 12 0.5604739715590681 0.19062313309363027 Penicillium-solitum
12 12 -0.050749767419493205 0.9139554245006913 Penicillium-cvjetkovicii
12 12 -0.06326769875229296 0.8928082532188444 Penicillium-mb
12 12 0.44124459622197104 0.3216595980517728 Penicillium-chrysogenum
12 12 0.903626765270646 0.005254681042526082 Penicillium-brevicompactum
12 12 0.9893503354534504 2.2351744294823636e-05 Penicillium-polonicum
12 12 0.5210330819454487 0.23046998780651892 Penicillium-commune
12 12 0.5303244345550528 0.22075980725954616 Penicillium-verrucosum
12 12 0.4934716895513578 0.26041534438014136 Penicillium-solitum
8 12 -0.0072894497054835925 0.9876253746097985 Penicillium-cvjetkovicii
8 12 0.25334723950215166 0.5835732497777983 Penicillium-mb
8 12 0.733690626015368 0.06053027120190424 Penicillium-chrysogenum
8 12 0.9094301286249514 0.00451345649463725 Penicillium-brevicompactum
8 12 0.7346577994377114 0.060016360127296706 Penicillium-polonicum
8 12 0.7891935179378258 0.0348553252116276 Penicillium-commune
8 12 0.841164008362186 0.017694340779759267 Penicillium-verrucosum
8 12 0.7149921141573249 0.07093312059101647 Penicillium-solitum
10 10 0.27692382081503464 0.5476962484104706 Penicillium-cvjetkovicii
10 10 -0.10029634380669615 0.8305867398091205 Penicillium-mb
10 10 0.6994700364333911 0.08024472798745096 Penicillium-chrysogenum
10 10 -0.4771800693479188 0.27890084474166793 Penicillium-brevicompactum
10 10 0.7695434238200253 0.04306154073445763 Penicillium-polonicum
10 10 0.7705164935027737 0.042632527514376434 Penicillium-commune
10 10 0.6715600092022359 0.0985298927409224 Penicillium-verrucosum
10 10 0.5825027745631685 0.16995837703391214 Penicillium-solitum
12 12 -0.38996824719278445 0.38713849965273006 Penicillium-cvjetkovicii
12 12 0.49389720997913183 0.2599402395466496 Penicillium-mb
12 12 0.7533980138247426 0.0505266544636518 Penicillium-chrysogenum
12 12 0.926067010156279 0.002742381652473096 Penicillium-brevicompactum
12 12 0.8174908608639695 0.024707357465410244 Penicillium-polonicum
12 12 0.8189735388574865 0.02422911789131377 Penicillium-commune
12 12 0.9186667682648079 0.003466839819433892 Penicillium-verrucosum
12 12 0.7868666634641892 0.03577703060476634 Penicillium-solitum
10 12 0.34728214698036036 0.4453349548359418 Penicillium-cvjetkovicii
10 12 0.26580975889634845 0.5645185239044023 Penicillium-mb
10 12 0.4846121325984896 0.27039683310091633 Penicillium-chrysogenum
10 12 0.3475143639416588 0.44500989814734965 Penicillium-brevicompactum
10 12 0.2158045427286229 0.6421099123199554 Penicillium-polonicum
10 12 0.23291643791585304 0.6152264649125536 Penicillium-commune
10 12 0.7559377362930215 0.04930890093340398 Penicillium-verrucosum
10 12 0.5005836424944226 0.25252681286192774 Penicillium-solitum
6 10 0.3043513877074129 0.5069108825533917 Penicillium-cvjetkovicii
6 10 0.05956817748970787 0.8990532418069954 Penicillium-mb
6 10 0.656420295850248 0.10927512825052989 Penicillium-chrysogenum
6 10 0.9496259606196615 0.0010645082247677752 Penicillium-brevicompactum
6 10 0.745920767762721 0.05420641633173489 Penicillium-polonicum
6 10 0.755222591641251 0.04965015547673734 Penicillium-commune
6 10 0.7789264695860642 0.03902322394566138 Penicillium-verrucosum
6 10 0.6469748565008074 0.11627192660315297 Penicillium-solitum
12 10 0.04783378303408459 0.918887717497527 Penicillium-cvjetkovicii
12 10 0.03629564004851753 0.9384231862563825 Penicillium-mb
12 10 0.46764502054141815 0.2899837393001958 Penicillium-chrysogenum
12 10 0.12391401840866192 0.791248330721698 Penicillium-brevicompactum
12 10 -0.35592648417009753 0.4332953812197421 Penicillium-polonicum
12 10 0.5948469317969668 0.15888870437459776 Penicillium-commune
12 10 0.5722452408343728 0.17943653300034476 Penicillium-verrucosum
12 10 0.4711885524773527 0.2858424808685265 Penicillium-solitum
6 10 0.17096148111355236 0.7139895583923267 Penicillium-cvjetkovicii
6 10 0.3179240559485484 0.4871332056776471 Penicillium-mb
6 10 0.8733353872019733 0.010232167860415373 Penicillium-chrysogenum
6 10 0.8964324742121547 0.006265870948116732 Penicillium-brevicompactum
6 10 0.8528805707772639 0.014706619330858135 Penicillium-polonicum
6 10 0.9817161592752501 8.597164008070866e-05 Penicillium-commune
6 10 0.9471003369868148 0.0012013407375938735 Penicillium-verrucosum
6 10 0.893203058866324 0.006753675767811207 Penicillium-solitum
10 10 -0.21781835022906143 0.6389293711862735 Penicillium-cvjetkovicii
10 10 -0.0719921764840417 0.8780987584147132 Penicillium-mb
10 10 0.2410695383265654 0.6025350015404084 Penicillium-chrysogenum
10 10 0.9094301286249514 0.00451345649463725 Penicillium-brevicompactum
10 10 0.35947712387500574 0.42838668182824163 Penicillium-polonicum
10 10 0.35904305813700477 0.42898561844349725 Penicillium-commune
10 10 0.3711640049640423 0.4123828555163116 Penicillium-verrucosum
10 10 0.2707210894970043 0.5570644736388427 Penicillium-solitum
10 10 0.532124330367322 0.21890156706875133 Penicillium-cvjetkovicii
10 10 0.27101916114242003 0.5566131078788356 Penicillium-mb
10 10 0.6876957608443811 0.08771714642022037 Penicillium-chrysogenum
10 10 0.9322220567546822 0.002214219380065335 Penicillium-brevicompactum
10 10 0.5286933024637117 0.22245022104835102 Penicillium-polonicum
10 10 0.6983845223037646 0.0809188734654771 Penicillium-commune
10 10 0.670172906169508 0.09949024014989534 Penicillium-verrucosum
10 10 0.3823258714800625 0.397321708233995 Penicillium-solitum
12 12 0.46006943552156543 0.2989256620947115 Penicillium-cvjetkovicii
12 12 -0.14965191262566543 0.7487783311709406 Penicillium-mb
12 12 0.5813157253131086 0.17104229327553927 Penicillium-chrysogenum
12 12 0.8907637464156454 0.007136264858955593 Penicillium-brevicompactum
12 12 0.7206057564056105 0.06771657082650216 Penicillium-polonicum
12 12 0.7168994580785861 0.06983123860259598 Penicillium-commune
12 12 0.7072720653648398 0.07548764784338471 Penicillium-verrucosum
12 12 0.9361998030232992 0.001907661947757488 Penicillium-solitum
6 12 0.03313827492843556 0.9437736014679601 Penicillium-cvjetkovicii
6 12 0.02660991342195298 0.954841599944367 Penicillium-mb
6 12 0.697422406579803 0.08151889145531295 Penicillium-chrysogenum
6 12 0.9094301286249511 0.004513456494637287 Penicillium-brevicompactum
6 12 0.805244229935068 0.028859976280469782 Penicillium-polonicum
6 12 0.802938793715481 0.029682352169171377 Penicillium-commune
6 12 0.7926292537322086 0.03351880206435852 Penicillium-verrucosum
6 12 0.7113898053459585 0.0730394571291432 Penicillium-solitum
10 12 0.3084473284114849 0.5009132510061296 Penicillium-cvjetkovicii
10 12 0.1880574088253388 0.6863590934749522 Penicillium-mb
10 12 0.5642865407948237 0.18696388842554545 Penicillium-chrysogenum
10 12 0.9449079553361996 0.0013281175832019335 Penicillium-brevicompactum
10 12 0.759929662402689 0.0474276908504986 Penicillium-polonicum
10 12 0.6579592911969112 0.10815639873058495 Penicillium-commune
10 12 0.8038644589274524 0.029350601756129274 Penicillium-verrucosum
10 12 0.6888335485463429 0.0869796669429817 Penicillium-solitum
8 8 0.17096148111355144 0.7139895583923281 Penicillium-cvjetkovicii
8 8 0.16569742320315253 0.7225489516601433 Penicillium-mb
8 8 0.732077275179643 0.06139281650814549 Penicillium-chrysogenum
8 8 0.9044388196892701 0.005147002147126559 Penicillium-brevicompactum
8 8 0.8527658461957697 0.01473435350966953 Penicillium-polonicum
8 8 0.8058759358843971 0.02863689664161325 Penicillium-commune
8 8 0.8380098307438812 0.01855271700459571 Penicillium-verrucosum
8 8 0.8066221979984299 0.028374612229325948 Penicillium-solitum
6 10 0.7017752601121247 0.07882304666399988 Penicillium-cvjetkovicii
6 10 0.10130854964306117 0.8288944903233995 Penicillium-mb
6 10 0.7788639038635614 0.03904942435973921 Penicillium-chrysogenum
6 10 0.9129500715961709 0.004095580132085341 Penicillium-brevicompactum
6 10 0.810206880807466 0.027133553941773542 Penicillium-polonicum
6 10 0.8573084677272196 0.01365893740316352 Penicillium-commune
6 10 0.8170849910774854 0.02483918984416036 Penicillium-verrucosum
6 10 0.6431766554062631 0.11914872068462863 Penicillium-solitum
12 12 -0.15654697855848343 0.7374821026379152 Penicillium-cvjetkovicii
12 12 -0.15149180721020944 0.7457604495424262 Penicillium-mb
12 12 0.4026946958110352 0.37041881088125134 Penicillium-chrysogenum
12 12 0.9094301286249512 0.004513456494637275 Penicillium-brevicompactum
12 12 0.5498912868990217 0.20095989566841857 Penicillium-polonicum
12 12 0.5419120210609129 0.20892711235496136 Penicillium-commune
12 12 0.6057530381010882 0.14941723143131408 Penicillium-verrucosum
12 12 0.4197922251352601 0.3484364906409398 Penicillium-solitum
12 12 -0.11227108805513439 0.8106016269615974 Penicillium-cvjetkovicii
12 12 0.16629183049722626 0.7215812732251755 Penicillium-mb
12 12 0.6463659125873754 0.11673070843665771 Penicillium-chrysogenum
12 12 0.6940156037817169 0.08366246726607897 Penicillium-brevicompactum
12 12 0.7062267132796861 0.07611603090056784 Penicillium-polonicum
12 12 -0.9789877091021656 0.00012154331325604233 Penicillium-commune
12 12 0.6550695566265131 0.11026193247034038 Penicillium-verrucosum
12 12 0.6345989196663899 0.12577861363652515 Penicillium-solitum
8 6 0.17096148111355372 0.7139895583923245 Penicillium-cvjetkovicii
8 6 0.23416477107045244 0.6132782216674346 Penicillium-mb
8 6 0.8963585519375437 0.006276800073461095 Penicillium-chrysogenum
8 6 0.8965230737751109 0.0062524912287690694 Penicillium-brevicompactum
8 6 0.9637862846233504 0.0004700658196022636 Penicillium-polonicum
8 6 0.9646122432119207 0.0004439183410792632 Penicillium-commune
8 6 0.8796919305085246 0.009028386086743204 Penicillium-verrucosum
8 6 0.7467202527108397 0.05380621997329461 Penicillium-solitum
10 10 -0.2126393973940113 0.6471176194531199 Penicillium-cvjetkovicii
10 10 0.045342792767202496 0.9231027902845728 Penicillium-mb
10 10 0.33853235218027095 0.45764760902371127 Penicillium-chrysogenum
10 10 0.9094301286249511 0.004513456494637287 Penicillium-brevicompactum
10 10 0.38595760392775624 0.39246933708019327 Penicillium-polonicum
10 10 0.36970445032849497 0.4143685757335272 Penicillium-commune
10 10 0.3753731812525944 0.4066772669184981 Penicillium-verrucosum
10 10 0.09918554398180131 0.8324444220556106 Penicillium-solitum
8 12 0.008399938039484864 0.9857403253727267 Penicillium-cvjetkovicii
8 12 0.1950298835588561 0.6751677308084374 Penicillium-mb
8 12 0.6399040478813042 0.12165644758597864 Penicillium-chrysogenum
8 12 0.9094301286249511 0.004513456494637287 Penicillium-brevicompactum
8 12 0.7592347027463275 0.0477523089870472 Penicillium-polonicum
8 12 0.7701066711535743 0.04281292385103377 Penicillium-commune
8 12 0.8169242359591188 0.024891514686121358 Penicillium-verrucosum
8 12 0.7253684729110484 0.06505046838279052 Penicillium-solitum
10 12 0.45414458230087085 0.3060024014677922 Penicillium-cvjetkovicii
10 12 -0.415705511045597 0.35363988474232977 Penicillium-mb
10 12 0.20215465922829173 0.6637808493918067 Penicillium-chrysogenum
10 12 0.3067225462561503 0.5034357881494412 Penicillium-brevicompactum
10 12 0.486415776709881 0.26835097717238643 Penicillium-polonicum
10 12 0.4932533854345747 0.26065924034043686 Penicillium-commune
10 12 0.5279684793677232 0.22320333916046153 Penicillium-verrucosum
10 12 0.17485795791862419 0.7076691319584446 Penicillium-solitum
6 10 0.17096148111355472 0.7139895583923228 Penicillium-cvjetkovicii
6 10 0.13595708634555723 0.7713193188866626 Penicillium-mb
6 10 0.8372774481111163 0.018755337292982226 Penicillium-chrysogenum
6 10 0.8964684119357459 0.0062605616876056725 Penicillium-brevicompactum
6 10 0.9300430676415644 0.002393632265560399 Penicillium-polonicum
6 10 0.946188377503696 0.0012531644083658726 Penicillium-commune
6 10 0.9090556781409544 0.004559308262580437 Penicillium-verrucosum
6 10 0.8845160141977607 0.008172349875318292 Penicillium-solitum
